2.316887000000000116e+05 -9.451034999999999187e+00 6.590784999999999627e+01
2.316887500000000000e+05 -1.292901999999999951e+01 6.643947000000000003e+01
2.316888000000000175e+05 -1.417200000000000060e+01 7.264318000000000097e+01
2.316888500000000058e+05 -1.490663999999999945e+01 1.005013000000000005e+02
2.316889000000000233e+05 -1.036213000000000051e+01 8.937894000000000005e+01
2.316889500000000116e+05 -1.177155999999999914e+01 7.122478999999999871e+01
2.316890000000000000e+05 -1.651855000000000118e+01 1.004008000000000038e+02
2.316890500000000175e+05 -1.200766999999999918e+01 1.093717999999999932e+02
2.316891000000000058e+05 -9.773218999999999212e+00 6.572580000000000666e+01
2.316891500000000233e+05 -1.696771000000000029e+01 1.034153000000000020e+02
2.316892000000000116e+05 -9.168791999999999831e+00 8.730322999999999922e+01
2.316892500000000000e+05 -1.486478999999999928e+01 7.333408000000000015e+01
2.316893000000000175e+05 -1.013298999999999950e+01 8.652555999999999869e+01
2.316893500000000058e+05 -1.066296999999999962e+01 6.084617999999999682e+01
2.316894000000000233e+05 -9.912660999999999945e+00 1.056233000000000004e+02
2.316894500000000116e+05 -1.210866000000000042e+01 5.847189000000000192e+01
2.316895000000000000e+05 -1.143294999999999995e+01 1.003264000000000067e+02
2.316895500000000175e+05 -1.249829000000000079e+01 5.000106999999999857e+01
2.316896000000000058e+05 -1.006578999999999979e+01 1.065563999999999965e+02
2.316896500000000233e+05 -1.956118999999999986e+01 6.246285999999999916e+01
2.316897000000000116e+05 -8.405426999999999538e+00 6.707627999999999702e+01
2.316897500000000000e+05 -9.415454000000000434e+00 9.992758999999999503e+01
2.316898000000000175e+05 -1.546338000000000079e+01 8.255173999999999523e+01
2.316898500000000058e+05 -1.189337000000000089e+01 7.657546999999999571e+01
2.316899000000000233e+05 -9.121907999999999461e+00 8.610831000000000301e+01
2.316899500000000116e+05 -1.572639999999999993e+01 9.617011999999999716e+01
2.316900000000000000e+05 -1.368130000000000024e+01 5.775643999999999778e+01
2.316900500000000175e+05 -8.413653999999999300e+00 5.857578000000000173e+01
2.316901000000000058e+05 -1.063921000000000028e+01 8.160133000000000436e+01
2.316901500000000233e+05 -1.065248000000000062e+01 1.120546999999999969e+02
2.316902000000000116e+05 -1.060870000000000068e+01 1.051381999999999977e+02
2.316902500000000000e+05 -1.461228999999999978e+01 9.909510000000000218e+01
2.316903000000000175e+05 -1.884158000000000044e+01 6.411114999999999498e+01
2.316903500000000058e+05 -1.354364999999999952e+01 6.244767000000000223e+01
2.316904000000000233e+05 -1.377078999999999986e+01 4.135922000000000054e+01
2.316904500000000116e+05 -1.074091999999999913e+01 5.958847000000000094e+01
2.316905000000000000e+05 -1.082902999999999949e+01 4.779166000000000025e+01
2.316905500000000175e+05 -1.318318000000000012e+01 7.048207999999999629e+01
2.316906000000000058e+05 -1.266295000000000037e+01 5.545459999999999923e+01
2.316906500000000233e+05 -1.629700000000000060e+01 6.982802999999999827e+01
2.316907000000000116e+05 -2.022754000000000119e+01 7.401246999999999332e+01
2.316907500000000000e+05 -1.543164999999999942e+01 9.320850000000000080e+01
2.316908000000000175e+05 -1.207943000000000033e+01 9.712894000000000005e+01
2.316908500000000058e+05 -8.130380000000000607e+00 8.818158999999999992e+01
2.316909000000000233e+05 -8.509660999999999476e+00 7.367610999999999422e+01
2.316909500000000116e+05 -9.806929999999999481e+00 4.543509000000000242e+01
2.316910000000000000e+05 -1.642371999999999943e+01 9.922569000000000017e+01
2.316910500000000175e+05 -1.022719999999999985e+01 9.843840000000000146e+01
2.316911000000000058e+05 -7.702310999999999908e+00 7.175593999999999539e+01
2.316911500000000233e+05 -1.207879999999999932e+01 5.425122999999999962e+01
2.316912000000000116e+05 -1.109050000000000047e+01 1.190899000000000001e+02
2.316912500000000000e+05 -7.929942999999999742e+00 8.735329000000000121e+01
2.316913000000000175e+05 -1.472705999999999982e+01 5.935061999999999927e+01
2.316913500000000058e+05 -8.930960999999999927e+00 1.098019000000000034e+02
2.316914000000000233e+05 -8.614127999999999119e+00 6.078602999999999668e+01
2.316914500000000116e+05 -1.304514999999999958e+01 9.823067000000000348e+01
2.316915000000000000e+05 -6.112515000000000143e+00 8.561037000000000319e+01
2.316915500000000175e+05 -1.720407000000000153e+01 1.073158999999999992e+02
2.316916000000000058e+05 -7.827793999999999919e+00 6.775866000000000611e+01
2.316916500000000233e+05 -1.434182000000000023e+01 1.078182000000000045e+02
2.316917000000000116e+05 -8.519781000000000049e+00 6.223913000000000295e+01
2.316917500000000000e+05 -1.142617000000000083e+01 1.098119999999999976e+02
2.316918000000000175e+05 -1.120819999999999972e+01 4.537895999999999930e+01
2.316918500000000058e+05 -8.501293000000000433e+00 8.879295000000000471e+01
2.316919000000000233e+05 -1.094766000000000084e+01 1.071501999999999981e+02
2.316919500000000116e+05 -9.186469000000000662e+00 5.883521999999999963e+01
2.316920000000000000e+05 -9.197053999999999618e+00 7.576729000000000269e+01
2.316920500000000175e+05 -1.447311000000000014e+01 1.019132000000000033e+02
2.316921000000000058e+05 -1.298025999999999947e+01 6.761436000000000490e+01
2.316921500000000233e+05 -9.414115999999999929e+00 6.512973999999999819e+01
2.316922000000000116e+05 -8.698358999999999952e+00 8.705013999999999896e+01
2.316922500000000000e+05 -1.085708999999999946e+01 1.021730000000000018e+02
2.316923000000000175e+05 -1.578045000000000009e+01 9.451232000000000255e+01
2.316923500000000058e+05 -1.499934000000000012e+01 7.395519000000000176e+01
2.316924000000000233e+05 -1.206634999999999991e+01 4.778446999999999889e+01
2.316924500000000116e+05 -8.193782999999999817e+00 5.327622999999999820e+01
2.316925000000000000e+05 -7.264423999999999992e+00 6.169106000000000023e+01
2.316925500000000175e+05 -7.302216999999999736e+00 6.226256999999999664e+01
2.316926000000000058e+05 -7.087005999999999695e+00 7.120908000000000015e+01
2.316926500000000233e+05 -7.109100999999999893e+00 7.623435000000000628e+01
2.316927000000000116e+05 -6.626566999999999652e+00 6.352700000000000102e+01
2.316927500000000000e+05 -7.923180999999999585e+00 7.042247000000000412e+01
2.316928000000000175e+05 -7.660699000000000147e+00 5.775643999999999778e+01
2.316928500000000058e+05 -7.247449999999999726e+00 5.582159000000000049e+01
2.316929000000000233e+05 -1.344828000000000046e+01 4.399873000000000189e+01
2.316929500000000116e+05 -1.537597000000000058e+01 5.739824000000000126e+01
2.316930000000000000e+05 -1.437800000000000011e+01 9.638590999999999553e+01
2.316930500000000175e+05 -8.165186999999999529e+00 9.175153000000000247e+01
2.316931000000000058e+05 -7.397775000000000212e+00 7.375108000000000175e+01
2.316931500000000233e+05 -9.358010999999999413e+00 5.560907999999999873e+01
2.316932000000000116e+05 -1.403744000000000014e+01 6.849160000000000537e+01
2.316932500000000000e+05 -1.085792999999999964e+01 1.006524000000000001e+02
2.316933000000000175e+05 -7.339766000000000012e+00 6.855374999999999375e+01
2.316933500000000058e+05 -1.057343000000000011e+01 4.947543999999999897e+01
2.316934000000000233e+05 -1.031104000000000021e+01 9.809632999999999470e+01
2.316934500000000116e+05 -6.529924000000000284e+00 7.754115000000000180e+01
2.316935000000000000e+05 -1.360595999999999961e+01 7.121448999999999785e+01
2.316935500000000175e+05 -7.660713000000000328e+00 9.460434999999999661e+01
2.316936000000000058e+05 -9.466093000000000757e+00 4.805830000000000268e+01
2.316936500000000233e+05 -1.031809999999999938e+01 1.009642999999999944e+02
2.316937000000000116e+05 -8.099750999999999479e+00 6.097317999999999927e+01
2.316937500000000000e+05 -9.029826999999999160e+00 9.998690000000000566e+01
2.316938000000000175e+05 -9.046129000000000531e+00 5.263266000000000133e+01
2.316938500000000058e+05 -7.650777999999999857e+00 7.618845000000000312e+01
2.316939000000000233e+05 -1.044014999999999915e+01 6.088450000000000273e+01
2.316939500000000116e+05 -5.891682999999999559e+00 7.816956999999999312e+01
2.316940000000000000e+05 -1.375787000000000049e+01 8.589306000000000552e+01
2.316940500000000175e+05 -6.075420000000000265e+00 5.757500999999999891e+01
2.316941000000000058e+05 -5.631553000000000253e+00 8.332371999999999446e+01
2.316941500000000233e+05 -1.077872999999999948e+01 8.254442000000000235e+01
2.316942000000000116e+05 -7.894714999999999705e+00 4.874643999999999977e+01
2.316942500000000000e+05 -5.816648999999999958e+00 6.442606000000000677e+01
2.316943000000000175e+05 -6.080054999999999765e+00 1.006047999999999973e+02
2.316943500000000058e+05 -1.119973000000000063e+01 7.396864999999999668e+01
2.316944000000000233e+05 -8.953340999999999994e+00 5.648564999999999969e+01
2.316944500000000116e+05 -6.344598999999999656e+00 6.354189000000000220e+01
2.316945000000000000e+05 -4.152783000000000335e+00 7.671478999999999360e+01
2.316945500000000175e+05 -5.202064000000000021e+00 8.403615999999999531e+01
2.316946000000000058e+05 -5.267121000000000386e+00 7.947826000000000590e+01
2.316946500000000233e+05 -8.827661000000000868e+00 8.558414000000000499e+01
2.316947000000000116e+05 -8.995024000000000797e+00 7.470166000000000395e+01
2.316947500000000000e+05 -7.453031000000000184e+00 8.317161000000000115e+01
2.316948000000000175e+05 -9.491640000000000299e+00 7.509645999999999333e+01
2.316948500000000058e+05 -7.064006000000000007e+00 8.313567000000000462e+01
2.316949000000000233e+05 -7.580788000000000082e+00 9.213201999999999714e+01
2.316949500000000116e+05 -5.788751000000000424e+00 9.635235000000000127e+01
2.316950000000000000e+05 -5.878244999999999720e+00 8.170199999999999818e+01
2.316950500000000175e+05 -3.588706999999999869e+00 7.919074000000000524e+01
2.316951000000000058e+05 -2.917851000000000194e+00 6.381280999999999892e+01
2.316951500000000233e+05 -4.293336000000000041e+00 5.950652999999999793e+01
2.316952000000000116e+05 -6.221788000000000096e+00 5.164535000000000053e+01
2.316952500000000000e+05 -8.304830000000000823e+00 7.786529000000000167e+01
2.316953000000000175e+05 -4.467660999999999660e+00 8.114303999999999917e+01
2.316953500000000058e+05 -3.367682999999999982e+00 6.152541999999999689e+01
2.316954000000000233e+05 -4.777242000000000210e+00 5.327953000000000117e+01
2.316954500000000116e+05 -6.808006999999999920e+00 7.003795999999999822e+01
2.316955000000000000e+05 -2.049177999999999944e+00 7.376340000000000430e+01
2.316955500000000175e+05 -2.767860000000000209e+00 6.011639000000000266e+01
2.316956000000000058e+05 -5.149587999999999610e+00 7.925911999999999580e+01
2.316956500000000233e+05 -2.250147000000000119e+00 6.601351999999999975e+01
2.316957000000000116e+05 -3.769200999999999802e+00 5.215288999999999930e+01
2.316957500000000000e+05 -2.002006000000000174e+00 7.290082999999999913e+01
2.316958000000000175e+05 -2.679707000000000061e+00 5.369035000000000224e+01
2.316958500000000058e+05 -2.419897000000000187e+00 7.795790999999999826e+01
2.316959000000000233e+05 -1.823212000000000055e+00 5.485947999999999780e+01
2.316959500000000116e+05 -1.302334000000000103e+00 7.365886000000000422e+01
2.316960000000000000e+05 -1.567131999999999969e+00 5.634239999999999782e+01
2.316960500000000175e+05 -3.674848000000000003e-02 6.637382999999999811e+01
2.316961000000000058e+05 -2.020261999999999780e+00 6.464245999999999981e+01
2.316961500000000233e+05 8.433671999999999835e-01 6.082911000000000001e+01
2.316962000000000116e+05 6.516551999999999900e-01 6.960352000000000317e+01
2.316962500000000000e+05 3.961503000000000108e-01 5.553716000000000008e+01
2.316963000000000175e+05 2.462107000000000046e+00 5.841790000000000305e+01
2.316963500000000058e+05 2.422236999999999973e+00 6.567364000000000601e+01
2.316964000000000233e+05 2.165138999999999925e+00 6.033001999999999754e+01
2.316964500000000116e+05 3.729254000000000069e+00 5.494619000000000142e+01
2.316965000000000000e+05 4.936150999999999733e+00 5.610484000000000293e+01
2.316965500000000175e+05 5.699034000000000155e+00 5.855017999999999745e+01
2.316966000000000058e+05 5.992632999999999655e+00 5.738848000000000127e+01
2.316966500000000233e+05 6.878008000000000344e+00 5.144563000000000130e+01
2.316967000000000116e+05 8.179774999999999352e+00 4.609145999999999788e+01
2.316967500000000000e+05 9.854511000000000465e+00 4.250079999999999814e+01
2.316968000000000175e+05 1.172021999999999942e+01 3.637154000000000309e+01
2.316968500000000058e+05 1.343174999999999919e+01 3.012114000000000047e+01
2.316969000000000233e+05 1.518357999999999919e+01 2.045817999999999870e+01
2.316969500000000116e+05 1.701507000000000147e+01 6.747015000000000207e+00
2.316970000000000000e+05 1.876111999999999824e+01 -1.225985000000000014e+01
2.316970500000000175e+05 2.051323000000000008e+01 -3.828820999999999941e+01
2.316971000000000058e+05 2.178497000000000128e+01 -7.274173999999999296e+01
2.316971500000000233e+05 2.232048999999999950e+01 -1.152916000000000025e+02
2.316972000000000116e+05 2.187449000000000154e+01 -1.658027999999999906e+02
2.316972500000000000e+05 2.047511000000000081e+01 -2.251870000000000118e+02
2.316973000000000175e+05 1.928583000000000069e+01 -2.985341000000000236e+02
2.316973500000000058e+05 1.998252000000000095e+01 -3.812785000000000082e+02
2.316974000000000233e+05 2.118939999999999912e+01 -4.634103000000000065e+02
2.316974500000000116e+05 2.062124999999999986e+01 -5.513980999999999995e+02
2.316975000000000000e+05 1.902037999999999940e+01 -6.538188999999999851e+02
2.316975500000000175e+05 1.976573000000000135e+01 -7.676072000000000344e+02
2.316976000000000058e+05 2.033176999999999879e+01 -8.788135999999999513e+02
2.316976500000000233e+05 1.889014999999999844e+01 -1.003999000000000024e+03
2.316977000000000116e+05 1.962615999999999872e+01 -1.141869999999999891e+03
2.316977500000000000e+05 1.963061000000000078e+01 -1.276243999999999915e+03
2.316978000000000175e+05 1.868512000000000128e+01 -1.430476000000000113e+03
2.316978500000000058e+05 1.966582999999999970e+01 -1.584746000000000095e+03
2.316979000000000233e+05 1.834675999999999974e+01 -1.750279999999999973e+03
2.316979500000000116e+05 1.931694999999999851e+01 -1.923087999999999965e+03
2.316980000000000000e+05 1.820583999999999847e+01 -1.744215999999999894e+03
2.316980500000000175e+05 1.900929999999999964e+01 -1.573518000000000029e+03
2.316981000000000058e+05 1.792627999999999844e+01 -1.412150000000000091e+03
2.316981500000000233e+05 1.869779000000000124e+01 -1.255054000000000087e+03
2.316982000000000116e+05 1.803579999999999828e+01 -1.113186999999999898e+03
2.316982500000000000e+05 1.789405000000000001e+01 -9.696290000000000191e+02
2.316983000000000175e+05 1.831800000000000139e+01 -8.423225999999999658e+02
2.316983500000000058e+05 1.748736999999999853e+01 -7.211497000000000526e+02
2.316984000000000233e+05 1.766564999999999941e+01 -6.029727000000000317e+02
2.316984500000000116e+05 1.793687999999999860e+01 -5.004916999999999803e+02
2.316985000000000000e+05 1.729059000000000168e+01 -4.043623000000000047e+02
2.316985500000000175e+05 1.700964000000000098e+01 -3.122253999999999792e+02
2.316986000000000058e+05 1.723114999999999952e+01 -2.289541999999999859e+02
2.316986500000000233e+05 1.733038000000000167e+01 -1.569938999999999965e+02
2.316987000000000116e+05 1.705324999999999847e+01 -9.400195999999999685e+01
2.316987500000000000e+05 1.656506999999999863e+01 -3.732128000000000156e+01
2.316988000000000175e+05 1.618444999999999823e+01 1.218082000000000065e+01
2.316988500000000058e+05 1.613981000000000066e+01 5.370241000000000042e+01
2.316989000000000233e+05 1.620032000000000139e+01 8.735285000000000366e+01
2.316989500000000116e+05 1.614997999999999934e+01 1.117239000000000004e+02
2.316990000000000000e+05 1.608232999999999890e+01 1.280372000000000128e+02
2.316990500000000175e+05 1.593746999999999936e+01 1.363012999999999977e+02
2.316991000000000058e+05 1.582329000000000008e+01 1.359531000000000063e+02
2.316991500000000233e+05 1.562753000000000014e+01 1.275357999999999947e+02
2.316992000000000116e+05 1.535111999999999988e+01 1.107146999999999935e+02
2.316992500000000000e+05 1.502623999999999960e+01 8.517883999999999389e+01
2.316993000000000175e+05 1.476464999999999961e+01 5.206477000000000288e+01
2.316993500000000058e+05 1.454242999999999952e+01 9.570816999999999908e+00
2.316994000000000233e+05 1.446362000000000059e+01 -4.083646999999999849e+01
2.316994500000000116e+05 1.458042000000000016e+01 -9.776561999999999841e+01
2.316995000000000000e+05 1.474286000000000030e+01 -1.632079999999999984e+02
2.316995500000000175e+05 1.449430000000000085e+01 -2.353671999999999969e+02
2.316996000000000058e+05 1.394772999999999996e+01 -3.183023999999999774e+02
2.316996500000000233e+05 1.387448000000000015e+01 -4.113675000000000068e+02
2.316997000000000116e+05 1.412703999999999915e+01 -5.093822000000000116e+02
2.316997500000000000e+05 1.374205000000000076e+01 -6.139323000000000548e+02
2.316998000000000175e+05 1.326791000000000054e+01 -7.317782999999999447e+02
2.316998500000000058e+05 1.366186000000000078e+01 -8.561044000000000551e+02
2.316999000000000233e+05 1.327867999999999959e+01 -9.852356999999999516e+02
2.316999500000000116e+05 1.268603000000000058e+01 -1.127522999999999911e+03
2.317000000000000000e+05 1.332986999999999966e+01 -1.274415999999999940e+03
2.317000500000000175e+05 1.243956000000000017e+01 -1.431816000000000031e+03
2.317001000000000058e+05 1.285773000000000010e+01 -1.596122000000000071e+03
2.317001500000000233e+05 1.208627000000000073e+01 -1.768317999999999984e+03
2.317002000000000116e+05 1.242624999999999957e+01 -1.590247000000000071e+03
2.317002500000000000e+05 1.190367999999999959e+01 -1.419795000000000073e+03
2.317003000000000175e+05 1.218093000000000004e+01 -1.256923999999999978e+03
2.317003500000000058e+05 1.141596000000000011e+01 -1.105442999999999984e+03
2.317004000000000233e+05 1.176820000000000022e+01 -9.566721999999999753e+02
2.317004500000000116e+05 1.142101000000000077e+01 -8.218981999999999744e+02
2.317005000000000000e+05 1.093459999999999965e+01 -6.907435000000000400e+02
2.317005500000000175e+05 1.136112999999999928e+01 -5.698280999999999494e+02
2.317006000000000058e+05 1.089389000000000074e+01 -4.598394000000000119e+02
2.317006500000000233e+05 1.049640999999999913e+01 -3.534503000000000270e+02
2.317007000000000116e+05 1.075460999999999956e+01 -2.553120000000000118e+02
2.317007500000000000e+05 1.063662000000000063e+01 -1.699199000000000126e+02
2.317008000000000175e+05 1.012073999999999963e+01 -9.168182000000000187e+01
2.317008500000000058e+05 9.710133000000000791e+00 -1.998759000000000086e+01
2.317009000000000233e+05 9.586565999999999477e+00 4.724907000000000323e+01
2.317009500000000116e+05 9.793143000000000598e+00 1.010407000000000011e+02
2.317010000000000000e+05 9.731654999999999944e+00 1.468874999999999886e+02
2.317010500000000175e+05 9.390112000000000236e+00 1.837784000000000049e+02
2.317011000000000058e+05 9.104986999999999497e+00 2.109694000000000074e+02
2.317011500000000233e+05 8.996850000000000236e+00 2.320931999999999960e+02
2.317012000000000116e+05 8.602705000000000268e+00 2.454562999999999988e+02
2.317012500000000000e+05 8.253287000000000262e+00 2.494865000000000066e+02
2.317013000000000175e+05 8.041790000000000660e+00 2.462938000000000045e+02
2.317013500000000058e+05 8.205769999999999342e+00 2.341770999999999958e+02
2.317014000000000233e+05 7.849893999999999927e+00 2.165259000000000071e+02
2.317014500000000116e+05 7.829099000000000252e+00 1.901819999999999879e+02
2.317015000000000000e+05 7.852831000000000117e+00 1.527861000000000047e+02
2.317015500000000175e+05 7.728101999999999805e+00 1.106126000000000005e+02
2.317016000000000058e+05 7.175652999999999615e+00 5.808451999999999771e+01
2.317016500000000233e+05 6.578634000000000093e+00 -5.789221000000000394e+00
2.317017000000000116e+05 6.340290999999999677e+00 -7.776507999999999754e+01
2.317017500000000000e+05 6.530471000000000359e+00 -1.570210999999999899e+02
2.317018000000000175e+05 6.942938999999999972e+00 -2.394345999999999890e+02
2.317018500000000058e+05 5.970716000000000356e+00 -3.331437999999999988e+02
2.317019000000000233e+05 5.304446999999999690e+00 -4.417133000000000038e+02
2.317019500000000116e+05 6.231158999999999892e+00 -5.501453000000000202e+02
2.317020000000000000e+05 5.396035000000000359e+00 -6.652863999999999578e+02
2.317020500000000175e+05 4.862541000000000224e+00 -7.726268000000000029e+02
2.317021000000000058e+05 5.800815000000000055e+00 -9.098990999999999758e+02
2.317021500000000233e+05 4.479669999999999597e+00 -1.051313000000000102e+03
2.317022000000000116e+05 4.756357999999999642e+00 -1.210017000000000053e+03
2.317022500000000000e+05 4.934661000000000186e+00 -1.366369999999999891e+03
2.317023000000000175e+05 4.097502000000000422e+00 -1.541035000000000082e+03
2.317023500000000058e+05 3.967662999999999940e+00 -1.709897999999999911e+03
2.317024000000000233e+05 3.069252999999999787e+00 -1.542375000000000000e+03
2.317024500000000116e+05 3.098997999999999919e+00 -1.372075000000000045e+03
2.317025000000000000e+05 3.340273999999999965e+00 -1.224152000000000044e+03
2.317025500000000175e+05 2.253880999999999801e+00 -1.065160000000000082e+03
2.317026000000000058e+05 3.700155000000000083e+00 -9.267048999999999523e+02
2.317026500000000233e+05 2.498224000000000000e+00 -7.976694999999999709e+02
2.317027000000000116e+05 2.158072999999999908e+00 -6.682776000000000067e+02
2.317027500000000000e+05 2.533916000000000057e+00 -5.576716000000000122e+02
2.317028000000000175e+05 1.421635999999999900e+00 -4.536659999999999968e+02
2.317028500000000058e+05 1.364759999999999973e+00 -3.443249999999999886e+02
2.317029000000000233e+05 1.509956999999999994e+00 -2.556885000000000048e+02
2.317029500000000116e+05 1.717316000000000065e+00 -1.801511000000000138e+02
2.317030000000000000e+05 1.032210999999999990e+00 -1.077582000000000022e+02
2.317030500000000175e+05 -3.276607000000000269e-01 -3.809799000000000291e+01
2.317031000000000058e+05 3.862638999999999934e-01 2.459384999999999977e+01
2.317031500000000233e+05 3.607355000000000284e-02 7.471935000000000571e+01
2.317032000000000116e+05 3.076540999999999859e-01 1.142713999999999999e+02
2.317032500000000000e+05 5.992916999999999828e-01 1.424812000000000012e+02
2.317033000000000175e+05 -2.491388999999999965e-01 1.614324000000000012e+02
2.317033500000000058e+05 4.680754000000000165e-02 1.772402999999999906e+02
2.317034000000000233e+05 -3.765649999999999831e-01 1.858182999999999936e+02
2.317034500000000116e+05 -3.809044999999999792e-01 1.843437000000000126e+02
2.317035000000000000e+05 -8.315405000000000157e-01 1.774480000000000075e+02
2.317035500000000175e+05 -8.862339000000000189e-01 1.630601000000000056e+02
2.317036000000000058e+05 -9.153240000000000265e-01 1.378326000000000136e+02
2.317036500000000233e+05 -1.385035000000000016e+00 1.037810999999999950e+02
2.317037000000000116e+05 -1.951392999999999933e+00 6.556543999999999528e+01
2.317037500000000000e+05 -3.730834000000000206e+00 1.316862000000000066e+01
2.317038000000000175e+05 -4.742839000000000027e+00 -5.242506999999999806e+01
2.317038500000000058e+05 -3.595254999999999868e+00 -1.268936999999999955e+02
2.317039000000000233e+05 -2.779224000000000139e+00 -1.962102999999999895e+02
2.317039500000000116e+05 -2.539146999999999821e+00 -2.681354000000000042e+02
2.317040000000000000e+05 -6.737569999999999837e+00 -3.587053999999999974e+02
2.317040500000000175e+05 -6.887642999999999738e+00 -4.853466999999999985e+02
2.317041000000000058e+05 -3.739761999999999809e+00 -5.824767000000000507e+02
2.317041500000000233e+05 -5.746934000000000431e+00 -6.873568999999999960e+02
2.317042000000000116e+05 -6.202384999999999593e+00 -8.328126999999999498e+02
2.317042500000000000e+05 -4.035229000000000177e+00 -9.564652999999999565e+02
2.317043000000000175e+05 -7.598118000000000372e+00 -1.089760999999999967e+03
2.317043500000000058e+05 -6.130094999999999850e+00 -1.268251999999999953e+03
2.317044000000000233e+05 -7.093784000000000312e+00 -1.396231999999999971e+03
2.317044500000000116e+05 -7.317524999999999835e+00 -1.231050999999999931e+03
2.317045000000000000e+05 -7.558968000000000131e+00 -1.380436999999999898e+03
2.317045500000000175e+05 -8.956640000000000157e+00 -1.239672000000000025e+03
2.317046000000000058e+05 -7.467190999999999690e+00 -1.394102000000000089e+03
2.317046500000000233e+05 -6.563677000000000206e+00 -1.261531999999999925e+03
2.317047000000000116e+05 -1.120736999999999917e+01 -1.083432999999999993e+03
2.317047500000000000e+05 -5.893995999999999569e+00 -9.589909000000000106e+02
2.317048000000000175e+05 -1.324613000000000085e+01 -8.422744000000000142e+02
2.317048500000000058e+05 -1.243647999999999954e+01 -6.791494000000000142e+02
2.317049000000000233e+05 -8.034879000000000104e+00 -5.785096999999999525e+02
2.317049500000000116e+05 -1.286306000000000083e+01 -4.859046000000000163e+02
2.317050000000000000e+05 -1.484027999999999992e+01 -3.388226000000000226e+02
2.317050500000000175e+05 -8.479900999999999911e+00 -2.697105999999999995e+02
2.317051000000000058e+05 -9.298192000000000235e+00 -2.071444999999999936e+02
2.317051500000000233e+05 -1.350656999999999996e+01 -1.415101999999999975e+02
2.317052000000000116e+05 -1.914630999999999972e+01 -4.355557000000000301e+01
2.317052500000000000e+05 -1.591126000000000040e+01 3.755331000000000330e+01
2.317053000000000175e+05 -7.805119999999999614e+00 8.085849000000000331e+01
2.317053500000000058e+05 -1.056994000000000078e+01 1.045464999999999947e+02
2.317054000000000233e+05 -9.853417000000000314e+00 1.330330999999999904e+02
2.317054500000000116e+05 -1.323691999999999958e+01 1.525427999999999997e+02
2.317055000000000000e+05 -1.119250000000000078e+01 1.675685000000000002e+02
2.317055500000000175e+05 -1.093674999999999997e+01 1.578213000000000079e+02
2.317056000000000058e+05 -1.256569999999999965e+01 1.496817000000000064e+02
2.317056500000000233e+05 -1.129335000000000022e+01 1.644436000000000035e+02
2.317057000000000116e+05 -1.484623000000000026e+01 1.473589000000000055e+02
2.317057500000000000e+05 -1.355438999999999972e+01 1.359710000000000036e+02
2.317058000000000175e+05 -1.304395000000000060e+01 1.337049000000000092e+02
2.317058500000000058e+05 -1.377788999999999930e+01 8.323506000000000427e+01
2.317059000000000233e+05 -1.707747000000000170e+01 4.173796999999999713e+01
2.317059500000000116e+05 -2.882279000000000124e+01 7.875328000000000372e+01
2.317060000000000000e+05 -2.021709999999999852e+01 1.523405999999999949e+02
2.317060500000000175e+05 -1.423315000000000019e+01 1.654194999999999993e+02
2.317061000000000058e+05 -1.295419000000000054e+01 1.099248000000000047e+02
2.317061500000000233e+05 -1.910372999999999877e+01 8.007657000000000380e+01
2.317062000000000116e+05 -2.404197999999999880e+01 1.769737000000000080e+02
2.317062500000000000e+05 -1.483009999999999984e+01 1.329530000000000030e+02
2.317063000000000175e+05 -1.688043000000000049e+01 1.022189999999999941e+02
2.317063500000000058e+05 -2.242366000000000170e+01 1.198010000000000019e+02
2.317064000000000233e+05 -1.821675000000000111e+01 1.307411999999999921e+02
2.317064500000000116e+05 -1.718237999999999843e+01 8.957022999999999513e+01
2.317065000000000000e+05 -2.268811000000000178e+01 1.493780999999999892e+02
2.317065500000000175e+05 -1.897849000000000075e+01 9.242879000000000644e+01
2.317066000000000058e+05 -2.036310999999999893e+01 1.214322999999999979e+02
2.317066500000000233e+05 -1.500065000000000026e+01 1.108782999999999959e+02
2.317067000000000116e+05 -2.282949999999999946e+01 1.082766000000000020e+02
2.317067500000000000e+05 -1.768655000000000044e+01 1.124339999999999975e+02
2.317068000000000175e+05 -2.367176999999999865e+01 9.966209999999999525e+01
2.317068500000000058e+05 -2.035844000000000165e+01 1.110439999999999969e+02
2.317069000000000233e+05 -1.822157999999999944e+01 1.291476000000000113e+02
2.317069500000000116e+05 -1.468463000000000029e+01 1.158519000000000005e+02
2.317070000000000000e+05 -1.868404999999999916e+01 1.069857999999999976e+02
2.317070500000000175e+05 -1.924119999999999919e+01 1.293666000000000054e+02
2.317071000000000058e+05 -1.923292000000000002e+01 1.239780999999999977e+02
2.317071500000000233e+05 -1.597118000000000038e+01 1.374219999999999970e+02
2.317072000000000116e+05 -2.647356999999999871e+01 5.859953000000000145e+01
2.317072500000000000e+05 -1.664686999999999983e+01 1.141770000000000067e+02
2.317073000000000175e+05 -1.705816000000000088e+01 1.331550000000000011e+02
2.317073500000000058e+05 -1.471683999999999948e+01 1.382392999999999859e+02
2.317074000000000233e+05 -1.456165000000000020e+01 1.380629000000000133e+02
2.317074500000000116e+05 -1.935415000000000063e+01 7.222821000000000424e+01
2.317075000000000000e+05 -1.774519000000000091e+01 1.245511999999999944e+02
2.317075500000000175e+05 -2.948760000000000048e+01 6.149761999999999773e+01
2.317076000000000058e+05 -1.910254000000000119e+01 1.169450999999999965e+02
2.317076500000000233e+05 -1.599660000000000082e+01 9.933114000000000487e+01
2.317077000000000116e+05 -1.904777999999999949e+01 1.152115000000000009e+02
2.317077500000000000e+05 -2.036308999999999969e+01 1.110656000000000034e+02
2.317078000000000175e+05 -2.173438000000000159e+01 1.106019000000000005e+02
2.317078500000000058e+05 -1.787837000000000032e+01 8.146247999999999934e+01
2.317079000000000233e+05 -2.403706999999999994e+01 8.695193000000000438e+01
2.317079500000000116e+05 -1.941374000000000066e+01 1.184084000000000003e+02
2.317080000000000000e+05 -1.709934000000000154e+01 1.148798000000000030e+02
2.317080500000000175e+05 -1.804364999999999952e+01 1.499171000000000049e+02
2.317081000000000058e+05 -2.419660999999999973e+01 1.339059000000000026e+02
2.317081500000000233e+05 -1.461251000000000033e+01 1.413343000000000131e+02
2.317082000000000116e+05 -1.861269000000000062e+01 1.017464999999999975e+02
2.317082500000000000e+05 -1.866454999999999842e+01 1.208504999999999967e+02
2.317083000000000175e+05 -1.994437999999999889e+01 1.036025000000000063e+02
2.317083500000000058e+05 -1.876523999999999859e+01 1.085849000000000046e+02
2.317084000000000233e+05 -1.785483999999999938e+01 1.023538999999999959e+02
2.317084500000000116e+05 -2.469979999999999976e+01 5.809273999999999916e+01
2.317085000000000000e+05 -2.211018999999999934e+01 1.300534000000000106e+02
2.317085500000000175e+05 -1.943716999999999828e+01 1.108609000000000009e+02
2.317086000000000058e+05 -1.806926999999999950e+01 1.165400999999999954e+02
2.317086500000000233e+05 -1.941554999999999964e+01 1.366876000000000033e+02
2.317087000000000116e+05 -2.363815999999999917e+01 1.062930000000000064e+02
