# Temperature: None K
2.317732749999999942e+05 -1.653920000000000101e+01
2.317733500000000058e+05 -1.717127999999999943e+01
2.317734249999999884e+05 -1.617496999999999829e+01
2.317735000000000000e+05 -1.704595000000000127e+01
2.317735749999999825e+05 -1.633044999999999902e+01
2.317736499999999942e+05 -1.633399999999999963e+01
2.317737250000000058e+05 -1.598828999999999922e+01
2.317737999999999884e+05 -1.745601999999999876e+01
2.317738750000000000e+05 -1.804542999999999964e+01
2.317739499999999825e+05 -1.602484000000000108e+01
2.317740249999999942e+05 -1.589537999999999940e+01
2.317741000000000058e+05 -1.600684000000000040e+01
2.317741749999999884e+05 -1.628099999999999881e+01
2.317742500000000000e+05 -1.562625000000000064e+01
2.317743249999999825e+05 -1.898840999999999823e+01
2.317743999999999942e+05 -1.487293000000000021e+01
2.317744750000000058e+05 -1.626322000000000045e+01
2.317745499999999884e+05 -1.663750999999999891e+01
2.317746250000000000e+05 -1.822738999999999976e+01
2.317746999999999825e+05 -1.625656000000000034e+01
2.317747749999999942e+05 -1.854078000000000159e+01
2.317748500000000058e+05 -1.553518000000000043e+01
2.317749249999999884e+05 -1.641728000000000165e+01
2.317750000000000000e+05 -1.634224999999999994e+01
2.317750749999999825e+05 -1.670593999999999824e+01
2.317751499999999942e+05 -1.746640000000000015e+01
2.317752250000000058e+05 -1.608246000000000109e+01
2.317752999999999884e+05 -1.609921999999999898e+01
2.317753750000000000e+05 -1.808381999999999934e+01
2.317754499999999825e+05 -1.597345999999999933e+01
2.317755249999999942e+05 -1.551938999999999957e+01
2.317756000000000058e+05 -1.540779000000000032e+01
2.317756749999999884e+05 -1.680262000000000100e+01
2.317757500000000000e+05 -1.594857999999999976e+01
2.317758249999999825e+05 -1.888200000000000145e+01
2.317758999999999942e+05 -1.839975000000000094e+01
2.317759750000000058e+05 -1.441136000000000017e+01
2.317760499999999884e+05 -1.615499000000000152e+01
2.317761250000000000e+05 -1.674559999999999960e+01
2.317761999999999825e+05 -1.565124999999999922e+01
2.317762749999999942e+05 -1.642587999999999937e+01
2.317763500000000058e+05 -1.591313000000000066e+01
2.317764249999999884e+05 -1.769692999999999827e+01
2.317765000000000000e+05 -1.720936000000000021e+01
2.317765749999999825e+05 -1.660282000000000124e+01
2.317766499999999942e+05 -1.639045000000000130e+01
2.317767250000000058e+05 -1.674956999999999852e+01
2.317767999999999884e+05 -1.642661999999999978e+01
2.317768750000000000e+05 -1.703571000000000168e+01
2.317769499999999825e+05 -1.757297000000000153e+01
2.317770249999999942e+05 -1.525516000000000005e+01
2.317771000000000058e+05 -1.549485999999999919e+01
2.317771749999999884e+05 -1.490100999999999942e+01
2.317772500000000000e+05 -1.611661000000000143e+01
2.317773249999999825e+05 -1.659956000000000031e+01
2.317773999999999942e+05 -1.482972999999999963e+01
2.317774750000000058e+05 -1.538241000000000014e+01
2.317775499999999884e+05 -1.479158999999999935e+01
2.317776250000000000e+05 -1.588233999999999924e+01
2.317776999999999825e+05 -1.531908999999999921e+01
2.317777749999999942e+05 -1.931502000000000052e+01
2.317778500000000058e+05 -1.561894000000000027e+01
2.317779249999999884e+05 -1.509150999999999954e+01
2.317780000000000000e+05 -1.743175000000000097e+01
2.317780749999999825e+05 -1.755576999999999899e+01
2.317781499999999942e+05 -1.663782000000000139e+01
2.317782250000000058e+05 -1.527730999999999995e+01
2.317782999999999884e+05 -1.636447000000000074e+01
2.317783750000000000e+05 -1.725027000000000044e+01
2.317784499999999825e+05 -1.845101000000000013e+01
2.317785249999999942e+05 -1.588845000000000063e+01
2.317786000000000058e+05 -1.554575999999999958e+01
2.317786749999999884e+05 -1.745886000000000138e+01
2.317787500000000000e+05 -1.757109000000000165e+01
2.317788249999999825e+05 -1.576088999999999984e+01
2.317788999999999942e+05 -1.513921000000000028e+01
2.317789750000000058e+05 -1.458675999999999995e+01
2.317790499999999884e+05 -1.525738999999999912e+01
2.317791250000000000e+05 -1.652591999999999928e+01
2.317791999999999825e+05 -1.687125999999999948e+01
2.317792749999999942e+05 -1.577915999999999919e+01
2.317793500000000058e+05 -1.512947999999999915e+01
2.317794249999999884e+05 -1.480803000000000047e+01
2.317795000000000000e+05 -1.478210999999999942e+01
2.317795749999999825e+05 -1.537415999999999983e+01
2.317796499999999942e+05 -1.582920999999999978e+01
2.317797250000000058e+05 -1.662114000000000047e+01
2.317797999999999884e+05 -1.604638999999999882e+01
2.317798750000000000e+05 -1.519266999999999967e+01
2.317799499999999825e+05 -1.569710000000000072e+01
2.317800249999999942e+05 -1.715492000000000061e+01
2.317801000000000058e+05 -1.508013000000000048e+01
2.317801749999999884e+05 -1.633774999999999977e+01
2.317802500000000000e+05 -1.715241999999999933e+01
2.317803249999999825e+05 -1.680759000000000114e+01
2.317803999999999942e+05 -1.563180999999999976e+01
2.317804750000000058e+05 -1.466775999999999947e+01
2.317805499999999884e+05 -1.649308999999999870e+01
2.317806250000000000e+05 -1.487229999999999919e+01
2.317806999999999825e+05 -1.667526000000000153e+01
2.317807749999999942e+05 -1.666526999999999958e+01
2.317808500000000058e+05 -1.466957000000000022e+01
2.317809249999999884e+05 -1.718058999999999870e+01
2.317810000000000000e+05 -1.650009999999999977e+01
2.317810749999999825e+05 -1.662581000000000131e+01
2.317811499999999942e+05 -1.534913000000000061e+01
2.317812250000000058e+05 -1.594242000000000026e+01
2.317812999999999884e+05 -1.565569999999999951e+01
2.317813750000000000e+05 -1.638352000000000075e+01
2.317814499999999825e+05 -1.547767999999999944e+01
2.317815249999999942e+05 -1.635514999999999830e+01
2.317816000000000058e+05 -1.761717000000000155e+01
2.317816749999999884e+05 -1.590606000000000009e+01
2.317817500000000000e+05 -1.663636999999999944e+01
2.317818249999999825e+05 -1.638317999999999941e+01
2.317818999999999942e+05 -1.452671999999999919e+01
2.317819750000000058e+05 -1.608382999999999896e+01
2.317820499999999884e+05 -1.406949000000000005e+01
2.317821250000000000e+05 -1.739136999999999844e+01
2.317821999999999825e+05 -1.636233000000000004e+01
2.317822749999999942e+05 -1.649446000000000012e+01
2.317823500000000058e+05 -1.450971999999999973e+01
2.317824249999999884e+05 -1.577598000000000056e+01
2.317825000000000000e+05 -1.557138999999999918e+01
2.317825749999999825e+05 -1.510702999999999996e+01
2.317826499999999942e+05 -1.495681000000000083e+01
2.317827250000000058e+05 -1.565254000000000012e+01
2.317827999999999884e+05 -1.417563999999999957e+01
2.317828750000000000e+05 -1.455493000000000059e+01
2.317829499999999825e+05 -1.388274000000000008e+01
2.317830249999999942e+05 -1.494830999999999932e+01
2.317831000000000058e+05 -1.507272000000000034e+01
2.317831749999999884e+05 -1.498399000000000036e+01
2.317832500000000000e+05 -1.488308999999999926e+01
2.317833249999999825e+05 -1.492282999999999937e+01
2.317833999999999942e+05 -1.472284999999999933e+01
2.317834750000000058e+05 -1.559930999999999912e+01
2.317835499999999884e+05 -1.551937000000000033e+01
2.317836250000000000e+05 -1.487199000000000026e+01
2.317836999999999825e+05 -1.478594000000000008e+01
2.317837749999999942e+05 -1.432119999999999926e+01
2.317838500000000058e+05 -1.427256999999999998e+01
2.317839249999999884e+05 -1.393613000000000035e+01
2.317840000000000000e+05 -1.590128999999999948e+01
2.317840749999999825e+05 -1.447855000000000025e+01
2.317841499999999942e+05 -1.354632999999999932e+01
2.317842250000000058e+05 -1.402219000000000015e+01
2.317842999999999884e+05 -1.488400000000000034e+01
2.317843750000000000e+05 -1.381262000000000079e+01
2.317844499999999825e+05 -1.484116999999999997e+01
2.317845249999999942e+05 -1.502050999999999981e+01
2.317846000000000058e+05 -1.452781000000000056e+01
2.317846749999999884e+05 -1.381354999999999933e+01
2.317847500000000000e+05 -1.373747999999999969e+01
2.317848249999999825e+05 -1.264457999999999949e+01
2.317848999999999942e+05 -1.412724000000000046e+01
2.317849750000000058e+05 -1.417009999999999970e+01
2.317850499999999884e+05 -1.317060999999999993e+01
2.317851250000000000e+05 -1.410374999999999979e+01
2.317851999999999825e+05 -1.339648000000000039e+01
2.317852749999999942e+05 -1.243976999999999933e+01
2.317853500000000058e+05 -1.256398000000000081e+01
2.317854249999999884e+05 -1.341496000000000066e+01
2.317855000000000000e+05 -1.271626000000000012e+01
2.317855749999999825e+05 -1.237613999999999947e+01
2.317856499999999942e+05 -1.317088999999999999e+01
2.317857250000000058e+05 -1.372241999999999962e+01
2.317857999999999884e+05 -1.309430000000000049e+01
2.317858750000000000e+05 -1.276953999999999922e+01
2.317859499999999825e+05 -1.287440999999999924e+01
2.317860249999999942e+05 -1.180784000000000056e+01
2.317861000000000058e+05 -1.211904000000000003e+01
2.317861749999999884e+05 -1.266543000000000063e+01
2.317862500000000000e+05 -1.169246000000000052e+01
2.317863249999999825e+05 -1.234564999999999912e+01
2.317863999999999942e+05 -1.158535000000000004e+01
2.317864750000000058e+05 -1.204565000000000019e+01
2.317865499999999884e+05 -1.130494999999999983e+01
2.317866250000000000e+05 -1.206926999999999950e+01
2.317866999999999825e+05 -1.250897999999999932e+01
2.317867749999999942e+05 -1.076463999999999999e+01
2.317868500000000058e+05 -1.085624999999999929e+01
2.317869249999999884e+05 -1.124559999999999960e+01
2.317870000000000000e+05 -1.091566000000000081e+01
2.317870749999999825e+05 -1.056961000000000084e+01
2.317871499999999942e+05 -1.062240000000000073e+01
2.317872250000000058e+05 -1.006798999999999999e+01
2.317872999999999884e+05 -1.039109999999999978e+01
2.317873750000000000e+05 -1.056081000000000003e+01
2.317874499999999825e+05 -1.042449000000000048e+01
2.317875249999999942e+05 -1.004166999999999987e+01
2.317876000000000058e+05 -9.753825000000000855e+00
2.317876749999999884e+05 -9.455379999999999896e+00
2.317877500000000000e+05 -9.651156000000000290e+00
2.317878249999999825e+05 -9.604547999999999419e+00
2.317878999999999942e+05 -1.014667999999999992e+01
2.317879750000000058e+05 -8.815537000000000845e+00
2.317880499999999884e+05 -9.017500000000000071e+00
2.317881250000000000e+05 -9.652006000000000085e+00
2.317881999999999825e+05 -1.035147000000000084e+01
2.317882749999999942e+05 -1.041205000000000069e+01
2.317883500000000058e+05 -1.077157000000000053e+01
2.317884249999999884e+05 -1.040689000000000064e+01
2.317885000000000000e+05 -1.103730999999999973e+01
2.317885749999999825e+05 -1.008436999999999983e+01
2.317886499999999942e+05 -1.166921999999999926e+01
2.317887250000000058e+05 -1.230728000000000044e+01
2.317887999999999884e+05 -1.249417000000000044e+01
2.317888750000000000e+05 -1.404937999999999931e+01
2.317889499999999825e+05 -1.474901000000000018e+01
2.317890249999999942e+05 -1.540314000000000050e+01
2.317891000000000058e+05 -1.658239000000000019e+01
2.317891749999999884e+05 -1.715881999999999863e+01
2.317892500000000000e+05 -1.841075000000000017e+01
2.317893249999999825e+05 -2.257560000000000144e+01
2.317893999999999942e+05 -2.012218000000000018e+01
2.317894750000000058e+05 -2.358965999999999852e+01
2.317895499999999884e+05 -2.283477999999999852e+01
2.317896250000000000e+05 -2.010053999999999874e+01
2.317896999999999825e+05 -2.482978999999999914e+01
2.317897749999999942e+05 -2.734779999999999944e+01
2.317898500000000058e+05 -3.428002999999999645e+01
2.317899249999999884e+05 -2.652473000000000170e+01
2.317900000000000000e+05 -2.437090999999999852e+01
2.317900749999999825e+05 -3.006655999999999906e+01
2.317901499999999942e+05 -3.451971999999999952e+01
2.317902250000000058e+05 -2.319000000000000128e+01
2.317902999999999884e+05 -2.818778999999999968e+01
2.317903750000000000e+05 -4.535528999999999655e+01
2.317904499999999825e+05 -3.283586999999999989e+01
2.317905249999999942e+05 -3.513848000000000127e+01
2.317906000000000058e+05 -2.365965999999999880e+01
2.317906749999999884e+05 -2.718073000000000050e+01
2.317907500000000000e+05 -3.026908999999999850e+01
2.317908249999999825e+05 -3.272552000000000305e+01
2.317908999999999942e+05 -3.229187000000000296e+01
2.317909750000000058e+05 -3.439938999999999680e+01
2.317910499999999884e+05 -3.210694000000000159e+01
2.317911250000000000e+05 -2.501560999999999879e+01
2.317911999999999825e+05 -2.394010000000000105e+01
2.317912749999999942e+05 -3.447493000000000052e+01
2.317913500000000058e+05 -2.501533999999999835e+01
2.317914249999999884e+05 -2.669603000000000037e+01
2.317915000000000000e+05 -2.472796999999999912e+01
2.317915749999999825e+05 -2.584733999999999909e+01
2.317916499999999942e+05 -2.534403000000000006e+01
2.317917250000000058e+05 -2.357732000000000028e+01
2.317917999999999884e+05 -2.345187999999999917e+01
2.317918750000000000e+05 -2.757523000000000124e+01
2.317919499999999825e+05 -2.159507999999999939e+01
2.317920249999999942e+05 -2.651115000000000066e+01
2.317921000000000058e+05 -2.411903999999999826e+01
2.317921749999999884e+05 -2.464348999999999990e+01
2.317922500000000000e+05 -2.412691999999999837e+01
2.317923249999999825e+05 -2.108775999999999939e+01
2.317923999999999942e+05 -2.305165999999999826e+01
2.317924750000000058e+05 -1.966760999999999981e+01
2.317925499999999884e+05 -2.109938000000000002e+01
2.317926250000000000e+05 -2.793186000000000035e+01
2.317926999999999825e+05 -2.208252999999999844e+01
2.317927749999999942e+05 -2.395214999999999961e+01
2.317928500000000058e+05 -2.460559999999999903e+01
2.317929249999999884e+05 -2.037723000000000084e+01
2.317930000000000000e+05 -2.477561999999999998e+01
2.317930749999999825e+05 -2.306122999999999834e+01
2.317931499999999942e+05 -2.331445000000000078e+01
2.317932250000000058e+05 -2.104541000000000039e+01
2.317932999999999884e+05 -2.393627000000000038e+01
2.317933750000000000e+05 -2.161189999999999856e+01
2.317934499999999825e+05 -2.267106000000000066e+01
2.317935249999999942e+05 -1.955275999999999925e+01
2.317936000000000058e+05 -2.220311999999999841e+01
2.317936749999999884e+05 -2.043837999999999866e+01
2.317937500000000000e+05 -2.230469000000000079e+01
2.317938249999999825e+05 -2.337943999999999889e+01
2.317938999999999942e+05 -1.900966000000000022e+01
2.317939750000000058e+05 -2.127612999999999843e+01
2.317940499999999884e+05 -2.103584000000000032e+01
2.317941250000000000e+05 -2.146038000000000068e+01
2.317941999999999825e+05 -2.404057999999999851e+01
2.317942749999999942e+05 -2.184387999999999863e+01
2.317943500000000058e+05 -1.948006000000000171e+01
2.317944249999999884e+05 -2.040193999999999974e+01
2.317945000000000000e+05 -2.049352000000000018e+01
2.317945749999999825e+05 -2.109475000000000122e+01
2.317946499999999942e+05 -2.170036999999999949e+01
2.317947250000000058e+05 -2.086710000000000065e+01
2.317947999999999884e+05 -2.022510000000000119e+01
2.317948750000000000e+05 -1.992255000000000109e+01
2.317949499999999825e+05 -2.229284000000000177e+01
2.317950249999999942e+05 -1.880547999999999931e+01
2.317951000000000058e+05 -2.149783000000000044e+01
2.317951749999999884e+05 -1.976622000000000057e+01
2.317952500000000000e+05 -2.013347999999999871e+01
2.317953249999999825e+05 -2.035195999999999827e+01
2.317953999999999942e+05 -2.294923000000000002e+01
2.317954750000000058e+05 -1.904747000000000057e+01
2.317955499999999884e+05 -2.096554000000000073e+01
2.317956250000000000e+05 -1.827027999999999963e+01
2.317956999999999825e+05 -1.889144999999999897e+01
2.317957749999999942e+05 -2.742728999999999928e+01
2.317958500000000058e+05 -2.123216999999999999e+01
2.317959249999999884e+05 -1.881193000000000026e+01
2.317960000000000000e+05 -1.974532999999999916e+01
2.317960749999999825e+05 -1.971780000000000044e+01
2.317961499999999942e+05 -2.410360999999999976e+01
2.317962250000000058e+05 -2.337631999999999977e+01
2.317962999999999884e+05 -2.098072000000000159e+01
2.317963750000000000e+05 -2.065738999999999947e+01
2.317964499999999825e+05 -2.161968999999999852e+01
2.317965249999999942e+05 -1.918911999999999907e+01
2.317966000000000058e+05 -2.181928999999999874e+01
2.317966749999999884e+05 -2.061993999999999971e+01
2.317967500000000000e+05 -2.175705999999999918e+01
2.317968249999999825e+05 -2.338993999999999929e+01
2.317968999999999942e+05 -1.825958999999999932e+01
2.317969750000000058e+05 -2.085281000000000162e+01
2.317970499999999884e+05 -1.924322000000000088e+01
2.317971250000000000e+05 -2.223376999999999981e+01
2.317971999999999825e+05 -2.035312000000000054e+01
2.317972749999999942e+05 -2.075028000000000006e+01
2.317973500000000058e+05 -1.814204000000000150e+01
2.317974249999999884e+05 -2.280142000000000024e+01
2.317975000000000000e+05 -1.995391000000000048e+01
2.317975749999999825e+05 -2.137123000000000062e+01
2.317976499999999942e+05 -1.916936000000000107e+01
2.317977250000000058e+05 -1.967448999999999870e+01
2.317977999999999884e+05 -1.824589999999999890e+01
2.317978750000000000e+05 -1.834992000000000090e+01
2.317979499999999825e+05 -1.871387999999999963e+01
2.317980249999999942e+05 -2.494764999999999944e+01
2.317981000000000058e+05 -1.856643000000000043e+01
2.317981749999999884e+05 -2.341557999999999851e+01
2.317982500000000000e+05 -1.841528999999999883e+01
2.317983249999999825e+05 -2.315190000000000126e+01
2.317983999999999942e+05 -1.890063999999999922e+01
2.317984750000000058e+05 -2.001466999999999885e+01
2.317985499999999884e+05 -1.863898999999999972e+01
2.317986250000000000e+05 -2.001744000000000057e+01
2.317986999999999825e+05 -2.335955999999999833e+01
2.317987749999999942e+05 -2.009927000000000064e+01
2.317988500000000058e+05 -1.822937999999999903e+01
2.317989249999999884e+05 -1.932601999999999975e+01
2.317990000000000000e+05 -1.813644000000000034e+01
2.317990749999999825e+05 -2.387175999999999831e+01
2.317991499999999942e+05 -1.920785000000000053e+01
2.317992250000000058e+05 -2.068935000000000102e+01
2.317992999999999884e+05 -2.030377000000000010e+01
2.317993750000000000e+05 -1.994663999999999859e+01
2.317994499999999825e+05 -1.829135000000000133e+01
2.317995249999999942e+05 -2.012415000000000020e+01
2.317996000000000058e+05 -2.077431999999999945e+01
2.317996749999999884e+05 -1.722469999999999857e+01
2.317997500000000000e+05 -2.057347000000000037e+01
2.317998249999999825e+05 -2.294154999999999944e+01
2.317998999999999942e+05 -1.953471000000000046e+01
2.317999750000000058e+05 -1.734274999999999878e+01
2.318000499999999884e+05 -1.906393999999999878e+01
2.318001250000000000e+05 -1.975195000000000078e+01
2.318001999999999825e+05 -1.738072999999999979e+01
2.318002749999999942e+05 -2.162249999999999872e+01
2.318003500000000058e+05 -1.979869000000000057e+01
2.318004249999999884e+05 -2.001829999999999998e+01
2.318005000000000000e+05 -1.969124000000000052e+01
2.318005749999999825e+05 -1.920898000000000039e+01
2.318006499999999942e+05 -2.128810999999999964e+01
2.318007250000000058e+05 -1.915551999999999921e+01
2.318007999999999884e+05 -2.158808000000000149e+01
2.318008750000000000e+05 -2.000566999999999851e+01
2.318009499999999825e+05 -1.782545000000000002e+01
2.318010249999999942e+05 -2.057928000000000068e+01
2.318011000000000058e+05 -2.155777000000000143e+01
2.318011749999999884e+05 -1.987863000000000113e+01
2.318012500000000000e+05 -1.829120999999999952e+01
2.318013249999999825e+05 -1.948883999999999972e+01
2.318013999999999942e+05 -1.957561000000000107e+01
2.318014750000000058e+05 -1.833712999999999838e+01
2.318015499999999884e+05 -2.079497999999999891e+01
2.318016250000000000e+05 -1.985436999999999941e+01
2.318016999999999825e+05 -2.137355000000000160e+01
2.318017749999999942e+05 -1.982239999999999824e+01
2.318018500000000058e+05 -2.057827999999999946e+01
2.318019249999999884e+05 -1.927980000000000160e+01
2.318020000000000000e+05 -1.955623999999999896e+01
2.318020749999999825e+05 -2.000583999999999918e+01
2.318021499999999942e+05 -1.883219000000000065e+01
2.318022250000000058e+05 -1.884665999999999997e+01
2.318022999999999884e+05 -1.871254000000000062e+01
2.318023750000000000e+05 -1.849362999999999957e+01
2.318024499999999825e+05 -1.938437000000000054e+01
2.318025249999999942e+05 -1.993299000000000021e+01
2.318026000000000058e+05 -2.111344000000000065e+01
2.318026749999999884e+05 -2.016779999999999973e+01
2.318027500000000000e+05 -1.728754999999999953e+01
2.318028249999999825e+05 -1.967218000000000089e+01
2.318028999999999942e+05 -2.133993999999999858e+01
2.318029750000000058e+05 -1.695813000000000059e+01
2.318030499999999884e+05 -1.950221000000000160e+01
2.318031250000000000e+05 -1.879375999999999891e+01
2.318031999999999825e+05 -1.745055999999999941e+01
2.318032749999999942e+05 -1.801167999999999836e+01
