# Temperature: None K
2.318516499999999942e+05 -2.246171999999999969e+01
2.318517250000000058e+05 -2.111272999999999911e+01
2.318517999999999884e+05 -1.973442999999999969e+01
2.318518750000000000e+05 -1.876745000000000019e+01
2.318519499999999825e+05 -1.706122999999999834e+01
2.318520249999999942e+05 -2.538126000000000104e+01
2.318521000000000058e+05 -2.196208999999999989e+01
2.318521749999999884e+05 -1.986886000000000152e+01
2.318522500000000000e+05 -2.080301000000000045e+01
2.318523249999999825e+05 -1.946540999999999855e+01
2.318523999999999942e+05 -2.100294999999999845e+01
2.318524750000000058e+05 -2.445956999999999937e+01
2.318525499999999884e+05 -1.912733000000000061e+01
2.318526250000000000e+05 -1.785254000000000119e+01
2.318526999999999825e+05 -1.877729000000000070e+01
2.318527749999999942e+05 -1.936846999999999852e+01
2.318528500000000058e+05 -1.872293000000000163e+01
2.318529249999999884e+05 -1.798222000000000165e+01
2.318530000000000000e+05 -1.734512000000000143e+01
2.318530749999999825e+05 -2.133573000000000164e+01
2.318531499999999942e+05 -1.991828999999999894e+01
2.318532250000000058e+05 -1.846114999999999995e+01
2.318532999999999884e+05 -1.767442000000000135e+01
2.318533750000000000e+05 -2.001992999999999867e+01
2.318534499999999825e+05 -2.342228000000000065e+01
2.318535249999999942e+05 -1.997775999999999996e+01
2.318536000000000058e+05 -2.073532000000000153e+01
2.318536749999999884e+05 -2.195554999999999879e+01
2.318537500000000000e+05 -1.856041000000000096e+01
2.318538249999999825e+05 -1.831090999999999980e+01
2.318538999999999942e+05 -2.049251999999999896e+01
2.318539750000000058e+05 -2.108017999999999859e+01
2.318540499999999884e+05 -2.186107000000000156e+01
2.318541250000000000e+05 -1.770970000000000155e+01
2.318541999999999825e+05 -1.790977000000000174e+01
2.318542749999999942e+05 -2.317735000000000056e+01
2.318543500000000058e+05 -1.778558999999999912e+01
2.318544249999999884e+05 -1.886714999999999876e+01
2.318545000000000000e+05 -1.981398000000000081e+01
2.318545749999999825e+05 -1.856215999999999866e+01
2.318546499999999942e+05 -2.062263000000000090e+01
2.318547250000000058e+05 -1.966491999999999862e+01
2.318547999999999884e+05 -1.806220000000000070e+01
2.318548750000000000e+05 -2.143646999999999991e+01
2.318549499999999825e+05 -1.856083999999999889e+01
2.318550249999999942e+05 -1.981150999999999840e+01
2.318551000000000058e+05 -2.012486000000000175e+01
2.318551749999999884e+05 -1.830947000000000102e+01
2.318552500000000000e+05 -1.653453000000000017e+01
2.318553249999999825e+05 -2.405281000000000091e+01
2.318553999999999942e+05 -1.907260000000000133e+01
2.318554750000000058e+05 -1.980678999999999945e+01
2.318555499999999884e+05 -1.937104000000000070e+01
2.318556250000000000e+05 -1.748058999999999941e+01
2.318556999999999825e+05 -1.833588999999999913e+01
2.318557749999999942e+05 -1.959669999999999845e+01
2.318558500000000058e+05 -1.895139999999999958e+01
2.318559249999999884e+05 -1.974335999999999913e+01
2.318560000000000000e+05 -2.064301000000000030e+01
2.318560749999999825e+05 -1.944575000000000031e+01
2.318561499999999942e+05 -1.729650000000000176e+01
2.318562250000000058e+05 -2.045531000000000077e+01
2.318562999999999884e+05 -1.861090000000000089e+01
2.318563750000000000e+05 -1.808688000000000073e+01
2.318564499999999825e+05 -2.336242000000000019e+01
2.318565249999999942e+05 -2.123558999999999841e+01
2.318566000000000058e+05 -1.911516999999999911e+01
2.318566749999999884e+05 -1.744259999999999877e+01
2.318567500000000000e+05 -1.859373000000000076e+01
2.318568249999999825e+05 -1.640463000000000093e+01
2.318568999999999942e+05 -1.938407000000000124e+01
2.318569750000000058e+05 -1.736672000000000082e+01
2.318570499999999884e+05 -2.040643999999999991e+01
2.318571250000000000e+05 -1.716805000000000092e+01
2.318571999999999825e+05 -2.033279999999999887e+01
2.318572749999999942e+05 -1.858480000000000132e+01
2.318573500000000058e+05 -1.765655999999999892e+01
2.318574249999999884e+05 -1.863241000000000014e+01
2.318575000000000000e+05 -1.780375000000000085e+01
2.318575749999999825e+05 -1.796959000000000017e+01
2.318576499999999942e+05 -1.716932999999999865e+01
2.318577250000000058e+05 -1.849621000000000137e+01
2.318577999999999884e+05 -1.852683000000000035e+01
2.318578750000000000e+05 -2.128171999999999997e+01
2.318579499999999825e+05 -2.113712999999999909e+01
2.318580249999999942e+05 -1.838529000000000124e+01
2.318581000000000058e+05 -1.717491000000000057e+01
2.318581749999999884e+05 -2.028369000000000000e+01
2.318582500000000000e+05 -1.785549999999999926e+01
2.318583249999999825e+05 -1.884371000000000151e+01
2.318583999999999942e+05 -2.002455000000000140e+01
2.318584750000000058e+05 -1.842907999999999902e+01
2.318585499999999884e+05 -2.073368999999999929e+01
2.318586250000000000e+05 -2.165383999999999887e+01
2.318586999999999825e+05 -1.946317000000000164e+01
2.318587749999999942e+05 -1.830763999999999925e+01
2.318588500000000058e+05 -1.855676000000000059e+01
2.318589249999999884e+05 -1.879176000000000002e+01
2.318590000000000000e+05 -1.961217999999999861e+01
2.318590749999999825e+05 -1.764975000000000094e+01
2.318591499999999942e+05 -1.850616000000000128e+01
2.318592250000000058e+05 -2.065668000000000148e+01
2.318592999999999884e+05 -1.858326999999999884e+01
2.318593750000000000e+05 -1.607293999999999912e+01
2.318594499999999825e+05 -1.824991999999999948e+01
2.318595249999999942e+05 -1.821575999999999951e+01
2.318596000000000058e+05 -1.857232000000000127e+01
2.318596749999999884e+05 -1.791494000000000142e+01
2.318597500000000000e+05 -1.778554000000000102e+01
2.318598249999999825e+05 -1.901518000000000086e+01
2.318598999999999942e+05 -1.749680999999999997e+01
2.318599750000000058e+05 -1.949405000000000143e+01
2.318600499999999884e+05 -1.858064999999999856e+01
2.318601250000000000e+05 -1.696383000000000152e+01
2.318601999999999825e+05 -1.681700000000000017e+01
2.318602749999999942e+05 -1.719575000000000031e+01
2.318603500000000058e+05 -1.788316999999999979e+01
2.318604249999999884e+05 -1.758329000000000164e+01
2.318605000000000000e+05 -1.948290000000000077e+01
2.318605749999999825e+05 -1.732889000000000124e+01
2.318606499999999942e+05 -1.773654000000000153e+01
2.318607250000000058e+05 -1.707007000000000119e+01
2.318607999999999884e+05 -1.709637999999999991e+01
2.318608750000000000e+05 -1.715190000000000126e+01
2.318609499999999825e+05 -1.729040000000000177e+01
2.318610249999999942e+05 -1.644563000000000130e+01
2.318611000000000058e+05 -1.776368000000000080e+01
2.318611749999999884e+05 -1.610560999999999865e+01
2.318612500000000000e+05 -1.580649000000000015e+01
2.318613249999999825e+05 -1.698676000000000030e+01
2.318613999999999942e+05 -1.841331999999999880e+01
2.318614750000000058e+05 -1.690780000000000172e+01
2.318615499999999884e+05 -1.650222000000000122e+01
2.318616250000000000e+05 -1.702466000000000079e+01
2.318616999999999825e+05 -1.780402000000000129e+01
2.318617749999999942e+05 -1.891844000000000037e+01
2.318618500000000058e+05 -1.884230000000000160e+01
2.318619249999999884e+05 -1.549745000000000061e+01
2.318620000000000000e+05 -1.600516000000000005e+01
2.318620749999999825e+05 -1.647391999999999967e+01
2.318621499999999942e+05 -1.835212999999999894e+01
2.318622250000000058e+05 -1.781090000000000018e+01
2.318622999999999884e+05 -1.547239000000000075e+01
2.318623750000000000e+05 -1.477419000000000082e+01
2.318624499999999825e+05 -1.655281000000000091e+01
2.318625249999999942e+05 -1.755245000000000033e+01
2.318626000000000058e+05 -1.432352000000000025e+01
2.318626749999999884e+05 -1.671200999999999937e+01
2.318627500000000000e+05 -1.623833000000000126e+01
2.318628249999999825e+05 -1.615272999999999826e+01
2.318628999999999942e+05 -1.581672000000000011e+01
2.318629750000000058e+05 -1.595841000000000065e+01
2.318630499999999884e+05 -1.514719000000000015e+01
2.318631250000000000e+05 -1.577180000000000071e+01
2.318631999999999825e+05 -1.533764000000000038e+01
2.318632749999999942e+05 -1.460927000000000042e+01
2.318633500000000058e+05 -1.454560999999999993e+01
2.318634249999999884e+05 -1.510511999999999944e+01
2.318635000000000000e+05 -1.433540999999999954e+01
2.318635749999999825e+05 -1.514795999999999943e+01
2.318636499999999942e+05 -1.465748999999999924e+01
2.318637250000000058e+05 -1.463052000000000064e+01
2.318637999999999884e+05 -1.361734000000000044e+01
2.318638750000000000e+05 -1.289974999999999916e+01
2.318639499999999825e+05 -1.415208999999999939e+01
2.318640249999999942e+05 -1.349191000000000074e+01
2.318641000000000058e+05 -1.380662000000000056e+01
2.318641749999999884e+05 -1.430624000000000073e+01
2.318642500000000000e+05 -1.353781000000000034e+01
2.318643249999999825e+05 -1.307746000000000031e+01
2.318643999999999942e+05 -1.171368999999999971e+01
2.318644750000000058e+05 -1.242300000000000004e+01
2.318645499999999884e+05 -1.244771000000000072e+01
2.318646250000000000e+05 -1.049376999999999960e+01
2.318646999999999825e+05 -1.272897000000000034e+01
2.318647749999999942e+05 -1.130226000000000042e+01
2.318648500000000058e+05 -1.009214000000000055e+01
2.318649249999999884e+05 -1.084802999999999962e+01
2.318650000000000000e+05 -9.960686000000000817e+00
2.318650749999999825e+05 -1.011072000000000060e+01
2.318651499999999942e+05 -9.245006000000000057e+00
2.318652250000000058e+05 -9.197907999999999973e+00
2.318652999999999884e+05 -8.599394999999999456e+00
2.318653750000000000e+05 -8.313076000000000576e+00
2.318654499999999825e+05 -6.987896000000000107e+00
2.318655249999999942e+05 -7.287346999999999575e+00
2.318656000000000058e+05 -6.239943000000000239e+00
2.318656749999999884e+05 -5.652509000000000228e+00
2.318657500000000000e+05 -5.058481999999999701e+00
2.318658249999999825e+05 -5.005475999999999814e+00
2.318658999999999942e+05 -3.768405000000000005e+00
2.318659750000000058e+05 -3.744222000000000161e+00
2.318660499999999884e+05 -2.515807000000000127e+00
2.318661250000000000e+05 -2.493469000000000158e+00
2.318661999999999825e+05 -1.685343999999999953e+00
2.318662749999999942e+05 -1.226622000000000101e+00
2.318663500000000058e+05 -7.032821999999999685e-01
2.318664249999999884e+05 2.333912999999999960e-02
2.318665000000000000e+05 8.404597999999999791e-01
2.318665749999999825e+05 8.531564000000000370e-01
2.318666499999999942e+05 1.678787999999999947e+00
2.318667250000000058e+05 2.062701999999999813e+00
2.318667999999999884e+05 2.323595000000000077e+00
2.318668750000000000e+05 2.418502000000000152e+00
2.318669499999999825e+05 2.683638000000000190e+00
2.318670249999999942e+05 2.427229000000000081e+00
2.318671000000000058e+05 2.217197999999999780e+00
2.318671749999999884e+05 1.986992000000000091e+00
2.318672500000000000e+05 1.670476000000000072e+00
2.318673249999999825e+05 9.887945999999999680e-01
2.318673999999999942e+05 3.247074999999999823e-01
2.318674750000000058e+05 -5.378686999999999774e-01
2.318675499999999884e+05 -7.755678000000000294e-01
2.318676250000000000e+05 -1.319642999999999899e+00
2.318676999999999825e+05 -1.074764000000000053e+00
2.318677749999999942e+05 -6.552095999999999476e-01
2.318678500000000058e+05 -5.402078999999999631e-01
2.318679249999999884e+05 -6.662358999999999920e-01
2.318680000000000000e+05 -5.722507000000000010e-01
2.318680749999999825e+05 -1.060742000000000074e+00
2.318681499999999942e+05 -1.434973000000000054e+00
2.318682250000000058e+05 -2.059682000000000013e+00
2.318682999999999884e+05 -2.696553999999999895e+00
2.318683750000000000e+05 -2.398565000000000058e+00
2.318684499999999825e+05 -2.446324999999999861e+00
2.318685249999999942e+05 -2.248301999999999801e+00
2.318686000000000058e+05 -2.244901000000000035e+00
2.318686749999999884e+05 -2.470399000000000012e+00
2.318687500000000000e+05 -3.107730999999999799e+00
2.318688249999999825e+05 -3.601173000000000179e+00
2.318688999999999942e+05 -3.891535000000000188e+00
2.318689750000000058e+05 -3.549418999999999880e+00
2.318690499999999884e+05 -3.277794000000000096e+00
2.318691250000000000e+05 -3.719625000000000181e+00
2.318691999999999825e+05 -4.088371999999999673e+00
2.318692749999999942e+05 -4.719942999999999778e+00
2.318693500000000058e+05 -5.212607000000000212e+00
2.318694249999999884e+05 -4.723060000000000258e+00
2.318695000000000000e+05 -4.467144000000000226e+00
2.318695749999999825e+05 -4.834381999999999735e+00
2.318696499999999942e+05 -5.088028999999999691e+00
2.318697250000000058e+05 -5.953967999999999705e+00
2.318697999999999884e+05 -6.242875999999999870e+00
2.318698750000000000e+05 -5.915305000000000035e+00
2.318699499999999825e+05 -5.225427999999999962e+00
2.318700249999999942e+05 -6.292635999999999896e+00
2.318701000000000058e+05 -7.014955999999999747e+00
2.318701749999999884e+05 -6.636175999999999853e+00
2.318702500000000000e+05 -6.663399000000000072e+00
2.318703249999999825e+05 -7.057629999999999626e+00
2.318703999999999942e+05 -7.397006000000000192e+00
2.318704750000000058e+05 -7.696704000000000434e+00
2.318705499999999884e+05 -7.396913999999999767e+00
2.318706250000000000e+05 -7.477767000000000053e+00
2.318706999999999825e+05 -8.631947999999999510e+00
2.318707749999999942e+05 -9.481208999999999776e+00
2.318708500000000058e+05 -8.307202000000000197e+00
2.318709249999999884e+05 -9.039716000000000307e+00
2.318710000000000000e+05 -9.121897999999999840e+00
2.318710749999999825e+05 -9.355501000000000289e+00
2.318711499999999942e+05 -7.997090000000000032e+00
2.318712250000000058e+05 -9.713858999999999355e+00
2.318712999999999884e+05 -9.844554999999999723e+00
2.318713750000000000e+05 -9.602774999999999395e+00
2.318714499999999825e+05 -8.568837999999999511e+00
2.318715249999999942e+05 -1.122030999999999956e+01
2.318716000000000058e+05 -1.066137999999999941e+01
2.318716749999999884e+05 -9.508328999999999809e+00
2.318717500000000000e+05 -1.166310999999999964e+01
2.318718249999999825e+05 -1.046306000000000047e+01
2.318718999999999942e+05 -9.693153000000000574e+00
2.318719750000000058e+05 -1.254020000000000046e+01
2.318720499999999884e+05 -1.034198999999999913e+01
2.318721250000000000e+05 -1.069969000000000037e+01
2.318721999999999825e+05 -1.238269999999999982e+01
2.318722749999999942e+05 -1.132628000000000057e+01
2.318723500000000058e+05 -1.229584999999999972e+01
2.318724249999999884e+05 -1.536585999999999963e+01
2.318725000000000000e+05 -1.240460000000000029e+01
2.318725749999999825e+05 -1.322202000000000055e+01
2.318726499999999942e+05 -1.344881999999999955e+01
2.318727250000000058e+05 -1.157844000000000051e+01
2.318727999999999884e+05 -1.537993999999999950e+01
2.318728750000000000e+05 -1.292540999999999940e+01
2.318729499999999825e+05 -1.335263999999999918e+01
2.318730249999999942e+05 -1.613676999999999850e+01
2.318731000000000058e+05 -1.323687999999999931e+01
2.318731749999999884e+05 -1.688642000000000110e+01
2.318732500000000000e+05 -1.330733000000000033e+01
2.318733249999999825e+05 -1.397450000000000081e+01
2.318733999999999942e+05 -1.595831000000000088e+01
2.318734750000000058e+05 -1.349122999999999983e+01
2.318735499999999884e+05 -1.650647999999999982e+01
2.318736250000000000e+05 -1.435534999999999961e+01
2.318736999999999825e+05 -1.532454000000000072e+01
2.318737749999999942e+05 -1.475127999999999950e+01
2.318738500000000058e+05 -1.492675999999999981e+01
2.318739249999999884e+05 -1.636065999999999931e+01
2.318740000000000000e+05 -1.468593000000000082e+01
2.318740749999999825e+05 -2.001398000000000010e+01
2.318741499999999942e+05 -1.377283000000000079e+01
2.318742250000000058e+05 -1.867521999999999949e+01
2.318742999999999884e+05 -1.427793999999999919e+01
2.318743750000000000e+05 -2.415637999999999863e+01
2.318744499999999825e+05 -1.453523000000000032e+01
2.318745249999999942e+05 -1.779247000000000156e+01
2.318746000000000058e+05 -1.536523000000000039e+01
2.318746749999999884e+05 -2.070570999999999984e+01
2.318747500000000000e+05 -1.741992000000000118e+01
2.318748249999999825e+05 -2.006043000000000021e+01
2.318748999999999942e+05 -1.592112999999999978e+01
2.318749750000000058e+05 -2.375093999999999994e+01
2.318750499999999884e+05 -1.693234999999999957e+01
2.318751250000000000e+05 -2.584284999999999854e+01
2.318751999999999825e+05 -1.551575000000000060e+01
2.318752749999999942e+05 -2.304626999999999981e+01
2.318753500000000058e+05 -1.515887000000000029e+01
2.318754249999999884e+05 -2.382611999999999952e+01
2.318755000000000000e+05 -1.491914000000000051e+01
2.318755749999999825e+05 -2.036227999999999838e+01
2.318756499999999942e+05 -1.723101000000000127e+01
2.318757250000000058e+05 -2.059817999999999927e+01
2.318757999999999884e+05 -2.034230000000000160e+01
2.318758750000000000e+05 -1.791146000000000171e+01
2.318759499999999825e+05 -2.472830000000000084e+01
2.318760249999999942e+05 -1.755375000000000085e+01
2.318761000000000058e+05 -3.315357999999999805e+01
2.318761749999999884e+05 -2.060240999999999900e+01
2.318762500000000000e+05 -1.784722999999999971e+01
2.318763249999999825e+05 -2.359019999999999939e+01
2.318763999999999942e+05 -1.729968999999999824e+01
2.318764750000000058e+05 -2.559543999999999997e+01
2.318765499999999884e+05 -1.700713999999999970e+01
2.318766250000000000e+05 -2.491640999999999906e+01
2.318766999999999825e+05 -2.203328000000000131e+01
2.318767749999999942e+05 -1.953224000000000160e+01
2.318768500000000058e+05 -3.250614999999999810e+01
2.318769249999999884e+05 -1.787915999999999883e+01
2.318770000000000000e+05 -1.921856000000000009e+01
2.318770749999999825e+05 -3.186757000000000062e+01
2.318771499999999942e+05 -2.029029999999999845e+01
2.318772250000000058e+05 -2.583636999999999873e+01
2.318772999999999884e+05 -2.537217000000000056e+01
2.318773750000000000e+05 -1.948877999999999844e+01
2.318774499999999825e+05 -2.603816000000000130e+01
2.318775249999999942e+05 -2.349802000000000035e+01
2.318776000000000058e+05 -2.102856999999999843e+01
2.318776749999999884e+05 -2.565699000000000041e+01
2.318777500000000000e+05 -2.687911000000000072e+01
2.318778249999999825e+05 -1.964311999999999969e+01
2.318778999999999942e+05 -2.564814000000000149e+01
2.318779750000000058e+05 -2.725093000000000032e+01
2.318780499999999884e+05 -1.943434999999999846e+01
2.318781250000000000e+05 -2.172187999999999874e+01
2.318781999999999825e+05 -4.932144000000000261e+01
2.318782749999999942e+05 -1.934031999999999840e+01
2.318783500000000058e+05 -1.818994000000000000e+01
2.318784249999999884e+05 -2.540494999999999948e+01
2.318785000000000000e+05 -2.029840000000000089e+01
2.318785749999999825e+05 -1.997894000000000148e+01
2.318786499999999942e+05 -2.783729999999999905e+01
2.318787250000000058e+05 -2.940427000000000035e+01
2.318787999999999884e+05 -2.495488999999999891e+01
2.318788750000000000e+05 -2.009119000000000099e+01
2.318789499999999825e+05 -3.810072000000000259e+01
2.318790249999999942e+05 -2.390703999999999851e+01
2.318791000000000058e+05 -1.934167000000000058e+01
2.318791749999999884e+05 -2.150410000000000110e+01
2.318792500000000000e+05 -2.795845999999999876e+01
2.318793249999999825e+05 -2.360485999999999862e+01
2.318793999999999942e+05 -2.162390999999999863e+01
2.318794750000000058e+05 -1.998580000000000112e+01
2.318795499999999884e+05 -2.646837999999999980e+01
2.318796250000000000e+05 -3.153100999999999843e+01
2.318796999999999825e+05 -2.236399000000000115e+01
2.318797749999999942e+05 -2.067662999999999940e+01
2.318798500000000058e+05 -1.967614000000000019e+01
2.318799249999999884e+05 -2.972682000000000002e+01
2.318800000000000000e+05 -3.222015999999999991e+01
2.318800749999999825e+05 -2.216268000000000171e+01
2.318801499999999942e+05 -2.037778000000000134e+01
2.318802250000000058e+05 -2.186148000000000025e+01
2.318802999999999884e+05 -2.807507000000000019e+01
2.318803750000000000e+05 -2.481663999999999959e+01
2.318804499999999825e+05 -2.391589000000000098e+01
2.318805249999999942e+05 -2.157642999999999844e+01
2.318806000000000058e+05 -2.055752999999999986e+01
2.318806749999999884e+05 -2.200406999999999869e+01
2.318807500000000000e+05 -2.679872999999999905e+01
2.318808249999999825e+05 -2.709457000000000093e+01
2.318808999999999942e+05 -2.252317000000000036e+01
2.318809750000000058e+05 -2.247158999999999907e+01
2.318810499999999884e+05 -2.449034999999999940e+01
2.318811250000000000e+05 -2.152334000000000103e+01
2.318811999999999825e+05 -2.002018999999999949e+01
2.318812749999999942e+05 -2.562789000000000073e+01
2.318813500000000058e+05 -2.601989000000000019e+01
2.318814249999999884e+05 -2.700890000000000057e+01
2.318815000000000000e+05 -2.574531999999999954e+01
2.318815749999999825e+05 -2.624567000000000050e+01
2.318816499999999942e+05 -2.241402000000000072e+01
