# Temperature: None K
2.318086000000000058e+05 -2.049705000000000155e+01
2.318086750000000175e+05 -2.682971999999999824e+01
2.318087500000000000e+05 -2.220193000000000083e+01
2.318088250000000116e+05 -1.936740999999999957e+01
2.318088999999999942e+05 -1.675737000000000165e+01
2.318089750000000058e+05 -1.940453000000000117e+01
2.318090500000000175e+05 -2.069888999999999868e+01
2.318091250000000000e+05 -2.027877000000000152e+01
2.318092000000000116e+05 -2.071294999999999931e+01
2.318092749999999942e+05 -1.975358999999999909e+01
2.318093500000000058e+05 -1.765440999999999860e+01
2.318094250000000175e+05 -2.032337000000000060e+01
2.318095000000000000e+05 -2.373808999999999969e+01
2.318095750000000116e+05 -2.147068000000000154e+01
2.318096499999999942e+05 -1.818673000000000073e+01
2.318097250000000058e+05 -1.856791000000000125e+01
2.318098000000000175e+05 -1.939271000000000100e+01
2.318098750000000000e+05 -2.144504999999999839e+01
2.318099500000000116e+05 -1.981663999999999959e+01
2.318100249999999942e+05 -1.681493000000000038e+01
2.318101000000000058e+05 -2.028262000000000143e+01
2.318101750000000175e+05 -2.035743000000000080e+01
2.318102500000000000e+05 -2.068844999999999956e+01
2.318103250000000116e+05 -1.811692999999999998e+01
2.318103999999999942e+05 -1.808182000000000045e+01
2.318104750000000058e+05 -1.911817999999999884e+01
2.318105500000000175e+05 -2.186549000000000120e+01
2.318106250000000000e+05 -1.934926000000000101e+01
2.318107000000000116e+05 -2.314523000000000152e+01
2.318107749999999942e+05 -2.107824000000000098e+01
2.318108500000000058e+05 -1.747168999999999883e+01
2.318109250000000175e+05 -2.004617999999999967e+01
2.318110000000000000e+05 -1.971540999999999855e+01
2.318110750000000116e+05 -2.086738000000000071e+01
2.318111499999999942e+05 -1.775010999999999939e+01
2.318112250000000058e+05 -1.728428999999999860e+01
2.318113000000000175e+05 -2.053532999999999831e+01
2.318113750000000000e+05 -1.720638999999999896e+01
2.318114500000000116e+05 -1.874436000000000035e+01
2.318115249999999942e+05 -1.999523999999999901e+01
2.318116000000000058e+05 -1.859608000000000061e+01
2.318116750000000175e+05 -1.980845000000000056e+01
2.318117500000000000e+05 -2.097625000000000028e+01
2.318118250000000116e+05 -2.183417999999999992e+01
2.318118999999999942e+05 -1.813401999999999958e+01
2.318119750000000058e+05 -2.001632000000000033e+01
2.318120500000000175e+05 -1.745654000000000039e+01
2.318121250000000000e+05 -1.888260000000000005e+01
2.318122000000000116e+05 -2.004579000000000022e+01
2.318122749999999942e+05 -2.072995999999999839e+01
2.318123500000000058e+05 -1.798506000000000071e+01
2.318124250000000175e+05 -1.919532999999999845e+01
2.318125000000000000e+05 -1.810011000000000081e+01
2.318125750000000116e+05 -2.511967999999999890e+01
2.318126499999999942e+05 -1.684065999999999974e+01
2.318127250000000058e+05 -1.979319999999999879e+01
2.318128000000000175e+05 -1.938497999999999877e+01
2.318128750000000000e+05 -1.797972999999999999e+01
2.318129500000000116e+05 -1.708651000000000053e+01
2.318130249999999942e+05 -1.821462000000000003e+01
2.318131000000000058e+05 -1.763163000000000125e+01
2.318131750000000175e+05 -1.980897999999999826e+01
2.318132500000000000e+05 -1.834954000000000107e+01
2.318133250000000116e+05 -2.061511000000000138e+01
2.318133999999999942e+05 -1.856750999999999863e+01
2.318134750000000058e+05 -1.870307999999999993e+01
2.318135500000000175e+05 -1.759344000000000108e+01
2.318136250000000000e+05 -1.957076999999999956e+01
2.318137000000000116e+05 -1.883145000000000024e+01
2.318137749999999942e+05 -1.781755000000000067e+01
2.318138500000000058e+05 -1.977571000000000012e+01
2.318139250000000175e+05 -1.920523999999999987e+01
2.318140000000000000e+05 -1.944606999999999886e+01
2.318140750000000116e+05 -1.763051000000000101e+01
2.318141499999999942e+05 -1.774378000000000100e+01
2.318142250000000058e+05 -1.833890999999999849e+01
2.318143000000000175e+05 -2.016641999999999868e+01
2.318143750000000000e+05 -1.821658000000000044e+01
2.318144500000000116e+05 -1.874389000000000038e+01
2.318145249999999942e+05 -1.841322999999999865e+01
2.318146000000000058e+05 -1.944098999999999933e+01
2.318146750000000175e+05 -2.184187999999999974e+01
2.318147500000000000e+05 -1.874483000000000033e+01
2.318148250000000116e+05 -1.608632000000000062e+01
2.318148999999999942e+05 -1.864415999999999940e+01
2.318149750000000058e+05 -1.860491999999999990e+01
2.318150500000000175e+05 -1.973464999999999847e+01
2.318151250000000000e+05 -2.155167000000000144e+01
2.318152000000000116e+05 -2.028522999999999854e+01
2.318152749999999942e+05 -1.994999999999999929e+01
2.318153500000000058e+05 -1.900073000000000079e+01
2.318154250000000175e+05 -1.612787000000000148e+01
2.318155000000000000e+05 -2.069938000000000144e+01
2.318155750000000116e+05 -1.947625999999999991e+01
2.318156499999999942e+05 -1.704606000000000066e+01
2.318157250000000058e+05 -1.888186999999999927e+01
2.318158000000000175e+05 -1.876642000000000010e+01
2.318158750000000000e+05 -1.939689999999999870e+01
2.318159500000000116e+05 -1.853839999999999932e+01
2.318160249999999942e+05 -1.784022999999999826e+01
2.318161000000000058e+05 -1.551683000000000057e+01
2.318161750000000175e+05 -1.755547999999999931e+01
2.318162500000000000e+05 -1.916629000000000005e+01
2.318163250000000116e+05 -1.791252000000000066e+01
2.318163999999999942e+05 -1.831989000000000090e+01
2.318164750000000058e+05 -1.846509000000000000e+01
2.318165500000000175e+05 -1.953697999999999979e+01
2.318166250000000000e+05 -1.896462000000000003e+01
2.318167000000000116e+05 -1.746995000000000076e+01
2.318167749999999942e+05 -1.846000000000000085e+01
2.318168500000000058e+05 -1.812056000000000111e+01
2.318169250000000175e+05 -1.809172999999999831e+01
2.318170000000000000e+05 -1.815921000000000163e+01
2.318170750000000116e+05 -1.731316999999999950e+01
2.318171499999999942e+05 -2.075527999999999906e+01
2.318172250000000058e+05 -1.807373000000000118e+01
2.318173000000000175e+05 -2.125753999999999877e+01
2.318173750000000000e+05 -1.704418000000000077e+01
2.318174500000000116e+05 -1.694352999999999909e+01
2.318175249999999942e+05 -1.697673999999999950e+01
2.318176000000000058e+05 -1.758620000000000161e+01
2.318176750000000175e+05 -1.743427000000000149e+01
2.318177500000000000e+05 -1.838395999999999830e+01
2.318178250000000116e+05 -1.787006999999999834e+01
2.318178999999999942e+05 -1.539375000000000071e+01
2.318179750000000058e+05 -1.976614999999999966e+01
2.318180500000000175e+05 -1.731285000000000096e+01
2.318181250000000000e+05 -1.675061000000000178e+01
2.318182000000000116e+05 -1.645392000000000010e+01
2.318182749999999942e+05 -1.911596000000000117e+01
2.318183500000000058e+05 -1.614463999999999899e+01
2.318184250000000175e+05 -1.700297000000000125e+01
2.318185000000000000e+05 -1.796400999999999826e+01
2.318185750000000116e+05 -1.854178999999999888e+01
2.318186499999999942e+05 -1.604445000000000121e+01
2.318187250000000058e+05 -1.604801000000000144e+01
2.318188000000000175e+05 -1.761863999999999919e+01
2.318188750000000000e+05 -1.578116999999999948e+01
2.318189500000000116e+05 -1.679324000000000083e+01
2.318190249999999942e+05 -1.796688999999999936e+01
2.318191000000000058e+05 -1.632767000000000124e+01
2.318191750000000175e+05 -1.588029000000000046e+01
2.318192500000000000e+05 -1.721962999999999866e+01
2.318193250000000116e+05 -1.683941000000000088e+01
2.318193999999999942e+05 -1.519518000000000058e+01
2.318194750000000058e+05 -1.592802000000000007e+01
2.318195500000000175e+05 -1.569144999999999968e+01
2.318196250000000000e+05 -1.616844000000000037e+01
2.318197000000000116e+05 -1.608771000000000129e+01
2.318197749999999942e+05 -1.569415000000000049e+01
2.318198500000000058e+05 -1.574150000000000027e+01
2.318199250000000175e+05 -1.609478999999999971e+01
2.318200000000000000e+05 -1.587881999999999927e+01
2.318200750000000116e+05 -1.586148999999999987e+01
2.318201499999999942e+05 -1.529883000000000060e+01
2.318202250000000058e+05 -1.544893000000000072e+01
2.318203000000000175e+05 -1.570786999999999978e+01
2.318203750000000000e+05 -1.518398000000000003e+01
2.318204500000000116e+05 -1.411814999999999998e+01
2.318205249999999942e+05 -1.458974000000000082e+01
2.318206000000000058e+05 -1.374371999999999971e+01
2.318206750000000175e+05 -1.489434999999999931e+01
2.318207500000000000e+05 -1.465375000000000050e+01
2.318208250000000116e+05 -1.460664000000000051e+01
2.318208999999999942e+05 -1.518892999999999915e+01
2.318209750000000058e+05 -1.397645999999999944e+01
2.318210500000000175e+05 -1.343642000000000003e+01
2.318211250000000000e+05 -1.241159000000000034e+01
2.318212000000000116e+05 -1.236739000000000033e+01
2.318212749999999942e+05 -1.451885000000000048e+01
2.318213500000000058e+05 -1.357954999999999934e+01
2.318214250000000175e+05 -1.313702999999999932e+01
2.318215000000000000e+05 -1.230371000000000059e+01
2.318215750000000116e+05 -1.231686000000000014e+01
2.318216499999999942e+05 -1.093412999999999968e+01
2.318217250000000058e+05 -1.192026000000000074e+01
2.318218000000000175e+05 -1.201946000000000048e+01
2.318218750000000000e+05 -1.134510000000000041e+01
2.318219500000000116e+05 -1.075615999999999950e+01
2.318220249999999942e+05 -1.084816000000000003e+01
2.318221000000000058e+05 -9.435447999999999169e+00
2.318221750000000175e+05 -9.170284999999999798e+00
2.318222500000000000e+05 -9.107984999999999332e+00
2.318223250000000116e+05 -8.322777000000000314e+00
2.318223999999999942e+05 -8.992082999999999160e+00
2.318224750000000058e+05 -8.286051000000000499e+00
2.318225500000000175e+05 -7.470448000000000199e+00
2.318226250000000000e+05 -6.995040000000000369e+00
2.318227000000000116e+05 -6.240577000000000041e+00
2.318227749999999942e+05 -6.385476999999999848e+00
2.318228500000000058e+05 -5.607044000000000139e+00
2.318229250000000175e+05 -5.054421999999999748e+00
2.318230000000000000e+05 -4.244005999999999723e+00
2.318230750000000116e+05 -3.733515999999999835e+00
2.318231499999999942e+05 -3.075584999999999791e+00
2.318232250000000058e+05 -2.823008000000000184e+00
2.318233000000000175e+05 -2.196470000000000145e+00
2.318233750000000000e+05 -1.523992000000000013e+00
2.318234500000000116e+05 -7.970635999999999832e-01
2.318235249999999942e+05 -3.434841000000000144e-01
2.318236000000000058e+05 1.215661999999999993e-02
2.318236750000000175e+05 4.521886999999999990e-01
2.318237500000000000e+05 1.181666000000000105e+00
2.318238250000000116e+05 1.639570999999999890e+00
2.318238999999999942e+05 1.804291000000000089e+00
2.318239750000000058e+05 1.861196999999999990e+00
2.318240500000000175e+05 1.813466000000000022e+00
2.318241250000000000e+05 1.983095999999999970e+00
2.318242000000000116e+05 1.545285999999999937e+00
2.318242749999999942e+05 1.246513999999999900e+00
2.318243500000000058e+05 5.003821000000000518e-01
2.318244250000000175e+05 -9.594961000000000462e-02
2.318245000000000000e+05 -1.017217999999999956e+00
2.318245750000000116e+05 -1.704582999999999959e+00
2.318246499999999942e+05 -2.388040999999999858e+00
2.318247250000000058e+05 -2.995785999999999838e+00
2.318248000000000175e+05 -3.089344000000000090e+00
2.318248750000000000e+05 -2.199316000000000049e+00
2.318249500000000116e+05 -2.117612999999999968e+00
2.318250249999999942e+05 -1.777422999999999975e+00
2.318251000000000058e+05 -2.218487999999999793e+00
2.318251750000000175e+05 -2.630618000000000123e+00
2.318252500000000000e+05 -3.118717000000000183e+00
2.318253250000000116e+05 -3.969408000000000047e+00
2.318253999999999942e+05 -4.924328000000000038e+00
2.318254750000000058e+05 -4.651449000000000389e+00
2.318255500000000175e+05 -4.307578999999999603e+00
2.318256250000000000e+05 -4.081894000000000133e+00
2.318257000000000116e+05 -4.028588000000000058e+00
2.318257749999999942e+05 -5.021539999999999893e+00
2.318258500000000058e+05 -5.257232000000000127e+00
2.318259250000000175e+05 -5.591186000000000433e+00
2.318260000000000000e+05 -6.294856000000000229e+00
2.318260750000000116e+05 -5.795886000000000315e+00
2.318261499999999942e+05 -6.259543999999999997e+00
2.318262250000000058e+05 -6.070672000000000068e+00
2.318263000000000175e+05 -7.068006999999999707e+00
2.318263750000000000e+05 -7.459571000000000396e+00
2.318264500000000116e+05 -7.439658999999999800e+00
2.318265249999999942e+05 -7.950309999999999988e+00
2.318266000000000058e+05 -7.925419999999999909e+00
2.318266750000000175e+05 -8.368781000000000247e+00
2.318267500000000000e+05 -8.717655000000000598e+00
2.318268250000000116e+05 -9.159577999999999776e+00
2.318268999999999942e+05 -9.148047000000000040e+00
2.318269750000000058e+05 -8.436493000000000464e+00
2.318270500000000175e+05 -8.554306999999999661e+00
2.318271250000000000e+05 -9.399689000000000405e+00
2.318272000000000116e+05 -9.722422999999999149e+00
2.318272749999999942e+05 -9.332957999999999643e+00
2.318273500000000058e+05 -9.096595999999999904e+00
2.318274250000000175e+05 -9.942330000000000112e+00
2.318275000000000000e+05 -1.040602999999999945e+01
2.318275750000000116e+05 -1.175455999999999968e+01
2.318276499999999942e+05 -9.780189000000000021e+00
2.318277250000000058e+05 -9.878059000000000367e+00
2.318278000000000175e+05 -1.266769000000000034e+01
2.318278750000000000e+05 -1.217686999999999919e+01
2.318279500000000116e+05 -1.132114999999999938e+01
2.318280249999999942e+05 -1.229551000000000016e+01
2.318281000000000058e+05 -1.370349000000000039e+01
2.318281750000000175e+05 -1.505333000000000077e+01
2.318282500000000000e+05 -1.202509000000000050e+01
2.318283250000000116e+05 -1.449846999999999930e+01
2.318283999999999942e+05 -1.445492999999999917e+01
2.318284750000000058e+05 -1.278302000000000049e+01
2.318285500000000175e+05 -1.310749000000000031e+01
2.318286250000000000e+05 -1.775566999999999851e+01
2.318287000000000116e+05 -1.386086000000000062e+01
2.318287749999999942e+05 -1.295214999999999961e+01
2.318288500000000058e+05 -1.706082999999999927e+01
2.318289250000000175e+05 -1.664368999999999943e+01
2.318290000000000000e+05 -1.484046999999999983e+01
2.318290750000000116e+05 -1.795991000000000071e+01
2.318291499999999942e+05 -1.511494000000000071e+01
2.318292250000000058e+05 -1.482287999999999961e+01
2.318293000000000175e+05 -1.801489000000000118e+01
2.318293750000000000e+05 -1.591641000000000084e+01
2.318294500000000116e+05 -1.677805999999999997e+01
2.318295249999999942e+05 -2.314583999999999975e+01
2.318296000000000058e+05 -1.649403999999999826e+01
2.318296750000000175e+05 -1.831326999999999927e+01
2.318297500000000000e+05 -2.227382000000000062e+01
2.318298250000000116e+05 -1.747791000000000139e+01
2.318298999999999942e+05 -1.915127000000000024e+01
2.318299750000000058e+05 -1.718151999999999902e+01
2.318300500000000175e+05 -1.729215999999999909e+01
2.318301250000000000e+05 -2.263222000000000023e+01
2.318302000000000116e+05 -1.481442999999999977e+01
2.318302749999999942e+05 -2.375359999999999872e+01
2.318303500000000058e+05 -1.958558000000000021e+01
2.318304250000000175e+05 -2.015539000000000058e+01
2.318305000000000000e+05 -2.254267000000000110e+01
2.318305750000000116e+05 -1.758014000000000010e+01
2.318306499999999942e+05 -2.764142000000000010e+01
2.318307250000000058e+05 -1.999718999999999980e+01
2.318308000000000175e+05 -2.507420000000000115e+01
2.318308750000000000e+05 -1.746731000000000122e+01
2.318309500000000116e+05 -1.970231000000000066e+01
2.318310249999999942e+05 -2.642771000000000114e+01
2.318311000000000058e+05 -1.839673000000000158e+01
2.318311750000000175e+05 -2.316880000000000095e+01
2.318312500000000000e+05 -1.814875999999999934e+01
2.318313250000000116e+05 -3.407766999999999769e+01
2.318313999999999942e+05 -1.801989000000000019e+01
2.318314750000000058e+05 -2.887224000000000146e+01
2.318315500000000175e+05 -1.854801000000000144e+01
2.318316250000000000e+05 -2.392570999999999870e+01
2.318317000000000116e+05 -2.002442999999999884e+01
2.318317749999999942e+05 -3.037408999999999892e+01
2.318318500000000058e+05 -2.032882000000000033e+01
2.318319250000000175e+05 -3.067585000000000051e+01
2.318320000000000000e+05 -1.961513000000000062e+01
2.318320750000000116e+05 -3.349152000000000129e+01
2.318321499999999942e+05 -2.048618000000000094e+01
2.318322250000000058e+05 -4.419939000000000107e+01
2.318323000000000175e+05 -1.819448999999999828e+01
2.318323750000000000e+05 -4.445658000000000243e+01
2.318324500000000116e+05 -1.884605000000000175e+01
2.318325249999999942e+05 -2.857817999999999969e+01
2.318326000000000058e+05 -2.208861999999999881e+01
2.318326750000000175e+05 -2.090710999999999942e+01
2.318327500000000000e+05 -2.112821999999999889e+01
2.318328250000000116e+05 -2.314587999999999823e+01
2.318328999999999942e+05 -3.153087999999999980e+01
2.318329750000000058e+05 -2.261719000000000079e+01
2.318330500000000175e+05 -3.860540000000000305e+01
2.318331250000000000e+05 -1.891778000000000048e+01
2.318332000000000116e+05 -2.431660000000000110e+01
2.318332749999999942e+05 -2.539633999999999858e+01
2.318333500000000058e+05 -2.698045000000000115e+01
2.318334250000000175e+05 -2.483279999999999887e+01
2.318335000000000000e+05 -2.599906999999999968e+01
2.318335750000000116e+05 -2.812349999999999994e+01
2.318336499999999942e+05 -2.131745000000000090e+01
2.318337250000000058e+05 -2.637994000000000128e+01
2.318338000000000175e+05 -2.383758999999999872e+01
2.318338750000000000e+05 -2.172578000000000031e+01
2.318339500000000116e+05 -2.649119999999999919e+01
2.318340249999999942e+05 -2.385663999999999874e+01
2.318341000000000058e+05 -2.434544999999999959e+01
2.318341750000000175e+05 -2.930315999999999832e+01
2.318342500000000000e+05 -2.336210000000000164e+01
2.318343250000000116e+05 -2.540459999999999852e+01
2.318343999999999942e+05 -2.862014999999999887e+01
2.318344750000000058e+05 -2.252213000000000065e+01
2.318345500000000175e+05 -2.407348999999999961e+01
2.318346250000000000e+05 -2.968637000000000015e+01
2.318347000000000116e+05 -2.098285999999999873e+01
2.318347749999999942e+05 -2.367841999999999913e+01
2.318348500000000058e+05 -2.377367999999999881e+01
2.318349250000000175e+05 -3.044978000000000051e+01
2.318350000000000000e+05 -2.402339999999999876e+01
2.318350750000000116e+05 -2.658618999999999843e+01
2.318351499999999942e+05 -1.926069999999999993e+01
2.318352250000000058e+05 -3.020191000000000159e+01
2.318353000000000175e+05 -2.474494999999999933e+01
2.318353750000000000e+05 -2.242111999999999838e+01
2.318354500000000116e+05 -2.637196000000000140e+01
2.318355249999999942e+05 -2.927315000000000111e+01
2.318356000000000058e+05 -2.035108999999999924e+01
2.318356750000000175e+05 -2.172473000000000098e+01
2.318357500000000000e+05 -2.530243000000000109e+01
2.318358250000000116e+05 -2.265239000000000047e+01
2.318358999999999942e+05 -2.545512000000000086e+01
2.318359750000000058e+05 -2.578863000000000127e+01
2.318360500000000175e+05 -2.437483999999999895e+01
2.318361250000000000e+05 -2.597594000000000136e+01
2.318362000000000116e+05 -2.250722000000000023e+01
2.318362749999999942e+05 -2.105095999999999989e+01
2.318363500000000058e+05 -2.274899999999999878e+01
2.318364250000000175e+05 -2.650891999999999982e+01
2.318365000000000000e+05 -2.238955999999999946e+01
2.318365750000000116e+05 -2.078041999999999945e+01
2.318366499999999942e+05 -2.188569000000000031e+01
2.318367250000000058e+05 -2.434640999999999877e+01
2.318368000000000175e+05 -1.941261000000000081e+01
2.318368750000000000e+05 -2.301751000000000147e+01
2.318369500000000116e+05 -2.391467000000000098e+01
2.318370249999999942e+05 -2.230435999999999908e+01
2.318371000000000058e+05 -2.325190999999999875e+01
2.318371750000000175e+05 -2.880403000000000091e+01
2.318372500000000000e+05 -2.276194999999999879e+01
2.318373250000000116e+05 -2.667311000000000121e+01
2.318373999999999942e+05 -2.410530999999999935e+01
2.318374750000000058e+05 -2.751131000000000171e+01
2.318375500000000175e+05 -2.173872000000000071e+01
2.318376250000000000e+05 -2.573458000000000112e+01
2.318377000000000116e+05 -2.050041999999999831e+01
2.318377749999999942e+05 -2.416855999999999938e+01
2.318378500000000058e+05 -2.547242999999999924e+01
2.318379250000000175e+05 -2.492606999999999928e+01
2.318380000000000000e+05 -2.065828000000000131e+01
2.318380750000000116e+05 -2.222944000000000031e+01
2.318381499999999942e+05 -2.279484000000000066e+01
2.318382250000000058e+05 -2.134742999999999924e+01
2.318383000000000175e+05 -2.243153999999999826e+01
2.318383750000000000e+05 -2.353516000000000119e+01
2.318384500000000116e+05 -2.225157000000000096e+01
2.318385249999999942e+05 -2.253434000000000026e+01
2.318386000000000058e+05 -2.385690999999999917e+01
