# Temperature: None K
2.319019750000000058e+05 -2.263960000000000150e+01
2.319020500000000175e+05 -2.480815000000000126e+01
2.319021250000000000e+05 -2.056415000000000148e+01
2.319022000000000116e+05 -1.823783999999999850e+01
2.319022749999999942e+05 -1.904995999999999867e+01
2.319023500000000058e+05 -1.710923999999999978e+01
2.319024250000000175e+05 -2.064534000000000091e+01
2.319025000000000000e+05 -2.066026000000000096e+01
2.319025750000000116e+05 -1.677306000000000097e+01
2.319026499999999942e+05 -1.764079999999999870e+01
2.319027250000000058e+05 -1.808840999999999966e+01
2.319028000000000175e+05 -2.277955000000000041e+01
2.319028750000000000e+05 -2.161179999999999879e+01
2.319029500000000116e+05 -1.776744000000000057e+01
2.319030249999999942e+05 -1.853932000000000002e+01
2.319031000000000058e+05 -1.925340999999999880e+01
2.319031750000000175e+05 -2.412332999999999927e+01
2.319032500000000000e+05 -1.678578999999999866e+01
2.319033250000000116e+05 -1.854262999999999906e+01
2.319033999999999942e+05 -1.965253999999999834e+01
2.319034750000000058e+05 -2.029418000000000077e+01
2.319035500000000175e+05 -2.187994000000000128e+01
2.319036250000000000e+05 -1.767228000000000065e+01
2.319037000000000116e+05 -1.806325999999999965e+01
2.319037749999999942e+05 -2.040107000000000070e+01
2.319038500000000058e+05 -2.159516999999999953e+01
2.319039250000000175e+05 -1.917909999999999826e+01
2.319040000000000000e+05 -1.862796000000000163e+01
2.319040750000000116e+05 -1.929529000000000138e+01
2.319041499999999942e+05 -1.633415000000000106e+01
2.319042250000000058e+05 -1.802892999999999901e+01
2.319043000000000175e+05 -1.904342000000000112e+01
2.319043750000000000e+05 -1.883812999999999960e+01
2.319044500000000116e+05 -1.908829000000000065e+01
2.319045249999999942e+05 -2.148698999999999870e+01
2.319046000000000058e+05 -1.836262999999999934e+01
2.319046750000000175e+05 -1.798158000000000101e+01
2.319047500000000000e+05 -2.046199999999999974e+01
2.319048250000000116e+05 -1.971281000000000105e+01
2.319048999999999942e+05 -1.901980999999999966e+01
2.319049750000000058e+05 -1.819266999999999967e+01
2.319050500000000175e+05 -1.689601000000000042e+01
2.319051250000000000e+05 -1.966072000000000131e+01
2.319052000000000116e+05 -1.966397999999999868e+01
2.319052749999999942e+05 -1.871722000000000108e+01
2.319053500000000058e+05 -1.912245000000000061e+01
2.319054250000000175e+05 -2.232487000000000066e+01
2.319055000000000000e+05 -1.880255999999999972e+01
2.319055750000000116e+05 -1.885792999999999964e+01
2.319056499999999942e+05 -1.734387999999999863e+01
2.319057250000000058e+05 -1.705728999999999829e+01
2.319058000000000175e+05 -2.208723000000000170e+01
2.319058750000000000e+05 -1.856700000000000017e+01
2.319059500000000116e+05 -1.745140999999999920e+01
2.319060249999999942e+05 -1.925936000000000092e+01
2.319061000000000058e+05 -1.981756999999999991e+01
2.319061750000000175e+05 -2.009074000000000026e+01
2.319062500000000000e+05 -2.056636999999999915e+01
2.319063250000000116e+05 -1.857356000000000051e+01
2.319063999999999942e+05 -1.890900999999999854e+01
2.319064750000000058e+05 -1.725742999999999938e+01
2.319065500000000175e+05 -2.048545999999999978e+01
2.319066250000000000e+05 -1.943705999999999889e+01
2.319067000000000116e+05 -1.730028000000000077e+01
2.319067749999999942e+05 -1.868288000000000082e+01
2.319068500000000058e+05 -1.735049000000000063e+01
2.319069250000000175e+05 -2.062716999999999956e+01
2.319070000000000000e+05 -1.763053999999999988e+01
2.319070750000000116e+05 -2.009177000000000035e+01
2.319071499999999942e+05 -1.893909999999999982e+01
2.319072250000000058e+05 -1.770038999999999874e+01
2.319073000000000175e+05 -1.903165999999999869e+01
2.319073750000000000e+05 -1.720996999999999844e+01
2.319074500000000116e+05 -1.889017000000000124e+01
2.319075249999999942e+05 -1.837581000000000131e+01
2.319076000000000058e+05 -1.613253999999999877e+01
2.319076750000000175e+05 -1.725598000000000098e+01
2.319077500000000000e+05 -1.856543999999999883e+01
2.319078250000000116e+05 -1.670275000000000176e+01
2.319078999999999942e+05 -1.992165999999999926e+01
2.319079750000000058e+05 -1.824596999999999980e+01
2.319080500000000175e+05 -1.798121000000000080e+01
2.319081250000000000e+05 -1.757084000000000046e+01
2.319082000000000116e+05 -2.037728999999999857e+01
2.319082749999999942e+05 -1.833853999999999829e+01
2.319083500000000058e+05 -1.657060999999999851e+01
2.319084250000000175e+05 -1.958162000000000091e+01
2.319085000000000000e+05 -1.919988999999999990e+01
2.319085750000000116e+05 -2.170033000000000101e+01
2.319086499999999942e+05 -1.703065000000000140e+01
2.319087250000000058e+05 -1.735914000000000001e+01
2.319088000000000175e+05 -1.627573999999999899e+01
2.319088750000000000e+05 -1.821461000000000041e+01
2.319089500000000116e+05 -1.788290999999999897e+01
2.319090249999999942e+05 -1.910497000000000156e+01
2.319091000000000058e+05 -1.667418999999999940e+01
2.319091750000000175e+05 -1.786103999999999914e+01
2.319092500000000000e+05 -1.820749999999999957e+01
2.319093250000000116e+05 -1.941403999999999996e+01
2.319093999999999942e+05 -1.781534999999999869e+01
2.319094750000000058e+05 -1.997138999999999953e+01
2.319095500000000175e+05 -1.604908000000000001e+01
2.319096250000000000e+05 -1.931275000000000119e+01
2.319097000000000116e+05 -1.807498000000000005e+01
2.319097749999999942e+05 -1.666180999999999912e+01
2.319098500000000058e+05 -1.683481000000000094e+01
2.319099250000000175e+05 -1.805092000000000141e+01
2.319100000000000000e+05 -1.906952000000000069e+01
2.319100750000000116e+05 -1.844108999999999909e+01
2.319101499999999942e+05 -2.096077999999999975e+01
2.319102250000000058e+05 -1.809714999999999918e+01
2.319103000000000175e+05 -1.618262999999999963e+01
2.319103750000000000e+05 -1.868684000000000012e+01
2.319104500000000116e+05 -1.904431999999999903e+01
2.319105249999999942e+05 -1.851209000000000060e+01
2.319106000000000058e+05 -1.720543999999999940e+01
2.319106750000000175e+05 -1.785662999999999911e+01
2.319107500000000000e+05 -1.734279000000000082e+01
2.319108250000000116e+05 -1.881247000000000114e+01
2.319108999999999942e+05 -1.796605999999999881e+01
2.319109750000000058e+05 -1.642830999999999975e+01
2.319110500000000175e+05 -1.698754999999999882e+01
2.319111250000000000e+05 -1.641406999999999883e+01
2.319112000000000116e+05 -1.769499000000000066e+01
2.319112749999999942e+05 -1.805477000000000132e+01
2.319113500000000058e+05 -1.608633999999999986e+01
2.319114250000000175e+05 -1.814713000000000065e+01
2.319115000000000000e+05 -1.808334999999999937e+01
2.319115750000000116e+05 -1.850088999999999828e+01
2.319116499999999942e+05 -1.669435000000000002e+01
2.319117250000000058e+05 -1.899855000000000160e+01
2.319118000000000175e+05 -1.735800000000000054e+01
2.319118750000000000e+05 -1.709850000000000136e+01
2.319119500000000116e+05 -1.715272999999999826e+01
2.319120249999999942e+05 -1.654895000000000138e+01
2.319121000000000058e+05 -1.559456999999999915e+01
2.319121750000000175e+05 -1.541305000000000014e+01
2.319122500000000000e+05 -1.524207999999999963e+01
2.319123250000000116e+05 -1.762969999999999970e+01
2.319123999999999942e+05 -1.734561000000000064e+01
2.319124750000000058e+05 -1.603578999999999866e+01
2.319125500000000175e+05 -1.499404000000000003e+01
2.319126250000000000e+05 -1.611736000000000146e+01
2.319127000000000116e+05 -1.524979000000000084e+01
2.319127749999999942e+05 -1.726257999999999981e+01
2.319128500000000058e+05 -1.539438999999999957e+01
2.319129250000000175e+05 -1.505593999999999966e+01
2.319130000000000000e+05 -1.496006000000000036e+01
2.319130750000000116e+05 -1.564329999999999998e+01
2.319131499999999942e+05 -1.588036999999999921e+01
2.319132250000000058e+05 -1.425154000000000032e+01
2.319133000000000175e+05 -1.516220999999999997e+01
2.319133750000000000e+05 -1.399094000000000015e+01
2.319134500000000116e+05 -1.466580000000000084e+01
2.319135249999999942e+05 -1.391033000000000008e+01
2.319136000000000058e+05 -1.591862000000000066e+01
2.319136750000000175e+05 -1.461533000000000015e+01
2.319137500000000000e+05 -1.462334000000000067e+01
2.319138250000000116e+05 -1.403536000000000072e+01
2.319138999999999942e+05 -1.357989000000000068e+01
2.319139750000000058e+05 -1.441647000000000034e+01
2.319140500000000175e+05 -1.401795000000000080e+01
2.319141250000000000e+05 -1.435754000000000019e+01
2.319142000000000116e+05 -1.475581000000000031e+01
2.319142749999999942e+05 -1.326854999999999940e+01
2.319143500000000058e+05 -1.353054000000000023e+01
2.319144250000000175e+05 -1.255321999999999960e+01
2.319145000000000000e+05 -1.294961999999999946e+01
2.319145750000000116e+05 -1.278312999999999988e+01
2.319146499999999942e+05 -1.306845000000000034e+01
2.319147250000000058e+05 -1.156792000000000087e+01
2.319148000000000175e+05 -1.197308999999999912e+01
2.319148750000000000e+05 -1.186594000000000015e+01
2.319149500000000116e+05 -1.171194000000000024e+01
2.319150249999999942e+05 -1.170016999999999996e+01
2.319151000000000058e+05 -1.088211000000000084e+01
2.319151750000000175e+05 -1.034695999999999927e+01
2.319152500000000000e+05 -1.027748000000000062e+01
2.319153250000000116e+05 -9.663759999999999906e+00
2.319153999999999942e+05 -9.965379000000000431e+00
2.319154750000000058e+05 -9.380943999999999505e+00
2.319155500000000175e+05 -8.087580000000000879e+00
2.319156250000000000e+05 -8.438109999999999999e+00
2.319157000000000116e+05 -7.297869999999999635e+00
2.319157749999999942e+05 -7.371508999999999645e+00
2.319158500000000058e+05 -6.488525000000000098e+00
2.319159250000000175e+05 -6.212737999999999872e+00
2.319160000000000000e+05 -5.655467999999999940e+00
2.319160750000000116e+05 -4.993820999999999621e+00
2.319161499999999942e+05 -4.481952999999999854e+00
2.319162250000000058e+05 -4.207554000000000016e+00
2.319163000000000175e+05 -3.502831000000000028e+00
2.319163750000000000e+05 -2.479582999999999871e+00
2.319164500000000116e+05 -2.070129000000000108e+00
2.319165249999999942e+05 -1.475784999999999902e+00
2.319166000000000058e+05 -1.009746000000000032e+00
2.319166750000000175e+05 -4.608281000000000183e-01
2.319167500000000000e+05 2.052827000000000124e-01
2.319168250000000116e+05 7.546374999999999611e-01
2.319168999999999942e+05 1.314835999999999894e+00
2.319169750000000058e+05 1.560322999999999904e+00
2.319170500000000175e+05 2.057218000000000213e+00
2.319171250000000000e+05 2.435092000000000034e+00
2.319172000000000116e+05 2.384876000000000218e+00
2.319172749999999942e+05 2.115976999999999997e+00
2.319173500000000058e+05 2.120572999999999819e+00
2.319174250000000175e+05 1.763765999999999945e+00
2.319175000000000000e+05 1.201885000000000092e+00
2.319175750000000116e+05 7.015883000000000536e-01
2.319176499999999942e+05 2.311619000000000035e-01
2.319177250000000058e+05 -8.518561999999999523e-01
2.319178000000000175e+05 -1.642640000000000100e+00
2.319178750000000000e+05 -1.688809999999999922e+00
2.319179500000000116e+05 -1.918811999999999962e+00
2.319180249999999942e+05 -1.719999000000000056e+00
2.319181000000000058e+05 -1.048176999999999914e+00
2.319181750000000175e+05 -1.361906999999999979e+00
2.319182500000000000e+05 -1.027071000000000067e+00
2.319183250000000116e+05 -1.740164000000000044e+00
2.319183999999999942e+05 -1.822640999999999956e+00
2.319184750000000058e+05 -2.694383999999999890e+00
2.319185500000000175e+05 -3.402747999999999884e+00
2.319186250000000000e+05 -3.544414999999999871e+00
2.319187000000000116e+05 -3.637652999999999803e+00
2.319187749999999942e+05 -3.490521000000000207e+00
2.319188500000000058e+05 -3.514431999999999778e+00
2.319189250000000175e+05 -3.296288999999999803e+00
2.319190000000000000e+05 -3.772921000000000191e+00
2.319190750000000116e+05 -4.111227999999999660e+00
2.319191499999999942e+05 -4.947169999999999845e+00
2.319192250000000058e+05 -4.877048000000000272e+00
2.319193000000000175e+05 -4.619437999999999711e+00
2.319193750000000000e+05 -5.009723000000000148e+00
2.319194500000000116e+05 -4.981067999999999607e+00
2.319195249999999942e+05 -5.253156999999999854e+00
2.319196000000000058e+05 -5.482014999999999638e+00
2.319196750000000175e+05 -5.869254999999999889e+00
2.319197500000000000e+05 -6.166165000000000340e+00
2.319198250000000116e+05 -6.228273999999999866e+00
2.319198999999999942e+05 -6.331330999999999598e+00
2.319199750000000058e+05 -6.609517999999999560e+00
2.319200500000000175e+05 -7.185846999999999873e+00
2.319201250000000000e+05 -7.821970999999999563e+00
2.319202000000000116e+05 -7.029334999999999667e+00
2.319202749999999942e+05 -6.941201999999999650e+00
2.319203500000000058e+05 -7.530935000000000379e+00
2.319204250000000175e+05 -8.730358999999999980e+00
2.319205000000000000e+05 -8.446104000000000056e+00
2.319205750000000116e+05 -8.721372000000000568e+00
2.319206499999999942e+05 -8.461774999999999380e+00
2.319207250000000058e+05 -9.860891000000000517e+00
2.319208000000000175e+05 -8.354844999999999189e+00
2.319208750000000000e+05 -9.004068999999999434e+00
2.319209500000000116e+05 -9.419575000000000031e+00
2.319210249999999942e+05 -1.094777000000000022e+01
2.319211000000000058e+05 -1.028851000000000049e+01
2.319211750000000175e+05 -9.580268999999999480e+00
2.319212500000000000e+05 -1.029322999999999944e+01
2.319213250000000116e+05 -1.096254000000000062e+01
2.319213999999999942e+05 -1.001393999999999984e+01
2.319214750000000058e+05 -1.081690000000000040e+01
2.319215500000000175e+05 -1.281831000000000031e+01
2.319216250000000000e+05 -1.093643999999999927e+01
2.319217000000000116e+05 -1.074465000000000003e+01
2.319217749999999942e+05 -1.329978999999999978e+01
2.319218500000000058e+05 -1.189894999999999925e+01
2.319219250000000175e+05 -1.030404000000000053e+01
2.319220000000000000e+05 -1.265729999999999933e+01
2.319220750000000116e+05 -1.261744000000000021e+01
2.319221499999999942e+05 -1.167221999999999937e+01
2.319222250000000058e+05 -1.446358000000000033e+01
2.319223000000000175e+05 -1.417102000000000039e+01
2.319223750000000000e+05 -1.231996000000000002e+01
2.319224500000000116e+05 -1.510277999999999921e+01
2.319225249999999942e+05 -1.383216999999999963e+01
2.319226000000000058e+05 -1.201470999999999911e+01
2.319226750000000175e+05 -1.803776999999999830e+01
2.319227500000000000e+05 -1.309314000000000000e+01
2.319228250000000116e+05 -1.479758999999999958e+01
2.319228999999999942e+05 -1.503927000000000014e+01
2.319229750000000058e+05 -1.288278999999999996e+01
2.319230500000000175e+05 -1.761849000000000132e+01
2.319231250000000000e+05 -1.752905000000000157e+01
2.319232000000000116e+05 -1.353567999999999927e+01
2.319232749999999942e+05 -1.822212999999999994e+01
2.319233500000000058e+05 -1.319300999999999924e+01
2.319234250000000175e+05 -1.718169999999999931e+01
2.319235000000000000e+05 -1.601159000000000177e+01
2.319235750000000116e+05 -1.414541000000000004e+01
2.319236499999999942e+05 -1.903162000000000020e+01
2.319237250000000058e+05 -1.478616000000000064e+01
2.319238000000000175e+05 -1.863895000000000124e+01
2.319238750000000000e+05 -1.544028999999999918e+01
2.319239500000000116e+05 -1.731550999999999974e+01
2.319240249999999942e+05 -1.598529000000000089e+01
2.319241000000000058e+05 -1.690499000000000152e+01
2.319241750000000175e+05 -2.048214000000000112e+01
2.319242500000000000e+05 -1.645009999999999906e+01
2.319243250000000116e+05 -2.201285000000000025e+01
2.319243999999999942e+05 -1.860876999999999981e+01
2.319244750000000058e+05 -2.447999000000000080e+01
2.319245500000000175e+05 -1.755133000000000010e+01
2.319246250000000000e+05 -2.424536000000000158e+01
2.319247000000000116e+05 -1.744669999999999987e+01
2.319247749999999942e+05 -2.098946000000000112e+01
2.319248500000000058e+05 -1.698742000000000019e+01
2.319249250000000175e+05 -2.004216999999999871e+01
2.319250000000000000e+05 -1.885754000000000019e+01
2.319250750000000116e+05 -2.195149999999999935e+01
2.319251499999999942e+05 -1.729363000000000028e+01
2.319252250000000058e+05 -2.103480000000000061e+01
2.319253000000000175e+05 -1.696120000000000161e+01
2.319253750000000000e+05 -2.140542999999999907e+01
2.319254500000000116e+05 -2.036429000000000045e+01
2.319255249999999942e+05 -2.441083000000000069e+01
2.319256000000000058e+05 -1.744180000000000064e+01
2.319256750000000175e+05 -3.810361000000000331e+01
2.319257500000000000e+05 -2.067569999999999908e+01
2.319258250000000116e+05 -4.243077999999999861e+01
2.319258999999999942e+05 -2.219179000000000102e+01
2.319259750000000058e+05 -2.480204000000000164e+01
2.319260500000000175e+05 -2.002891999999999939e+01
2.319261250000000000e+05 -1.911964000000000041e+01
2.319262000000000116e+05 -2.497055999999999898e+01
2.319262749999999942e+05 -1.887859999999999872e+01
2.319263500000000058e+05 -3.735481000000000051e+01
2.319264250000000175e+05 -1.658146999999999949e+01
2.319265000000000000e+05 -3.357941000000000287e+01
2.319265750000000116e+05 -2.116253000000000029e+01
2.319266499999999942e+05 -1.890101999999999904e+01
2.319267250000000058e+05 -3.010523999999999845e+01
2.319268000000000175e+05 -1.842292000000000129e+01
2.319268750000000000e+05 -2.497211000000000070e+01
2.319269500000000116e+05 -1.878887999999999892e+01
2.319270249999999942e+05 -2.085872000000000170e+01
2.319271000000000058e+05 -2.722266000000000119e+01
2.319271750000000175e+05 -2.261146000000000100e+01
2.319272500000000000e+05 -2.373410000000000153e+01
2.319273250000000116e+05 -2.430686999999999998e+01
2.319273999999999942e+05 -2.205977000000000032e+01
2.319274750000000058e+05 -2.607206000000000046e+01
2.319275500000000175e+05 -2.521584000000000003e+01
2.319276250000000000e+05 -1.933498000000000161e+01
2.319277000000000116e+05 -3.756747000000000014e+01
2.319277749999999942e+05 -2.146470000000000056e+01
2.319278500000000058e+05 -1.951273000000000124e+01
2.319279250000000175e+05 -2.937325999999999837e+01
2.319280000000000000e+05 -2.288992000000000004e+01
2.319280750000000116e+05 -2.059767000000000081e+01
2.319281499999999942e+05 -2.524512999999999963e+01
2.319282250000000058e+05 -2.469675000000000153e+01
2.319283000000000175e+05 -2.522618999999999900e+01
2.319283750000000000e+05 -2.710900000000000176e+01
2.319284500000000116e+05 -2.165972999999999971e+01
2.319285249999999942e+05 -2.116743999999999915e+01
2.319286000000000058e+05 -2.265860999999999947e+01
2.319286750000000175e+05 -2.576771000000000100e+01
2.319287500000000000e+05 -2.674518000000000129e+01
2.319288250000000116e+05 -2.132984000000000080e+01
2.319288999999999942e+05 -2.862458000000000169e+01
2.319289750000000058e+05 -2.144055000000000177e+01
2.319290500000000175e+05 -1.957467000000000112e+01
2.319291250000000000e+05 -2.281584000000000145e+01
2.319292000000000116e+05 -2.237191999999999936e+01
2.319292749999999942e+05 -2.157361999999999824e+01
2.319293500000000058e+05 -2.669752000000000081e+01
2.319294250000000175e+05 -2.425856999999999886e+01
2.319295000000000000e+05 -2.711515999999999948e+01
2.319295750000000116e+05 -2.425047999999999959e+01
2.319296499999999942e+05 -1.972381999999999991e+01
2.319297250000000058e+05 -2.199692999999999898e+01
2.319298000000000175e+05 -3.170397000000000176e+01
2.319298750000000000e+05 -3.882446000000000197e+01
2.319299500000000116e+05 -2.150580000000000069e+01
2.319300249999999942e+05 -2.409703000000000017e+01
2.319301000000000058e+05 -2.494272000000000133e+01
2.319301750000000175e+05 -2.501363999999999876e+01
2.319302500000000000e+05 -2.388132999999999839e+01
2.319303250000000116e+05 -2.121777000000000157e+01
2.319303999999999942e+05 -2.213323000000000107e+01
2.319304750000000058e+05 -2.459418000000000148e+01
2.319305500000000175e+05 -2.633775999999999939e+01
2.319306250000000000e+05 -2.324954999999999927e+01
2.319307000000000116e+05 -2.281513999999999953e+01
2.319307749999999942e+05 -2.042293000000000092e+01
2.319308500000000058e+05 -2.240646999999999878e+01
2.319309250000000175e+05 -2.323455999999999833e+01
2.319310000000000000e+05 -3.399094999999999800e+01
2.319310750000000116e+05 -2.605919000000000096e+01
2.319311499999999942e+05 -2.361016000000000048e+01
2.319312250000000058e+05 -2.143874999999999886e+01
2.319313000000000175e+05 -2.155812999999999846e+01
2.319313750000000000e+05 -2.072813999999999979e+01
2.319314500000000116e+05 -2.452105999999999852e+01
2.319315249999999942e+05 -2.880733999999999995e+01
2.319316000000000058e+05 -2.258832999999999913e+01
2.319316750000000175e+05 -2.574690999999999974e+01
2.319317500000000000e+05 -2.742650000000000077e+01
2.319318250000000116e+05 -2.099418999999999969e+01
2.319318999999999942e+05 -2.324128999999999934e+01
2.319319750000000058e+05 -2.428228000000000009e+01
