# Temperature: None K
2.317394500000000116e+05 -2.259425999999999846e+01
2.317395250000000233e+05 -1.844030000000000058e+01
2.317396000000000058e+05 -2.269180000000000064e+01
2.317396750000000175e+05 -1.799059000000000097e+01
2.317397500000000000e+05 -1.770035999999999987e+01
2.317398250000000116e+05 -1.965932000000000102e+01
2.317399000000000233e+05 -2.020917999999999992e+01
2.317399750000000058e+05 -2.069714000000000098e+01
2.317400500000000175e+05 -1.971133000000000024e+01
2.317401250000000000e+05 -2.038382000000000005e+01
2.317402000000000116e+05 -1.971314999999999884e+01
2.317402750000000233e+05 -1.739094000000000051e+01
2.317403500000000058e+05 -2.197941000000000145e+01
2.317404250000000175e+05 -1.803518000000000043e+01
2.317405000000000000e+05 -2.149738999999999933e+01
2.317405750000000116e+05 -2.171691999999999823e+01
2.317406500000000233e+05 -1.999307999999999907e+01
2.317407250000000058e+05 -1.738703999999999894e+01
2.317408000000000175e+05 -1.902506999999999948e+01
2.317408750000000000e+05 -2.184266999999999825e+01
2.317409500000000116e+05 -2.023279000000000138e+01
2.317410250000000233e+05 -2.087311000000000050e+01
2.317411000000000058e+05 -1.959185000000000088e+01
2.317411750000000175e+05 -1.980311999999999983e+01
2.317412500000000000e+05 -1.929540000000000077e+01
2.317413250000000116e+05 -1.959607000000000099e+01
2.317414000000000233e+05 -2.125459999999999994e+01
2.317414750000000058e+05 -1.983744000000000085e+01
2.317415500000000175e+05 -1.757526999999999973e+01
2.317416250000000000e+05 -2.152948999999999913e+01
2.317417000000000116e+05 -2.241758000000000095e+01
2.317417750000000233e+05 -1.992805999999999855e+01
2.317418500000000058e+05 -1.805564000000000036e+01
2.317419250000000175e+05 -1.898914999999999864e+01
2.317420000000000000e+05 -1.904326000000000008e+01
2.317420750000000116e+05 -1.919056000000000139e+01
2.317421500000000233e+05 -2.110779000000000138e+01
2.317422250000000058e+05 -1.867829000000000050e+01
2.317423000000000175e+05 -2.165698000000000079e+01
2.317423750000000000e+05 -1.877054000000000045e+01
2.317424500000000116e+05 -1.883458999999999861e+01
2.317425250000000233e+05 -1.836045999999999978e+01
2.317426000000000058e+05 -2.157037000000000049e+01
2.317426750000000175e+05 -2.121073000000000164e+01
2.317427500000000000e+05 -1.845245999999999853e+01
2.317428250000000116e+05 -1.957103999999999999e+01
2.317429000000000233e+05 -1.849245000000000161e+01
2.317429750000000058e+05 -2.061344000000000065e+01
2.317430500000000175e+05 -2.087396000000000029e+01
2.317431250000000000e+05 -1.804416000000000153e+01
2.317432000000000116e+05 -1.899180000000000135e+01
2.317432750000000233e+05 -1.973598000000000141e+01
2.317433500000000058e+05 -1.827805999999999997e+01
2.317434250000000175e+05 -1.739677999999999969e+01
2.317435000000000000e+05 -1.794501999999999953e+01
2.317435750000000116e+05 -1.822502000000000066e+01
2.317436500000000233e+05 -1.886897000000000091e+01
2.317437250000000058e+05 -1.971920000000000073e+01
2.317438000000000175e+05 -2.004142999999999830e+01
2.317438750000000000e+05 -2.079262999999999906e+01
2.317439500000000116e+05 -1.778884000000000043e+01
2.317440250000000233e+05 -1.905060999999999893e+01
2.317441000000000058e+05 -1.927603999999999829e+01
2.317441750000000175e+05 -1.678126999999999924e+01
2.317442500000000000e+05 -1.906434000000000140e+01
2.317443250000000116e+05 -1.794837000000000060e+01
2.317444000000000233e+05 -1.937943999999999889e+01
2.317444750000000058e+05 -1.778150000000000119e+01
2.317445500000000175e+05 -1.680836000000000041e+01
2.317446250000000000e+05 -1.924277999999999977e+01
2.317447000000000116e+05 -1.769609000000000165e+01
2.317447750000000233e+05 -1.700438000000000116e+01
2.317448500000000058e+05 -1.866356000000000037e+01
2.317449250000000175e+05 -1.925476000000000099e+01
2.317450000000000000e+05 -1.787060999999999922e+01
2.317450750000000116e+05 -1.675486000000000075e+01
2.317451500000000233e+05 -1.736313000000000173e+01
2.317452250000000058e+05 -1.913141999999999854e+01
2.317453000000000175e+05 -1.799014999999999986e+01
2.317453750000000000e+05 -2.145787999999999940e+01
2.317454500000000116e+05 -1.759638999999999953e+01
2.317455250000000233e+05 -1.813162000000000162e+01
2.317456000000000058e+05 -1.705020999999999987e+01
2.317456750000000175e+05 -1.718561000000000050e+01
2.317457500000000000e+05 -1.668295000000000172e+01
2.317458250000000116e+05 -1.957745999999999853e+01
2.317459000000000233e+05 -1.662738999999999834e+01
2.317459750000000058e+05 -1.869991999999999877e+01
2.317460500000000175e+05 -1.680544000000000082e+01
2.317461250000000000e+05 -1.849186999999999870e+01
2.317462000000000116e+05 -1.828498000000000090e+01
2.317462750000000233e+05 -1.632836999999999961e+01
2.317463500000000058e+05 -1.695842999999999989e+01
2.317464250000000175e+05 -1.881750999999999863e+01
2.317465000000000000e+05 -1.994109999999999872e+01
2.317465750000000116e+05 -1.646251000000000175e+01
2.317466500000000233e+05 -1.904904000000000153e+01
2.317467250000000058e+05 -1.754782000000000153e+01
2.317468000000000175e+05 -2.025702000000000069e+01
2.317468750000000000e+05 -1.817873000000000161e+01
2.317469500000000116e+05 -1.642752000000000123e+01
2.317470250000000233e+05 -1.822674999999999912e+01
2.317471000000000058e+05 -1.727339999999999876e+01
2.317471750000000175e+05 -2.070146000000000086e+01
2.317472500000000000e+05 -1.840975999999999857e+01
2.317473250000000116e+05 -1.700506999999999991e+01
2.317474000000000233e+05 -1.732911999999999964e+01
2.317474750000000058e+05 -1.755296999999999841e+01
2.317475500000000175e+05 -1.601561999999999841e+01
2.317476250000000000e+05 -1.816961999999999833e+01
2.317477000000000116e+05 -1.721614999999999895e+01
2.317477750000000233e+05 -1.778999999999999915e+01
2.317478500000000058e+05 -1.815858000000000061e+01
2.317479250000000175e+05 -1.815815999999999875e+01
2.317480000000000000e+05 -1.850364000000000075e+01
2.317480750000000116e+05 -1.914662999999999826e+01
2.317481500000000233e+05 -1.697454000000000107e+01
2.317482250000000058e+05 -1.697305000000000064e+01
2.317483000000000175e+05 -1.725834000000000046e+01
2.317483750000000000e+05 -1.795011999999999830e+01
2.317484500000000116e+05 -1.676845000000000141e+01
2.317485250000000233e+05 -2.076296999999999926e+01
2.317486000000000058e+05 -1.746095000000000041e+01
2.317486750000000175e+05 -1.607232000000000127e+01
2.317487500000000000e+05 -1.729881999999999920e+01
2.317488250000000116e+05 -1.641913999999999874e+01
2.317489000000000233e+05 -1.927467000000000041e+01
2.317489750000000058e+05 -1.675095999999999918e+01
2.317490500000000175e+05 -2.108354999999999890e+01
2.317491250000000000e+05 -1.700737000000000165e+01
2.317492000000000116e+05 -1.738731999999999900e+01
2.317492750000000233e+05 -1.691816999999999993e+01
2.317493500000000058e+05 -1.757237999999999900e+01
2.317494250000000175e+05 -1.802668999999999855e+01
2.317495000000000000e+05 -1.754531000000000063e+01
2.317495750000000116e+05 -1.696724999999999994e+01
2.317496500000000233e+05 -1.577488999999999919e+01
2.317497250000000058e+05 -1.754354999999999976e+01
2.317498000000000175e+05 -1.573288999999999938e+01
2.317498750000000000e+05 -1.784715999999999880e+01
2.317499500000000116e+05 -1.690182000000000073e+01
2.317500250000000233e+05 -1.736679000000000173e+01
2.317501000000000058e+05 -1.730103000000000080e+01
2.317501750000000175e+05 -1.579992000000000019e+01
2.317502500000000000e+05 -1.547783000000000087e+01
2.317503250000000116e+05 -1.406940999999999953e+01
2.317504000000000233e+05 -1.802221000000000117e+01
2.317504750000000058e+05 -1.633267999999999986e+01
2.317505500000000175e+05 -1.601878999999999920e+01
2.317506250000000000e+05 -1.775951999999999842e+01
2.317507000000000116e+05 -1.626488000000000156e+01
2.317507750000000233e+05 -1.686026000000000025e+01
2.317508500000000058e+05 -1.603080999999999889e+01
2.317509250000000175e+05 -1.488401999999999958e+01
2.317510000000000000e+05 -1.704679000000000144e+01
2.317510750000000116e+05 -1.601604999999999990e+01
2.317511500000000233e+05 -1.635670999999999964e+01
2.317512250000000058e+05 -1.669306999999999874e+01
2.317513000000000175e+05 -1.445936999999999983e+01
2.317513750000000000e+05 -1.397012999999999927e+01
2.317514500000000116e+05 -1.517995999999999945e+01
2.317515250000000233e+05 -1.643147000000000091e+01
2.317516000000000058e+05 -1.603509999999999991e+01
2.317516750000000175e+05 -1.328013999999999939e+01
2.317517500000000000e+05 -1.456996999999999964e+01
2.317518250000000116e+05 -1.421120999999999945e+01
2.317519000000000233e+05 -1.475342000000000020e+01
2.317519750000000058e+05 -1.363503000000000043e+01
2.317520500000000175e+05 -1.328810999999999964e+01
2.317521250000000000e+05 -1.320081000000000060e+01
2.317522000000000116e+05 -1.371611000000000047e+01
2.317522750000000233e+05 -1.398708000000000062e+01
2.317523500000000058e+05 -1.352891999999999939e+01
2.317524250000000175e+05 -1.197511000000000081e+01
2.317525000000000000e+05 -1.363702999999999932e+01
2.317525750000000116e+05 -1.520147000000000048e+01
2.317526500000000233e+05 -1.431062000000000012e+01
2.317527250000000058e+05 -1.266418999999999961e+01
2.317528000000000175e+05 -1.259413999999999945e+01
2.317528750000000000e+05 -1.189007999999999932e+01
2.317529500000000116e+05 -1.283844999999999992e+01
2.317530250000000233e+05 -1.311346999999999952e+01
2.317531000000000058e+05 -1.308948999999999963e+01
2.317531750000000175e+05 -1.161585000000000001e+01
2.317532500000000000e+05 -1.189089000000000063e+01
2.317533250000000116e+05 -1.072509999999999941e+01
2.317534000000000233e+05 -1.106747999999999976e+01
2.317534750000000058e+05 -1.117694999999999972e+01
2.317535500000000175e+05 -1.113057000000000052e+01
2.317536250000000000e+05 -1.071772999999999954e+01
2.317537000000000116e+05 -1.157205000000000084e+01
2.317537750000000233e+05 -1.060853000000000002e+01
2.317538500000000058e+05 -1.159028999999999954e+01
2.317539250000000175e+05 -1.050982999999999912e+01
2.317540000000000000e+05 -1.010942000000000007e+01
2.317540750000000116e+05 -1.043744000000000050e+01
2.317541500000000233e+05 -1.101681999999999917e+01
2.317542250000000058e+05 -1.111670999999999943e+01
2.317543000000000175e+05 -1.078069999999999951e+01
2.317543750000000000e+05 -1.130386999999999986e+01
2.317544500000000116e+05 -1.152837000000000067e+01
2.317545250000000233e+05 -1.104969000000000001e+01
2.317546000000000058e+05 -1.296376000000000062e+01
2.317546750000000175e+05 -1.134934999999999938e+01
2.317547500000000000e+05 -1.203650999999999982e+01
2.317548250000000116e+05 -1.344218000000000046e+01
2.317549000000000233e+05 -1.318971999999999944e+01
2.317549750000000058e+05 -1.427858999999999945e+01
2.317550500000000175e+05 -1.424751000000000012e+01
2.317551250000000000e+05 -1.593927000000000049e+01
2.317552000000000116e+05 -1.486672000000000082e+01
2.317552750000000233e+05 -1.591128999999999927e+01
2.317553500000000058e+05 -1.815017999999999887e+01
2.317554250000000175e+05 -1.632285999999999859e+01
2.317555000000000000e+05 -1.816362000000000165e+01
2.317555750000000116e+05 -2.054983999999999966e+01
2.317556500000000233e+05 -2.416178000000000026e+01
2.317557250000000058e+05 -2.506156000000000006e+01
2.317558000000000175e+05 -2.009497000000000000e+01
2.317558750000000000e+05 -2.150994999999999990e+01
2.317559500000000116e+05 -2.282969999999999899e+01
2.317560250000000233e+05 -2.734904999999999831e+01
2.317561000000000058e+05 -2.703654999999999831e+01
2.317561750000000175e+05 -2.616120000000000090e+01
2.317562500000000000e+05 -2.415075999999999823e+01
2.317563250000000116e+05 -2.833861999999999881e+01
2.317564000000000233e+05 -3.121762999999999977e+01
2.317564750000000058e+05 -3.092310000000000159e+01
2.317565500000000175e+05 -2.722625999999999991e+01
2.317566250000000000e+05 -2.757372000000000156e+01
2.317567000000000116e+05 -3.072220000000000084e+01
2.317567750000000233e+05 -3.736406999999999812e+01
2.317568500000000058e+05 -3.348282999999999987e+01
2.317569250000000175e+05 -2.676621000000000095e+01
2.317570000000000000e+05 -3.013814999999999955e+01
2.317570750000000116e+05 -3.784380999999999773e+01
2.317571500000000233e+05 -2.692630000000000123e+01
2.317572250000000058e+05 -2.811089000000000127e+01
2.317573000000000175e+05 -3.272648999999999830e+01
2.317573750000000000e+05 -3.288268999999999664e+01
2.317574500000000116e+05 -3.074117000000000033e+01
2.317575250000000233e+05 -6.138700000000000045e+01
2.317576000000000058e+05 -2.903978000000000037e+01
2.317576750000000175e+05 -3.110819000000000045e+01
2.317577500000000000e+05 -4.022984999999999900e+01
2.317578250000000116e+05 -2.923220999999999847e+01
2.317579000000000233e+05 -3.803106999999999971e+01
2.317579750000000058e+05 -3.342779000000000167e+01
2.317580500000000175e+05 -2.769316999999999851e+01
2.317581250000000000e+05 -2.812923999999999936e+01
2.317582000000000116e+05 -2.749767999999999901e+01
2.317582750000000233e+05 -3.094049000000000049e+01
2.317583500000000058e+05 -3.531689000000000078e+01
2.317584250000000175e+05 -3.455037000000000091e+01
2.317585000000000000e+05 -2.845823999999999998e+01
2.317585750000000116e+05 -3.178412000000000148e+01
2.317586500000000233e+05 -3.506611999999999796e+01
2.317587250000000058e+05 -2.570554999999999879e+01
2.317588000000000175e+05 -2.468204000000000065e+01
2.317588750000000000e+05 -3.076416000000000039e+01
2.317589500000000116e+05 -2.446749000000000152e+01
2.317590250000000233e+05 -2.655402000000000129e+01
2.317591000000000058e+05 -2.895026999999999973e+01
2.317591750000000175e+05 -2.689200999999999908e+01
2.317592500000000000e+05 -2.575669999999999860e+01
2.317593250000000116e+05 -2.711624000000000123e+01
2.317594000000000233e+05 -3.354310999999999865e+01
2.317594750000000058e+05 -2.806330000000000169e+01
2.317595500000000175e+05 -2.870343000000000089e+01
2.317596250000000000e+05 -2.812783999999999907e+01
2.317597000000000116e+05 -3.562257999999999925e+01
2.317597750000000233e+05 -2.944742000000000104e+01
2.317598500000000058e+05 -2.404391999999999996e+01
2.317599250000000175e+05 -3.900489999999999924e+01
2.317600000000000000e+05 -2.560803999999999903e+01
2.317600750000000116e+05 -2.694707000000000008e+01
2.317601500000000233e+05 -2.662884000000000029e+01
2.317602250000000058e+05 -3.844165000000000276e+01
2.317603000000000175e+05 -2.720745000000000147e+01
2.317603750000000000e+05 -2.598864000000000019e+01
2.317604500000000116e+05 -2.910760000000000147e+01
2.317605250000000233e+05 -2.477436000000000149e+01
2.317606000000000058e+05 -2.699946999999999875e+01
2.317606750000000175e+05 -2.655168000000000106e+01
2.317607500000000000e+05 -3.189211999999999847e+01
2.317608250000000116e+05 -2.440298999999999907e+01
2.317609000000000233e+05 -2.342392999999999859e+01
2.317609750000000058e+05 -2.418209999999999837e+01
2.317610500000000175e+05 -2.576396000000000086e+01
2.317611250000000000e+05 -3.119769000000000148e+01
2.317612000000000116e+05 -2.726886000000000010e+01
2.317612750000000233e+05 -3.310472000000000037e+01
2.317613500000000058e+05 -2.775167000000000073e+01
2.317614250000000175e+05 -2.555833000000000155e+01
2.317615000000000000e+05 -2.757607000000000141e+01
2.317615750000000116e+05 -2.498855000000000004e+01
2.317616500000000233e+05 -2.747238000000000113e+01
2.317617250000000058e+05 -2.586199999999999832e+01
2.317618000000000175e+05 -2.987191999999999936e+01
2.317618750000000000e+05 -2.293108000000000146e+01
2.317619500000000116e+05 -2.364398999999999873e+01
2.317620250000000233e+05 -2.642576000000000036e+01
2.317621000000000058e+05 -2.542623999999999995e+01
2.317621750000000175e+05 -2.368396999999999863e+01
2.317622500000000000e+05 -2.448257999999999868e+01
2.317623250000000116e+05 -2.646801999999999921e+01
2.317624000000000233e+05 -2.695999000000000123e+01
2.317624750000000058e+05 -2.276367000000000118e+01
2.317625500000000175e+05 -2.357823000000000135e+01
2.317626250000000000e+05 -2.359710000000000107e+01
2.317627000000000116e+05 -2.389518999999999949e+01
2.317627750000000233e+05 -2.534299999999999997e+01
2.317628500000000058e+05 -2.579198999999999842e+01
2.317629250000000175e+05 -2.704841000000000051e+01
2.317630000000000000e+05 -2.259514000000000067e+01
2.317630750000000116e+05 -2.683513999999999911e+01
2.317631500000000233e+05 -2.662021000000000015e+01
2.317632250000000058e+05 -2.422355999999999909e+01
2.317633000000000175e+05 -2.900443999999999889e+01
2.317633750000000000e+05 -2.319404000000000110e+01
2.317634500000000116e+05 -2.223084000000000060e+01
2.317635250000000233e+05 -2.280359999999999943e+01
2.317636000000000058e+05 -2.340233999999999881e+01
2.317636750000000175e+05 -2.380002999999999957e+01
2.317637500000000000e+05 -3.431835000000000235e+01
2.317638250000000116e+05 -2.795204999999999984e+01
2.317639000000000233e+05 -2.923620000000000019e+01
2.317639750000000058e+05 -2.496728999999999843e+01
2.317640500000000175e+05 -2.417017999999999844e+01
2.317641250000000000e+05 -2.453956000000000159e+01
2.317642000000000116e+05 -2.152568000000000126e+01
2.317642750000000233e+05 -2.308853999999999829e+01
2.317643500000000058e+05 -2.256347999999999843e+01
2.317644250000000175e+05 -2.762536000000000058e+01
2.317645000000000000e+05 -3.626715999999999696e+01
2.317645750000000116e+05 -2.652458000000000027e+01
2.317646500000000233e+05 -2.289889000000000152e+01
2.317647250000000058e+05 -2.352368999999999843e+01
2.317648000000000175e+05 -3.038117000000000090e+01
2.317648750000000000e+05 -2.694915999999999912e+01
2.317649500000000116e+05 -2.385906999999999911e+01
2.317650250000000233e+05 -2.307171999999999912e+01
2.317651000000000058e+05 -2.458093999999999824e+01
2.317651750000000175e+05 -2.178960999999999970e+01
2.317652500000000000e+05 -2.643743999999999872e+01
2.317653250000000116e+05 -2.372420999999999935e+01
2.317654000000000233e+05 -2.402243999999999957e+01
2.317654750000000058e+05 -2.270935000000000059e+01
2.317655500000000175e+05 -2.137734000000000023e+01
2.317656250000000000e+05 -2.606811000000000078e+01
2.317657000000000116e+05 -2.417257000000000033e+01
2.317657750000000233e+05 -2.774568999999999974e+01
2.317658500000000058e+05 -2.034690000000000154e+01
2.317659250000000175e+05 -2.385882000000000147e+01
2.317660000000000000e+05 -2.174851999999999919e+01
2.317660750000000116e+05 -3.248369000000000284e+01
2.317661500000000233e+05 -2.186044000000000054e+01
2.317662250000000058e+05 -2.237974000000000174e+01
2.317663000000000175e+05 -2.508049000000000106e+01
2.317663750000000000e+05 -2.354484000000000066e+01
2.317664500000000116e+05 -2.826380999999999943e+01
2.317665250000000233e+05 -2.322100000000000009e+01
2.317666000000000058e+05 -2.405505000000000138e+01
2.317666750000000175e+05 -2.128200000000000003e+01
2.317667500000000000e+05 -2.221259999999999835e+01
2.317668250000000116e+05 -2.370662000000000091e+01
2.317669000000000233e+05 -2.176707000000000036e+01
2.317669750000000058e+05 -2.617369000000000057e+01
2.317670500000000175e+05 -2.439038000000000039e+01
2.317671250000000000e+05 -2.353428999999999860e+01
2.317672000000000116e+05 -2.258693999999999846e+01
2.317672750000000233e+05 -2.146623999999999910e+01
2.317673500000000058e+05 -2.475021999999999878e+01
2.317674250000000175e+05 -2.278171000000000035e+01
2.317675000000000000e+05 -2.194700999999999880e+01
2.317675750000000116e+05 -2.678271000000000157e+01
2.317676500000000233e+05 -2.626498000000000133e+01
2.317677250000000058e+05 -2.153618000000000166e+01
2.317678000000000175e+05 -2.783991999999999933e+01
2.317678750000000000e+05 -2.252196999999999960e+01
2.317679500000000116e+05 -2.446950000000000003e+01
2.317680250000000233e+05 -2.387002999999999986e+01
2.317681000000000058e+05 -2.034734999999999872e+01
2.317681750000000175e+05 -2.555779000000000067e+01
2.317682500000000000e+05 -2.270546999999999827e+01
2.317683250000000116e+05 -2.348742999999999981e+01
2.317684000000000233e+05 -2.677177000000000007e+01
2.317684750000000058e+05 -2.460448999999999842e+01
2.317685500000000175e+05 -2.218515000000000015e+01
2.317686250000000000e+05 -2.141078999999999866e+01
2.317687000000000116e+05 -2.622710000000000008e+01
2.317687750000000233e+05 -2.347913000000000139e+01
2.317688500000000058e+05 -2.224649000000000143e+01
2.317689250000000175e+05 -2.177734999999999843e+01
2.317690000000000000e+05 -2.169320000000000093e+01
2.317690750000000116e+05 -2.560415000000000063e+01
2.317691500000000233e+05 -2.445733999999999853e+01
2.317692250000000058e+05 -1.931093999999999866e+01
2.317693000000000175e+05 -2.300075000000000003e+01
2.317693750000000000e+05 -2.517987000000000108e+01
2.317694500000000116e+05 -2.147344999999999970e+01
