# Temperature: None K
2.318268250000000116e+05 -1.784969999999999857e+01
2.318269000000000233e+05 -1.637013999999999925e+01
2.318269750000000058e+05 -1.792350000000000065e+01
2.318270500000000175e+05 -1.647728000000000037e+01
2.318271250000000000e+05 -1.647587000000000046e+01
2.318272000000000116e+05 -1.622945999999999955e+01
2.318272750000000233e+05 -1.806307999999999936e+01
2.318273500000000058e+05 -1.595589000000000013e+01
2.318274250000000175e+05 -1.639909000000000106e+01
2.318275000000000000e+05 -1.736653000000000091e+01
2.318275750000000116e+05 -1.527286999999999928e+01
2.318276500000000233e+05 -1.672200000000000131e+01
2.318277250000000058e+05 -1.711879000000000062e+01
2.318278000000000175e+05 -1.567981999999999942e+01
2.318278750000000000e+05 -1.610539999999999949e+01
2.318279500000000116e+05 -1.706256000000000128e+01
2.318280250000000233e+05 -1.564104000000000028e+01
2.318281000000000058e+05 -1.655236999999999981e+01
2.318281750000000175e+05 -1.778209000000000017e+01
2.318282500000000000e+05 -1.735872000000000170e+01
2.318283250000000116e+05 -1.594272999999999918e+01
2.318284000000000233e+05 -1.692278999999999911e+01
2.318284750000000058e+05 -1.552144000000000013e+01
2.318285500000000175e+05 -1.558787000000000056e+01
2.318286250000000000e+05 -1.678208000000000055e+01
2.318287000000000116e+05 -1.617055999999999827e+01
2.318287750000000233e+05 -1.669614999999999938e+01
2.318288500000000058e+05 -1.604924000000000106e+01
2.318289250000000175e+05 -1.582421000000000078e+01
2.318290000000000000e+05 -1.818103999999999942e+01
2.318290750000000116e+05 -1.623341999999999885e+01
2.318291500000000233e+05 -1.600020999999999916e+01
2.318292250000000058e+05 -1.756578000000000017e+01
2.318293000000000175e+05 -1.639898000000000167e+01
2.318293750000000000e+05 -1.610830999999999946e+01
2.318294500000000116e+05 -1.646130000000000138e+01
2.318295250000000233e+05 -1.610592000000000112e+01
2.318296000000000058e+05 -1.547594999999999921e+01
2.318296750000000175e+05 -1.589226000000000028e+01
2.318297500000000000e+05 -1.648178000000000054e+01
2.318298250000000116e+05 -1.732008000000000081e+01
2.318299000000000233e+05 -1.600675000000000026e+01
2.318299750000000058e+05 -1.521509999999999962e+01
2.318300500000000175e+05 -1.599912999999999919e+01
2.318301250000000000e+05 -1.656019999999999825e+01
2.318302000000000116e+05 -1.577743000000000073e+01
2.318302750000000233e+05 -1.684247999999999834e+01
2.318303500000000058e+05 -1.650993000000000066e+01
2.318304250000000175e+05 -1.546207000000000065e+01
2.318305000000000000e+05 -1.663627999999999929e+01
2.318305750000000116e+05 -1.852514000000000038e+01
2.318306500000000233e+05 -1.744725000000000037e+01
2.318307250000000058e+05 -1.612572000000000116e+01
2.318308000000000175e+05 -1.610407999999999973e+01
2.318308750000000000e+05 -1.593060000000000009e+01
2.318309500000000116e+05 -1.614107999999999876e+01
2.318310250000000233e+05 -1.872960000000000136e+01
2.318311000000000058e+05 -1.688032000000000110e+01
2.318311750000000175e+05 -1.668188999999999922e+01
2.318312500000000000e+05 -1.695022000000000162e+01
2.318313250000000116e+05 -1.641712000000000060e+01
2.318314000000000233e+05 -1.532222999999999935e+01
2.318314750000000058e+05 -1.414766999999999975e+01
2.318315500000000175e+05 -1.530729999999999968e+01
2.318316250000000000e+05 -1.599485999999999919e+01
2.318317000000000116e+05 -1.598409999999999975e+01
2.318317750000000233e+05 -1.688019999999999854e+01
2.318318500000000058e+05 -1.613589999999999947e+01
2.318319250000000175e+05 -1.617043999999999926e+01
2.318320000000000000e+05 -1.583240999999999943e+01
2.318320750000000116e+05 -1.477929999999999922e+01
2.318321500000000233e+05 -1.592253999999999969e+01
2.318322250000000058e+05 -1.743356999999999957e+01
2.318323000000000175e+05 -1.620784000000000091e+01
2.318323750000000000e+05 -1.621986000000000061e+01
2.318324500000000116e+05 -1.583878999999999948e+01
2.318325250000000233e+05 -1.688729000000000013e+01
2.318326000000000058e+05 -1.490901999999999994e+01
2.318326750000000175e+05 -1.451417000000000002e+01
2.318327500000000000e+05 -1.594126999999999938e+01
2.318328250000000116e+05 -1.789669999999999916e+01
2.318329000000000233e+05 -1.597400000000000020e+01
2.318329750000000058e+05 -1.564386000000000010e+01
2.318330500000000175e+05 -1.740217000000000169e+01
2.318331250000000000e+05 -1.506516000000000055e+01
2.318332000000000116e+05 -1.731083999999999889e+01
2.318332750000000233e+05 -1.680489999999999995e+01
2.318333500000000058e+05 -1.549056000000000033e+01
2.318334250000000175e+05 -1.578492999999999924e+01
2.318335000000000000e+05 -1.712093000000000131e+01
2.318335750000000116e+05 -1.608162000000000091e+01
2.318336500000000233e+05 -1.496781000000000006e+01
2.318337250000000058e+05 -1.664687999999999946e+01
2.318338000000000175e+05 -1.625222000000000122e+01
2.318338750000000000e+05 -1.665596000000000032e+01
2.318339500000000116e+05 -1.631096000000000146e+01
2.318340250000000233e+05 -1.539794999999999980e+01
2.318341000000000058e+05 -1.436358000000000068e+01
2.318341750000000175e+05 -1.512557999999999936e+01
2.318342500000000000e+05 -1.583480999999999916e+01
2.318343250000000116e+05 -1.555219999999999914e+01
2.318344000000000233e+05 -1.781653000000000020e+01
2.318344750000000058e+05 -1.698799999999999955e+01
2.318345500000000175e+05 -1.513940000000000019e+01
2.318346250000000000e+05 -1.538762999999999970e+01
2.318347000000000116e+05 -1.556601999999999997e+01
2.318347750000000233e+05 -1.564485999999999954e+01
2.318348500000000058e+05 -1.640945999999999927e+01
2.318349250000000175e+05 -1.487734999999999985e+01
2.318350000000000000e+05 -1.440152999999999928e+01
2.318350750000000116e+05 -1.576453000000000060e+01
2.318351500000000233e+05 -1.672804000000000002e+01
2.318352250000000058e+05 -1.457160000000000011e+01
2.318353000000000175e+05 -1.456678999999999924e+01
2.318353750000000000e+05 -1.499310999999999972e+01
2.318354500000000116e+05 -1.429532000000000025e+01
2.318355250000000233e+05 -1.389907000000000004e+01
2.318356000000000058e+05 -1.553115000000000023e+01
2.318356750000000175e+05 -1.655173999999999879e+01
2.318357500000000000e+05 -1.556269999999999953e+01
2.318358250000000116e+05 -1.494159999999999933e+01
2.318359000000000233e+05 -1.645423999999999864e+01
2.318359750000000058e+05 -1.484070999999999962e+01
2.318360500000000175e+05 -1.432853000000000065e+01
2.318361250000000000e+05 -1.517910999999999966e+01
2.318362000000000116e+05 -1.509224999999999994e+01
2.318362750000000233e+05 -1.501021000000000072e+01
2.318363500000000058e+05 -1.465788000000000046e+01
2.318364250000000175e+05 -1.445801999999999943e+01
2.318365000000000000e+05 -1.514324000000000048e+01
2.318365750000000116e+05 -1.501125000000000043e+01
2.318366500000000233e+05 -1.390858000000000061e+01
2.318367250000000058e+05 -1.485763000000000034e+01
2.318368000000000175e+05 -1.572401999999999944e+01
2.318368750000000000e+05 -1.353700000000000081e+01
2.318369500000000116e+05 -1.413455000000000084e+01
2.318370250000000233e+05 -1.600726999999999833e+01
2.318371000000000058e+05 -1.366633999999999993e+01
2.318371750000000175e+05 -1.445894999999999975e+01
2.318372500000000000e+05 -1.345903000000000027e+01
2.318373250000000116e+05 -1.314108000000000054e+01
2.318374000000000233e+05 -1.468346000000000018e+01
2.318374750000000058e+05 -1.352350000000000030e+01
2.318375500000000175e+05 -1.291938999999999993e+01
2.318376250000000000e+05 -1.462639000000000067e+01
2.318377000000000116e+05 -1.438194000000000017e+01
2.318377750000000233e+05 -1.303686000000000078e+01
2.318378500000000058e+05 -1.330363000000000007e+01
2.318379250000000175e+05 -1.293618999999999986e+01
2.318380000000000000e+05 -1.334028999999999954e+01
2.318380750000000116e+05 -1.264555999999999969e+01
2.318381500000000233e+05 -1.302718999999999916e+01
2.318382250000000058e+05 -1.267895000000000039e+01
2.318383000000000175e+05 -1.186213000000000051e+01
2.318383750000000000e+05 -1.359210000000000029e+01
2.318384500000000116e+05 -1.449005000000000010e+01
2.318385250000000233e+05 -1.336993999999999971e+01
2.318386000000000058e+05 -1.390221000000000018e+01
2.318386750000000175e+05 -1.300651000000000046e+01
2.318387500000000000e+05 -1.293201999999999963e+01
2.318388250000000116e+05 -1.164695999999999998e+01
2.318389000000000233e+05 -1.163862999999999914e+01
2.318389750000000058e+05 -1.158100999999999914e+01
2.318390500000000175e+05 -1.227138000000000062e+01
2.318391250000000000e+05 -1.229180000000000028e+01
2.318392000000000116e+05 -1.172888999999999982e+01
2.318392750000000233e+05 -1.161973000000000056e+01
2.318393500000000058e+05 -1.155513999999999974e+01
2.318394250000000175e+05 -1.113199000000000005e+01
2.318395000000000000e+05 -1.087931000000000026e+01
2.318395750000000116e+05 -9.944610000000000838e+00
2.318396500000000233e+05 -1.136936999999999998e+01
2.318397250000000058e+05 -1.148900000000000077e+01
2.318398000000000175e+05 -1.135584000000000060e+01
2.318398750000000000e+05 -1.060893000000000086e+01
2.318399500000000116e+05 -1.007114999999999938e+01
2.318400250000000233e+05 -9.277148999999999646e+00
2.318401000000000058e+05 -9.840989000000000431e+00
2.318401750000000175e+05 -1.090864999999999974e+01
2.318402500000000000e+05 -9.098753000000000313e+00
2.318403250000000116e+05 -1.008777000000000079e+01
2.318404000000000233e+05 -9.178271000000000512e+00
2.318404750000000058e+05 -9.317111999999999838e+00
2.318405500000000175e+05 -9.059065999999999619e+00
2.318406250000000000e+05 -8.708197000000000187e+00
2.318407000000000116e+05 -7.772800000000000153e+00
2.318407750000000233e+05 -8.098879999999999413e+00
2.318408500000000058e+05 -8.141192000000000206e+00
2.318409250000000175e+05 -8.257082000000000477e+00
2.318410000000000000e+05 -8.146440999999999377e+00
2.318410750000000116e+05 -8.145507999999999527e+00
2.318411500000000233e+05 -7.443052999999999919e+00
2.318412250000000058e+05 -7.510677000000000270e+00
2.318413000000000175e+05 -7.713941000000000159e+00
2.318413750000000000e+05 -7.294277000000000122e+00
2.318414500000000116e+05 -6.764719000000000371e+00
2.318415250000000233e+05 -7.575406000000000084e+00
2.318416000000000058e+05 -7.917235999999999940e+00
2.318416750000000175e+05 -7.609918000000000404e+00
2.318417500000000000e+05 -8.964931999999999235e+00
2.318418250000000116e+05 -8.217757000000000644e+00
2.318419000000000233e+05 -8.642037999999999442e+00
2.318419750000000058e+05 -1.004457000000000022e+01
2.318420500000000175e+05 -1.065914000000000073e+01
2.318421250000000000e+05 -1.134127999999999936e+01
2.318422000000000116e+05 -1.288397999999999932e+01
2.318422750000000233e+05 -1.482049999999999912e+01
2.318423500000000058e+05 -1.544326000000000043e+01
2.318424250000000175e+05 -1.700912999999999897e+01
2.318425000000000000e+05 -1.842400999999999911e+01
2.318425750000000116e+05 -2.353344999999999843e+01
2.318426500000000233e+05 -2.933209000000000088e+01
2.318427250000000058e+05 -2.451245000000000118e+01
2.318428000000000175e+05 -2.767282000000000153e+01
2.318428750000000000e+05 -2.596638000000000090e+01
2.318429500000000116e+05 -2.381219000000000108e+01
2.318430250000000233e+05 -2.788782000000000139e+01
2.318431000000000058e+05 -3.137624999999999886e+01
2.318431750000000175e+05 -3.223344000000000165e+01
2.318432500000000000e+05 -3.252716999999999814e+01
2.318433250000000116e+05 -4.264359999999999928e+01
2.318434000000000233e+05 -2.920814999999999984e+01
2.318434750000000058e+05 -3.370942000000000149e+01
2.318435500000000175e+05 -3.139530999999999850e+01
2.318436250000000000e+05 -3.237154000000000309e+01
2.318437000000000116e+05 -3.669633000000000322e+01
2.318437750000000233e+05 -4.568146000000000129e+01
2.318438500000000058e+05 -2.760041999999999973e+01
2.318439250000000175e+05 -2.786060000000000159e+01
2.318440000000000000e+05 -2.493358999999999881e+01
2.318440750000000116e+05 -2.539116999999999891e+01
2.318441500000000233e+05 -3.894579999999999842e+01
2.318442250000000058e+05 -2.424361999999999995e+01
2.318443000000000175e+05 -3.241422000000000025e+01
2.318443750000000000e+05 -2.465757999999999939e+01
2.318444500000000116e+05 -2.487137999999999849e+01
2.318445250000000233e+05 -2.951642999999999972e+01
2.318446000000000058e+05 -3.057000000000000028e+01
2.318446750000000175e+05 -3.397487999999999886e+01
2.318447500000000000e+05 -3.033742000000000161e+01
2.318448250000000116e+05 -2.754419000000000040e+01
2.318449000000000233e+05 -2.189673000000000158e+01
2.318449750000000058e+05 -2.207432999999999979e+01
2.318450500000000175e+05 -2.305329000000000050e+01
2.318451250000000000e+05 -2.382481999999999900e+01
2.318452000000000116e+05 -2.734481999999999857e+01
2.318452750000000233e+05 -2.202615000000000123e+01
2.318453500000000058e+05 -2.218030999999999864e+01
2.318454250000000175e+05 -2.111183000000000121e+01
2.318455000000000000e+05 -2.355499000000000009e+01
2.318455750000000116e+05 -2.585991999999999891e+01
2.318456500000000233e+05 -2.448557999999999879e+01
2.318457250000000058e+05 -2.293161999999999878e+01
2.318458000000000175e+05 -2.313965999999999923e+01
2.318458750000000000e+05 -2.424328999999999823e+01
2.318459500000000116e+05 -2.483007999999999882e+01
2.318460250000000233e+05 -2.125562000000000040e+01
2.318461000000000058e+05 -2.535895000000000010e+01
2.318461750000000175e+05 -2.169489000000000090e+01
2.318462500000000000e+05 -2.263631000000000171e+01
2.318463250000000116e+05 -2.229748999999999981e+01
2.318464000000000233e+05 -2.210157999999999845e+01
2.318464750000000058e+05 -2.178344999999999843e+01
2.318465500000000175e+05 -2.283905000000000030e+01
2.318466250000000000e+05 -2.481190000000000140e+01
2.318467000000000116e+05 -2.023533000000000115e+01
2.318467750000000233e+05 -2.183097000000000065e+01
2.318468500000000058e+05 -2.248412000000000077e+01
2.318469250000000175e+05 -2.375123999999999924e+01
2.318470000000000000e+05 -2.196235000000000070e+01
2.318470750000000116e+05 -2.240419999999999945e+01
2.318471500000000233e+05 -1.997068000000000154e+01
2.318472250000000058e+05 -2.130158000000000129e+01
2.318473000000000175e+05 -2.105697999999999936e+01
2.318473750000000000e+05 -2.017025999999999897e+01
2.318474500000000116e+05 -2.189125999999999905e+01
2.318475250000000233e+05 -2.234758000000000067e+01
2.318476000000000058e+05 -2.268762999999999863e+01
2.318476750000000175e+05 -2.063691000000000031e+01
2.318477500000000000e+05 -2.187180999999999997e+01
2.318478250000000116e+05 -2.163467999999999947e+01
2.318479000000000233e+05 -1.870560000000000045e+01
2.318479750000000058e+05 -2.109550000000000125e+01
2.318480500000000175e+05 -2.048181999999999903e+01
2.318481250000000000e+05 -2.033824999999999861e+01
2.318482000000000116e+05 -2.400842000000000098e+01
2.318482750000000233e+05 -2.145019999999999882e+01
2.318483500000000058e+05 -2.144851999999999848e+01
2.318484250000000175e+05 -2.246921999999999997e+01
2.318485000000000000e+05 -1.897877000000000081e+01
2.318485750000000116e+05 -2.314391000000000176e+01
2.318486500000000233e+05 -2.003933999999999926e+01
2.318487250000000058e+05 -2.203044999999999831e+01
2.318488000000000175e+05 -2.170026999999999973e+01
2.318488750000000000e+05 -2.148500999999999905e+01
2.318489500000000116e+05 -1.905622999999999934e+01
2.318490250000000233e+05 -1.971234000000000108e+01
2.318491000000000058e+05 -1.854538000000000153e+01
2.318491750000000175e+05 -2.085152000000000072e+01
2.318492500000000000e+05 -2.185422000000000153e+01
2.318493250000000116e+05 -2.051098999999999961e+01
2.318494000000000233e+05 -1.976386000000000109e+01
2.318494750000000058e+05 -2.194597999999999871e+01
2.318495500000000175e+05 -2.118631999999999849e+01
2.318496250000000000e+05 -1.992426000000000030e+01
2.318497000000000116e+05 -2.114505000000000123e+01
2.318497750000000233e+05 -1.960911000000000115e+01
2.318498500000000058e+05 -2.050326000000000093e+01
2.318499250000000175e+05 -2.412922999999999973e+01
2.318500000000000000e+05 -2.115015000000000001e+01
2.318500750000000116e+05 -2.034466000000000108e+01
2.318501500000000233e+05 -1.892661999999999978e+01
2.318502250000000058e+05 -1.926073999999999842e+01
2.318503000000000175e+05 -1.917155999999999949e+01
2.318503750000000000e+05 -2.101489000000000118e+01
2.318504500000000116e+05 -1.975660999999999845e+01
2.318505250000000233e+05 -2.017344999999999899e+01
2.318506000000000058e+05 -1.973029999999999973e+01
2.318506750000000175e+05 -2.067113000000000156e+01
2.318507500000000000e+05 -2.157560000000000144e+01
2.318508250000000116e+05 -2.235727999999999938e+01
2.318509000000000233e+05 -2.201955999999999847e+01
2.318509750000000058e+05 -1.857572000000000045e+01
2.318510500000000175e+05 -2.112165999999999855e+01
2.318511250000000000e+05 -2.193793000000000148e+01
2.318512000000000116e+05 -1.931613000000000113e+01
2.318512750000000233e+05 -1.972109999999999985e+01
2.318513500000000058e+05 -1.785389999999999944e+01
2.318514250000000175e+05 -2.245475000000000065e+01
2.318515000000000000e+05 -2.041908000000000101e+01
2.318515750000000116e+05 -1.993532000000000082e+01
2.318516500000000233e+05 -1.804774000000000100e+01
2.318517250000000058e+05 -1.843485000000000085e+01
2.318518000000000175e+05 -1.987290000000000134e+01
2.318518750000000000e+05 -2.002317000000000036e+01
2.318519500000000116e+05 -1.904545999999999850e+01
2.318520250000000233e+05 -1.934840000000000160e+01
2.318521000000000058e+05 -1.975077999999999889e+01
2.318521750000000175e+05 -1.978638000000000119e+01
2.318522500000000000e+05 -1.837510999999999939e+01
2.318523250000000116e+05 -1.838430999999999926e+01
2.318524000000000233e+05 -2.031662999999999997e+01
2.318524750000000058e+05 -1.825981000000000165e+01
2.318525500000000175e+05 -2.031736000000000075e+01
2.318526250000000000e+05 -2.045606000000000080e+01
2.318527000000000116e+05 -1.995177999999999940e+01
2.318527750000000233e+05 -1.875506000000000029e+01
2.318528500000000058e+05 -2.017639000000000138e+01
2.318529250000000175e+05 -1.990127999999999986e+01
2.318530000000000000e+05 -1.778750000000000142e+01
2.318530750000000116e+05 -2.012334999999999852e+01
2.318531500000000233e+05 -2.087008000000000152e+01
2.318532250000000058e+05 -2.068616000000000099e+01
2.318533000000000175e+05 -1.901211999999999946e+01
2.318533750000000000e+05 -1.960135000000000005e+01
2.318534500000000116e+05 -1.884233000000000047e+01
2.318535250000000233e+05 -1.954101999999999961e+01
2.318536000000000058e+05 -1.734044000000000096e+01
2.318536750000000175e+05 -2.222253999999999863e+01
2.318537500000000000e+05 -2.091439000000000092e+01
2.318538250000000116e+05 -2.158795999999999893e+01
2.318539000000000233e+05 -2.066753999999999891e+01
2.318539750000000058e+05 -2.068872999999999962e+01
2.318540500000000175e+05 -2.274215999999999838e+01
2.318541250000000000e+05 -2.022915000000000063e+01
2.318542000000000116e+05 -1.956541999999999959e+01
2.318542750000000233e+05 -1.900620999999999938e+01
2.318543500000000058e+05 -1.912479000000000084e+01
2.318544250000000175e+05 -1.864207000000000036e+01
2.318545000000000000e+05 -1.899799000000000149e+01
2.318545750000000116e+05 -1.877661000000000158e+01
2.318546500000000233e+05 -1.790428999999999959e+01
2.318547250000000058e+05 -2.069216000000000122e+01
2.318548000000000175e+05 -2.147376999999999825e+01
2.318548750000000000e+05 -1.966262000000000043e+01
2.318549500000000116e+05 -1.921625999999999834e+01
2.318550250000000233e+05 -1.944482999999999961e+01
2.318551000000000058e+05 -1.927281999999999940e+01
2.318551750000000175e+05 -1.998158000000000101e+01
2.318552500000000000e+05 -1.861456000000000088e+01
2.318553250000000116e+05 -1.846996000000000038e+01
2.318554000000000233e+05 -1.929468999999999923e+01
2.318554750000000058e+05 -1.888808999999999827e+01
2.318555500000000175e+05 -1.830960999999999927e+01
2.318556250000000000e+05 -1.836456000000000088e+01
2.318557000000000116e+05 -2.155810999999999922e+01
2.318557750000000233e+05 -2.135840999999999923e+01
2.318558500000000058e+05 -2.219962999999999909e+01
2.318559250000000175e+05 -2.088375999999999877e+01
2.318560000000000000e+05 -2.241234999999999999e+01
2.318560750000000116e+05 -1.962923999999999936e+01
2.318561500000000233e+05 -1.850488000000000000e+01
2.318562250000000058e+05 -2.012681999999999860e+01
2.318563000000000175e+05 -1.848451000000000022e+01
2.318563750000000000e+05 -1.877806999999999960e+01
2.318564500000000116e+05 -2.042154000000000025e+01
2.318565250000000233e+05 -1.881283000000000172e+01
2.318566000000000058e+05 -1.840679000000000087e+01
2.318566750000000175e+05 -2.028425999999999974e+01
2.318567500000000000e+05 -2.026876999999999995e+01
2.318568250000000116e+05 -1.860409999999999897e+01
