# Temperature: None K
2.317882000000000116e+05 -1.729812000000000083e+01
2.317882750000000233e+05 -1.707046000000000063e+01
2.317883500000000058e+05 -1.853519000000000005e+01
2.317884250000000175e+05 -1.854749999999999943e+01
2.317885000000000000e+05 -1.701567000000000007e+01
2.317885750000000116e+05 -1.711101000000000028e+01
2.317886500000000233e+05 -1.649026999999999887e+01
2.317887250000000058e+05 -1.641606000000000165e+01
2.317888000000000175e+05 -1.757194000000000145e+01
2.317888750000000000e+05 -1.657617000000000118e+01
2.317889500000000116e+05 -1.739933999999999870e+01
2.317890250000000233e+05 -1.593357999999999919e+01
2.317891000000000058e+05 -1.725828999999999880e+01
2.317891750000000175e+05 -1.538227000000000011e+01
2.317892500000000000e+05 -1.707058999999999926e+01
2.317893250000000116e+05 -1.631190000000000140e+01
2.317894000000000233e+05 -1.625009999999999977e+01
2.317894750000000058e+05 -1.678481000000000023e+01
2.317895500000000175e+05 -1.754692999999999969e+01
2.317896250000000000e+05 -1.757645000000000124e+01
2.317897000000000116e+05 -1.648603999999999914e+01
2.317897750000000233e+05 -2.153324999999999889e+01
2.317898500000000058e+05 -1.635217000000000098e+01
2.317899250000000175e+05 -1.765342000000000056e+01
2.317900000000000000e+05 -1.745206999999999908e+01
2.317900750000000116e+05 -1.742691999999999908e+01
2.317901500000000233e+05 -1.659768000000000043e+01
2.317902250000000058e+05 -1.534026000000000067e+01
2.317903000000000175e+05 -1.611464000000000141e+01
2.317903750000000000e+05 -1.773227999999999938e+01
2.317904500000000116e+05 -1.684947999999999979e+01
2.317905250000000233e+05 -1.814085999999999999e+01
2.317906000000000058e+05 -1.619293000000000049e+01
2.317906750000000175e+05 -1.641769999999999996e+01
2.317907500000000000e+05 -1.641038999999999959e+01
2.317908250000000116e+05 -1.689333999999999847e+01
2.317909000000000233e+05 -1.579676000000000080e+01
2.317909750000000058e+05 -1.990322000000000102e+01
2.317910500000000175e+05 -1.625808999999999926e+01
2.317911250000000000e+05 -1.589561999999999919e+01
2.317912000000000116e+05 -1.718933000000000177e+01
2.317912750000000233e+05 -1.682278000000000162e+01
2.317913500000000058e+05 -1.567492999999999981e+01
2.317914250000000175e+05 -1.631403999999999854e+01
2.317915000000000000e+05 -1.652524000000000015e+01
2.317915750000000116e+05 -1.534651999999999994e+01
2.317916500000000233e+05 -1.756935000000000002e+01
2.317917250000000058e+05 -1.898936000000000135e+01
2.317918000000000175e+05 -1.683574000000000126e+01
2.317918750000000000e+05 -1.613354999999999961e+01
2.317919500000000116e+05 -1.736586000000000141e+01
2.317920250000000233e+05 -1.656356999999999857e+01
2.317921000000000058e+05 -1.627110000000000056e+01
2.317921750000000175e+05 -1.728515000000000157e+01
2.317922500000000000e+05 -1.631211000000000055e+01
2.317923250000000116e+05 -1.591483999999999988e+01
2.317924000000000233e+05 -1.565465000000000018e+01
2.317924750000000058e+05 -1.600842000000000098e+01
2.317925500000000175e+05 -1.773344000000000165e+01
2.317926250000000000e+05 -1.879863999999999891e+01
2.317927000000000116e+05 -1.756650000000000134e+01
2.317927750000000233e+05 -1.663119000000000014e+01
2.317928500000000058e+05 -1.530369999999999919e+01
2.317929250000000175e+05 -1.816438000000000130e+01
2.317930000000000000e+05 -1.571289999999999942e+01
2.317930750000000116e+05 -1.760334999999999894e+01
2.317931500000000233e+05 -1.813853999999999900e+01
2.317932250000000058e+05 -1.642438999999999893e+01
2.317933000000000175e+05 -1.817576000000000036e+01
2.317933750000000000e+05 -1.531767999999999930e+01
2.317934500000000116e+05 -1.856223999999999918e+01
2.317935250000000233e+05 -1.547156000000000020e+01
2.317936000000000058e+05 -1.537693999999999939e+01
2.317936750000000175e+05 -1.492779999999999951e+01
2.317937500000000000e+05 -1.571382999999999974e+01
2.317938250000000116e+05 -1.528487999999999936e+01
2.317939000000000233e+05 -1.630603999999999942e+01
2.317939750000000058e+05 -1.629393999999999920e+01
2.317940500000000175e+05 -1.514546999999999954e+01
2.317941250000000000e+05 -1.576553999999999967e+01
2.317942000000000116e+05 -1.449658999999999942e+01
2.317942750000000233e+05 -1.568201999999999963e+01
2.317943500000000058e+05 -1.631888000000000005e+01
2.317944250000000175e+05 -2.008799000000000134e+01
2.317945000000000000e+05 -1.504097999999999935e+01
2.317945750000000116e+05 -1.630450000000000088e+01
2.317946500000000233e+05 -1.671320000000000050e+01
2.317947250000000058e+05 -1.612120000000000175e+01
2.317948000000000175e+05 -1.584878999999999927e+01
2.317948750000000000e+05 -1.441319000000000017e+01
2.317949500000000116e+05 -1.721929000000000087e+01
2.317950250000000233e+05 -1.644031999999999982e+01
2.317951000000000058e+05 -1.520837000000000039e+01
2.317951750000000175e+05 -1.491324000000000005e+01
2.317952500000000000e+05 -1.493312000000000062e+01
2.317953250000000116e+05 -1.710125999999999991e+01
2.317954000000000233e+05 -1.710822999999999894e+01
2.317954750000000058e+05 -1.662860999999999834e+01
2.317955500000000175e+05 -1.632546999999999926e+01
2.317956250000000000e+05 -1.565961000000000070e+01
2.317957000000000116e+05 -1.665719999999999956e+01
2.317957750000000233e+05 -1.542831999999999937e+01
2.317958500000000058e+05 -1.475140999999999991e+01
2.317959250000000175e+05 -1.690466999999999942e+01
2.317960000000000000e+05 -1.459558000000000000e+01
2.317960750000000116e+05 -1.670492000000000132e+01
2.317961500000000233e+05 -1.663812000000000069e+01
2.317962250000000058e+05 -1.459258999999999951e+01
2.317963000000000175e+05 -1.396701000000000015e+01
2.317963750000000000e+05 -1.416201000000000043e+01
2.317964500000000116e+05 -1.537418000000000085e+01
2.317965250000000233e+05 -1.479744999999999955e+01
2.317966000000000058e+05 -1.621780000000000044e+01
2.317966750000000175e+05 -1.546490000000000009e+01
2.317967500000000000e+05 -1.660219000000000023e+01
2.317968250000000116e+05 -1.581480999999999959e+01
2.317969000000000233e+05 -1.850399000000000171e+01
2.317969750000000058e+05 -1.672196999999999889e+01
2.317970500000000175e+05 -1.509923000000000037e+01
2.317971250000000000e+05 -1.571386000000000038e+01
2.317972000000000116e+05 -1.584328000000000003e+01
2.317972750000000233e+05 -1.476380999999999943e+01
2.317973500000000058e+05 -1.514934000000000047e+01
2.317974250000000175e+05 -1.469987000000000066e+01
2.317975000000000000e+05 -1.449227999999999916e+01
2.317975750000000116e+05 -1.555494999999999983e+01
2.317976500000000233e+05 -1.698733999999999966e+01
2.317977250000000058e+05 -1.516315999999999953e+01
2.317978000000000175e+05 -1.447039999999999971e+01
2.317978750000000000e+05 -1.552802999999999933e+01
2.317979500000000116e+05 -1.523973999999999940e+01
2.317980250000000233e+05 -1.562269000000000041e+01
2.317981000000000058e+05 -1.585233999999999988e+01
2.317981750000000175e+05 -1.536508000000000074e+01
2.317982500000000000e+05 -1.366526999999999958e+01
2.317983250000000116e+05 -1.710991999999999891e+01
2.317984000000000233e+05 -1.446988999999999947e+01
2.317984750000000058e+05 -1.442168999999999990e+01
2.317985500000000175e+05 -1.430315000000000047e+01
2.317986250000000000e+05 -1.405979999999999919e+01
2.317987000000000116e+05 -1.306874999999999964e+01
2.317987750000000233e+05 -1.406353999999999971e+01
2.317988500000000058e+05 -1.421232999999999969e+01
2.317989250000000175e+05 -1.412268000000000079e+01
2.317990000000000000e+05 -1.449760999999999989e+01
2.317990750000000116e+05 -1.467162000000000077e+01
2.317991500000000233e+05 -1.448747000000000007e+01
2.317992250000000058e+05 -1.524466999999999928e+01
2.317993000000000175e+05 -1.405852999999999930e+01
2.317993750000000000e+05 -1.411799000000000071e+01
2.317994500000000116e+05 -1.479091999999999985e+01
2.317995250000000233e+05 -1.463638000000000083e+01
2.317996000000000058e+05 -1.336594000000000015e+01
2.317996750000000175e+05 -1.364062000000000019e+01
2.317997500000000000e+05 -1.465714000000000006e+01
2.317998250000000116e+05 -1.404349999999999987e+01
2.317999000000000233e+05 -1.316033000000000008e+01
2.317999750000000058e+05 -1.288053000000000026e+01
2.318000500000000175e+05 -1.419699999999999918e+01
2.318001250000000000e+05 -1.308647000000000027e+01
2.318002000000000116e+05 -1.331101999999999919e+01
2.318002750000000233e+05 -1.375140999999999991e+01
2.318003500000000058e+05 -1.417585000000000051e+01
2.318004250000000175e+05 -1.367916999999999916e+01
2.318005000000000000e+05 -1.246400000000000041e+01
2.318005750000000116e+05 -1.337203000000000053e+01
2.318006500000000233e+05 -1.362203000000000053e+01
2.318007250000000058e+05 -1.417503999999999920e+01
2.318008000000000175e+05 -1.342001999999999917e+01
2.318008750000000000e+05 -1.383576000000000050e+01
2.318009500000000116e+05 -1.308802999999999983e+01
2.318010250000000233e+05 -1.284685999999999950e+01
2.318011000000000058e+05 -1.137467000000000006e+01
2.318011750000000175e+05 -1.268693000000000026e+01
2.318012500000000000e+05 -1.231711999999999918e+01
2.318013250000000116e+05 -1.252863999999999933e+01
2.318014000000000233e+05 -1.169101000000000035e+01
2.318014750000000058e+05 -1.156295000000000073e+01
2.318015500000000175e+05 -1.229668000000000028e+01
2.318016250000000000e+05 -1.166614000000000040e+01
2.318017000000000116e+05 -1.168003999999999998e+01
2.318017750000000233e+05 -1.251373000000000069e+01
2.318018500000000058e+05 -1.156798000000000037e+01
2.318019250000000175e+05 -1.021510999999999925e+01
2.318020000000000000e+05 -1.044533999999999985e+01
2.318020750000000116e+05 -1.139981000000000044e+01
2.318021500000000233e+05 -1.144697000000000031e+01
2.318022250000000058e+05 -1.101018000000000008e+01
2.318023000000000175e+05 -1.069116999999999962e+01
2.318023750000000000e+05 -1.002041999999999966e+01
2.318024500000000116e+05 -1.071396000000000015e+01
2.318025250000000233e+05 -1.032573999999999970e+01
2.318026000000000058e+05 -9.616673000000000471e+00
2.318026750000000175e+05 -1.039653000000000027e+01
2.318027500000000000e+05 -9.946315000000000239e+00
2.318028250000000116e+05 -9.429909000000000319e+00
2.318029000000000233e+05 -9.764333999999999847e+00
2.318029750000000058e+05 -9.062317999999999429e+00
2.318030500000000175e+05 -9.160598999999999492e+00
2.318031250000000000e+05 -9.932710999999999402e+00
2.318032000000000116e+05 -9.470869000000000426e+00
2.318032750000000233e+05 -1.003375999999999912e+01
2.318033500000000058e+05 -9.738433999999999813e+00
2.318034250000000175e+05 -8.985072000000000614e+00
2.318035000000000000e+05 -9.126841000000000648e+00
2.318035750000000116e+05 -1.022939000000000043e+01
2.318036500000000233e+05 -9.990735000000000809e+00
2.318037250000000058e+05 -1.055433000000000021e+01
2.318038000000000175e+05 -1.041070999999999991e+01
2.318038750000000000e+05 -1.129701000000000022e+01
2.318039500000000116e+05 -1.021550000000000047e+01
2.318040250000000233e+05 -1.349028000000000027e+01
2.318041000000000058e+05 -1.333957000000000015e+01
2.318041750000000175e+05 -1.375212999999999930e+01
2.318042500000000000e+05 -1.611565999999999832e+01
2.318043250000000116e+05 -1.569182999999999950e+01
2.318044000000000233e+05 -1.879570999999999970e+01
2.318044750000000058e+05 -1.989752000000000010e+01
2.318045500000000175e+05 -2.238725000000000165e+01
2.318046250000000000e+05 -2.165405000000000157e+01
2.318047000000000116e+05 -2.077534999999999954e+01
2.318047750000000233e+05 -2.867630000000000123e+01
2.318048500000000058e+05 -2.580698999999999899e+01
2.318049250000000175e+05 -2.129512000000000072e+01
2.318050000000000000e+05 -2.147436000000000078e+01
2.318050750000000116e+05 -2.702618999999999971e+01
2.318051500000000233e+05 -2.815589999999999904e+01
2.318052250000000058e+05 -2.347576000000000107e+01
2.318053000000000175e+05 -2.765765999999999991e+01
2.318053750000000000e+05 -2.632786000000000115e+01
2.318054500000000116e+05 -2.856654999999999944e+01
2.318055250000000233e+05 -4.068802000000000163e+01
2.318056000000000058e+05 -3.341429000000000116e+01
2.318056750000000175e+05 -3.205458000000000141e+01
2.318057500000000000e+05 -3.068743999999999872e+01
2.318058250000000116e+05 -2.927779999999999916e+01
2.318059000000000233e+05 -2.699454000000000065e+01
2.318059750000000058e+05 -2.925423999999999936e+01
2.318060500000000175e+05 -2.918053000000000097e+01
2.318061250000000000e+05 -3.530910000000000082e+01
2.318062000000000116e+05 -2.957539999999999836e+01
2.318062750000000233e+05 -2.556118000000000023e+01
2.318063500000000058e+05 -3.060763000000000034e+01
2.318064250000000175e+05 -2.490521999999999991e+01
2.318065000000000000e+05 -2.727356999999999942e+01
2.318065750000000116e+05 -2.572195999999999927e+01
2.318066500000000233e+05 -2.777293999999999841e+01
2.318067250000000058e+05 -2.808277000000000001e+01
2.318068000000000175e+05 -2.452727000000000146e+01
2.318068750000000000e+05 -2.618954000000000093e+01
2.318069500000000116e+05 -2.439762999999999948e+01
2.318070250000000233e+05 -2.497404999999999831e+01
2.318071000000000058e+05 -2.349665999999999855e+01
2.318071750000000175e+05 -2.662305999999999884e+01
2.318072500000000000e+05 -2.604766000000000048e+01
2.318073250000000116e+05 -2.525630999999999915e+01
2.318074000000000233e+05 -2.194415000000000049e+01
2.318074750000000058e+05 -2.621826000000000079e+01
2.318075500000000175e+05 -2.463581999999999894e+01
2.318076250000000000e+05 -2.966163999999999845e+01
2.318077000000000116e+05 -2.149236000000000146e+01
2.318077750000000233e+05 -2.674821000000000026e+01
2.318078500000000058e+05 -2.121501999999999910e+01
2.318079250000000175e+05 -2.272178999999999860e+01
2.318080000000000000e+05 -2.832682000000000144e+01
2.318080750000000116e+05 -2.303111000000000175e+01
2.318081500000000233e+05 -2.056285000000000096e+01
2.318082250000000058e+05 -2.737452000000000041e+01
2.318083000000000175e+05 -2.463782000000000139e+01
2.318083750000000000e+05 -2.132377999999999929e+01
2.318084500000000116e+05 -2.324700999999999951e+01
2.318085250000000233e+05 -2.100113999999999947e+01
2.318086000000000058e+05 -2.241760999999999981e+01
2.318086750000000175e+05 -2.205405000000000015e+01
2.318087500000000000e+05 -2.063087000000000160e+01
2.318088250000000116e+05 -2.137737999999999872e+01
2.318089000000000233e+05 -2.308557000000000059e+01
2.318089750000000058e+05 -1.977167999999999992e+01
2.318090500000000175e+05 -2.092948000000000164e+01
2.318091250000000000e+05 -2.173554000000000030e+01
2.318092000000000116e+05 -2.451648000000000138e+01
2.318092750000000233e+05 -1.810555000000000092e+01
2.318093500000000058e+05 -2.242961000000000027e+01
2.318094250000000175e+05 -2.108548000000000044e+01
2.318095000000000000e+05 -2.175122999999999962e+01
2.318095750000000116e+05 -2.028216000000000108e+01
2.318096500000000233e+05 -1.944766999999999868e+01
2.318097250000000058e+05 -2.535297999999999874e+01
2.318098000000000175e+05 -2.287145999999999901e+01
2.318098750000000000e+05 -2.090127000000000024e+01
2.318099500000000116e+05 -2.312760000000000105e+01
2.318100250000000233e+05 -2.175203000000000131e+01
2.318101000000000058e+05 -2.191556999999999888e+01
2.318101750000000175e+05 -2.153126999999999924e+01
2.318102500000000000e+05 -2.114234000000000080e+01
2.318103250000000116e+05 -1.813869000000000042e+01
2.318104000000000233e+05 -2.079832999999999998e+01
2.318104750000000058e+05 -1.985339000000000098e+01
2.318105500000000175e+05 -2.604939999999999856e+01
2.318106250000000000e+05 -2.024343000000000004e+01
2.318107000000000116e+05 -1.917952999999999975e+01
2.318107750000000233e+05 -2.243751999999999924e+01
2.318108500000000058e+05 -2.126012000000000057e+01
2.318109250000000175e+05 -2.149597999999999942e+01
2.318110000000000000e+05 -1.933958000000000155e+01
2.318110750000000116e+05 -1.997653999999999996e+01
2.318111500000000233e+05 -2.215390999999999977e+01
2.318112250000000058e+05 -1.737490999999999985e+01
2.318113000000000175e+05 -2.170926000000000045e+01
2.318113750000000000e+05 -2.080977999999999994e+01
2.318114500000000116e+05 -2.355483999999999867e+01
2.318115250000000233e+05 -2.023379999999999868e+01
2.318116000000000058e+05 -2.108495999999999881e+01
2.318116750000000175e+05 -2.199977000000000160e+01
2.318117500000000000e+05 -1.922503999999999991e+01
2.318118250000000116e+05 -2.164386000000000010e+01
2.318119000000000233e+05 -2.098006000000000171e+01
2.318119750000000058e+05 -2.085681999999999903e+01
2.318120500000000175e+05 -2.230756999999999834e+01
2.318121250000000000e+05 -2.008598999999999890e+01
2.318122000000000116e+05 -2.093215000000000003e+01
2.318122750000000233e+05 -1.877257000000000176e+01
2.318123500000000058e+05 -2.077370000000000161e+01
2.318124250000000175e+05 -2.131081000000000003e+01
2.318125000000000000e+05 -2.172256000000000142e+01
2.318125750000000116e+05 -1.984200999999999837e+01
2.318126500000000233e+05 -2.279501000000000133e+01
2.318127250000000058e+05 -2.160283000000000087e+01
2.318128000000000175e+05 -1.892631000000000085e+01
2.318128750000000000e+05 -2.154626999999999981e+01
2.318129500000000116e+05 -1.875940999999999903e+01
2.318130250000000233e+05 -2.085427999999999926e+01
2.318131000000000058e+05 -1.941914999999999836e+01
2.318131750000000175e+05 -1.916564999999999941e+01
2.318132500000000000e+05 -1.590535999999999994e+01
2.318133250000000116e+05 -1.917240999999999929e+01
2.318134000000000233e+05 -1.825187999999999988e+01
2.318134750000000058e+05 -1.793215999999999966e+01
2.318135500000000175e+05 -2.059230000000000160e+01
2.318136250000000000e+05 -1.863047999999999860e+01
2.318137000000000116e+05 -1.991240000000000165e+01
2.318137750000000233e+05 -1.881700000000000017e+01
2.318138500000000058e+05 -1.814420000000000144e+01
2.318139250000000175e+05 -2.386235999999999891e+01
2.318140000000000000e+05 -2.032901999999999987e+01
2.318140750000000116e+05 -2.341234999999999999e+01
2.318141500000000233e+05 -1.978030000000000044e+01
2.318142250000000058e+05 -1.903903999999999996e+01
2.318143000000000175e+05 -1.996171999999999969e+01
2.318143750000000000e+05 -2.127152999999999849e+01
2.318144500000000116e+05 -1.905001000000000033e+01
2.318145250000000233e+05 -1.843843999999999994e+01
2.318146000000000058e+05 -2.091259000000000157e+01
2.318146750000000175e+05 -1.876513999999999882e+01
2.318147500000000000e+05 -1.790494999999999948e+01
2.318148250000000116e+05 -1.951481000000000066e+01
2.318149000000000233e+05 -1.731212999999999980e+01
2.318149750000000058e+05 -1.987515000000000143e+01
2.318150500000000175e+05 -1.957160999999999973e+01
2.318151250000000000e+05 -2.080225000000000080e+01
2.318152000000000116e+05 -1.924364999999999881e+01
2.318152750000000233e+05 -2.140550999999999959e+01
2.318153500000000058e+05 -1.975944000000000145e+01
2.318154250000000175e+05 -2.200760000000000005e+01
2.318155000000000000e+05 -1.976739999999999853e+01
2.318155750000000116e+05 -2.173504000000000147e+01
2.318156500000000233e+05 -2.088138999999999967e+01
2.318157250000000058e+05 -1.667490000000000094e+01
2.318158000000000175e+05 -1.903958000000000084e+01
2.318158750000000000e+05 -2.010575000000000045e+01
2.318159500000000116e+05 -1.861551000000000045e+01
2.318160250000000233e+05 -2.104917999999999978e+01
2.318161000000000058e+05 -2.195577000000000112e+01
2.318161750000000175e+05 -1.981453000000000131e+01
2.318162500000000000e+05 -1.787933999999999912e+01
2.318163250000000116e+05 -1.984761999999999915e+01
2.318164000000000233e+05 -1.946777000000000157e+01
2.318164750000000058e+05 -1.981683999999999912e+01
2.318165500000000175e+05 -1.902195999999999998e+01
2.318166250000000000e+05 -2.173019000000000034e+01
2.318167000000000116e+05 -1.993502000000000152e+01
2.318167750000000233e+05 -2.026492999999999967e+01
2.318168500000000058e+05 -2.109609000000000023e+01
2.318169250000000175e+05 -2.197177999999999898e+01
2.318170000000000000e+05 -2.052423999999999893e+01
2.318170750000000116e+05 -2.355052999999999841e+01
2.318171500000000233e+05 -1.831627999999999901e+01
2.318172250000000058e+05 -1.988247000000000142e+01
2.318173000000000175e+05 -2.087838999999999956e+01
2.318173750000000000e+05 -1.842250999999999905e+01
2.318174500000000116e+05 -1.907460999999999984e+01
2.318175250000000233e+05 -1.977052000000000120e+01
2.318176000000000058e+05 -2.126540999999999926e+01
2.318176750000000175e+05 -1.862228999999999957e+01
2.318177500000000000e+05 -1.793818999999999875e+01
2.318178250000000116e+05 -1.782706999999999908e+01
2.318179000000000233e+05 -1.797511000000000081e+01
2.318179750000000058e+05 -2.057056000000000040e+01
2.318180500000000175e+05 -1.947933000000000092e+01
2.318181250000000000e+05 -1.996173999999999893e+01
2.318182000000000116e+05 -1.949472000000000094e+01
