# Temperature: None K
2.318719750000000058e+05 -2.253321000000000041e+01
2.318720500000000175e+05 -2.089418999999999826e+01
2.318721250000000000e+05 -1.895309999999999917e+01
2.318722000000000116e+05 -1.779050000000000153e+01
2.318722749999999942e+05 -1.961844999999999928e+01
2.318723500000000058e+05 -1.775366999999999962e+01
2.318724250000000175e+05 -2.090733000000000175e+01
2.318725000000000000e+05 -2.146694000000000102e+01
2.318725750000000116e+05 -1.805753999999999948e+01
2.318726499999999942e+05 -1.813331000000000159e+01
2.318727250000000058e+05 -1.820633000000000123e+01
2.318728000000000175e+05 -1.902430999999999983e+01
2.318728750000000000e+05 -2.029973000000000027e+01
2.318729500000000116e+05 -1.955501999999999896e+01
2.318730249999999942e+05 -1.813438000000000017e+01
2.318731000000000058e+05 -1.918936000000000064e+01
2.318731750000000175e+05 -2.125981000000000165e+01
2.318732500000000000e+05 -2.253518000000000043e+01
2.318733250000000116e+05 -1.748030999999999935e+01
2.318733999999999942e+05 -1.877625000000000099e+01
2.318734750000000058e+05 -1.905385000000000062e+01
2.318735500000000175e+05 -1.701310000000000144e+01
2.318736250000000000e+05 -1.741736999999999824e+01
2.318737000000000116e+05 -1.847943000000000069e+01
2.318737749999999942e+05 -2.064604999999999890e+01
2.318738500000000058e+05 -1.905287999999999826e+01
2.318739250000000175e+05 -1.543316000000000088e+01
2.318740000000000000e+05 -1.940594000000000108e+01
2.318740750000000116e+05 -2.016218999999999895e+01
2.318741499999999942e+05 -1.833108000000000004e+01
2.318742250000000058e+05 -1.697373999999999938e+01
2.318743000000000175e+05 -2.047080000000000055e+01
2.318743750000000000e+05 -2.395408000000000115e+01
2.318744500000000116e+05 -1.879617000000000004e+01
2.318745249999999942e+05 -2.004474000000000089e+01
2.318746000000000058e+05 -2.035982999999999876e+01
2.318746750000000175e+05 -2.110604999999999976e+01
2.318747500000000000e+05 -1.863475000000000037e+01
2.318748250000000116e+05 -1.943384000000000000e+01
2.318748999999999942e+05 -1.960284000000000049e+01
2.318749750000000058e+05 -1.908287999999999940e+01
2.318750500000000175e+05 -2.221537999999999968e+01
2.318751250000000000e+05 -1.955234000000000094e+01
2.318752000000000116e+05 -1.783440999999999832e+01
2.318752749999999942e+05 -1.969153000000000020e+01
2.318753500000000058e+05 -1.968693999999999988e+01
2.318754250000000175e+05 -1.826281000000000176e+01
2.318755000000000000e+05 -1.778991999999999862e+01
2.318755750000000116e+05 -1.808648000000000167e+01
2.318756499999999942e+05 -1.851454000000000022e+01
2.318757250000000058e+05 -1.976087000000000060e+01
2.318758000000000175e+05 -1.693504000000000076e+01
2.318758750000000000e+05 -1.977973000000000070e+01
2.318759500000000116e+05 -1.969132000000000104e+01
2.318760249999999942e+05 -1.865785999999999945e+01
2.318761000000000058e+05 -1.954082999999999970e+01
2.318761750000000175e+05 -1.817558000000000007e+01
2.318762500000000000e+05 -2.235364999999999824e+01
2.318763250000000116e+05 -1.856522000000000006e+01
2.318763999999999942e+05 -1.921484999999999843e+01
2.318764750000000058e+05 -1.817531999999999925e+01
2.318765500000000175e+05 -1.740407000000000082e+01
2.318766250000000000e+05 -1.925504000000000104e+01
2.318767000000000116e+05 -1.855951999999999913e+01
2.318767749999999942e+05 -1.878442000000000078e+01
2.318768500000000058e+05 -2.174487999999999843e+01
2.318769250000000175e+05 -1.907057999999999964e+01
2.318770000000000000e+05 -1.911048999999999864e+01
2.318770750000000116e+05 -1.716842000000000112e+01
2.318771499999999942e+05 -1.821594999999999942e+01
2.318772250000000058e+05 -1.802653000000000105e+01
2.318773000000000175e+05 -1.885706000000000060e+01
2.318773750000000000e+05 -1.755138000000000176e+01
2.318774500000000116e+05 -1.913336999999999932e+01
2.318775249999999942e+05 -1.828853000000000151e+01
2.318776000000000058e+05 -1.801507000000000147e+01
2.318776750000000175e+05 -1.792343999999999937e+01
2.318777500000000000e+05 -1.885585999999999984e+01
2.318778250000000116e+05 -1.902537999999999840e+01
2.318778999999999942e+05 -2.045694999999999908e+01
2.318779750000000058e+05 -1.970172000000000168e+01
2.318780500000000175e+05 -1.869782000000000011e+01
2.318781250000000000e+05 -2.005602999999999980e+01
2.318782000000000116e+05 -1.950665000000000049e+01
2.318782749999999942e+05 -1.911501000000000161e+01
2.318783500000000058e+05 -1.747763000000000133e+01
2.318784250000000175e+05 -1.737055000000000149e+01
2.318785000000000000e+05 -1.713722999999999885e+01
2.318785750000000116e+05 -1.815189000000000163e+01
2.318786499999999942e+05 -1.881824999999999903e+01
2.318787250000000058e+05 -1.759099000000000146e+01
2.318788000000000175e+05 -2.026847000000000065e+01
2.318788750000000000e+05 -1.787123000000000062e+01
2.318789500000000116e+05 -1.727293999999999841e+01
2.318790249999999942e+05 -1.825489999999999924e+01
2.318791000000000058e+05 -1.713327999999999918e+01
2.318791750000000175e+05 -1.877571999999999974e+01
2.318792500000000000e+05 -1.653579999999999828e+01
2.318793250000000116e+05 -1.992360000000000042e+01
2.318793999999999942e+05 -1.848129000000000133e+01
2.318794750000000058e+05 -1.923292000000000002e+01
2.318795500000000175e+05 -1.903444000000000003e+01
2.318796250000000000e+05 -1.924784999999999968e+01
2.318797000000000116e+05 -1.984378999999999849e+01
2.318797749999999942e+05 -1.851933000000000007e+01
2.318798500000000058e+05 -1.793941999999999837e+01
2.318799250000000175e+05 -1.829005000000000081e+01
2.318800000000000000e+05 -1.786239000000000132e+01
2.318800750000000116e+05 -2.067205999999999833e+01
2.318801499999999942e+05 -1.694700999999999880e+01
2.318802250000000058e+05 -1.817501000000000033e+01
2.318803000000000175e+05 -1.768348999999999904e+01
2.318803750000000000e+05 -1.713013000000000119e+01
2.318804500000000116e+05 -1.649733000000000160e+01
2.318805249999999942e+05 -1.933428999999999931e+01
2.318806000000000058e+05 -1.828575999999999979e+01
2.318806750000000175e+05 -1.642429999999999879e+01
2.318807500000000000e+05 -1.882308000000000092e+01
2.318808250000000116e+05 -1.695102999999999938e+01
2.318808999999999942e+05 -1.669725000000000037e+01
2.318809750000000058e+05 -1.540100999999999942e+01
2.318810500000000175e+05 -1.874769999999999825e+01
2.318811250000000000e+05 -1.723500999999999905e+01
2.318812000000000116e+05 -2.035143000000000058e+01
2.318812749999999942e+05 -1.947270999999999930e+01
2.318813500000000058e+05 -1.660638000000000147e+01
2.318814250000000175e+05 -1.735418999999999912e+01
2.318815000000000000e+05 -1.640991999999999962e+01
2.318815750000000116e+05 -1.781652000000000058e+01
2.318816499999999942e+05 -1.647308999999999912e+01
2.318817250000000058e+05 -1.668439000000000050e+01
2.318818000000000175e+05 -1.805022999999999911e+01
2.318818750000000000e+05 -1.672588999999999970e+01
2.318819500000000116e+05 -1.661361000000000132e+01
2.318820249999999942e+05 -1.672747999999999990e+01
2.318821000000000058e+05 -1.545630000000000059e+01
2.318821750000000175e+05 -1.772194999999999965e+01
2.318822500000000000e+05 -1.752387999999999835e+01
2.318823250000000116e+05 -1.730778000000000105e+01
2.318823999999999942e+05 -1.744435000000000002e+01
2.318824750000000058e+05 -1.541078000000000081e+01
2.318825500000000175e+05 -1.562888000000000055e+01
2.318826250000000000e+05 -1.646358999999999995e+01
2.318827000000000116e+05 -1.782135999999999854e+01
2.318827749999999942e+05 -1.603445999999999927e+01
2.318828500000000058e+05 -1.613756000000000057e+01
2.318829250000000175e+05 -1.640866000000000113e+01
2.318830000000000000e+05 -1.457273999999999958e+01
2.318830750000000116e+05 -1.593698000000000015e+01
2.318831499999999942e+05 -1.655041999999999902e+01
2.318832250000000058e+05 -1.584243999999999986e+01
2.318833000000000175e+05 -1.450955000000000084e+01
2.318833750000000000e+05 -1.786132999999999882e+01
2.318834500000000116e+05 -1.634395999999999916e+01
2.318835249999999942e+05 -1.513939000000000057e+01
2.318836000000000058e+05 -1.435113999999999912e+01
2.318836750000000175e+05 -1.468715000000000082e+01
2.318837500000000000e+05 -1.388580999999999932e+01
2.318838250000000116e+05 -1.362228999999999957e+01
2.318838999999999942e+05 -1.410777999999999999e+01
2.318839750000000058e+05 -1.371195999999999948e+01
2.318840500000000175e+05 -1.395212000000000074e+01
2.318841250000000000e+05 -1.429092999999999947e+01
2.318842000000000116e+05 -1.387705000000000055e+01
2.318842749999999942e+05 -1.412343000000000082e+01
2.318843500000000058e+05 -1.410004999999999953e+01
2.318844250000000175e+05 -1.227039000000000080e+01
2.318845000000000000e+05 -1.301146999999999920e+01
2.318845750000000116e+05 -1.237077999999999989e+01
2.318846499999999942e+05 -1.283745000000000047e+01
2.318847250000000058e+05 -1.176118999999999915e+01
2.318848000000000175e+05 -1.217753000000000085e+01
2.318848750000000000e+05 -1.331154000000000082e+01
2.318849500000000116e+05 -1.178190000000000026e+01
2.318850249999999942e+05 -1.145517000000000074e+01
2.318851000000000058e+05 -1.152935000000000088e+01
2.318851750000000175e+05 -1.185567999999999955e+01
2.318852500000000000e+05 -9.974061000000000732e+00
2.318853250000000116e+05 -9.258421999999999485e+00
2.318853999999999942e+05 -1.043843999999999994e+01
2.318854750000000058e+05 -1.011499000000000059e+01
2.318855500000000175e+05 -9.675772999999999513e+00
2.318856250000000000e+05 -8.797646999999999551e+00
2.318857000000000116e+05 -8.650434000000000623e+00
2.318857749999999942e+05 -8.572081999999999979e+00
2.318858500000000058e+05 -7.637018999999999558e+00
2.318859250000000175e+05 -7.183279999999999887e+00
2.318860000000000000e+05 -6.509186999999999834e+00
2.318860750000000116e+05 -5.652276999999999774e+00
2.318861499999999942e+05 -5.463746000000000436e+00
2.318862250000000058e+05 -4.470868000000000286e+00
2.318863000000000175e+05 -4.100929999999999964e+00
2.318863750000000000e+05 -3.420456000000000163e+00
2.318864500000000116e+05 -3.083804000000000212e+00
2.318865249999999942e+05 -2.273843999999999976e+00
2.318866000000000058e+05 -2.004023000000000110e+00
2.318866750000000175e+05 -1.088254000000000055e+00
2.318867500000000000e+05 -5.172685999999999673e-01
2.318868250000000116e+05 -9.602766999999999553e-02
2.318868999999999942e+05 7.265774000000000399e-01
2.318869750000000058e+05 1.289609999999999923e+00
2.318870500000000175e+05 1.525222999999999995e+00
2.318871250000000000e+05 2.117529000000000217e+00
2.318872000000000116e+05 2.336342999999999837e+00
2.318872749999999942e+05 2.655586000000000002e+00
2.318873500000000058e+05 2.687730000000000175e+00
2.318874250000000175e+05 2.651323000000000096e+00
2.318875000000000000e+05 2.468538999999999817e+00
2.318875750000000116e+05 2.236104999999999787e+00
2.318876499999999942e+05 1.591510999999999898e+00
2.318877250000000058e+05 1.201468999999999898e+00
2.318878000000000175e+05 4.567820000000000213e-01
2.318878750000000000e+05 -4.062882999999999911e-01
2.318879500000000116e+05 -6.902445999999999859e-01
2.318880249999999942e+05 -1.039698999999999929e+00
2.318881000000000058e+05 -5.838141000000000025e-01
2.318881750000000175e+05 -2.473264000000000018e-01
2.318882500000000000e+05 1.198359999999999981e-01
2.318883250000000116e+05 -1.506573999999999969e-01
2.318883999999999942e+05 -3.316192000000000029e-01
2.318884750000000058e+05 -5.556269000000000347e-01
2.318885500000000175e+05 -8.014198999999999629e-01
2.318886250000000000e+05 -1.761708000000000052e+00
2.318887000000000116e+05 -1.797973999999999961e+00
2.318887749999999942e+05 -2.343255999999999784e+00
2.318888500000000058e+05 -2.105062999999999906e+00
2.318889250000000175e+05 -2.037825999999999915e+00
2.318890000000000000e+05 -1.763200000000000101e+00
2.318890750000000116e+05 -2.177544000000000146e+00
2.318891499999999942e+05 -2.339805999999999830e+00
2.318892250000000058e+05 -3.016900000000000137e+00
2.318893000000000175e+05 -3.275881000000000043e+00
2.318893750000000000e+05 -3.220575999999999883e+00
2.318894500000000116e+05 -2.907824999999999882e+00
2.318895249999999942e+05 -3.291167000000000176e+00
2.318896000000000058e+05 -3.423732000000000220e+00
2.318896750000000175e+05 -4.028347000000000122e+00
2.318897500000000000e+05 -4.144319000000000308e+00
2.318898250000000116e+05 -3.802134000000000125e+00
2.318898999999999942e+05 -4.256688999999999723e+00
2.318899750000000058e+05 -4.671982999999999997e+00
2.318900500000000175e+05 -4.455994999999999706e+00
2.318901250000000000e+05 -5.280446999999999669e+00
2.318902000000000116e+05 -5.117323999999999984e+00
2.318902749999999942e+05 -4.337922999999999973e+00
2.318903500000000058e+05 -4.821766000000000219e+00
2.318904250000000175e+05 -5.013219999999999565e+00
2.318905000000000000e+05 -5.997827000000000019e+00
2.318905750000000116e+05 -5.879927000000000348e+00
2.318906499999999942e+05 -5.902937999999999796e+00
2.318907250000000058e+05 -5.378324000000000105e+00
2.318908000000000175e+05 -6.484327000000000396e+00
2.318908750000000000e+05 -6.118707999999999814e+00
2.318909500000000116e+05 -6.279551999999999801e+00
2.318910249999999942e+05 -6.006705000000000183e+00
2.318911000000000058e+05 -7.524497000000000213e+00
2.318911750000000175e+05 -8.222561999999999927e+00
2.318912500000000000e+05 -6.938344999999999985e+00
2.318913250000000116e+05 -7.337710000000000399e+00
2.318913999999999942e+05 -8.365294999999999703e+00
2.318914750000000058e+05 -7.961590000000000167e+00
2.318915500000000175e+05 -7.114023999999999681e+00
2.318916250000000000e+05 -8.197409999999999641e+00
2.318917000000000116e+05 -8.736074000000000339e+00
2.318917749999999942e+05 -8.013968999999999454e+00
2.318918500000000058e+05 -8.230347999999999331e+00
2.318919250000000175e+05 -8.649820000000000064e+00
2.318920000000000000e+05 -8.568042999999999410e+00
2.318920750000000116e+05 -9.518259999999999721e+00
2.318921499999999942e+05 -1.070351999999999926e+01
2.318922250000000058e+05 -9.034072000000000102e+00
2.318923000000000175e+05 -8.986093999999999582e+00
2.318923750000000000e+05 -1.055368999999999957e+01
2.318924500000000116e+05 -1.036963000000000079e+01
2.318925249999999942e+05 -9.760054000000000229e+00
2.318926000000000058e+05 -1.160370999999999952e+01
2.318926750000000175e+05 -1.007687999999999917e+01
2.318927500000000000e+05 -1.026636000000000060e+01
2.318928250000000116e+05 -1.265212000000000003e+01
2.318928999999999942e+05 -9.234977000000000658e+00
2.318929750000000058e+05 -1.103262999999999927e+01
2.318930500000000175e+05 -1.144529999999999959e+01
2.318931250000000000e+05 -1.015933000000000064e+01
2.318932000000000116e+05 -1.282313000000000081e+01
2.318932749999999942e+05 -1.172976000000000063e+01
2.318933500000000058e+05 -1.104989999999999917e+01
2.318934250000000175e+05 -1.359606999999999921e+01
2.318935000000000000e+05 -1.085047999999999924e+01
2.318935750000000116e+05 -1.335396000000000072e+01
2.318936499999999942e+05 -1.135796000000000028e+01
2.318937250000000058e+05 -1.203772999999999982e+01
2.318938000000000175e+05 -1.393296999999999919e+01
2.318938750000000000e+05 -1.089844000000000079e+01
2.318939500000000116e+05 -1.491198999999999941e+01
2.318940249999999942e+05 -1.226626000000000083e+01
2.318941000000000058e+05 -1.660519000000000034e+01
2.318941750000000175e+05 -1.314919000000000082e+01
2.318942500000000000e+05 -1.403889000000000031e+01
2.318943250000000116e+05 -1.408048999999999928e+01
2.318943999999999942e+05 -1.491840999999999973e+01
2.318944750000000058e+05 -1.545074999999999932e+01
2.318945500000000175e+05 -1.431020000000000003e+01
2.318946250000000000e+05 -1.571978999999999971e+01
2.318947000000000116e+05 -1.319585999999999970e+01
2.318947749999999942e+05 -1.782940999999999931e+01
2.318948500000000058e+05 -1.397422000000000075e+01
2.318949250000000175e+05 -1.936276000000000153e+01
2.318950000000000000e+05 -1.232063999999999915e+01
2.318950750000000116e+05 -1.927107000000000170e+01
2.318951499999999942e+05 -1.341347000000000023e+01
2.318952250000000058e+05 -1.972926000000000002e+01
2.318953000000000175e+05 -1.407113000000000014e+01
2.318953750000000000e+05 -2.124162000000000106e+01
2.318954500000000116e+05 -1.462165000000000070e+01
2.318955249999999942e+05 -1.907393000000000072e+01
2.318956000000000058e+05 -1.325132999999999939e+01
2.318956750000000175e+05 -2.081513999999999953e+01
2.318957500000000000e+05 -1.638913000000000153e+01
2.318958250000000116e+05 -2.008006999999999920e+01
2.318958999999999942e+05 -1.416437999999999953e+01
2.318959750000000058e+05 -2.416125999999999863e+01
2.318960500000000175e+05 -1.777578000000000102e+01
2.318961250000000000e+05 -1.635238999999999976e+01
2.318962000000000116e+05 -1.817211999999999961e+01
2.318962749999999942e+05 -1.711251000000000033e+01
2.318963500000000058e+05 -2.231959000000000160e+01
2.318964250000000175e+05 -1.608869999999999933e+01
2.318965000000000000e+05 -1.963485000000000014e+01
2.318965750000000116e+05 -1.563080000000000069e+01
2.318966499999999942e+05 -1.971310000000000073e+01
2.318967250000000058e+05 -2.089059999999999917e+01
2.318968000000000175e+05 -1.498595000000000077e+01
2.318968750000000000e+05 -2.578415999999999997e+01
2.318969500000000116e+05 -1.571306000000000047e+01
2.318970249999999942e+05 -1.953395000000000081e+01
2.318971000000000058e+05 -1.852992000000000061e+01
2.318971750000000175e+05 -1.690661000000000058e+01
2.318972500000000000e+05 -2.992483000000000004e+01
2.318973250000000116e+05 -1.866369999999999862e+01
2.318973999999999942e+05 -1.827681000000000111e+01
2.318974750000000058e+05 -3.245237999999999801e+01
2.318975500000000175e+05 -1.764217000000000013e+01
2.318976250000000000e+05 -2.213419999999999987e+01
2.318977000000000116e+05 -2.371324999999999861e+01
2.318977749999999942e+05 -1.715803999999999974e+01
2.318978500000000058e+05 -2.141631999999999891e+01
2.318979250000000175e+05 -2.329684999999999917e+01
2.318980000000000000e+05 -1.900773999999999830e+01
2.318980750000000116e+05 -2.459378999999999849e+01
2.318981499999999942e+05 -2.161747000000000085e+01
2.318982250000000058e+05 -1.837615999999999872e+01
2.318983000000000175e+05 -2.497519000000000133e+01
2.318983750000000000e+05 -2.343778000000000006e+01
2.318984500000000116e+05 -1.764327000000000112e+01
2.318985249999999942e+05 -2.596432000000000073e+01
2.318986000000000058e+05 -2.941159000000000034e+01
2.318986750000000175e+05 -1.903143000000000029e+01
2.318987500000000000e+05 -1.896758000000000166e+01
2.318988250000000116e+05 -3.393856000000000250e+01
2.318988999999999942e+05 -2.154225999999999885e+01
2.318989750000000058e+05 -1.993001999999999896e+01
2.318990500000000175e+05 -2.542732000000000170e+01
2.318991250000000000e+05 -2.731111999999999895e+01
2.318992000000000116e+05 -1.963868000000000080e+01
2.318992749999999942e+05 -2.002345000000000041e+01
2.318993500000000058e+05 -2.477843000000000018e+01
2.318994250000000175e+05 -2.710522999999999882e+01
2.318995000000000000e+05 -2.056034999999999968e+01
2.318995750000000116e+05 -1.830347000000000079e+01
2.318996499999999942e+05 -2.895082000000000022e+01
2.318997250000000058e+05 -2.635068000000000055e+01
2.318998000000000175e+05 -2.159034000000000120e+01
2.318998750000000000e+05 -2.100519999999999854e+01
2.318999500000000116e+05 -2.695550000000000068e+01
2.319000249999999942e+05 -2.766543000000000063e+01
2.319001000000000058e+05 -2.522841999999999985e+01
2.319001750000000175e+05 -2.061337999999999937e+01
2.319002500000000000e+05 -1.970795999999999992e+01
2.319003250000000116e+05 -2.808714000000000155e+01
2.319003999999999942e+05 -3.374457999999999913e+01
2.319004750000000058e+05 -2.322437000000000040e+01
2.319005500000000175e+05 -2.039705000000000013e+01
2.319006250000000000e+05 -1.904247000000000156e+01
2.319007000000000116e+05 -2.230474999999999852e+01
2.319007749999999942e+05 -2.668166000000000082e+01
2.319008500000000058e+05 -2.245557000000000158e+01
2.319009250000000175e+05 -2.428379999999999939e+01
2.319010000000000000e+05 -2.087011000000000038e+01
2.319010750000000116e+05 -2.042203999999999908e+01
2.319011499999999942e+05 -3.232851999999999748e+01
2.319012250000000058e+05 -2.294350999999999985e+01
2.319013000000000175e+05 -2.070437000000000083e+01
2.319013750000000000e+05 -2.174102999999999852e+01
2.319014500000000116e+05 -2.291920000000000002e+01
2.319015249999999942e+05 -2.062135999999999925e+01
2.319016000000000058e+05 -2.477852999999999994e+01
2.319016750000000175e+05 -2.609744999999999848e+01
2.319017500000000000e+05 -2.302946000000000026e+01
2.319018250000000116e+05 -2.332650999999999897e+01
2.319018999999999942e+05 -2.461542000000000030e+01
2.319019750000000058e+05 -2.350457000000000107e+01
