# Temperature: None K
2.317968999999999942e+05 -1.919519999999999982e+01
2.317969750000000058e+05 -2.431165000000000020e+01
2.317970499999999884e+05 -2.098222000000000165e+01
2.317971250000000000e+05 -1.834262000000000015e+01
2.317971999999999825e+05 -1.860349000000000075e+01
2.317972749999999942e+05 -2.201692999999999856e+01
2.317973500000000058e+05 -2.129202000000000083e+01
2.317974249999999884e+05 -2.214883000000000024e+01
2.317975000000000000e+05 -1.791234999999999999e+01
2.317975749999999825e+05 -1.848931999999999931e+01
2.317976499999999942e+05 -1.963872999999999891e+01
2.317977250000000058e+05 -2.021101000000000170e+01
2.317977999999999884e+05 -1.930680999999999869e+01
2.317978750000000000e+05 -1.708334999999999937e+01
2.317979499999999825e+05 -2.259696999999999889e+01
2.317980249999999942e+05 -2.306099000000000032e+01
2.317981000000000058e+05 -2.010557000000000016e+01
2.317981749999999884e+05 -1.854812000000000083e+01
2.317982500000000000e+05 -1.824049000000000120e+01
2.317983249999999825e+05 -2.067875000000000085e+01
2.317983999999999942e+05 -1.951760000000000161e+01
2.317984750000000058e+05 -1.828698999999999941e+01
2.317985499999999884e+05 -1.836139000000000010e+01
2.317986250000000000e+05 -2.112378999999999962e+01
2.317986999999999825e+05 -2.001510999999999996e+01
2.317987749999999942e+05 -1.743478999999999957e+01
2.317988500000000058e+05 -2.358733000000000146e+01
2.317989249999999884e+05 -1.845739000000000019e+01
2.317990000000000000e+05 -1.891339999999999932e+01
2.317990749999999825e+05 -1.863182000000000116e+01
2.317991499999999942e+05 -2.088434000000000168e+01
2.317992250000000058e+05 -1.763524999999999920e+01
2.317992999999999884e+05 -1.793843999999999994e+01
2.317993750000000000e+05 -2.065405000000000157e+01
2.317994499999999825e+05 -1.869516000000000133e+01
2.317995249999999942e+05 -1.831092999999999904e+01
2.317996000000000058e+05 -2.146136999999999873e+01
2.317996749999999884e+05 -2.177749999999999986e+01
2.317997500000000000e+05 -1.881236000000000175e+01
2.317998249999999825e+05 -1.966134999999999877e+01
2.317998999999999942e+05 -1.725290999999999997e+01
2.317999750000000058e+05 -1.804494000000000042e+01
2.318000499999999884e+05 -1.876403000000000176e+01
2.318001250000000000e+05 -1.988844999999999885e+01
2.318001999999999825e+05 -1.815051000000000059e+01
2.318002749999999942e+05 -1.875273999999999930e+01
2.318003500000000058e+05 -1.749190000000000111e+01
2.318004249999999884e+05 -1.798749000000000109e+01
2.318005000000000000e+05 -1.901188000000000144e+01
2.318005749999999825e+05 -1.763262999999999892e+01
2.318006499999999942e+05 -1.814947000000000088e+01
2.318007250000000058e+05 -1.774449999999999861e+01
2.318007999999999884e+05 -1.894066000000000116e+01
2.318008750000000000e+05 -1.680472999999999928e+01
2.318009499999999825e+05 -1.894864000000000104e+01
2.318010249999999942e+05 -1.810067000000000093e+01
2.318011000000000058e+05 -1.910040000000000049e+01
2.318011749999999884e+05 -2.001528000000000063e+01
2.318012500000000000e+05 -2.019335999999999842e+01
2.318013249999999825e+05 -1.886092000000000013e+01
2.318013999999999942e+05 -2.059915000000000163e+01
2.318014750000000058e+05 -1.718852000000000046e+01
2.318015499999999884e+05 -1.897015000000000029e+01
2.318016250000000000e+05 -1.894830999999999932e+01
2.318016999999999825e+05 -1.773394000000000048e+01
2.318017749999999942e+05 -1.765152000000000143e+01
2.318018500000000058e+05 -1.761911999999999878e+01
2.318019249999999884e+05 -1.849569999999999936e+01
2.318020000000000000e+05 -1.763469999999999871e+01
2.318020749999999825e+05 -1.947835999999999856e+01
2.318021499999999942e+05 -1.906801000000000101e+01
2.318022250000000058e+05 -1.999145000000000039e+01
2.318022999999999884e+05 -1.723367999999999967e+01
2.318023750000000000e+05 -2.194932000000000016e+01
2.318024499999999825e+05 -1.878954999999999842e+01
2.318025249999999942e+05 -1.707144999999999868e+01
2.318026000000000058e+05 -1.782763999999999882e+01
2.318026749999999884e+05 -1.745786000000000016e+01
2.318027500000000000e+05 -1.708511000000000024e+01
2.318028249999999825e+05 -2.052755000000000152e+01
2.318028999999999942e+05 -1.877859000000000123e+01
2.318029750000000058e+05 -1.645400000000000063e+01
2.318030499999999884e+05 -1.894015999999999877e+01
2.318031250000000000e+05 -1.956400000000000006e+01
2.318031999999999825e+05 -1.957144999999999868e+01
2.318032749999999942e+05 -1.812662999999999869e+01
2.318033500000000058e+05 -1.561871999999999971e+01
2.318034249999999884e+05 -1.815559000000000012e+01
2.318035000000000000e+05 -1.987982999999999834e+01
2.318035749999999825e+05 -1.667351999999999990e+01
2.318036499999999942e+05 -2.013213999999999970e+01
2.318037250000000058e+05 -1.707804000000000144e+01
2.318037999999999884e+05 -1.796526000000000067e+01
2.318038750000000000e+05 -1.769253000000000142e+01
2.318039499999999825e+05 -1.979035000000000011e+01
2.318040249999999942e+05 -2.136552999999999969e+01
2.318041000000000058e+05 -1.642017999999999844e+01
2.318041749999999884e+05 -1.911946000000000012e+01
2.318042500000000000e+05 -1.772448999999999941e+01
2.318043249999999825e+05 -1.767995000000000161e+01
2.318043999999999942e+05 -1.838667999999999836e+01
2.318044750000000058e+05 -1.849450999999999823e+01
2.318045499999999884e+05 -1.727819999999999823e+01
2.318046250000000000e+05 -1.923967999999999989e+01
2.318046999999999825e+05 -1.774865000000000137e+01
2.318047749999999942e+05 -2.009319999999999951e+01
2.318048500000000058e+05 -1.907645000000000124e+01
2.318049249999999884e+05 -1.785980999999999952e+01
2.318050000000000000e+05 -1.756966999999999857e+01
2.318050749999999825e+05 -1.655858999999999881e+01
2.318051499999999942e+05 -1.776746999999999943e+01
2.318052250000000058e+05 -1.687894000000000005e+01
2.318052999999999884e+05 -1.628710999999999842e+01
2.318053750000000000e+05 -1.710298999999999836e+01
2.318054499999999825e+05 -1.872394999999999854e+01
2.318055249999999942e+05 -1.815100999999999942e+01
2.318056000000000058e+05 -1.736450999999999922e+01
2.318056749999999884e+05 -1.753015999999999863e+01
2.318057500000000000e+05 -1.710265000000000057e+01
2.318058249999999825e+05 -1.706457999999999942e+01
2.318058999999999942e+05 -1.794520999999999944e+01
2.318059750000000058e+05 -1.765023000000000053e+01
2.318060499999999884e+05 -1.735501999999999967e+01
2.318061250000000000e+05 -1.691972000000000165e+01
2.318061999999999825e+05 -1.774159999999999826e+01
2.318062749999999942e+05 -1.729937999999999931e+01
2.318063500000000058e+05 -1.651323999999999970e+01
2.318064249999999884e+05 -1.796300000000000097e+01
2.318065000000000000e+05 -1.906116000000000099e+01
2.318065749999999825e+05 -1.716479999999999961e+01
2.318066499999999942e+05 -1.660281000000000162e+01
2.318067250000000058e+05 -1.618280000000000030e+01
2.318067999999999884e+05 -1.738381000000000043e+01
2.318068750000000000e+05 -1.720730999999999966e+01
2.318069499999999825e+05 -1.699989000000000061e+01
2.318070249999999942e+05 -1.761620999999999881e+01
2.318071000000000058e+05 -1.689915999999999840e+01
2.318071749999999884e+05 -1.584075999999999951e+01
2.318072500000000000e+05 -1.639405000000000001e+01
2.318073249999999825e+05 -1.546738999999999997e+01
2.318073999999999942e+05 -1.527098999999999940e+01
2.318074750000000058e+05 -1.646184999999999832e+01
2.318075499999999884e+05 -1.881820000000000093e+01
2.318076250000000000e+05 -1.487119999999999997e+01
2.318076999999999825e+05 -1.612825000000000131e+01
2.318077749999999942e+05 -1.597697999999999929e+01
2.318078500000000058e+05 -1.504996000000000045e+01
2.318079249999999884e+05 -1.684453999999999851e+01
2.318080000000000000e+05 -1.514166999999999952e+01
2.318080749999999825e+05 -1.738659000000000177e+01
2.318081499999999942e+05 -1.435805000000000042e+01
2.318082250000000058e+05 -1.571230000000000082e+01
2.318082999999999884e+05 -1.525406000000000084e+01
2.318083750000000000e+05 -1.412323999999999913e+01
2.318084499999999825e+05 -1.458338000000000001e+01
2.318085249999999942e+05 -1.457221999999999973e+01
2.318086000000000058e+05 -1.491896000000000022e+01
2.318086749999999884e+05 -1.334285999999999994e+01
2.318087500000000000e+05 -1.378189000000000064e+01
2.318088249999999825e+05 -1.463156000000000034e+01
2.318088999999999942e+05 -1.367310999999999943e+01
2.318089750000000058e+05 -1.405733999999999995e+01
2.318090499999999884e+05 -1.495165000000000077e+01
2.318091250000000000e+05 -1.463514999999999944e+01
2.318091999999999825e+05 -1.313414000000000037e+01
2.318092749999999942e+05 -1.478748000000000040e+01
2.318093500000000058e+05 -1.143660000000000032e+01
2.318094249999999884e+05 -1.241374000000000066e+01
2.318095000000000000e+05 -1.174788000000000032e+01
2.318095749999999825e+05 -1.124845999999999968e+01
2.318096499999999942e+05 -1.171077000000000012e+01
2.318097250000000058e+05 -1.100627000000000066e+01
2.318097999999999884e+05 -1.126531999999999911e+01
2.318098750000000000e+05 -1.064070000000000071e+01
2.318099499999999825e+05 -1.049920999999999971e+01
2.318100249999999942e+05 -9.047864999999999824e+00
2.318101000000000058e+05 -9.307287999999999784e+00
2.318101749999999884e+05 -9.499855999999999412e+00
2.318102500000000000e+05 -9.086551999999999296e+00
2.318103249999999825e+05 -8.917832999999999899e+00
2.318103999999999942e+05 -8.429168000000000660e+00
2.318104750000000058e+05 -7.523992999999999931e+00
2.318105499999999884e+05 -7.273115999999999914e+00
2.318106250000000000e+05 -6.569046000000000163e+00
2.318106999999999825e+05 -5.568310999999999567e+00
2.318107749999999942e+05 -5.683821000000000012e+00
2.318108500000000058e+05 -4.799652000000000029e+00
2.318109249999999884e+05 -4.512366000000000099e+00
2.318110000000000000e+05 -3.993694000000000077e+00
2.318110749999999825e+05 -2.816926000000000041e+00
2.318111499999999942e+05 -2.918016999999999861e+00
2.318112250000000058e+05 -2.028469999999999995e+00
2.318112999999999884e+05 -1.138363000000000014e+00
2.318113750000000000e+05 -7.459114000000000022e-01
2.318114499999999825e+05 -2.397811999999999999e-01
2.318115249999999942e+05 5.237125000000000113e-02
2.318116000000000058e+05 7.450974000000000208e-01
2.318116749999999884e+05 1.155456999999999956e+00
2.318117500000000000e+05 1.639345999999999970e+00
2.318118249999999825e+05 1.633175000000000043e+00
2.318118999999999942e+05 1.793946000000000041e+00
2.318119750000000058e+05 1.879760000000000097e+00
2.318120499999999884e+05 1.333653999999999895e+00
2.318121250000000000e+05 1.248374000000000095e+00
2.318121999999999825e+05 9.429496000000000544e-01
2.318122749999999942e+05 3.573187999999999920e-01
2.318123500000000058e+05 -3.774772000000000127e-01
2.318124249999999884e+05 -1.527751999999999999e+00
2.318125000000000000e+05 -2.251304999999999890e+00
2.318125749999999825e+05 -3.069128000000000078e+00
2.318126499999999942e+05 -3.215675000000000061e+00
2.318127250000000058e+05 -2.962470000000000159e+00
2.318127999999999884e+05 -2.806884999999999852e+00
2.318128750000000000e+05 -2.184585999999999917e+00
2.318129499999999825e+05 -2.315873999999999988e+00
2.318130249999999942e+05 -2.412002000000000201e+00
2.318131000000000058e+05 -2.422499999999999876e+00
2.318131749999999884e+05 -3.771758000000000166e+00
2.318132500000000000e+05 -4.870015999999999678e+00
2.318133249999999825e+05 -5.324256000000000100e+00
2.318133999999999942e+05 -4.882296000000000191e+00
2.318134750000000058e+05 -4.397447999999999801e+00
2.318135499999999884e+05 -4.133988999999999692e+00
2.318136250000000000e+05 -4.416273999999999589e+00
2.318136999999999825e+05 -5.006888000000000005e+00
2.318137749999999942e+05 -5.921266000000000140e+00
2.318138500000000058e+05 -6.422932999999999559e+00
2.318139249999999884e+05 -6.448230999999999824e+00
2.318140000000000000e+05 -6.477541999999999689e+00
2.318140749999999825e+05 -6.602443000000000062e+00
2.318141499999999942e+05 -6.819621999999999851e+00
2.318142250000000058e+05 -7.511099999999999888e+00
2.318142999999999884e+05 -8.346080000000000609e+00
2.318143750000000000e+05 -7.686903000000000041e+00
2.318144499999999825e+05 -8.951878999999999920e+00
2.318145249999999942e+05 -7.756126000000000076e+00
2.318146000000000058e+05 -8.612220999999999904e+00
2.318146749999999884e+05 -8.950428999999999746e+00
2.318147500000000000e+05 -1.019661999999999935e+01
2.318148249999999825e+05 -9.530988000000000682e+00
2.318148999999999942e+05 -1.026477000000000039e+01
2.318149750000000058e+05 -9.823301000000000727e+00
2.318150499999999884e+05 -1.037119999999999997e+01
2.318151250000000000e+05 -1.088096999999999959e+01
2.318151999999999825e+05 -1.131769000000000069e+01
2.318152749999999942e+05 -1.038484000000000052e+01
2.318153500000000058e+05 -1.095259000000000071e+01
2.318154249999999884e+05 -1.275820000000000043e+01
2.318155000000000000e+05 -1.305483000000000082e+01
2.318155749999999825e+05 -1.130558000000000085e+01
2.318156499999999942e+05 -1.241928000000000054e+01
2.318157250000000058e+05 -1.345085000000000086e+01
2.318157999999999884e+05 -1.326736000000000004e+01
2.318158750000000000e+05 -1.271114000000000033e+01
2.318159499999999825e+05 -1.364860000000000007e+01
2.318160249999999942e+05 -1.551562999999999981e+01
2.318161000000000058e+05 -1.396025999999999989e+01
2.318161749999999884e+05 -1.276674000000000042e+01
2.318162500000000000e+05 -1.510735000000000028e+01
2.318163249999999825e+05 -1.713915000000000077e+01
2.318163999999999942e+05 -1.309737999999999936e+01
2.318164750000000058e+05 -1.625626000000000104e+01
2.318165499999999884e+05 -1.622375999999999863e+01
2.318166250000000000e+05 -1.344984000000000002e+01
2.318166999999999825e+05 -1.661592999999999876e+01
2.318167749999999942e+05 -1.697070000000000078e+01
2.318168500000000058e+05 -1.586373000000000033e+01
2.318169249999999884e+05 -1.569936000000000043e+01
2.318170000000000000e+05 -2.036305000000000121e+01
2.318170749999999825e+05 -1.569541000000000075e+01
2.318171499999999942e+05 -1.685985000000000156e+01
2.318172250000000058e+05 -2.087698999999999927e+01
2.318172999999999884e+05 -1.598859999999999992e+01
2.318173750000000000e+05 -1.890401999999999916e+01
2.318174499999999825e+05 -2.065054999999999907e+01
2.318175249999999942e+05 -1.782387999999999906e+01
2.318176000000000058e+05 -2.503200999999999965e+01
2.318176749999999884e+05 -1.803970999999999947e+01
2.318177500000000000e+05 -1.769688000000000017e+01
2.318178249999999825e+05 -2.296298000000000172e+01
2.318178999999999942e+05 -1.691020999999999930e+01
2.318179750000000058e+05 -2.287569999999999837e+01
2.318180499999999884e+05 -1.858376000000000161e+01
2.318181250000000000e+05 -1.670391000000000048e+01
2.318181999999999825e+05 -2.825108000000000175e+01
2.318182749999999942e+05 -1.815966999999999842e+01
2.318183500000000058e+05 -2.408251999999999882e+01
2.318184249999999884e+05 -1.927124999999999844e+01
2.318185000000000000e+05 -1.934207999999999927e+01
2.318185749999999825e+05 -2.065195999999999898e+01
2.318186499999999942e+05 -1.957930999999999955e+01
2.318187250000000058e+05 -2.894798000000000116e+01
2.318187999999999884e+05 -1.876360000000000028e+01
2.318188750000000000e+05 -2.979160999999999859e+01
2.318189499999999825e+05 -2.048213000000000150e+01
2.318190249999999942e+05 -2.391640999999999906e+01
2.318191000000000058e+05 -2.318753999999999849e+01
2.318191749999999884e+05 -2.044975000000000165e+01
2.318192500000000000e+05 -3.391745999999999839e+01
2.318193249999999825e+05 -2.483888999999999925e+01
2.318193999999999942e+05 -2.446912000000000020e+01
2.318194750000000058e+05 -2.220560000000000045e+01
2.318195499999999884e+05 -2.527615000000000123e+01
2.318196250000000000e+05 -1.704059000000000168e+01
2.318196999999999825e+05 -2.307673000000000130e+01
2.318197749999999942e+05 -1.992192000000000007e+01
2.318198500000000058e+05 -3.595116000000000156e+01
2.318199249999999884e+05 -2.253813999999999851e+01
2.318200000000000000e+05 -2.310745000000000005e+01
2.318200749999999825e+05 -2.070280999999999949e+01
2.318201499999999942e+05 -2.621846000000000032e+01
2.318202250000000058e+05 -2.510595999999999961e+01
2.318202999999999884e+05 -2.181366999999999834e+01
2.318203750000000000e+05 -2.354037999999999897e+01
2.318204499999999825e+05 -2.287111000000000161e+01
2.318205249999999942e+05 -2.279923000000000144e+01
2.318206000000000058e+05 -2.245051000000000130e+01
2.318206749999999884e+05 -2.717913000000000068e+01
2.318207500000000000e+05 -2.226104000000000127e+01
2.318208249999999825e+05 -2.718921999999999883e+01
2.318208999999999942e+05 -2.255442000000000036e+01
2.318209750000000058e+05 -2.230822999999999823e+01
2.318210499999999884e+05 -2.178778000000000148e+01
2.318211250000000000e+05 -2.443943000000000154e+01
2.318211999999999825e+05 -3.162530999999999892e+01
2.318212749999999942e+05 -2.129332000000000136e+01
2.318213500000000058e+05 -2.860275999999999996e+01
2.318214249999999884e+05 -2.524024999999999963e+01
2.318215000000000000e+05 -2.281456000000000017e+01
2.318215749999999825e+05 -2.672165999999999997e+01
2.318216499999999942e+05 -2.155214000000000141e+01
2.318217250000000058e+05 -2.715095000000000169e+01
2.318217999999999884e+05 -2.254045999999999950e+01
2.318218750000000000e+05 -2.188597000000000037e+01
2.318219499999999825e+05 -3.276677000000000106e+01
2.318220249999999942e+05 -2.299590999999999852e+01
2.318221000000000058e+05 -2.630188000000000059e+01
2.318221749999999884e+05 -3.204612000000000194e+01
2.318222500000000000e+05 -2.126891000000000176e+01
2.318223249999999825e+05 -2.275262999999999991e+01
2.318223999999999942e+05 -2.279852999999999952e+01
2.318224750000000058e+05 -2.260987000000000080e+01
2.318225499999999884e+05 -3.478506999999999749e+01
2.318226250000000000e+05 -2.223290000000000077e+01
2.318226999999999825e+05 -2.233222999999999914e+01
2.318227749999999942e+05 -1.960527000000000086e+01
2.318228500000000058e+05 -3.226467999999999847e+01
2.318229249999999884e+05 -2.197813000000000017e+01
2.318230000000000000e+05 -2.384423999999999921e+01
2.318230749999999825e+05 -2.485354999999999848e+01
2.318231499999999942e+05 -2.673325000000000173e+01
2.318232250000000058e+05 -2.335998999999999981e+01
2.318232999999999884e+05 -3.151477999999999824e+01
2.318233750000000000e+05 -2.277721999999999980e+01
2.318234499999999825e+05 -2.146988999999999947e+01
2.318235249999999942e+05 -2.590196999999999861e+01
2.318236000000000058e+05 -2.363738000000000028e+01
2.318236749999999884e+05 -2.554580999999999946e+01
2.318237500000000000e+05 -2.218464000000000169e+01
2.318238249999999825e+05 -2.296272000000000091e+01
2.318238999999999942e+05 -2.599496999999999858e+01
2.318239750000000058e+05 -2.191602999999999923e+01
2.318240499999999884e+05 -2.543121000000000009e+01
2.318241250000000000e+05 -2.496311000000000035e+01
2.318241999999999825e+05 -2.503709999999999880e+01
2.318242749999999942e+05 -2.112783999999999907e+01
2.318243500000000058e+05 -2.224289999999999878e+01
2.318244249999999884e+05 -2.057707999999999871e+01
2.318245000000000000e+05 -2.428034999999999854e+01
2.318245749999999825e+05 -2.335415000000000063e+01
2.318246499999999942e+05 -2.054420999999999964e+01
2.318247250000000058e+05 -2.230950999999999951e+01
2.318247999999999884e+05 -2.624371999999999971e+01
2.318248750000000000e+05 -2.317079999999999984e+01
2.318249499999999825e+05 -2.080138000000000176e+01
2.318250249999999942e+05 -2.382162999999999897e+01
2.318251000000000058e+05 -2.448804000000000158e+01
2.318251749999999884e+05 -2.477843999999999980e+01
2.318252500000000000e+05 -2.400034000000000134e+01
2.318253249999999825e+05 -2.167768999999999835e+01
2.318253999999999942e+05 -1.995317999999999969e+01
2.318254750000000058e+05 -2.190587999999999980e+01
2.318255499999999884e+05 -3.286260000000000048e+01
2.318256250000000000e+05 -2.468149000000000015e+01
2.318256999999999825e+05 -2.395242999999999967e+01
2.318257749999999942e+05 -2.254855999999999838e+01
2.318258500000000058e+05 -2.087685000000000102e+01
2.318259249999999884e+05 -2.549409999999999954e+01
2.318260000000000000e+05 -3.425990999999999786e+01
2.318260749999999825e+05 -2.742558000000000007e+01
2.318261499999999942e+05 -2.341706999999999894e+01
2.318262250000000058e+05 -2.832429000000000130e+01
2.318262999999999884e+05 -2.663134000000000157e+01
2.318263750000000000e+05 -2.105790000000000006e+01
2.318264499999999825e+05 -2.159951999999999828e+01
2.318265249999999942e+05 -2.024492000000000047e+01
2.318266000000000058e+05 -2.141344000000000136e+01
2.318266749999999884e+05 -2.297269000000000005e+01
2.318267500000000000e+05 -2.155169000000000068e+01
2.318268249999999825e+05 -2.376857000000000042e+01
2.318268999999999942e+05 -2.569028000000000134e+01
