# Temperature: None K
2.318099500000000116e+05 -1.584460999999999942e+01
2.318100250000000233e+05 -1.904578000000000060e+01
2.318101000000000058e+05 -1.768928999999999974e+01
2.318101750000000175e+05 -1.756847000000000136e+01
2.318102500000000000e+05 -1.779817999999999856e+01
2.318103250000000116e+05 -1.642160000000000153e+01
2.318104000000000233e+05 -1.782392000000000110e+01
2.318104750000000058e+05 -1.759584999999999866e+01
2.318105500000000175e+05 -1.645825999999999922e+01
2.318106250000000000e+05 -1.549432000000000009e+01
2.318107000000000116e+05 -1.752910999999999930e+01
2.318107750000000233e+05 -1.665053999999999945e+01
2.318108500000000058e+05 -1.919445999999999941e+01
2.318109250000000175e+05 -1.718640999999999863e+01
2.318110000000000000e+05 -1.700249000000000166e+01
2.318110750000000116e+05 -1.814051999999999865e+01
2.318111500000000233e+05 -1.728756999999999877e+01
2.318112250000000058e+05 -1.760586999999999946e+01
2.318113000000000175e+05 -1.627430999999999983e+01
2.318113750000000000e+05 -1.696069999999999922e+01
2.318114500000000116e+05 -1.597958999999999996e+01
2.318115250000000233e+05 -1.707073000000000107e+01
2.318116000000000058e+05 -1.641929000000000016e+01
2.318116750000000175e+05 -1.600052000000000163e+01
2.318117500000000000e+05 -1.599855999999999945e+01
2.318118250000000116e+05 -1.585069999999999979e+01
2.318119000000000233e+05 -1.507155000000000022e+01
2.318119750000000058e+05 -1.556075000000000053e+01
2.318120500000000175e+05 -1.565700999999999965e+01
2.318121250000000000e+05 -1.731848000000000098e+01
2.318122000000000116e+05 -1.807318000000000069e+01
2.318122750000000233e+05 -1.665343999999999980e+01
2.318123500000000058e+05 -1.674209000000000103e+01
2.318124250000000175e+05 -1.901877999999999957e+01
2.318125000000000000e+05 -1.527917000000000058e+01
2.318125750000000116e+05 -1.662378000000000000e+01
2.318126500000000233e+05 -1.639836000000000027e+01
2.318127250000000058e+05 -1.637694000000000116e+01
2.318128000000000175e+05 -1.584420000000000073e+01
2.318128750000000000e+05 -1.688948999999999856e+01
2.318129500000000116e+05 -1.654538000000000153e+01
2.318130250000000233e+05 -1.755538999999999916e+01
2.318131000000000058e+05 -1.614227999999999952e+01
2.318131750000000175e+05 -1.641985000000000028e+01
2.318132500000000000e+05 -1.710568999999999917e+01
2.318133250000000116e+05 -1.689426999999999879e+01
2.318134000000000233e+05 -1.797803000000000040e+01
2.318134750000000058e+05 -1.591677999999999926e+01
2.318135500000000175e+05 -1.687253000000000114e+01
2.318136250000000000e+05 -1.641966999999999999e+01
2.318137000000000116e+05 -1.558324999999999960e+01
2.318137750000000233e+05 -1.720905000000000129e+01
2.318138500000000058e+05 -1.575399999999999956e+01
2.318139250000000175e+05 -1.742808000000000135e+01
2.318140000000000000e+05 -1.728653999999999868e+01
2.318140750000000116e+05 -1.658343999999999951e+01
2.318141500000000233e+05 -1.679929999999999879e+01
2.318142250000000058e+05 -1.673413000000000039e+01
2.318143000000000175e+05 -1.540358999999999945e+01
2.318143750000000000e+05 -1.784356000000000009e+01
2.318144500000000116e+05 -1.663063999999999965e+01
2.318145250000000233e+05 -1.681043000000000021e+01
2.318146000000000058e+05 -1.509966999999999970e+01
2.318146750000000175e+05 -1.421879999999999988e+01
2.318147500000000000e+05 -1.772741999999999862e+01
2.318148250000000116e+05 -1.696818000000000026e+01
2.318149000000000233e+05 -1.618290999999999968e+01
2.318149750000000058e+05 -1.655837000000000003e+01
2.318150500000000175e+05 -1.687830999999999904e+01
2.318151250000000000e+05 -1.620936999999999983e+01
2.318152000000000116e+05 -1.542094999999999949e+01
2.318152750000000233e+05 -1.699040000000000106e+01
2.318153500000000058e+05 -1.628453999999999979e+01
2.318154250000000175e+05 -1.500384000000000029e+01
2.318155000000000000e+05 -1.787053999999999832e+01
2.318155750000000116e+05 -1.619271000000000171e+01
2.318156500000000233e+05 -1.707538999999999874e+01
2.318157250000000058e+05 -1.578486000000000011e+01
2.318158000000000175e+05 -1.483084000000000024e+01
2.318158750000000000e+05 -1.516311999999999927e+01
2.318159500000000116e+05 -1.570429999999999993e+01
2.318160250000000233e+05 -1.716618000000000066e+01
2.318161000000000058e+05 -1.681662999999999997e+01
2.318161750000000175e+05 -1.565933000000000064e+01
2.318162500000000000e+05 -1.598718000000000039e+01
2.318163250000000116e+05 -1.584515999999999991e+01
2.318164000000000233e+05 -1.759630999999999901e+01
2.318164750000000058e+05 -1.401191999999999993e+01
2.318165500000000175e+05 -1.607447000000000159e+01
2.318166250000000000e+05 -1.642064999999999841e+01
2.318167000000000116e+05 -1.756849000000000061e+01
2.318167750000000233e+05 -1.653886999999999929e+01
2.318168500000000058e+05 -1.549123999999999945e+01
2.318169250000000175e+05 -1.542109999999999914e+01
2.318170000000000000e+05 -1.653825000000000145e+01
2.318170750000000116e+05 -1.618289000000000044e+01
2.318171500000000233e+05 -1.565310999999999986e+01
2.318172250000000058e+05 -1.502157000000000053e+01
2.318173000000000175e+05 -1.610596999999999923e+01
2.318173750000000000e+05 -1.668965999999999994e+01
2.318174500000000116e+05 -1.621912000000000020e+01
2.318175250000000233e+05 -1.703537000000000035e+01
2.318176000000000058e+05 -1.629611999999999838e+01
2.318176750000000175e+05 -1.565695000000000014e+01
2.318177500000000000e+05 -1.601324999999999932e+01
2.318178250000000116e+05 -1.486565000000000047e+01
2.318179000000000233e+05 -1.587467000000000006e+01
2.318179750000000058e+05 -1.610288999999999859e+01
2.318180500000000175e+05 -1.510031999999999996e+01
2.318181250000000000e+05 -1.625140000000000029e+01
2.318182000000000116e+05 -1.465376999999999974e+01
2.318182750000000233e+05 -1.625767000000000095e+01
2.318183500000000058e+05 -1.656980000000000075e+01
2.318184250000000175e+05 -1.609012999999999849e+01
2.318185000000000000e+05 -1.666351999999999833e+01
2.318185750000000116e+05 -1.635799000000000092e+01
2.318186500000000233e+05 -1.477932999999999986e+01
2.318187250000000058e+05 -1.576876000000000033e+01
2.318188000000000175e+05 -1.481833999999999918e+01
2.318188750000000000e+05 -1.638560999999999979e+01
2.318189500000000116e+05 -1.461918000000000006e+01
2.318190250000000233e+05 -1.522780999999999985e+01
2.318191000000000058e+05 -1.579866999999999955e+01
2.318191750000000175e+05 -1.497997999999999941e+01
2.318192500000000000e+05 -1.380544000000000082e+01
2.318193250000000116e+05 -1.490963999999999956e+01
2.318194000000000233e+05 -1.652324000000000126e+01
2.318194750000000058e+05 -1.516522999999999932e+01
2.318195500000000175e+05 -1.549122999999999983e+01
2.318196250000000000e+05 -1.596887000000000079e+01
2.318197000000000116e+05 -1.531746000000000052e+01
2.318197750000000233e+05 -1.536082999999999998e+01
2.318198500000000058e+05 -1.490831000000000017e+01
2.318199250000000175e+05 -1.584207999999999927e+01
2.318200000000000000e+05 -1.380038000000000054e+01
2.318200750000000116e+05 -1.612475999999999843e+01
2.318201500000000233e+05 -1.379828000000000010e+01
2.318202250000000058e+05 -1.323005000000000031e+01
2.318203000000000175e+05 -1.565610999999999997e+01
2.318203750000000000e+05 -1.492772000000000077e+01
2.318204500000000116e+05 -1.508048999999999928e+01
2.318205250000000233e+05 -1.483150000000000013e+01
2.318206000000000058e+05 -1.435881999999999969e+01
2.318206750000000175e+05 -1.405465000000000053e+01
2.318207500000000000e+05 -1.471321000000000012e+01
2.318208250000000116e+05 -1.515431000000000061e+01
2.318209000000000233e+05 -1.521011000000000024e+01
2.318209750000000058e+05 -1.409037999999999968e+01
2.318210500000000175e+05 -1.333431999999999995e+01
2.318211250000000000e+05 -1.359308000000000050e+01
2.318212000000000116e+05 -1.385174999999999912e+01
2.318212750000000233e+05 -1.495453999999999972e+01
2.318213500000000058e+05 -1.344862000000000002e+01
2.318214250000000175e+05 -1.424905000000000044e+01
2.318215000000000000e+05 -1.320665999999999940e+01
2.318215750000000116e+05 -1.316873999999999967e+01
2.318216500000000233e+05 -1.385449999999999982e+01
2.318217250000000058e+05 -1.533305999999999969e+01
2.318218000000000175e+05 -1.288965999999999923e+01
2.318218750000000000e+05 -1.346705000000000041e+01
2.318219500000000116e+05 -1.294410000000000061e+01
2.318220250000000233e+05 -1.451725000000000065e+01
2.318221000000000058e+05 -1.392233000000000054e+01
2.318221750000000175e+05 -1.236824000000000012e+01
2.318222500000000000e+05 -1.404559000000000069e+01
2.318223250000000116e+05 -1.272251999999999938e+01
2.318224000000000233e+05 -1.301476000000000077e+01
2.318224750000000058e+05 -1.216680000000000028e+01
2.318225500000000175e+05 -1.190728000000000009e+01
2.318226250000000000e+05 -1.274546999999999919e+01
2.318227000000000116e+05 -1.165799999999999947e+01
2.318227750000000233e+05 -1.319182999999999950e+01
2.318228500000000058e+05 -1.170063000000000031e+01
2.318229250000000175e+05 -1.209741000000000000e+01
2.318230000000000000e+05 -1.159007000000000076e+01
2.318230750000000116e+05 -1.092266000000000048e+01
2.318231500000000233e+05 -1.136705000000000076e+01
2.318232250000000058e+05 -1.166061999999999976e+01
2.318233000000000175e+05 -1.074999000000000038e+01
2.318233750000000000e+05 -1.129166999999999987e+01
2.318234500000000116e+05 -1.157731000000000066e+01
2.318235250000000233e+05 -1.175510000000000055e+01
2.318236000000000058e+05 -1.083690999999999960e+01
2.318236750000000175e+05 -1.003411000000000008e+01
2.318237500000000000e+05 -1.035190000000000055e+01
2.318238250000000116e+05 -9.824220000000000397e+00
2.318239000000000233e+05 -1.016445000000000043e+01
2.318239750000000058e+05 -9.269888999999999157e+00
2.318240500000000175e+05 -9.433557999999999666e+00
2.318241250000000000e+05 -9.295355000000000700e+00
2.318242000000000116e+05 -8.675979999999999137e+00
2.318242750000000233e+05 -8.910363999999999507e+00
2.318243500000000058e+05 -8.429873999999999867e+00
2.318244250000000175e+05 -9.101440999999999448e+00
2.318245000000000000e+05 -8.840994000000000241e+00
2.318245750000000116e+05 -9.103042999999999552e+00
2.318246500000000233e+05 -7.961202000000000112e+00
2.318247250000000058e+05 -8.137285999999999575e+00
2.318248000000000175e+05 -7.415015000000000356e+00
2.318248750000000000e+05 -8.232863999999999294e+00
2.318249500000000116e+05 -7.991328000000000209e+00
2.318250250000000233e+05 -8.515456000000000358e+00
2.318251000000000058e+05 -7.635411999999999644e+00
2.318251750000000175e+05 -7.439640999999999948e+00
2.318252500000000000e+05 -8.709578000000000486e+00
2.318253250000000116e+05 -9.302917000000000769e+00
2.318254000000000233e+05 -9.157182000000000599e+00
2.318254750000000058e+05 -1.050153000000000070e+01
2.318255500000000175e+05 -1.062191999999999936e+01
2.318256250000000000e+05 -1.098352000000000039e+01
2.318257000000000116e+05 -1.250877000000000017e+01
2.318257750000000233e+05 -1.440183999999999997e+01
2.318258500000000058e+05 -1.512986000000000075e+01
2.318259250000000175e+05 -1.570350999999999964e+01
2.318260000000000000e+05 -2.100041999999999831e+01
2.318260750000000116e+05 -1.941022999999999854e+01
2.318261500000000233e+05 -2.076776999999999873e+01
2.318262250000000058e+05 -2.893516999999999939e+01
2.318263000000000175e+05 -2.200253000000000014e+01
2.318263750000000000e+05 -2.522215999999999880e+01
2.318264500000000116e+05 -2.519435999999999964e+01
2.318265250000000233e+05 -2.564685000000000059e+01
2.318266000000000058e+05 -2.752499999999999858e+01
2.318266750000000175e+05 -3.209497000000000355e+01
2.318267500000000000e+05 -2.388284000000000162e+01
2.318268250000000116e+05 -5.739164999999999850e+01
2.318269000000000233e+05 -3.171002000000000010e+01
2.318269750000000058e+05 -2.872266000000000119e+01
2.318270500000000175e+05 -3.552179000000000286e+01
2.318271250000000000e+05 -3.268054999999999666e+01
2.318272000000000116e+05 -4.605751000000000062e+01
2.318272750000000233e+05 -3.483930000000000149e+01
2.318273500000000058e+05 -3.909340000000000259e+01
2.318274250000000175e+05 -2.895924000000000120e+01
2.318275000000000000e+05 -3.094018000000000157e+01
2.318275750000000116e+05 -3.008213999999999899e+01
2.318276500000000233e+05 -2.534797000000000011e+01
2.318277250000000058e+05 -3.003660999999999959e+01
2.318278000000000175e+05 -3.501261999999999830e+01
2.318278750000000000e+05 -3.182297000000000153e+01
2.318279500000000116e+05 -2.278255000000000052e+01
2.318280250000000233e+05 -2.953836000000000084e+01
2.318281000000000058e+05 -3.049303000000000097e+01
2.318281750000000175e+05 -3.131087000000000131e+01
2.318282500000000000e+05 -2.303440000000000154e+01
2.318283250000000116e+05 -2.441618000000000066e+01
2.318284000000000233e+05 -3.050575999999999866e+01
2.318284750000000058e+05 -2.468449000000000026e+01
2.318285500000000175e+05 -2.678613000000000000e+01
2.318286250000000000e+05 -2.367615999999999943e+01
2.318287000000000116e+05 -2.999571999999999861e+01
2.318287750000000233e+05 -2.449218000000000117e+01
2.318288500000000058e+05 -2.419384000000000157e+01
2.318289250000000175e+05 -1.940537000000000134e+01
2.318290000000000000e+05 -2.145142999999999844e+01
2.318290750000000116e+05 -2.092576999999999998e+01
2.318291500000000233e+05 -2.333734000000000108e+01
2.318292250000000058e+05 -2.948393000000000086e+01
2.318293000000000175e+05 -2.623874999999999957e+01
2.318293750000000000e+05 -2.296758000000000166e+01
2.318294500000000116e+05 -2.190024000000000015e+01
2.318295250000000233e+05 -2.317883000000000138e+01
2.318296000000000058e+05 -2.287391999999999825e+01
2.318296750000000175e+05 -1.895756000000000085e+01
2.318297500000000000e+05 -2.226629000000000147e+01
2.318298250000000116e+05 -2.316432999999999964e+01
2.318299000000000233e+05 -1.947804000000000002e+01
2.318299750000000058e+05 -2.683117999999999981e+01
2.318300500000000175e+05 -2.203359999999999985e+01
2.318301250000000000e+05 -2.164265999999999934e+01
2.318302000000000116e+05 -2.480754999999999910e+01
2.318302750000000233e+05 -2.324276000000000053e+01
2.318303500000000058e+05 -1.948810999999999893e+01
2.318304250000000175e+05 -2.299669000000000096e+01
2.318305000000000000e+05 -2.133130999999999844e+01
2.318305750000000116e+05 -2.626362999999999914e+01
2.318306500000000233e+05 -2.102249000000000123e+01
2.318307250000000058e+05 -2.184853000000000023e+01
2.318308000000000175e+05 -2.241500999999999877e+01
2.318308750000000000e+05 -2.194579999999999842e+01
2.318309500000000116e+05 -2.151071999999999917e+01
2.318310250000000233e+05 -2.534413999999999945e+01
2.318311000000000058e+05 -2.204498999999999853e+01
2.318311750000000175e+05 -2.068811000000000178e+01
2.318312500000000000e+05 -1.978036000000000172e+01
2.318313250000000116e+05 -2.046126999999999896e+01
2.318314000000000233e+05 -2.194125999999999976e+01
2.318314750000000058e+05 -2.085645999999999844e+01
2.318315500000000175e+05 -2.007237999999999900e+01
2.318316250000000000e+05 -2.291817999999999955e+01
2.318317000000000116e+05 -1.935078000000000031e+01
2.318317750000000233e+05 -2.151744000000000057e+01
2.318318500000000058e+05 -2.092537000000000091e+01
2.318319250000000175e+05 -2.022863999999999862e+01
2.318320000000000000e+05 -2.138575000000000159e+01
2.318320750000000116e+05 -2.363130999999999915e+01
2.318321500000000233e+05 -2.172147999999999968e+01
2.318322250000000058e+05 -2.120399000000000100e+01
2.318323000000000175e+05 -2.322641000000000133e+01
2.318323750000000000e+05 -1.930619000000000085e+01
2.318324500000000116e+05 -2.298758000000000123e+01
2.318325250000000233e+05 -2.393796999999999997e+01
2.318326000000000058e+05 -2.023452999999999946e+01
2.318326750000000175e+05 -1.932551000000000130e+01
2.318327500000000000e+05 -2.338438999999999979e+01
2.318328250000000116e+05 -2.002084999999999937e+01
2.318329000000000233e+05 -1.994568999999999903e+01
2.318329750000000058e+05 -2.383845000000000169e+01
2.318330500000000175e+05 -2.137819999999999965e+01
2.318331250000000000e+05 -1.752890000000000015e+01
2.318332000000000116e+05 -1.941580000000000084e+01
2.318332750000000233e+05 -1.830835000000000079e+01
2.318333500000000058e+05 -2.164863000000000071e+01
2.318334250000000175e+05 -2.117492000000000019e+01
2.318335000000000000e+05 -1.986651000000000167e+01
2.318335750000000116e+05 -2.132372000000000156e+01
2.318336500000000233e+05 -1.881000999999999834e+01
2.318337250000000058e+05 -2.145222000000000051e+01
2.318338000000000175e+05 -1.891691000000000145e+01
2.318338750000000000e+05 -2.301548999999999978e+01
2.318339500000000116e+05 -1.867251999999999867e+01
2.318340250000000233e+05 -2.103469000000000122e+01
2.318341000000000058e+05 -2.161683000000000021e+01
2.318341750000000175e+05 -2.365839000000000070e+01
2.318342500000000000e+05 -1.879727000000000103e+01
2.318343250000000116e+05 -1.952037999999999940e+01
2.318344000000000233e+05 -2.085677000000000092e+01
2.318344750000000058e+05 -2.063476999999999961e+01
2.318345500000000175e+05 -2.329791000000000167e+01
2.318346250000000000e+05 -2.109393999999999991e+01
2.318347000000000116e+05 -2.011546999999999841e+01
2.318347750000000233e+05 -2.236533999999999978e+01
2.318348500000000058e+05 -2.376630000000000109e+01
2.318349250000000175e+05 -1.764799999999999969e+01
2.318350000000000000e+05 -2.195707000000000164e+01
2.318350750000000116e+05 -2.165752000000000166e+01
2.318351500000000233e+05 -1.876951000000000036e+01
2.318352250000000058e+05 -2.029777999999999949e+01
2.318353000000000175e+05 -1.926510000000000034e+01
2.318353750000000000e+05 -1.976269999999999882e+01
2.318354500000000116e+05 -2.066516999999999982e+01
2.318355250000000233e+05 -2.040031000000000105e+01
2.318356000000000058e+05 -2.170475000000000065e+01
2.318356750000000175e+05 -2.221221999999999852e+01
2.318357500000000000e+05 -1.967288999999999888e+01
2.318358250000000116e+05 -1.830764999999999887e+01
2.318359000000000233e+05 -1.937802999999999898e+01
2.318359750000000058e+05 -2.145474000000000103e+01
2.318360500000000175e+05 -2.258402999999999849e+01
2.318361250000000000e+05 -2.165788999999999831e+01
2.318362000000000116e+05 -2.115302000000000149e+01
2.318362750000000233e+05 -2.045248000000000133e+01
2.318363500000000058e+05 -2.144276999999999944e+01
2.318364250000000175e+05 -2.006012000000000128e+01
2.318365000000000000e+05 -1.774020000000000152e+01
2.318365750000000116e+05 -1.784976999999999947e+01
2.318366500000000233e+05 -2.045440999999999931e+01
2.318367250000000058e+05 -1.810725000000000051e+01
2.318368000000000175e+05 -1.990949000000000169e+01
2.318368750000000000e+05 -2.101498000000000133e+01
2.318369500000000116e+05 -1.898337000000000074e+01
2.318370250000000233e+05 -2.107145999999999830e+01
2.318371000000000058e+05 -2.068509999999999849e+01
2.318371750000000175e+05 -2.023141000000000034e+01
2.318372500000000000e+05 -2.002098000000000155e+01
2.318373250000000116e+05 -1.842248000000000019e+01
2.318374000000000233e+05 -2.183830999999999989e+01
2.318374750000000058e+05 -2.074327999999999861e+01
2.318375500000000175e+05 -2.091203000000000145e+01
2.318376250000000000e+05 -2.218429000000000073e+01
2.318377000000000116e+05 -1.974811000000000050e+01
2.318377750000000233e+05 -1.842345999999999862e+01
2.318378500000000058e+05 -1.881668000000000163e+01
2.318379250000000175e+05 -1.895398000000000138e+01
2.318380000000000000e+05 -2.056276000000000082e+01
2.318380750000000116e+05 -2.107526000000000010e+01
2.318381500000000233e+05 -2.120467000000000013e+01
2.318382250000000058e+05 -1.941629999999999967e+01
2.318383000000000175e+05 -1.824680999999999997e+01
2.318383750000000000e+05 -1.899467999999999890e+01
2.318384500000000116e+05 -1.822728999999999999e+01
2.318385250000000233e+05 -1.953169000000000111e+01
2.318386000000000058e+05 -1.899247000000000085e+01
2.318386750000000175e+05 -1.827819999999999823e+01
2.318387500000000000e+05 -2.361807999999999907e+01
2.318388250000000116e+05 -1.935606999999999900e+01
2.318389000000000233e+05 -1.896062999999999832e+01
2.318389750000000058e+05 -1.598878000000000021e+01
2.318390500000000175e+05 -1.948614999999999853e+01
2.318391250000000000e+05 -2.015981000000000023e+01
2.318392000000000116e+05 -1.822263999999999839e+01
2.318392750000000233e+05 -1.975217999999999918e+01
2.318393500000000058e+05 -1.994829999999999970e+01
2.318394250000000175e+05 -1.685032999999999959e+01
2.318395000000000000e+05 -1.839001999999999981e+01
2.318395750000000116e+05 -1.909469999999999956e+01
2.318396500000000233e+05 -2.151107999999999976e+01
2.318397250000000058e+05 -2.012601000000000084e+01
2.318398000000000175e+05 -2.151192999999999955e+01
2.318398750000000000e+05 -2.029719000000000051e+01
2.318399500000000116e+05 -1.727104999999999890e+01
