# Temperature: None K
2.319115000000000000e+05 -2.132787000000000077e+01
2.319115750000000116e+05 -2.291000000000000014e+01
2.319116499999999942e+05 -1.971519999999999939e+01
2.319117250000000058e+05 -1.728976000000000113e+01
2.319117999999999884e+05 -1.820943000000000112e+01
2.319118750000000000e+05 -1.783026999999999873e+01
2.319119500000000116e+05 -2.374288999999999916e+01
2.319120249999999942e+05 -1.921340999999999966e+01
2.319121000000000058e+05 -1.874430999999999869e+01
2.319121749999999884e+05 -1.724938999999999822e+01
2.319122500000000000e+05 -1.812182999999999922e+01
2.319123250000000116e+05 -1.863507999999999853e+01
2.319123999999999942e+05 -1.873151999999999973e+01
2.319124750000000058e+05 -1.783114000000000132e+01
2.319125499999999884e+05 -1.890797999999999845e+01
2.319126250000000000e+05 -1.824956999999999852e+01
2.319127000000000116e+05 -2.168955000000000055e+01
2.319127749999999942e+05 -2.017710999999999899e+01
2.319128500000000058e+05 -1.714542000000000144e+01
2.319129249999999884e+05 -2.076799000000000106e+01
2.319130000000000000e+05 -2.228468000000000160e+01
2.319130750000000116e+05 -1.753276999999999930e+01
2.319131499999999942e+05 -1.988331000000000159e+01
2.319132250000000058e+05 -1.843457000000000079e+01
2.319132999999999884e+05 -1.996734000000000009e+01
2.319133750000000000e+05 -1.895751999999999882e+01
2.319134500000000116e+05 -2.006919999999999860e+01
2.319135249999999942e+05 -1.970767000000000024e+01
2.319136000000000058e+05 -1.961710000000000065e+01
2.319136749999999884e+05 -1.864764999999999873e+01
2.319137500000000000e+05 -1.815462000000000131e+01
2.319138250000000116e+05 -1.913770999999999844e+01
2.319138999999999942e+05 -1.785163000000000011e+01
2.319139750000000058e+05 -1.986223999999999990e+01
2.319140499999999884e+05 -2.084508999999999901e+01
2.319141250000000000e+05 -2.038057999999999836e+01
2.319142000000000116e+05 -2.001011000000000095e+01
2.319142749999999942e+05 -2.453874000000000066e+01
2.319143500000000058e+05 -1.878378000000000014e+01
2.319144249999999884e+05 -1.932310000000000016e+01
2.319145000000000000e+05 -1.965636999999999901e+01
2.319145750000000116e+05 -1.760215000000000174e+01
2.319146499999999942e+05 -1.997738999999999976e+01
2.319147250000000058e+05 -2.119969000000000037e+01
2.319147999999999884e+05 -2.175974000000000075e+01
2.319148750000000000e+05 -1.736374999999999957e+01
2.319149500000000116e+05 -1.866632999999999853e+01
2.319150249999999942e+05 -2.038980000000000103e+01
2.319151000000000058e+05 -1.839449000000000112e+01
2.319151749999999884e+05 -2.111127000000000109e+01
2.319152500000000000e+05 -1.838503000000000043e+01
2.319153250000000116e+05 -1.808823999999999899e+01
2.319153999999999942e+05 -2.042720999999999876e+01
2.319154750000000058e+05 -1.918879000000000090e+01
2.319155499999999884e+05 -1.672284000000000148e+01
2.319156250000000000e+05 -1.881409000000000020e+01
2.319157000000000116e+05 -1.804585000000000150e+01
2.319157749999999942e+05 -1.737458000000000169e+01
2.319158500000000058e+05 -1.839180999999999955e+01
2.319159249999999884e+05 -1.933738999999999919e+01
2.319160000000000000e+05 -1.952477999999999980e+01
2.319160750000000116e+05 -1.823888000000000176e+01
2.319161499999999942e+05 -1.811832000000000065e+01
2.319162250000000058e+05 -1.674709999999999965e+01
2.319162999999999884e+05 -2.042117000000000004e+01
2.319163750000000000e+05 -1.864132000000000033e+01
2.319164500000000116e+05 -2.130992000000000175e+01
2.319165249999999942e+05 -1.897007999999999939e+01
2.319166000000000058e+05 -1.836677999999999855e+01
2.319166749999999884e+05 -1.759228999999999843e+01
2.319167500000000000e+05 -2.037342999999999904e+01
2.319168250000000116e+05 -1.817210000000000036e+01
2.319168999999999942e+05 -1.747337999999999880e+01
2.319169750000000058e+05 -1.719089999999999918e+01
2.319170499999999884e+05 -1.882669999999999888e+01
2.319171250000000000e+05 -1.831834999999999880e+01
2.319172000000000116e+05 -1.792929000000000173e+01
2.319172749999999942e+05 -1.857342999999999833e+01
2.319173500000000058e+05 -1.934207999999999927e+01
2.319174249999999884e+05 -1.749389000000000038e+01
2.319175000000000000e+05 -1.925319000000000003e+01
2.319175750000000116e+05 -1.937681999999999860e+01
2.319176499999999942e+05 -1.835660000000000025e+01
2.319177250000000058e+05 -2.038854999999999862e+01
2.319177999999999884e+05 -1.669549999999999912e+01
2.319178750000000000e+05 -2.078745999999999938e+01
2.319179500000000116e+05 -1.707144999999999868e+01
2.319180249999999942e+05 -1.705216000000000065e+01
2.319181000000000058e+05 -1.730396999999999963e+01
2.319181749999999884e+05 -1.925826999999999956e+01
2.319182500000000000e+05 -1.802355999999999980e+01
2.319183250000000116e+05 -1.905107999999999890e+01
2.319183999999999942e+05 -1.856177999999999884e+01
2.319184750000000058e+05 -1.761786999999999992e+01
2.319185499999999884e+05 -1.743165000000000120e+01
2.319186250000000000e+05 -1.969647000000000148e+01
2.319187000000000116e+05 -1.870239000000000118e+01
2.319187749999999942e+05 -1.899702999999999875e+01
2.319188500000000058e+05 -2.212781999999999982e+01
2.319189249999999884e+05 -1.970799999999999841e+01
2.319190000000000000e+05 -1.673132000000000019e+01
2.319190750000000116e+05 -1.745007000000000019e+01
2.319191499999999942e+05 -1.688104999999999833e+01
2.319192250000000058e+05 -2.112819999999999965e+01
2.319192999999999884e+05 -1.739585999999999899e+01
2.319193750000000000e+05 -1.864764999999999873e+01
2.319194500000000116e+05 -1.720995999999999881e+01
2.319195249999999942e+05 -1.910085000000000122e+01
2.319196000000000058e+05 -1.665259000000000000e+01
2.319196749999999884e+05 -1.806878999999999991e+01
2.319197500000000000e+05 -1.840467999999999904e+01
2.319198250000000116e+05 -1.587735999999999947e+01
2.319198999999999942e+05 -1.712528000000000006e+01
2.319199750000000058e+05 -1.969935999999999865e+01
2.319200499999999884e+05 -1.640809000000000140e+01
2.319201250000000000e+05 -1.732340999999999909e+01
2.319202000000000116e+05 -1.564447999999999972e+01
2.319202749999999942e+05 -1.989771999999999963e+01
2.319203500000000058e+05 -1.705094000000000065e+01
2.319204249999999884e+05 -1.705854000000000070e+01
2.319205000000000000e+05 -1.543571999999999989e+01
2.319205750000000116e+05 -1.629947999999999908e+01
2.319206499999999942e+05 -1.817484999999999928e+01
2.319207250000000058e+05 -1.714826000000000050e+01
2.319207999999999884e+05 -1.680176000000000158e+01
2.319208750000000000e+05 -1.653308000000000177e+01
2.319209500000000116e+05 -1.868869000000000113e+01
2.319210249999999942e+05 -1.684001999999999910e+01
2.319211000000000058e+05 -1.690559999999999974e+01
2.319211749999999884e+05 -1.760068000000000055e+01
2.319212500000000000e+05 -1.916721000000000075e+01
2.319213250000000116e+05 -1.548847999999999914e+01
2.319213999999999942e+05 -1.502384999999999948e+01
2.319214750000000058e+05 -1.770643000000000100e+01
2.319215499999999884e+05 -1.690008999999999872e+01
2.319216250000000000e+05 -1.592379999999999995e+01
2.319217000000000116e+05 -1.597226999999999997e+01
2.319217749999999942e+05 -1.714698999999999884e+01
2.319218500000000058e+05 -1.505156000000000027e+01
2.319219249999999884e+05 -1.613213000000000008e+01
2.319220000000000000e+05 -1.597054999999999936e+01
2.319220750000000116e+05 -1.818809999999999860e+01
2.319221499999999942e+05 -1.495429999999999993e+01
2.319222250000000058e+05 -1.497214999999999918e+01
2.319222999999999884e+05 -1.505489000000000033e+01
2.319223750000000000e+05 -1.698266999999999882e+01
2.319224500000000116e+05 -1.612590000000000146e+01
2.319225249999999942e+05 -1.622662000000000049e+01
2.319226000000000058e+05 -1.549383000000000088e+01
2.319226749999999884e+05 -1.496066000000000074e+01
2.319227500000000000e+05 -1.443280999999999992e+01
2.319228250000000116e+05 -1.406054999999999922e+01
2.319228999999999942e+05 -1.537372000000000050e+01
2.319229750000000058e+05 -1.478810000000000002e+01
2.319230499999999884e+05 -1.510448000000000057e+01
2.319231250000000000e+05 -1.627062000000000097e+01
2.319232000000000116e+05 -1.361130999999999958e+01
2.319232749999999942e+05 -1.482415999999999912e+01
2.319233500000000058e+05 -1.438236000000000026e+01
2.319234249999999884e+05 -1.454556000000000004e+01
2.319235000000000000e+05 -1.432423000000000002e+01
2.319235750000000116e+05 -1.435624999999999929e+01
2.319236499999999942e+05 -1.244072000000000067e+01
2.319237250000000058e+05 -1.353608000000000011e+01
2.319237999999999884e+05 -1.235396000000000072e+01
2.319238750000000000e+05 -1.261963000000000079e+01
2.319239500000000116e+05 -1.308539999999999992e+01
2.319240249999999942e+05 -1.224341000000000079e+01
2.319241000000000058e+05 -1.162725999999999971e+01
2.319241749999999884e+05 -1.258526999999999951e+01
2.319242500000000000e+05 -1.129635999999999996e+01
2.319243250000000116e+05 -1.197475999999999985e+01
2.319243999999999942e+05 -1.117632000000000048e+01
2.319244750000000058e+05 -1.093575000000000053e+01
2.319245499999999884e+05 -1.036331000000000024e+01
2.319246250000000000e+05 -1.115235000000000021e+01
2.319247000000000116e+05 -1.073263000000000034e+01
2.319247749999999942e+05 -9.951136999999999233e+00
2.319248500000000058e+05 -8.233484000000000691e+00
2.319249249999999884e+05 -1.034661999999999971e+01
2.319250000000000000e+05 -8.864238000000000284e+00
2.319250750000000116e+05 -8.523898000000000863e+00
2.319251499999999942e+05 -8.245658000000000598e+00
2.319252250000000058e+05 -7.569028999999999563e+00
2.319252999999999884e+05 -6.830320000000000391e+00
2.319253750000000000e+05 -7.000596999999999959e+00
2.319254500000000116e+05 -6.680016000000000176e+00
2.319255249999999942e+05 -6.373695999999999806e+00
2.319256000000000058e+05 -6.080472000000000321e+00
2.319256749999999884e+05 -4.757189000000000334e+00
2.319257500000000000e+05 -4.604358000000000395e+00
2.319258250000000116e+05 -4.125085000000000335e+00
2.319258999999999942e+05 -3.530159999999999965e+00
2.319259750000000058e+05 -3.238325999999999816e+00
2.319260499999999884e+05 -2.920878000000000085e+00
2.319261250000000000e+05 -2.408720999999999890e+00
2.319262000000000116e+05 -2.214018999999999959e+00
2.319262749999999942e+05 -2.110576000000000008e+00
2.319263500000000058e+05 -1.859631999999999952e+00
2.319264249999999884e+05 -1.530105000000000048e+00
2.319265000000000000e+05 -1.743425000000000002e+00
2.319265750000000116e+05 -2.142237000000000169e+00
2.319266499999999942e+05 -2.362620000000000164e+00
2.319267250000000058e+05 -2.702948999999999824e+00
2.319267999999999884e+05 -3.584534000000000109e+00
2.319268750000000000e+05 -4.268100999999999701e+00
2.319269500000000116e+05 -5.763796000000000141e+00
2.319270249999999942e+05 -7.173986000000000196e+00
2.319271000000000058e+05 -8.957480000000000331e+00
2.319271749999999884e+05 -1.072794999999999987e+01
2.319272500000000000e+05 -1.482549000000000028e+01
2.319273250000000116e+05 -1.543650000000000055e+01
2.319273999999999942e+05 -1.541389000000000031e+01
2.319274750000000058e+05 -1.429383999999999943e+01
2.319275499999999884e+05 -1.237609999999999921e+01
2.319276250000000000e+05 -1.053273000000000081e+01
2.319277000000000116e+05 -1.216854000000000013e+01
2.319277749999999942e+05 -1.268412000000000006e+01
2.319278500000000058e+05 -1.642409999999999926e+01
2.319279249999999884e+05 -1.989862000000000108e+01
2.319280000000000000e+05 -2.349715000000000131e+01
2.319280750000000116e+05 -2.822710000000000008e+01
2.319281499999999942e+05 -1.815596999999999994e+01
2.319282250000000058e+05 -1.972115000000000151e+01
2.319282999999999884e+05 -1.929656999999999911e+01
2.319283750000000000e+05 -2.007068999999999903e+01
2.319284500000000116e+05 -2.013603000000000165e+01
2.319285249999999942e+05 -2.607668999999999926e+01
2.319286000000000058e+05 -2.349822999999999951e+01
2.319286749999999884e+05 -2.579337999999999909e+01
2.319287500000000000e+05 -2.767171000000000092e+01
2.319288250000000116e+05 -2.420864999999999867e+01
2.319288999999999942e+05 -2.491303999999999874e+01
2.319289750000000058e+05 -2.721024999999999849e+01
2.319290499999999884e+05 -2.696277999999999864e+01
2.319291250000000000e+05 -2.640825999999999851e+01
2.319292000000000116e+05 -2.084156000000000120e+01
2.319292749999999942e+05 -2.969801000000000002e+01
2.319293500000000058e+05 -2.754385999999999868e+01
2.319294249999999884e+05 -3.284232999999999691e+01
2.319295000000000000e+05 -2.575844000000000023e+01
2.319295750000000116e+05 -2.856464000000000070e+01
2.319296499999999942e+05 -3.370550000000000068e+01
2.319297250000000058e+05 -2.773141000000000034e+01
2.319297999999999884e+05 -2.860507000000000133e+01
2.319298750000000000e+05 -3.308288999999999902e+01
2.319299500000000116e+05 -3.620109000000000066e+01
2.319300249999999942e+05 -2.846677999999999997e+01
2.319301000000000058e+05 -3.999004000000000048e+01
2.319301749999999884e+05 -3.232685000000000031e+01
2.319302500000000000e+05 -3.137180999999999997e+01
2.319303250000000116e+05 -2.729159999999999897e+01
2.319303999999999942e+05 -2.775157000000000096e+01
2.319304750000000058e+05 -2.736940999999999846e+01
2.319305499999999884e+05 -2.638209000000000160e+01
2.319306250000000000e+05 -3.808487000000000222e+01
2.319307000000000116e+05 -2.598798000000000030e+01
2.319307749999999942e+05 -2.858361999999999981e+01
2.319308500000000058e+05 -4.186491000000000184e+01
2.319309249999999884e+05 -3.156360000000000099e+01
2.319310000000000000e+05 -3.036061000000000121e+01
2.319310750000000116e+05 -3.684868000000000166e+01
2.319311499999999942e+05 -2.664633999999999858e+01
2.319312250000000058e+05 -3.712608999999999781e+01
2.319312999999999884e+05 -2.488804000000000016e+01
2.319313750000000000e+05 -2.544917999999999836e+01
2.319314500000000116e+05 -2.829347999999999885e+01
2.319315249999999942e+05 -2.554693999999999932e+01
2.319316000000000058e+05 -3.010482000000000014e+01
2.319316749999999884e+05 -2.620833000000000013e+01
2.319317500000000000e+05 -2.481403999999999854e+01
2.319318250000000116e+05 -2.940918999999999883e+01
2.319318999999999942e+05 -3.343256999999999834e+01
2.319319750000000058e+05 -2.567690999999999946e+01
2.319320499999999884e+05 -2.565730999999999895e+01
2.319321250000000000e+05 -2.721723000000000070e+01
2.319322000000000116e+05 -3.939954999999999785e+01
2.319322749999999942e+05 -2.872749999999999915e+01
2.319323500000000058e+05 -2.906302000000000163e+01
2.319324249999999884e+05 -3.084888000000000119e+01
2.319325000000000000e+05 -2.394962999999999909e+01
2.319325750000000116e+05 -2.360844000000000165e+01
2.319326499999999942e+05 -2.973076000000000008e+01
2.319327250000000058e+05 -3.419901000000000124e+01
2.319327999999999884e+05 -3.207316999999999751e+01
2.319328750000000000e+05 -2.240367000000000175e+01
2.319329500000000116e+05 -2.669802999999999926e+01
2.319330249999999942e+05 -3.388803000000000054e+01
2.319331000000000058e+05 -2.521811999999999898e+01
2.319331749999999884e+05 -2.809938000000000002e+01
2.319332500000000000e+05 -2.654993999999999943e+01
2.319333250000000116e+05 -2.257299000000000078e+01
2.319333999999999942e+05 -2.885221999999999909e+01
2.319334750000000058e+05 -2.868513000000000090e+01
2.319335499999999884e+05 -2.488309999999999889e+01
2.319336250000000000e+05 -2.899649000000000143e+01
2.319337000000000116e+05 -2.560159000000000162e+01
2.319337749999999942e+05 -2.933239999999999981e+01
2.319338500000000058e+05 -2.674844999999999828e+01
2.319339249999999884e+05 -2.601201000000000008e+01
2.319340000000000000e+05 -2.325787000000000049e+01
2.319340750000000116e+05 -2.558107000000000042e+01
2.319341499999999942e+05 -2.123760000000000048e+01
2.319342250000000058e+05 -2.505912999999999968e+01
2.319342999999999884e+05 -2.462458000000000169e+01
2.319343750000000000e+05 -2.201360999999999990e+01
2.319344500000000116e+05 -2.699288999999999916e+01
2.319345249999999942e+05 -2.596085000000000065e+01
2.319346000000000058e+05 -2.718920999999999921e+01
2.319346749999999884e+05 -2.174866000000000099e+01
2.319347500000000000e+05 -2.820968999999999838e+01
2.319348250000000116e+05 -3.327826000000000306e+01
2.319348999999999942e+05 -2.472475000000000023e+01
2.319349750000000058e+05 -2.881759999999999877e+01
2.319350499999999884e+05 -2.584519999999999840e+01
2.319351250000000000e+05 -2.516814000000000107e+01
2.319352000000000116e+05 -2.648073000000000121e+01
2.319352749999999942e+05 -2.555741000000000085e+01
2.319353500000000058e+05 -2.434771999999999892e+01
2.319354249999999884e+05 -2.281736000000000075e+01
2.319355000000000000e+05 -2.624162000000000106e+01
2.319355750000000116e+05 -2.308350000000000080e+01
2.319356499999999942e+05 -2.517971000000000004e+01
2.319357250000000058e+05 -2.011489999999999867e+01
2.319357999999999884e+05 -2.349077000000000126e+01
2.319358750000000000e+05 -2.316498999999999953e+01
2.319359500000000116e+05 -2.365531000000000006e+01
2.319360249999999942e+05 -2.618215999999999966e+01
2.319361000000000058e+05 -2.669079999999999941e+01
2.319361749999999884e+05 -2.684840000000000160e+01
2.319362500000000000e+05 -2.418253999999999948e+01
2.319363250000000116e+05 -2.226034999999999897e+01
2.319363999999999942e+05 -2.651576000000000022e+01
2.319364750000000058e+05 -2.103703000000000145e+01
2.319365499999999884e+05 -2.172578000000000031e+01
2.319366250000000000e+05 -2.057106999999999886e+01
2.319367000000000116e+05 -2.379763000000000162e+01
2.319367749999999942e+05 -3.253623000000000332e+01
2.319368500000000058e+05 -2.353734000000000037e+01
2.319369249999999884e+05 -2.536077999999999832e+01
2.319370000000000000e+05 -2.697334000000000032e+01
2.319370750000000116e+05 -2.859738000000000113e+01
2.319371499999999942e+05 -2.593750999999999962e+01
2.319372250000000058e+05 -2.248692000000000135e+01
2.319372999999999884e+05 -2.489780999999999977e+01
2.319373750000000000e+05 -2.281737000000000037e+01
2.319374500000000116e+05 -2.427969999999999828e+01
2.319375249999999942e+05 -2.167641000000000062e+01
2.319376000000000058e+05 -2.426903000000000077e+01
2.319376749999999884e+05 -2.256649000000000171e+01
2.319377500000000000e+05 -2.117780000000000129e+01
2.319378250000000116e+05 -2.307531000000000176e+01
2.319378999999999942e+05 -2.315472000000000108e+01
2.319379750000000058e+05 -2.500622999999999863e+01
2.319380499999999884e+05 -2.193609999999999971e+01
2.319381250000000000e+05 -2.426078000000000046e+01
2.319382000000000116e+05 -2.289725999999999928e+01
2.319382749999999942e+05 -2.436429000000000045e+01
2.319383500000000058e+05 -2.250683000000000078e+01
2.319384249999999884e+05 -2.231899999999999906e+01
2.319385000000000000e+05 -2.378923999999999950e+01
2.319385750000000116e+05 -2.338363000000000014e+01
2.319386499999999942e+05 -2.459523000000000081e+01
2.319387250000000058e+05 -2.579512000000000072e+01
2.319387999999999884e+05 -3.053023999999999916e+01
2.319388750000000000e+05 -2.376685000000000159e+01
2.319389500000000116e+05 -2.334453999999999851e+01
2.319390249999999942e+05 -2.257153999999999883e+01
2.319391000000000058e+05 -2.487203999999999837e+01
2.319391749999999884e+05 -2.390568000000000026e+01
2.319392500000000000e+05 -2.269250999999999863e+01
2.319393250000000116e+05 -2.540299999999999869e+01
2.319393999999999942e+05 -2.270125000000000171e+01
2.319394750000000058e+05 -2.247432999999999836e+01
2.319395499999999884e+05 -2.440137999999999963e+01
2.319396250000000000e+05 -2.280095000000000027e+01
2.319397000000000116e+05 -2.537544000000000111e+01
2.319397749999999942e+05 -2.240316999999999936e+01
2.319398500000000058e+05 -2.425696999999999903e+01
2.319399249999999884e+05 -2.124399999999999977e+01
2.319400000000000000e+05 -2.751066000000000145e+01
2.319400750000000116e+05 -2.673314999999999841e+01
2.319401499999999942e+05 -2.209922999999999860e+01
2.319402250000000058e+05 -2.504176000000000002e+01
2.319402999999999884e+05 -2.351295999999999964e+01
2.319403750000000000e+05 -2.262269999999999825e+01
2.319404500000000116e+05 -2.714761999999999986e+01
2.319405249999999942e+05 -2.030528999999999940e+01
2.319406000000000058e+05 -2.347448999999999941e+01
2.319406749999999884e+05 -2.388859000000000066e+01
2.319407500000000000e+05 -2.281784000000000034e+01
2.319408250000000116e+05 -2.439120000000000132e+01
2.319408999999999942e+05 -2.439238999999999891e+01
2.319409750000000058e+05 -1.886180999999999841e+01
2.319410499999999884e+05 -2.605221999999999838e+01
2.319411250000000000e+05 -2.125583999999999918e+01
2.319412000000000116e+05 -2.350336000000000070e+01
2.319412749999999942e+05 -2.660687000000000069e+01
2.319413500000000058e+05 -2.170327999999999946e+01
2.319414249999999884e+05 -2.556881999999999877e+01
2.319415000000000000e+05 -2.334240000000000137e+01
