# Temperature: None K
2.319038500000000058e+05 -2.106700000000000017e+01
2.319039250000000175e+05 -2.055089999999999861e+01
2.319040000000000000e+05 -2.085258999999999929e+01
2.319040750000000116e+05 -1.930900000000000105e+01
2.319041499999999942e+05 -1.890352999999999994e+01
2.319042250000000058e+05 -2.197521000000000058e+01
2.319043000000000175e+05 -2.056708000000000069e+01
2.319043750000000000e+05 -2.172710999999999970e+01
2.319044500000000116e+05 -1.844662999999999897e+01
2.319045249999999942e+05 -1.802162999999999826e+01
2.319046000000000058e+05 -1.825575999999999866e+01
2.319046750000000175e+05 -2.288733999999999824e+01
2.319047500000000000e+05 -1.994444000000000017e+01
2.319048250000000116e+05 -2.288911999999999836e+01
2.319048999999999942e+05 -1.786353000000000080e+01
2.319049750000000058e+05 -2.099702999999999875e+01
2.319050500000000175e+05 -1.938072000000000017e+01
2.319051250000000000e+05 -2.070795000000000030e+01
2.319052000000000116e+05 -1.859451999999999927e+01
2.319052749999999942e+05 -1.976914999999999978e+01
2.319053500000000058e+05 -2.141517999999999944e+01
2.319054250000000175e+05 -2.093922999999999845e+01
2.319055000000000000e+05 -1.705095999999999989e+01
2.319055750000000116e+05 -1.968959999999999866e+01
2.319056499999999942e+05 -2.014480000000000004e+01
2.319057250000000058e+05 -1.838382000000000005e+01
2.319058000000000175e+05 -1.994284999999999997e+01
2.319058750000000000e+05 -2.165531999999999968e+01
2.319059500000000116e+05 -2.349477999999999867e+01
2.319060249999999942e+05 -1.673713000000000051e+01
2.319061000000000058e+05 -1.744562000000000168e+01
2.319061750000000175e+05 -2.543890999999999991e+01
2.319062500000000000e+05 -1.836239000000000132e+01
2.319063250000000116e+05 -1.855293999999999954e+01
2.319063999999999942e+05 -1.929491000000000156e+01
2.319064750000000058e+05 -2.080750000000000099e+01
2.319065500000000175e+05 -1.712829999999999941e+01
2.319066250000000000e+05 -2.077233999999999980e+01
2.319067000000000116e+05 -2.076163000000000025e+01
2.319067749999999942e+05 -1.977049999999999841e+01
2.319068500000000058e+05 -1.846509000000000000e+01
2.319069250000000175e+05 -1.912702000000000169e+01
2.319070000000000000e+05 -1.930302000000000007e+01
2.319070750000000116e+05 -1.674080000000000013e+01
2.319071499999999942e+05 -1.962536000000000058e+01
2.319072250000000058e+05 -1.627459999999999951e+01
2.319073000000000175e+05 -2.113312000000000168e+01
2.319073750000000000e+05 -1.874782000000000082e+01
2.319074500000000116e+05 -1.748424999999999940e+01
2.319075249999999942e+05 -1.868279000000000067e+01
2.319076000000000058e+05 -2.022820000000000107e+01
2.319076750000000175e+05 -1.774652999999999992e+01
2.319077500000000000e+05 -2.052912999999999855e+01
2.319078250000000116e+05 -1.827578000000000102e+01
2.319078999999999942e+05 -1.823613999999999891e+01
2.319079750000000058e+05 -1.823022999999999882e+01
2.319080500000000175e+05 -2.015897999999999968e+01
2.319081250000000000e+05 -1.959592999999999918e+01
2.319082000000000116e+05 -1.720233999999999952e+01
2.319082749999999942e+05 -2.295236999999999838e+01
2.319083500000000058e+05 -1.697063999999999950e+01
2.319084250000000175e+05 -1.816009999999999991e+01
2.319085000000000000e+05 -2.053901000000000110e+01
2.319085750000000116e+05 -1.727924000000000149e+01
2.319086499999999942e+05 -2.034988999999999848e+01
2.319087250000000058e+05 -1.926746999999999943e+01
2.319088000000000175e+05 -2.106963000000000008e+01
2.319088750000000000e+05 -1.760213999999999857e+01
2.319089500000000116e+05 -1.876960000000000051e+01
2.319090249999999942e+05 -1.815173000000000059e+01
2.319091000000000058e+05 -1.971818000000000026e+01
2.319091750000000175e+05 -1.948772999999999911e+01
2.319092500000000000e+05 -1.884897000000000133e+01
2.319093250000000116e+05 -2.099753000000000114e+01
2.319093999999999942e+05 -2.174135000000000062e+01
2.319094750000000058e+05 -2.135247999999999990e+01
2.319095500000000175e+05 -1.820662000000000091e+01
2.319096250000000000e+05 -1.974290999999999840e+01
2.319097000000000116e+05 -1.983690999999999960e+01
2.319097749999999942e+05 -2.089351999999999876e+01
2.319098500000000058e+05 -1.866177000000000064e+01
2.319099250000000175e+05 -2.008833999999999875e+01
2.319100000000000000e+05 -2.087835000000000107e+01
2.319100750000000116e+05 -1.787434000000000012e+01
2.319101499999999942e+05 -1.789210999999999885e+01
2.319102250000000058e+05 -1.904873999999999867e+01
2.319103000000000175e+05 -2.063354999999999961e+01
2.319103750000000000e+05 -1.716282999999999959e+01
2.319104500000000116e+05 -1.782835000000000036e+01
2.319105249999999942e+05 -1.881293000000000148e+01
2.319106000000000058e+05 -1.893712000000000018e+01
2.319106750000000175e+05 -1.863096000000000174e+01
2.319107500000000000e+05 -2.118243999999999971e+01
2.319108250000000116e+05 -1.899574000000000140e+01
2.319108999999999942e+05 -1.652034000000000091e+01
2.319109750000000058e+05 -1.802339999999999876e+01
2.319110500000000175e+05 -1.875238999999999834e+01
2.319111250000000000e+05 -2.076757999999999882e+01
2.319112000000000116e+05 -1.870320999999999856e+01
2.319112749999999942e+05 -1.955124999999999957e+01
2.319113500000000058e+05 -1.900009999999999977e+01
2.319114250000000175e+05 -1.842784999999999940e+01
2.319115000000000000e+05 -1.855742000000000047e+01
2.319115750000000116e+05 -1.725919000000000025e+01
2.319116499999999942e+05 -1.643869000000000113e+01
2.319117250000000058e+05 -1.681826999999999828e+01
2.319118000000000175e+05 -1.952486999999999995e+01
2.319118750000000000e+05 -1.583148000000000089e+01
2.319119500000000116e+05 -1.794378000000000029e+01
2.319120249999999942e+05 -1.783398000000000039e+01
2.319121000000000058e+05 -1.808737999999999957e+01
2.319121750000000175e+05 -1.679045999999999950e+01
2.319122500000000000e+05 -1.761837999999999838e+01
2.319123250000000116e+05 -1.824268000000000001e+01
2.319123999999999942e+05 -1.855664000000000158e+01
2.319124750000000058e+05 -1.763221000000000060e+01
2.319125500000000175e+05 -1.778859999999999886e+01
2.319126250000000000e+05 -1.905204000000000164e+01
2.319127000000000116e+05 -1.899898999999999916e+01
2.319127749999999942e+05 -1.838601999999999848e+01
2.319128500000000058e+05 -1.681187999999999860e+01
2.319129250000000175e+05 -1.881492000000000075e+01
2.319130000000000000e+05 -1.836345999999999989e+01
2.319130750000000116e+05 -2.048112000000000066e+01
2.319131499999999942e+05 -1.766520999999999830e+01
2.319132250000000058e+05 -1.644369000000000014e+01
2.319133000000000175e+05 -1.886936000000000035e+01
2.319133750000000000e+05 -1.663746000000000080e+01
2.319134500000000116e+05 -1.708367000000000147e+01
2.319135249999999942e+05 -1.612303999999999959e+01
2.319136000000000058e+05 -1.721809999999999974e+01
2.319136750000000175e+05 -1.625780999999999921e+01
2.319137500000000000e+05 -1.779220000000000113e+01
2.319138250000000116e+05 -1.675865999999999900e+01
2.319138999999999942e+05 -1.700632999999999839e+01
2.319139750000000058e+05 -1.602756000000000114e+01
2.319140500000000175e+05 -1.604596000000000089e+01
2.319141250000000000e+05 -1.586762000000000050e+01
2.319142000000000116e+05 -1.457912999999999926e+01
2.319142749999999942e+05 -1.807947000000000060e+01
2.319143500000000058e+05 -1.633639000000000152e+01
2.319144250000000175e+05 -1.570404000000000089e+01
2.319145000000000000e+05 -1.635042999999999935e+01
2.319145750000000116e+05 -1.566671999999999976e+01
2.319146499999999942e+05 -1.591698000000000057e+01
2.319147250000000058e+05 -1.548572000000000060e+01
2.319148000000000175e+05 -1.551842000000000077e+01
2.319148750000000000e+05 -1.533994000000000035e+01
2.319149500000000116e+05 -1.451131999999999955e+01
2.319150249999999942e+05 -1.526909000000000027e+01
2.319151000000000058e+05 -1.659763999999999839e+01
2.319151750000000175e+05 -1.574191000000000074e+01
2.319152500000000000e+05 -1.597730999999999923e+01
2.319153250000000116e+05 -1.473841000000000001e+01
2.319153999999999942e+05 -1.491460999999999970e+01
2.319154750000000058e+05 -1.500229000000000035e+01
2.319155500000000175e+05 -1.339343000000000039e+01
2.319156250000000000e+05 -1.490114999999999945e+01
2.319157000000000116e+05 -1.478288000000000046e+01
2.319157749999999942e+05 -1.330926999999999971e+01
2.319158500000000058e+05 -1.448629999999999995e+01
2.319159250000000175e+05 -1.421579999999999977e+01
2.319160000000000000e+05 -1.286713999999999913e+01
2.319160750000000116e+05 -1.383370999999999995e+01
2.319161499999999942e+05 -1.355125999999999920e+01
2.319162250000000058e+05 -1.392188999999999943e+01
2.319163000000000175e+05 -1.222556999999999938e+01
2.319163750000000000e+05 -1.267875000000000085e+01
2.319164500000000116e+05 -1.222952000000000083e+01
2.319165249999999942e+05 -1.211926000000000059e+01
2.319166000000000058e+05 -1.229700000000000060e+01
2.319166750000000175e+05 -1.175798999999999950e+01
2.319167500000000000e+05 -1.270889000000000024e+01
2.319168250000000116e+05 -1.197537999999999947e+01
2.319168999999999942e+05 -1.111598000000000042e+01
2.319169750000000058e+05 -1.140848000000000084e+01
2.319170500000000175e+05 -1.063189999999999991e+01
2.319171250000000000e+05 -1.050426000000000037e+01
2.319172000000000116e+05 -9.692685000000000883e+00
2.319172749999999942e+05 -9.435684999999999434e+00
2.319173500000000058e+05 -9.287710999999999828e+00
2.319174250000000175e+05 -9.066188999999999609e+00
2.319175000000000000e+05 -8.622282000000000224e+00
2.319175750000000116e+05 -7.417777000000000065e+00
2.319176499999999942e+05 -7.470543000000000156e+00
2.319177250000000058e+05 -6.591596000000000011e+00
2.319178000000000175e+05 -6.408610000000000362e+00
2.319178750000000000e+05 -5.953419000000000239e+00
2.319179500000000116e+05 -5.282159000000000049e+00
2.319180249999999942e+05 -4.704417000000000293e+00
2.319181000000000058e+05 -4.270972999999999686e+00
2.319181750000000175e+05 -3.481060999999999961e+00
2.319182500000000000e+05 -3.145125999999999866e+00
2.319183250000000116e+05 -2.073484999999999800e+00
2.319183999999999942e+05 -1.824689000000000005e+00
2.319184750000000058e+05 -1.176501999999999937e+00
2.319185500000000175e+05 -3.628048999999999857e-01
2.319186250000000000e+05 3.777424000000000059e-02
2.319187000000000116e+05 7.467032999999999587e-01
2.319187749999999942e+05 9.323331000000000257e-01
2.319188500000000058e+05 1.705947000000000102e+00
2.319189250000000175e+05 1.665356999999999976e+00
2.319190000000000000e+05 1.897242000000000095e+00
2.319190750000000116e+05 2.151025000000000187e+00
2.319191499999999942e+05 2.184661999999999882e+00
2.319192250000000058e+05 2.326367999999999991e+00
2.319193000000000175e+05 1.592637999999999998e+00
2.319193750000000000e+05 1.234855000000000036e+00
2.319194500000000116e+05 9.718033999999999839e-01
2.319195249999999942e+05 1.716894999999999949e-01
2.319196000000000058e+05 -6.412221000000000171e-01
2.319196750000000175e+05 -1.192709000000000019e+00
2.319197500000000000e+05 -1.455219000000000040e+00
2.319198250000000116e+05 -2.147562999999999889e+00
2.319198999999999942e+05 -2.166751999999999789e+00
2.319199750000000058e+05 -1.950183999999999918e+00
2.319200500000000175e+05 -1.189488000000000101e+00
2.319201250000000000e+05 -1.383617000000000097e+00
2.319202000000000116e+05 -1.443578000000000028e+00
2.319202749999999942e+05 -1.649831999999999965e+00
2.319203500000000058e+05 -2.747058000000000000e+00
2.319204250000000175e+05 -3.411976000000000120e+00
2.319205000000000000e+05 -3.911691999999999947e+00
2.319205750000000116e+05 -3.380034000000000205e+00
2.319206499999999942e+05 -3.563928000000000207e+00
2.319207250000000058e+05 -3.184433999999999987e+00
2.319208000000000175e+05 -3.274779999999999802e+00
2.319208750000000000e+05 -3.764823999999999948e+00
2.319209500000000116e+05 -4.565290000000000070e+00
2.319210249999999942e+05 -4.967598999999999876e+00
2.319211000000000058e+05 -5.230806000000000289e+00
2.319211750000000175e+05 -4.881771999999999778e+00
2.319212500000000000e+05 -4.526887000000000327e+00
2.319213250000000116e+05 -5.288640000000000008e+00
2.319213999999999942e+05 -6.071144000000000318e+00
2.319214750000000058e+05 -5.911452999999999847e+00
2.319215500000000175e+05 -6.377932999999999630e+00
2.319216250000000000e+05 -6.908794000000000324e+00
2.319217000000000116e+05 -6.065868000000000038e+00
2.319217749999999942e+05 -6.547957000000000249e+00
2.319218500000000058e+05 -6.815992999999999746e+00
2.319219250000000175e+05 -6.935518000000000072e+00
2.319220000000000000e+05 -7.558257000000000225e+00
2.319220750000000116e+05 -7.000854999999999606e+00
2.319221499999999942e+05 -7.517447999999999908e+00
2.319222250000000058e+05 -8.572589999999999932e+00
2.319223000000000175e+05 -8.850587000000000870e+00
2.319223750000000000e+05 -7.973800999999999917e+00
2.319224500000000116e+05 -7.753205000000000346e+00
2.319225249999999942e+05 -8.929560000000000386e+00
2.319226000000000058e+05 -9.351965999999999113e+00
2.319226750000000175e+05 -9.210402000000000200e+00
2.319227500000000000e+05 -9.029438999999999993e+00
2.319228250000000116e+05 -9.472789000000000570e+00
2.319228999999999942e+05 -9.348568000000000211e+00
2.319229750000000058e+05 -1.117597999999999914e+01
2.319230500000000175e+05 -1.038081000000000031e+01
2.319231250000000000e+05 -1.079989999999999917e+01
2.319232000000000116e+05 -1.349679000000000073e+01
2.319232749999999942e+05 -1.117173000000000016e+01
2.319233500000000058e+05 -1.060671999999999926e+01
2.319234250000000175e+05 -1.302899000000000029e+01
2.319235000000000000e+05 -1.222602000000000011e+01
2.319235750000000116e+05 -1.114752000000000010e+01
2.319236499999999942e+05 -1.288063000000000002e+01
2.319237250000000058e+05 -1.266849999999999987e+01
2.319238000000000175e+05 -1.138327999999999918e+01
2.319238750000000000e+05 -1.347194999999999965e+01
2.319239500000000116e+05 -1.306203000000000003e+01
2.319240249999999942e+05 -1.320766000000000062e+01
2.319241000000000058e+05 -1.274619000000000035e+01
2.319241750000000175e+05 -1.533698000000000050e+01
2.319242500000000000e+05 -1.291750000000000043e+01
2.319243250000000116e+05 -1.397882000000000069e+01
2.319243999999999942e+05 -1.702550000000000097e+01
2.319244750000000058e+05 -1.237869000000000064e+01
2.319245500000000175e+05 -1.672213999999999956e+01
2.319246250000000000e+05 -1.636314000000000135e+01
2.319247000000000116e+05 -1.382090999999999958e+01
2.319247749999999942e+05 -1.708680000000000021e+01
2.319248500000000058e+05 -1.457508999999999943e+01
2.319249250000000175e+05 -1.351368000000000080e+01
2.319250000000000000e+05 -2.005116999999999905e+01
2.319250750000000116e+05 -1.358294000000000068e+01
2.319251499999999942e+05 -1.790252999999999872e+01
2.319252250000000058e+05 -1.665212999999999965e+01
2.319253000000000175e+05 -1.504720000000000013e+01
2.319253750000000000e+05 -1.808211000000000013e+01
2.319254500000000116e+05 -1.629426000000000130e+01
2.319255249999999942e+05 -1.938066999999999851e+01
2.319256000000000058e+05 -1.558098999999999990e+01
2.319256750000000175e+05 -1.913660000000000139e+01
2.319257500000000000e+05 -2.326371999999999929e+01
2.319258250000000116e+05 -1.669314999999999927e+01
2.319258999999999942e+05 -2.431558000000000064e+01
2.319259750000000058e+05 -1.638026999999999944e+01
2.319260500000000175e+05 -2.316687999999999903e+01
2.319261250000000000e+05 -1.711398000000000152e+01
2.319262000000000116e+05 -1.848607000000000156e+01
2.319262749999999942e+05 -1.868919999999999959e+01
2.319263500000000058e+05 -1.915896000000000043e+01
2.319264250000000175e+05 -2.112510999999999939e+01
2.319265000000000000e+05 -1.632228999999999886e+01
2.319265750000000116e+05 -1.805759000000000114e+01
2.319266499999999942e+05 -1.720554999999999879e+01
2.319267250000000058e+05 -2.254213000000000022e+01
2.319268000000000175e+05 -1.896880000000000166e+01
2.319268750000000000e+05 -2.950405999999999906e+01
2.319269500000000116e+05 -1.870114999999999839e+01
2.319270249999999942e+05 -2.723054000000000130e+01
2.319271000000000058e+05 -1.758006999999999920e+01
2.319271750000000175e+05 -2.973285999999999873e+01
2.319272500000000000e+05 -1.734874999999999901e+01
2.319273250000000116e+05 -2.439120000000000132e+01
2.319273999999999942e+05 -2.080157000000000167e+01
2.319274750000000058e+05 -2.399416000000000082e+01
2.319275500000000175e+05 -2.413158999999999921e+01
2.319276250000000000e+05 -2.444790000000000063e+01
2.319277000000000116e+05 -2.306384999999999863e+01
2.319277749999999942e+05 -2.200262999999999991e+01
2.319278500000000058e+05 -2.565125000000000099e+01
2.319279250000000175e+05 -1.914729000000000170e+01
2.319280000000000000e+05 -3.075945000000000107e+01
2.319280750000000116e+05 -2.064675000000000082e+01
2.319281499999999942e+05 -2.451190000000000069e+01
2.319282250000000058e+05 -2.090968000000000160e+01
2.319283000000000175e+05 -2.274887000000000015e+01
2.319283750000000000e+05 -2.846392000000000166e+01
2.319284500000000116e+05 -2.284310999999999936e+01
2.319285249999999942e+05 -3.088913000000000153e+01
2.319286000000000058e+05 -2.004801000000000144e+01
2.319286750000000175e+05 -2.475179999999999936e+01
2.319287500000000000e+05 -2.857534000000000063e+01
2.319288250000000116e+05 -1.952581999999999951e+01
2.319288999999999942e+05 -2.564885999999999910e+01
2.319289750000000058e+05 -2.151213999999999871e+01
2.319290500000000175e+05 -2.209684000000000026e+01
2.319291250000000000e+05 -2.879391000000000034e+01
2.319292000000000116e+05 -2.271054000000000173e+01
2.319292749999999942e+05 -2.043534999999999968e+01
2.319293500000000058e+05 -2.339392000000000138e+01
2.319294250000000175e+05 -2.136731999999999942e+01
2.319295000000000000e+05 -2.620955000000000013e+01
2.319295750000000116e+05 -2.426240999999999914e+01
2.319296499999999942e+05 -2.211038999999999888e+01
2.319297250000000058e+05 -2.483842999999999890e+01
2.319298000000000175e+05 -1.762421000000000149e+01
2.319298750000000000e+05 -2.194048000000000087e+01
2.319299500000000116e+05 -2.340552999999999884e+01
2.319300249999999942e+05 -2.338108000000000075e+01
2.319301000000000058e+05 -2.018165000000000120e+01
2.319301750000000175e+05 -3.113045999999999935e+01
2.319302500000000000e+05 -2.229516999999999882e+01
2.319303250000000116e+05 -2.284630999999999901e+01
2.319303999999999942e+05 -2.647089000000000070e+01
2.319304750000000058e+05 -2.596967000000000070e+01
2.319305500000000175e+05 -2.009920999999999935e+01
2.319306250000000000e+05 -2.118734999999999857e+01
2.319307000000000116e+05 -3.138019999999999854e+01
2.319307749999999942e+05 -2.806293000000000148e+01
2.319308500000000058e+05 -2.224750999999999834e+01
2.319309250000000175e+05 -2.311092000000000013e+01
2.319310000000000000e+05 -3.031992999999999938e+01
2.319310750000000116e+05 -2.250434999999999874e+01
2.319311499999999942e+05 -2.230807000000000073e+01
2.319312250000000058e+05 -2.450383000000000067e+01
2.319313000000000175e+05 -2.577455000000000140e+01
2.319313750000000000e+05 -2.373340999999999923e+01
2.319314500000000116e+05 -2.082207000000000008e+01
2.319315249999999942e+05 -2.088986999999999838e+01
2.319316000000000058e+05 -2.651216000000000150e+01
2.319316750000000175e+05 -2.302984999999999971e+01
2.319317500000000000e+05 -1.771378999999999948e+01
2.319318250000000116e+05 -2.323969999999999914e+01
2.319318999999999942e+05 -3.318133000000000266e+01
2.319319750000000058e+05 -2.410679000000000016e+01
2.319320500000000175e+05 -2.164955000000000140e+01
2.319321250000000000e+05 -2.475601999999999947e+01
2.319322000000000116e+05 -2.378633999999999915e+01
2.319322749999999942e+05 -2.794653999999999883e+01
2.319323500000000058e+05 -2.448629000000000033e+01
2.319324250000000175e+05 -2.373417999999999850e+01
2.319325000000000000e+05 -2.200469999999999970e+01
2.319325750000000116e+05 -2.271697999999999951e+01
2.319326499999999942e+05 -2.343693000000000026e+01
2.319327250000000058e+05 -3.133596999999999966e+01
2.319328000000000175e+05 -2.638051000000000101e+01
2.319328750000000000e+05 -2.120958999999999861e+01
2.319329500000000116e+05 -2.459635000000000105e+01
2.319330249999999942e+05 -2.527599000000000018e+01
2.319331000000000058e+05 -2.534250000000000114e+01
2.319331750000000175e+05 -1.993952000000000169e+01
2.319332500000000000e+05 -2.034812000000000154e+01
2.319333250000000116e+05 -2.148175000000000168e+01
2.319333999999999942e+05 -2.259712999999999994e+01
2.319334750000000058e+05 -2.217369000000000057e+01
2.319335500000000175e+05 -2.898307000000000144e+01
2.319336250000000000e+05 -2.279891999999999896e+01
2.319337000000000116e+05 -2.619875000000000043e+01
2.319337749999999942e+05 -2.346668000000000021e+01
2.319338500000000058e+05 -2.177365999999999957e+01
