# Temperature: None K
2.318488750000000000e+05 -2.401821999999999946e+01
2.318489500000000116e+05 -2.507564999999999955e+01
2.318490249999999942e+05 -1.878165999999999869e+01
2.318491000000000058e+05 -1.735979000000000028e+01
2.318491749999999884e+05 -1.684234999999999971e+01
2.318492500000000000e+05 -1.988877000000000095e+01
2.318493250000000116e+05 -2.074464000000000041e+01
2.318493999999999942e+05 -2.690728000000000009e+01
2.318494750000000058e+05 -1.890721999999999881e+01
2.318495499999999884e+05 -1.705877999999999872e+01
2.318496250000000000e+05 -1.788778999999999897e+01
2.318497000000000116e+05 -2.088493000000000066e+01
2.318497749999999942e+05 -2.349434000000000111e+01
2.318498500000000058e+05 -2.021103000000000094e+01
2.318499249999999884e+05 -1.499074000000000062e+01
2.318500000000000000e+05 -1.885345999999999833e+01
2.318500750000000116e+05 -2.134361000000000175e+01
2.318501499999999942e+05 -2.036177999999999955e+01
2.318502250000000058e+05 -1.828962999999999894e+01
2.318502999999999884e+05 -1.726557000000000031e+01
2.318503750000000000e+05 -2.190501000000000076e+01
2.318504500000000116e+05 -2.313312000000000168e+01
2.318505249999999942e+05 -2.099033999999999978e+01
2.318506000000000058e+05 -1.687329000000000079e+01
2.318506749999999884e+05 -2.065693999999999875e+01
2.318507500000000000e+05 -2.288395999999999830e+01
2.318508250000000116e+05 -1.780883000000000038e+01
2.318508999999999942e+05 -1.942463000000000051e+01
2.318509750000000058e+05 -2.028569999999999851e+01
2.318510499999999884e+05 -2.017783999999999978e+01
2.318511250000000000e+05 -1.789789000000000030e+01
2.318512000000000116e+05 -1.727131999999999934e+01
2.318512749999999942e+05 -2.152329999999999899e+01
2.318513500000000058e+05 -2.073113999999999990e+01
2.318514249999999884e+05 -1.872814999999999941e+01
2.318515000000000000e+05 -1.859355000000000047e+01
2.318515750000000116e+05 -2.111625000000000085e+01
2.318516499999999942e+05 -1.696818999999999988e+01
2.318517250000000058e+05 -2.167639000000000138e+01
2.318517999999999884e+05 -1.946827000000000041e+01
2.318518750000000000e+05 -1.540604000000000084e+01
2.318519500000000116e+05 -2.066343000000000174e+01
2.318520249999999942e+05 -2.001648000000000138e+01
2.318521000000000058e+05 -1.741747000000000156e+01
2.318521749999999884e+05 -1.843817999999999913e+01
2.318522500000000000e+05 -1.705742000000000047e+01
2.318523250000000116e+05 -1.857020999999999944e+01
2.318523999999999942e+05 -1.971993000000000151e+01
2.318524750000000058e+05 -2.059937000000000040e+01
2.318525499999999884e+05 -2.077189999999999870e+01
2.318526250000000000e+05 -2.157235999999999976e+01
2.318527000000000116e+05 -1.816244000000000014e+01
2.318527749999999942e+05 -1.711384999999999934e+01
2.318528500000000058e+05 -2.172507999999999839e+01
2.318529249999999884e+05 -1.921640999999999977e+01
2.318530000000000000e+05 -2.268591999999999942e+01
2.318530750000000116e+05 -2.075713000000000008e+01
2.318531499999999942e+05 -1.825501999999999825e+01
2.318532250000000058e+05 -1.948470999999999975e+01
2.318532999999999884e+05 -1.931472000000000122e+01
2.318533750000000000e+05 -2.022881999999999891e+01
2.318534500000000116e+05 -1.732668999999999926e+01
2.318535249999999942e+05 -1.750737000000000165e+01
2.318536000000000058e+05 -1.910120999999999825e+01
2.318536749999999884e+05 -1.699273000000000167e+01
2.318537500000000000e+05 -1.734674000000000049e+01
2.318538250000000116e+05 -1.646834000000000131e+01
2.318538999999999942e+05 -1.779588000000000036e+01
2.318539750000000058e+05 -1.929288999999999987e+01
2.318540499999999884e+05 -1.713892999999999844e+01
2.318541250000000000e+05 -1.904185999999999979e+01
2.318542000000000116e+05 -1.926304000000000016e+01
2.318542749999999942e+05 -2.050691000000000130e+01
2.318543500000000058e+05 -2.096028000000000091e+01
2.318544249999999884e+05 -1.936756000000000100e+01
2.318545000000000000e+05 -2.160726999999999975e+01
2.318545750000000116e+05 -1.600476000000000099e+01
2.318546499999999942e+05 -1.684365999999999985e+01
2.318547250000000058e+05 -1.883859999999999957e+01
2.318547999999999884e+05 -1.869476999999999833e+01
2.318548750000000000e+05 -2.019332999999999956e+01
2.318549500000000116e+05 -1.752618000000000009e+01
2.318550249999999942e+05 -1.947476999999999947e+01
2.318551000000000058e+05 -1.969194999999999851e+01
2.318551749999999884e+05 -1.989386000000000010e+01
2.318552500000000000e+05 -2.028844000000000136e+01
2.318553250000000116e+05 -1.691460999999999970e+01
2.318553999999999942e+05 -1.809103999999999957e+01
2.318554750000000058e+05 -1.792783999999999978e+01
2.318555499999999884e+05 -1.784488999999999947e+01
2.318556250000000000e+05 -1.870006000000000057e+01
2.318557000000000116e+05 -1.884030999999999878e+01
2.318557749999999942e+05 -2.055874000000000024e+01
2.318558500000000058e+05 -1.820363000000000042e+01
2.318559249999999884e+05 -2.046516000000000091e+01
2.318560000000000000e+05 -1.764279000000000153e+01
2.318560750000000116e+05 -1.784522000000000119e+01
2.318561499999999942e+05 -1.729694999999999894e+01
2.318562250000000058e+05 -1.973585999999999885e+01
2.318562999999999884e+05 -1.955709999999999837e+01
2.318563750000000000e+05 -1.784496000000000038e+01
2.318564500000000116e+05 -1.923851000000000155e+01
2.318565249999999942e+05 -1.773373000000000133e+01
2.318566000000000058e+05 -1.810970000000000013e+01
2.318566749999999884e+05 -1.955257999999999896e+01
2.318567500000000000e+05 -2.028563000000000116e+01
2.318568250000000116e+05 -1.726914000000000016e+01
2.318568999999999942e+05 -1.684812000000000154e+01
2.318569750000000058e+05 -1.736505000000000010e+01
2.318570499999999884e+05 -1.745598000000000027e+01
2.318571250000000000e+05 -1.874828000000000117e+01
2.318572000000000116e+05 -1.745214999999999961e+01
2.318572749999999942e+05 -1.879643000000000086e+01
2.318573500000000058e+05 -1.775741999999999976e+01
2.318574249999999884e+05 -1.795754000000000161e+01
2.318575000000000000e+05 -2.056197999999999837e+01
2.318575750000000116e+05 -1.851640000000000086e+01
2.318576499999999942e+05 -1.864488000000000056e+01
2.318577250000000058e+05 -1.570495999999999981e+01
2.318577999999999884e+05 -1.873801999999999879e+01
2.318578750000000000e+05 -1.599792000000000058e+01
2.318579500000000116e+05 -1.689307000000000158e+01
2.318580249999999942e+05 -1.706289999999999907e+01
2.318581000000000058e+05 -1.761892999999999887e+01
2.318581749999999884e+05 -1.816794000000000153e+01
2.318582500000000000e+05 -1.784284999999999854e+01
2.318583250000000116e+05 -1.645210000000000150e+01
2.318583999999999942e+05 -1.652385999999999910e+01
2.318584750000000058e+05 -1.655341999999999913e+01
2.318585499999999884e+05 -1.736591999999999913e+01
2.318586250000000000e+05 -1.655696999999999974e+01
2.318587000000000116e+05 -1.464654999999999951e+01
2.318587749999999942e+05 -1.705697999999999936e+01
2.318588500000000058e+05 -1.730375000000000085e+01
2.318589249999999884e+05 -1.585928999999999967e+01
2.318590000000000000e+05 -1.613044000000000011e+01
2.318590750000000116e+05 -1.654192000000000107e+01
2.318591499999999942e+05 -1.593631000000000064e+01
2.318592250000000058e+05 -1.776201000000000008e+01
2.318592999999999884e+05 -1.708153000000000077e+01
2.318593750000000000e+05 -1.589813000000000009e+01
2.318594500000000116e+05 -1.487228999999999957e+01
2.318595249999999942e+05 -1.603186000000000178e+01
2.318596000000000058e+05 -1.593788999999999945e+01
2.318596749999999884e+05 -1.659896000000000171e+01
2.318597500000000000e+05 -1.728926999999999836e+01
2.318598250000000116e+05 -1.676828000000000074e+01
2.318598999999999942e+05 -1.607339999999999947e+01
2.318599750000000058e+05 -1.563260999999999967e+01
2.318600499999999884e+05 -1.524459000000000053e+01
2.318601250000000000e+05 -1.573977000000000004e+01
2.318602000000000116e+05 -1.507165999999999961e+01
2.318602749999999942e+05 -1.440061999999999998e+01
2.318603500000000058e+05 -1.495363000000000042e+01
2.318604249999999884e+05 -1.527505000000000024e+01
2.318605000000000000e+05 -1.520003999999999955e+01
2.318605750000000116e+05 -1.413347000000000087e+01
2.318606499999999942e+05 -1.431992999999999938e+01
2.318607250000000058e+05 -1.594862000000000002e+01
2.318607999999999884e+05 -1.335462000000000060e+01
2.318608750000000000e+05 -1.439405000000000001e+01
2.318609500000000116e+05 -1.482676999999999978e+01
2.318610249999999942e+05 -1.370989999999999931e+01
2.318611000000000058e+05 -1.327738000000000085e+01
2.318611749999999884e+05 -1.338480999999999987e+01
2.318612500000000000e+05 -1.297705999999999982e+01
2.318613250000000116e+05 -1.316685999999999979e+01
2.318613999999999942e+05 -1.414845000000000041e+01
2.318614750000000058e+05 -1.354120999999999952e+01
2.318615499999999884e+05 -1.237362000000000073e+01
2.318616250000000000e+05 -1.280842999999999954e+01
2.318617000000000116e+05 -1.340615000000000023e+01
2.318617749999999942e+05 -1.268613000000000035e+01
2.318618500000000058e+05 -1.202905999999999942e+01
2.318619249999999884e+05 -1.194847999999999999e+01
2.318620000000000000e+05 -1.132243000000000066e+01
2.318620750000000116e+05 -1.185936000000000057e+01
2.318621499999999942e+05 -1.115140000000000065e+01
2.318622250000000058e+05 -1.074460000000000015e+01
2.318622999999999884e+05 -9.446638000000000090e+00
2.318623750000000000e+05 -1.042623000000000033e+01
2.318624500000000116e+05 -9.246696000000000026e+00
2.318625249999999942e+05 -9.478789000000000797e+00
2.318626000000000058e+05 -8.368612999999999857e+00
2.318626749999999884e+05 -8.586173999999999751e+00
2.318627500000000000e+05 -7.515416000000000096e+00
2.318628250000000116e+05 -7.534298999999999857e+00
2.318628999999999942e+05 -6.815290000000000070e+00
2.318629750000000058e+05 -6.202186000000000199e+00
2.318630499999999884e+05 -6.012576000000000143e+00
2.318631250000000000e+05 -5.506979000000000291e+00
2.318632000000000116e+05 -4.625392999999999866e+00
2.318632749999999942e+05 -3.726395999999999820e+00
2.318633500000000058e+05 -3.129868999999999790e+00
2.318634249999999884e+05 -2.587871999999999950e+00
2.318635000000000000e+05 -2.148556999999999828e+00
2.318635750000000116e+05 -1.375885999999999942e+00
2.318636499999999942e+05 -7.251117000000000257e-01
2.318637250000000058e+05 1.252551000000000081e-01
2.318637999999999884e+05 3.393084000000000100e-01
2.318638750000000000e+05 8.866806999999999883e-01
2.318639500000000116e+05 1.194968999999999948e+00
2.318640249999999942e+05 1.680614000000000052e+00
2.318641000000000058e+05 2.022604999999999986e+00
2.318641749999999884e+05 2.219202999999999815e+00
2.318642500000000000e+05 2.401362999999999914e+00
2.318643250000000116e+05 2.493319000000000063e+00
2.318643999999999942e+05 2.379128999999999827e+00
2.318644750000000058e+05 2.261664999999999814e+00
2.318645499999999884e+05 1.624085000000000001e+00
2.318646250000000000e+05 1.126354000000000077e+00
2.318647000000000116e+05 2.482991999999999977e-01
2.318647749999999942e+05 -1.950350999999999890e-01
2.318648500000000058e+05 -1.155856999999999912e+00
2.318649249999999884e+05 -1.557436000000000043e+00
2.318650000000000000e+05 -1.572087000000000012e+00
2.318650750000000116e+05 -9.780168999999999668e-01
2.318651499999999942e+05 -9.732819999999999805e-01
2.318652250000000058e+05 -6.376370999999999567e-01
2.318652999999999884e+05 -7.692174000000000511e-01
2.318653750000000000e+05 -1.130640000000000089e+00
2.318654500000000116e+05 -1.347441000000000111e+00
2.318655249999999942e+05 -1.920528000000000013e+00
2.318656000000000058e+05 -2.562610999999999972e+00
2.318656749999999884e+05 -2.987232000000000109e+00
2.318657500000000000e+05 -2.902172000000000196e+00
2.318658250000000116e+05 -2.458718999999999877e+00
2.318658999999999942e+05 -2.552923999999999971e+00
2.318659750000000058e+05 -2.830505000000000049e+00
2.318660499999999884e+05 -3.147254000000000218e+00
2.318661250000000000e+05 -3.558505999999999947e+00
2.318662000000000116e+05 -3.720695000000000086e+00
2.318662749999999942e+05 -4.010450999999999766e+00
2.318663500000000058e+05 -3.637875999999999888e+00
2.318664249999999884e+05 -4.024850999999999956e+00
2.318665000000000000e+05 -4.114366000000000412e+00
2.318665750000000116e+05 -4.521404000000000423e+00
2.318666499999999942e+05 -5.282499999999999751e+00
2.318667250000000058e+05 -4.979694000000000287e+00
2.318667999999999884e+05 -5.053618000000000166e+00
2.318668750000000000e+05 -5.064849999999999852e+00
2.318669500000000116e+05 -5.337214000000000347e+00
2.318670249999999942e+05 -5.766671999999999798e+00
2.318671000000000058e+05 -5.860913000000000039e+00
2.318671749999999884e+05 -6.264790999999999777e+00
2.318672500000000000e+05 -6.270260999999999640e+00
2.318673250000000116e+05 -6.155592000000000397e+00
2.318673999999999942e+05 -6.454237000000000002e+00
2.318674750000000058e+05 -7.409861000000000253e+00
2.318675499999999884e+05 -6.791474000000000011e+00
2.318676250000000000e+05 -6.492880999999999680e+00
2.318677000000000116e+05 -6.920238000000000334e+00
2.318677749999999942e+05 -8.568721999999999284e+00
2.318678500000000058e+05 -7.431840000000000224e+00
2.318679249999999884e+05 -8.107144999999999158e+00
2.318680000000000000e+05 -8.215792999999999680e+00
2.318680750000000116e+05 -9.377230000000000842e+00
2.318681499999999942e+05 -8.462571999999999761e+00
2.318682250000000058e+05 -8.115429999999999922e+00
2.318682999999999884e+05 -9.166458000000000439e+00
2.318683750000000000e+05 -9.656672000000000367e+00
2.318684500000000116e+05 -8.810817000000000121e+00
2.318685249999999942e+05 -8.687777000000000527e+00
2.318686000000000058e+05 -1.107931999999999917e+01
2.318686749999999884e+05 -1.093604000000000021e+01
2.318687500000000000e+05 -9.686738999999999322e+00
2.318688250000000116e+05 -1.080213999999999963e+01
2.318688999999999942e+05 -1.037425999999999959e+01
2.318689750000000058e+05 -1.035556000000000054e+01
2.318690499999999884e+05 -1.140235999999999983e+01
2.318691250000000000e+05 -1.190863000000000049e+01
2.318692000000000116e+05 -1.001923999999999992e+01
2.318692749999999942e+05 -1.152117999999999931e+01
2.318693500000000058e+05 -1.252100000000000080e+01
2.318694249999999884e+05 -1.064010000000000034e+01
2.318695000000000000e+05 -1.274267000000000039e+01
2.318695750000000116e+05 -1.349778000000000056e+01
2.318696499999999942e+05 -1.122133000000000003e+01
2.318697250000000058e+05 -1.311768000000000001e+01
2.318697999999999884e+05 -1.275520999999999994e+01
2.318698750000000000e+05 -1.226787000000000027e+01
2.318699500000000116e+05 -1.531345999999999918e+01
2.318700249999999942e+05 -1.352161000000000080e+01
2.318701000000000058e+05 -1.303819999999999979e+01
2.318701749999999884e+05 -1.611928999999999945e+01
2.318702500000000000e+05 -1.307203999999999944e+01
2.318703250000000116e+05 -1.445884999999999998e+01
2.318703999999999942e+05 -1.374705999999999939e+01
2.318704750000000058e+05 -1.320899000000000001e+01
2.318705499999999884e+05 -1.549064000000000085e+01
2.318706250000000000e+05 -1.224943999999999988e+01
2.318707000000000116e+05 -1.576220999999999961e+01
2.318707749999999942e+05 -1.302232000000000056e+01
2.318708500000000058e+05 -1.661258000000000123e+01
2.318709249999999884e+05 -1.630480999999999980e+01
2.318710000000000000e+05 -1.487232999999999983e+01
2.318710750000000116e+05 -1.746493999999999858e+01
2.318711499999999942e+05 -1.368432999999999922e+01
2.318712250000000058e+05 -1.953211999999999904e+01
2.318712999999999884e+05 -1.603820999999999941e+01
2.318713750000000000e+05 -1.679689000000000121e+01
2.318714500000000116e+05 -1.460858999999999952e+01
2.318715249999999942e+05 -1.697997000000000156e+01
2.318716000000000058e+05 -1.776939000000000135e+01
2.318716749999999884e+05 -1.646918000000000148e+01
2.318717500000000000e+05 -2.007345000000000113e+01
2.318718250000000116e+05 -1.680253000000000085e+01
2.318718999999999942e+05 -2.040991999999999962e+01
2.318719750000000058e+05 -1.607201999999999842e+01
2.318720499999999884e+05 -2.199465000000000003e+01
2.318721250000000000e+05 -1.602908000000000044e+01
2.318722000000000116e+05 -2.372176999999999936e+01
2.318722749999999942e+05 -1.745343000000000089e+01
2.318723500000000058e+05 -2.223644000000000176e+01
2.318724249999999884e+05 -1.678166999999999831e+01
2.318725000000000000e+05 -2.124054999999999893e+01
2.318725750000000116e+05 -1.829110000000000014e+01
2.318726499999999942e+05 -2.175246999999999886e+01
2.318727250000000058e+05 -2.068835999999999942e+01
2.318727999999999884e+05 -2.006638999999999839e+01
2.318728750000000000e+05 -2.027060000000000173e+01
2.318729500000000116e+05 -1.660282000000000124e+01
2.318730249999999942e+05 -3.046640999999999977e+01
2.318731000000000058e+05 -1.726057000000000130e+01
2.318731749999999884e+05 -2.952846999999999866e+01
2.318732500000000000e+05 -1.885195999999999827e+01
2.318733250000000116e+05 -2.285504999999999853e+01
2.318733999999999942e+05 -2.129982000000000042e+01
2.318734750000000058e+05 -1.942235000000000156e+01
2.318735499999999884e+05 -2.692726000000000042e+01
2.318736250000000000e+05 -1.661161999999999850e+01
2.318737000000000116e+05 -2.408755000000000024e+01
2.318737749999999942e+05 -2.101762000000000086e+01
2.318738500000000058e+05 -2.006925999999999988e+01
2.318739249999999884e+05 -2.838427000000000078e+01
2.318740000000000000e+05 -1.879112999999999900e+01
2.318740750000000116e+05 -3.255017999999999745e+01
2.318741499999999942e+05 -2.044574000000000069e+01
2.318742250000000058e+05 -1.878693000000000168e+01
2.318742999999999884e+05 -3.111488999999999905e+01
2.318743750000000000e+05 -1.924549000000000021e+01
2.318744500000000116e+05 -2.307445999999999842e+01
2.318745249999999942e+05 -2.220061000000000107e+01
2.318746000000000058e+05 -1.767717000000000027e+01
2.318746749999999884e+05 -2.800832000000000122e+01
2.318747500000000000e+05 -2.218074999999999974e+01
2.318748250000000116e+05 -1.965475999999999956e+01
2.318748999999999942e+05 -2.423115999999999914e+01
2.318749750000000058e+05 -2.331233999999999895e+01
2.318750499999999884e+05 -1.947302000000000177e+01
2.318751250000000000e+05 -2.511927999999999983e+01
2.318752000000000116e+05 -1.880528999999999940e+01
2.318752749999999942e+05 -1.990223999999999904e+01
2.318753500000000058e+05 -2.214202999999999832e+01
2.318754249999999884e+05 -2.521051999999999893e+01
2.318755000000000000e+05 -2.074020000000000152e+01
2.318755750000000116e+05 -1.972642000000000095e+01
2.318756499999999942e+05 -2.563673999999999964e+01
2.318757250000000058e+05 -2.187050999999999945e+01
2.318757999999999884e+05 -2.199258000000000024e+01
2.318758750000000000e+05 -2.704558000000000106e+01
2.318759500000000116e+05 -2.052248000000000161e+01
2.318760249999999942e+05 -1.969181000000000026e+01
2.318761000000000058e+05 -2.207783999999999835e+01
2.318761749999999884e+05 -2.850001999999999924e+01
2.318762500000000000e+05 -2.847115000000000151e+01
2.318763250000000116e+05 -1.773746999999999829e+01
2.318763999999999942e+05 -2.135464999999999947e+01
2.318764750000000058e+05 -3.500242000000000075e+01
2.318765499999999884e+05 -2.320147000000000048e+01
2.318766250000000000e+05 -2.008654999999999902e+01
2.318767000000000116e+05 -2.360088999999999970e+01
2.318767749999999942e+05 -3.109874999999999901e+01
2.318768500000000058e+05 -2.081706000000000145e+01
2.318769249999999884e+05 -2.496294999999999931e+01
2.318770000000000000e+05 -2.398600000000000065e+01
2.318770750000000116e+05 -2.374013000000000062e+01
2.318771499999999942e+05 -2.728984000000000165e+01
2.318772250000000058e+05 -2.105570000000000164e+01
2.318772999999999884e+05 -2.195444000000000173e+01
2.318773750000000000e+05 -2.340256000000000114e+01
2.318774500000000116e+05 -2.304808999999999841e+01
2.318775249999999942e+05 -2.545526999999999873e+01
2.318776000000000058e+05 -2.124138999999999911e+01
2.318776749999999884e+05 -1.941212000000000160e+01
2.318777500000000000e+05 -2.357810999999999879e+01
2.318778250000000116e+05 -2.511730000000000018e+01
2.318778999999999942e+05 -2.942896000000000001e+01
2.318779750000000058e+05 -2.494307999999999836e+01
2.318780499999999884e+05 -2.156806999999999874e+01
2.318781250000000000e+05 -2.353332999999999942e+01
2.318782000000000116e+05 -2.053058000000000050e+01
2.318782749999999942e+05 -2.466779999999999973e+01
2.318783500000000058e+05 -2.615932000000000102e+01
2.318784249999999884e+05 -2.508297999999999917e+01
2.318785000000000000e+05 -2.607143999999999906e+01
2.318785750000000116e+05 -2.190002000000000137e+01
2.318786499999999942e+05 -1.981561999999999912e+01
2.318787250000000058e+05 -2.039830999999999861e+01
2.318787999999999884e+05 -2.061706999999999823e+01
2.318788750000000000e+05 -2.340532999999999930e+01
