# Temperature: None K
2.317990750000000116e+05 -1.824857000000000085e+01
2.317991500000000233e+05 -1.748424999999999940e+01
2.317992250000000058e+05 -1.842920000000000158e+01
2.317993000000000175e+05 -1.591145000000000032e+01
2.317993750000000000e+05 -1.524014000000000024e+01
2.317994500000000116e+05 -1.666197999999999979e+01
2.317995250000000233e+05 -1.543604999999999983e+01
2.317996000000000058e+05 -1.796770000000000067e+01
2.317996750000000175e+05 -1.777208999999999861e+01
2.317997500000000000e+05 -2.013500000000000156e+01
2.317998250000000116e+05 -1.631278000000000006e+01
2.317999000000000233e+05 -1.806859999999999999e+01
2.317999750000000058e+05 -1.676835000000000164e+01
2.318000500000000175e+05 -1.996955000000000169e+01
2.318001250000000000e+05 -1.604692000000000007e+01
2.318002000000000116e+05 -1.860228999999999999e+01
2.318002750000000233e+05 -1.641141000000000005e+01
2.318003500000000058e+05 -1.788398000000000110e+01
2.318004250000000175e+05 -1.662060999999999922e+01
2.318005000000000000e+05 -1.725988999999999862e+01
2.318005750000000116e+05 -1.910668000000000077e+01
2.318006500000000233e+05 -1.554705000000000048e+01
2.318007250000000058e+05 -1.556173000000000073e+01
2.318008000000000175e+05 -1.809430000000000049e+01
2.318008750000000000e+05 -1.781319999999999837e+01
2.318009500000000116e+05 -1.924763000000000090e+01
2.318010250000000233e+05 -1.601282000000000139e+01
2.318011000000000058e+05 -1.474858000000000047e+01
2.318011750000000175e+05 -1.601551999999999865e+01
2.318012500000000000e+05 -1.983274000000000115e+01
2.318013250000000116e+05 -1.670122999999999891e+01
2.318014000000000233e+05 -1.642082999999999871e+01
2.318014750000000058e+05 -1.756877000000000066e+01
2.318015500000000175e+05 -1.711854999999999905e+01
2.318016250000000000e+05 -1.418146999999999913e+01
2.318017000000000116e+05 -1.712285999999999930e+01
2.318017750000000233e+05 -1.614551000000000158e+01
2.318018500000000058e+05 -1.423991000000000007e+01
2.318019250000000175e+05 -1.708746999999999971e+01
2.318020000000000000e+05 -1.818701000000000079e+01
2.318020750000000116e+05 -1.729551999999999978e+01
2.318021500000000233e+05 -1.703181999999999974e+01
2.318022250000000058e+05 -1.604586000000000112e+01
2.318023000000000175e+05 -1.638256000000000157e+01
2.318023750000000000e+05 -1.682508999999999943e+01
2.318024500000000116e+05 -1.550353999999999921e+01
2.318025250000000233e+05 -1.752750999999999948e+01
2.318026000000000058e+05 -1.723780000000000001e+01
2.318026750000000175e+05 -1.813917999999999964e+01
2.318027500000000000e+05 -1.604594000000000165e+01
2.318028250000000116e+05 -1.693995999999999924e+01
2.318029000000000233e+05 -1.551681999999999917e+01
2.318029750000000058e+05 -1.580733999999999995e+01
2.318030500000000175e+05 -1.699254000000000175e+01
2.318031250000000000e+05 -1.498357000000000028e+01
2.318032000000000116e+05 -1.508479999999999954e+01
2.318032750000000233e+05 -1.587235000000000085e+01
2.318033500000000058e+05 -1.627520000000000167e+01
2.318034250000000175e+05 -1.835902000000000100e+01
2.318035000000000000e+05 -1.588646999999999920e+01
2.318035750000000116e+05 -1.579410999999999987e+01
2.318036500000000233e+05 -1.785566999999999993e+01
2.318037250000000058e+05 -1.826922000000000068e+01
2.318038000000000175e+05 -1.635266999999999982e+01
2.318038750000000000e+05 -1.534366999999999948e+01
2.318039500000000116e+05 -1.601486999999999838e+01
2.318040250000000233e+05 -1.577799000000000085e+01
2.318041000000000058e+05 -1.631965999999999894e+01
2.318041750000000175e+05 -1.627930999999999884e+01
2.318042500000000000e+05 -1.601519000000000048e+01
2.318043250000000116e+05 -1.763153000000000148e+01
2.318044000000000233e+05 -1.703367000000000075e+01
2.318044750000000058e+05 -1.880178000000000083e+01
2.318045500000000175e+05 -1.801126000000000005e+01
2.318046250000000000e+05 -1.898374000000000095e+01
2.318047000000000116e+05 -1.540731000000000073e+01
2.318047750000000233e+05 -1.439919000000000082e+01
2.318048500000000058e+05 -1.740571999999999875e+01
2.318049250000000175e+05 -1.779749999999999943e+01
2.318050000000000000e+05 -1.644770000000000110e+01
2.318050750000000116e+05 -1.589935000000000009e+01
2.318051500000000233e+05 -1.714848999999999890e+01
2.318052250000000058e+05 -1.628372999999999848e+01
2.318053000000000175e+05 -1.571387000000000000e+01
2.318053750000000000e+05 -1.627355000000000018e+01
2.318054500000000116e+05 -1.633392999999999873e+01
2.318055250000000233e+05 -1.749185999999999908e+01
2.318056000000000058e+05 -1.526679000000000030e+01
2.318056750000000175e+05 -1.599043999999999954e+01
2.318057500000000000e+05 -1.715917999999999921e+01
2.318058250000000116e+05 -1.473719999999999963e+01
2.318059000000000233e+05 -1.707141999999999982e+01
2.318059750000000058e+05 -1.609768000000000043e+01
2.318060500000000175e+05 -1.513236999999999988e+01
2.318061250000000000e+05 -1.520021999999999984e+01
2.318062000000000116e+05 -1.440010999999999974e+01
2.318062750000000233e+05 -1.704390000000000072e+01
2.318063500000000058e+05 -1.673065000000000069e+01
2.318064250000000175e+05 -1.496949000000000041e+01
2.318065000000000000e+05 -1.586835999999999913e+01
2.318065750000000116e+05 -1.843385999999999925e+01
2.318066500000000233e+05 -1.701189000000000107e+01
2.318067250000000058e+05 -1.606879999999999953e+01
2.318068000000000175e+05 -1.572691999999999979e+01
2.318068750000000000e+05 -1.539106999999999914e+01
2.318069500000000116e+05 -1.569073000000000029e+01
2.318070250000000233e+05 -1.613153000000000148e+01
2.318071000000000058e+05 -1.489230000000000054e+01
2.318071750000000175e+05 -1.493440000000000012e+01
2.318072500000000000e+05 -1.688522000000000034e+01
2.318073250000000116e+05 -1.508117999999999981e+01
2.318074000000000233e+05 -1.765268999999999977e+01
2.318074750000000058e+05 -1.628756999999999877e+01
2.318075500000000175e+05 -1.425778000000000034e+01
2.318076250000000000e+05 -1.537524999999999942e+01
2.318077000000000116e+05 -1.650033000000000172e+01
2.318077750000000233e+05 -1.454472999999999949e+01
2.318078500000000058e+05 -1.481832999999999956e+01
2.318079250000000175e+05 -1.358841999999999928e+01
2.318080000000000000e+05 -1.485707000000000022e+01
2.318080750000000116e+05 -1.546804999999999986e+01
2.318081500000000233e+05 -1.598173000000000066e+01
2.318082250000000058e+05 -1.545593000000000039e+01
2.318083000000000175e+05 -1.550650000000000084e+01
2.318083750000000000e+05 -1.733789000000000158e+01
2.318084500000000116e+05 -1.450647000000000020e+01
2.318085250000000233e+05 -1.486542999999999992e+01
2.318086000000000058e+05 -1.533813999999999922e+01
2.318086750000000175e+05 -1.470823000000000036e+01
2.318087500000000000e+05 -1.581914000000000087e+01
2.318088250000000116e+05 -1.509326000000000079e+01
2.318089000000000233e+05 -1.472124999999999950e+01
2.318089750000000058e+05 -1.503659999999999997e+01
2.318090500000000175e+05 -1.629211000000000098e+01
2.318091250000000000e+05 -1.393201000000000001e+01
2.318092000000000116e+05 -1.388002999999999965e+01
2.318092750000000233e+05 -1.598620000000000019e+01
2.318093500000000058e+05 -1.474225999999999992e+01
2.318094250000000175e+05 -1.437621000000000038e+01
2.318095000000000000e+05 -1.508827999999999925e+01
2.318095750000000116e+05 -1.450365000000000038e+01
2.318096500000000233e+05 -1.449760999999999989e+01
2.318097250000000058e+05 -1.485828000000000060e+01
2.318098000000000175e+05 -1.489098000000000077e+01
2.318098750000000000e+05 -1.418650000000000055e+01
2.318099500000000116e+05 -1.326634999999999920e+01
2.318100250000000233e+05 -1.365066999999999986e+01
2.318101000000000058e+05 -1.478223999999999982e+01
2.318101750000000175e+05 -1.360253999999999941e+01
2.318102500000000000e+05 -1.476165999999999912e+01
2.318103250000000116e+05 -1.411496999999999957e+01
2.318104000000000233e+05 -1.386034000000000077e+01
2.318104750000000058e+05 -1.258666999999999980e+01
2.318105500000000175e+05 -1.429340999999999973e+01
2.318106250000000000e+05 -1.361894999999999989e+01
2.318107000000000116e+05 -1.301748000000000083e+01
2.318107750000000233e+05 -1.262701000000000029e+01
2.318108500000000058e+05 -1.310393999999999970e+01
2.318109250000000175e+05 -1.350539999999999985e+01
2.318110000000000000e+05 -1.314251999999999931e+01
2.318110750000000116e+05 -1.333811999999999998e+01
2.318111500000000233e+05 -1.263211000000000084e+01
2.318112250000000058e+05 -1.307945999999999920e+01
2.318113000000000175e+05 -1.254775000000000063e+01
2.318113750000000000e+05 -1.434664000000000073e+01
2.318114500000000116e+05 -1.250881000000000043e+01
2.318115250000000233e+05 -1.209698000000000029e+01
2.318116000000000058e+05 -1.218091000000000079e+01
2.318116750000000175e+05 -1.288888999999999996e+01
2.318117500000000000e+05 -1.235918999999999990e+01
2.318118250000000116e+05 -1.253960000000000008e+01
2.318119000000000233e+05 -1.277049000000000056e+01
2.318119750000000058e+05 -1.116483999999999988e+01
2.318120500000000175e+05 -1.104766000000000048e+01
2.318121250000000000e+05 -1.180386999999999986e+01
2.318122000000000116e+05 -1.081690000000000040e+01
2.318122750000000233e+05 -1.231198999999999977e+01
2.318123500000000058e+05 -1.071040999999999954e+01
2.318124250000000175e+05 -1.182802000000000042e+01
2.318125000000000000e+05 -1.064570999999999934e+01
2.318125750000000116e+05 -1.080047000000000068e+01
2.318126500000000233e+05 -1.022503000000000029e+01
2.318127250000000058e+05 -9.795216999999999175e+00
2.318128000000000175e+05 -1.067057999999999929e+01
2.318128750000000000e+05 -9.561094999999999899e+00
2.318129500000000116e+05 -1.052927000000000035e+01
2.318130250000000233e+05 -9.353842000000000212e+00
2.318131000000000058e+05 -9.188188000000000244e+00
2.318131750000000175e+05 -8.770372000000000057e+00
2.318132500000000000e+05 -8.840018000000000598e+00
2.318133250000000116e+05 -9.251829000000000747e+00
2.318134000000000233e+05 -8.929339000000000581e+00
2.318134750000000058e+05 -8.442178000000000182e+00
2.318135500000000175e+05 -8.530924000000000618e+00
2.318136250000000000e+05 -8.497721000000000302e+00
2.318137000000000116e+05 -8.667261999999999134e+00
2.318137750000000233e+05 -8.277328000000000685e+00
2.318138500000000058e+05 -8.632647999999999655e+00
2.318139250000000175e+05 -9.005198000000000036e+00
2.318140000000000000e+05 -9.333983999999999170e+00
2.318140750000000116e+05 -9.017958000000000141e+00
2.318141500000000233e+05 -9.096930999999999656e+00
2.318142250000000058e+05 -9.903548999999999936e+00
2.318143000000000175e+05 -1.078311000000000064e+01
2.318143750000000000e+05 -1.107188999999999979e+01
2.318144500000000116e+05 -1.186510999999999960e+01
2.318145250000000233e+05 -1.174244999999999983e+01
2.318146000000000058e+05 -1.233515000000000050e+01
2.318146750000000175e+05 -1.345312999999999981e+01
2.318147500000000000e+05 -1.620968999999999838e+01
2.318148250000000116e+05 -1.618081000000000103e+01
2.318149000000000233e+05 -1.932939000000000007e+01
2.318149750000000058e+05 -2.128954999999999842e+01
2.318150500000000175e+05 -2.174815999999999860e+01
2.318151250000000000e+05 -2.397370000000000090e+01
2.318152000000000116e+05 -2.452035000000000053e+01
2.318152750000000233e+05 -2.292792000000000030e+01
2.318153500000000058e+05 -2.332581000000000060e+01
2.318154250000000175e+05 -2.720172000000000168e+01
2.318155000000000000e+05 -2.656248000000000076e+01
2.318155750000000116e+05 -2.617091999999999885e+01
2.318156500000000233e+05 -2.625230000000000175e+01
2.318157250000000058e+05 -2.645629999999999882e+01
2.318158000000000175e+05 -3.179908000000000001e+01
2.318158750000000000e+05 -2.547195999999999927e+01
2.318159500000000116e+05 -4.625280999999999665e+01
2.318160250000000233e+05 -3.149369000000000085e+01
2.318161000000000058e+05 -3.798745999999999867e+01
2.318161750000000175e+05 -2.575030999999999892e+01
2.318162500000000000e+05 -2.955084000000000088e+01
2.318163250000000116e+05 -2.886668999999999841e+01
2.318164000000000233e+05 -3.180976000000000070e+01
2.318164750000000058e+05 -3.513382000000000005e+01
2.318165500000000175e+05 -2.849286999999999992e+01
2.318166250000000000e+05 -2.710601000000000127e+01
2.318167000000000116e+05 -2.631504999999999939e+01
2.318167750000000233e+05 -2.940420999999999907e+01
2.318168500000000058e+05 -3.005929000000000073e+01
2.318169250000000175e+05 -2.977351000000000170e+01
2.318170000000000000e+05 -3.358662000000000347e+01
2.318170750000000116e+05 -2.539509999999999934e+01
2.318171500000000233e+05 -2.711479999999999890e+01
2.318172250000000058e+05 -2.460254000000000119e+01
2.318173000000000175e+05 -2.529581999999999908e+01
2.318173750000000000e+05 -2.319763000000000019e+01
2.318174500000000116e+05 -2.196602999999999994e+01
2.318175250000000233e+05 -2.497491000000000128e+01
2.318176000000000058e+05 -2.606816999999999851e+01
2.318176750000000175e+05 -2.385577999999999932e+01
2.318177500000000000e+05 -2.601471000000000089e+01
2.318178250000000116e+05 -2.148611000000000004e+01
2.318179000000000233e+05 -2.358624000000000009e+01
2.318179750000000058e+05 -2.152935000000000088e+01
2.318180500000000175e+05 -3.143186999999999998e+01
2.318181250000000000e+05 -2.377311999999999870e+01
2.318182000000000116e+05 -2.335691999999999879e+01
2.318182750000000233e+05 -2.522113999999999834e+01
2.318183500000000058e+05 -2.302554999999999907e+01
2.318184250000000175e+05 -2.197918999999999912e+01
2.318185000000000000e+05 -2.080518000000000001e+01
2.318185750000000116e+05 -2.227959999999999852e+01
2.318186500000000233e+05 -2.242294000000000054e+01
2.318187250000000058e+05 -2.567091999999999885e+01
2.318188000000000175e+05 -2.300144999999999840e+01
2.318188750000000000e+05 -2.544074000000000169e+01
2.318189500000000116e+05 -2.252833000000000041e+01
2.318190250000000233e+05 -2.103271000000000157e+01
2.318191000000000058e+05 -2.354291999999999874e+01
2.318191750000000175e+05 -2.073178000000000054e+01
2.318192500000000000e+05 -2.227471999999999852e+01
2.318193250000000116e+05 -2.529555999999999827e+01
2.318194000000000233e+05 -2.075537999999999883e+01
2.318194750000000058e+05 -1.906531000000000020e+01
2.318195500000000175e+05 -2.851948000000000150e+01
2.318196250000000000e+05 -2.458170000000000144e+01
2.318197000000000116e+05 -2.209733999999999909e+01
2.318197750000000233e+05 -2.299715000000000131e+01
2.318198500000000058e+05 -1.918020999999999887e+01
2.318199250000000175e+05 -2.148818999999999946e+01
2.318200000000000000e+05 -2.351278999999999897e+01
2.318200750000000116e+05 -2.437443999999999988e+01
2.318201500000000233e+05 -2.185305999999999926e+01
2.318202250000000058e+05 -2.185652999999999935e+01
2.318203000000000175e+05 -2.301634999999999920e+01
2.318203750000000000e+05 -2.040205999999999875e+01
2.318204500000000116e+05 -2.113273999999999830e+01
2.318205250000000233e+05 -2.197254999999999825e+01
2.318206000000000058e+05 -2.193697999999999837e+01
2.318206750000000175e+05 -1.992735000000000056e+01
2.318207500000000000e+05 -2.124073999999999884e+01
2.318208250000000116e+05 -2.239723000000000042e+01
2.318209000000000233e+05 -2.159527999999999892e+01
2.318209750000000058e+05 -2.071124999999999972e+01
2.318210500000000175e+05 -2.408474000000000004e+01
2.318211250000000000e+05 -2.647897999999999996e+01
2.318212000000000116e+05 -2.190266000000000091e+01
2.318212750000000233e+05 -1.819511999999999929e+01
2.318213500000000058e+05 -1.954705999999999833e+01
2.318214250000000175e+05 -1.946033999999999864e+01
2.318215000000000000e+05 -2.148367000000000004e+01
2.318215750000000116e+05 -2.014275999999999911e+01
2.318216500000000233e+05 -1.979831000000000074e+01
2.318217250000000058e+05 -1.932396999999999920e+01
2.318218000000000175e+05 -1.972963000000000022e+01
2.318218750000000000e+05 -1.994394000000000133e+01
2.318219500000000116e+05 -1.813436000000000092e+01
2.318220250000000233e+05 -2.021296999999999855e+01
2.318221000000000058e+05 -2.513841999999999999e+01
2.318221750000000175e+05 -1.938634000000000057e+01
2.318222500000000000e+05 -2.037246000000000024e+01
2.318223250000000116e+05 -2.046715000000000018e+01
2.318224000000000233e+05 -1.922558000000000078e+01
2.318224750000000058e+05 -2.211467000000000027e+01
2.318225500000000175e+05 -2.231896000000000058e+01
2.318226250000000000e+05 -1.966973000000000127e+01
2.318227000000000116e+05 -1.906829000000000107e+01
2.318227750000000233e+05 -2.225481999999999871e+01
2.318228500000000058e+05 -2.108480000000000132e+01
2.318229250000000175e+05 -2.087658000000000058e+01
2.318230000000000000e+05 -2.052063000000000059e+01
2.318230750000000116e+05 -1.963605000000000089e+01
2.318231500000000233e+05 -1.947153000000000134e+01
2.318232250000000058e+05 -2.091977999999999938e+01
2.318233000000000175e+05 -2.230440000000000111e+01
2.318233750000000000e+05 -2.163541000000000025e+01
2.318234500000000116e+05 -1.793364000000000047e+01
2.318235250000000233e+05 -2.198008000000000095e+01
2.318236000000000058e+05 -2.093541000000000096e+01
2.318236750000000175e+05 -2.135295999999999950e+01
2.318237500000000000e+05 -2.416839999999999833e+01
2.318238250000000116e+05 -1.924095000000000155e+01
2.318239000000000233e+05 -2.008811000000000035e+01
2.318239750000000058e+05 -2.068518999999999863e+01
2.318240500000000175e+05 -1.842959000000000103e+01
2.318241250000000000e+05 -1.691920999999999964e+01
2.318242000000000116e+05 -1.923422000000000054e+01
2.318242750000000233e+05 -2.157823000000000135e+01
2.318243500000000058e+05 -1.713969000000000165e+01
2.318244250000000175e+05 -2.267629000000000161e+01
2.318245000000000000e+05 -2.063346999999999909e+01
2.318245750000000116e+05 -2.066891000000000034e+01
2.318246500000000233e+05 -1.779817999999999856e+01
2.318247250000000058e+05 -2.153894999999999982e+01
2.318248000000000175e+05 -2.186117000000000132e+01
2.318248750000000000e+05 -1.880064000000000135e+01
2.318249500000000116e+05 -1.882283999999999935e+01
2.318250250000000233e+05 -2.258168999999999826e+01
2.318251000000000058e+05 -1.839107999999999876e+01
2.318251750000000175e+05 -2.024264000000000152e+01
2.318252500000000000e+05 -1.852319999999999922e+01
2.318253250000000116e+05 -2.029905000000000115e+01
2.318254000000000233e+05 -1.955388999999999911e+01
2.318254750000000058e+05 -1.989219999999999899e+01
2.318255500000000175e+05 -1.927283999999999864e+01
2.318256250000000000e+05 -1.884911999999999921e+01
2.318257000000000116e+05 -1.863345999999999947e+01
2.318257750000000233e+05 -1.927451999999999899e+01
2.318258500000000058e+05 -1.766980999999999824e+01
2.318259250000000175e+05 -2.019013999999999953e+01
2.318260000000000000e+05 -1.897626999999999953e+01
2.318260750000000116e+05 -2.101474999999999937e+01
2.318261500000000233e+05 -2.085539999999999949e+01
2.318262250000000058e+05 -2.100419000000000125e+01
2.318263000000000175e+05 -1.702193000000000112e+01
2.318263750000000000e+05 -1.692299999999999827e+01
2.318264500000000116e+05 -2.061599000000000004e+01
2.318265250000000233e+05 -1.988167999999999935e+01
2.318266000000000058e+05 -1.970213999999999999e+01
2.318266750000000175e+05 -1.753162000000000020e+01
2.318267500000000000e+05 -1.678400999999999854e+01
2.318268250000000116e+05 -2.203714000000000084e+01
2.318269000000000233e+05 -2.096221999999999852e+01
2.318269750000000058e+05 -2.024279999999999902e+01
2.318270500000000175e+05 -2.005476000000000170e+01
2.318271250000000000e+05 -1.945784000000000091e+01
2.318272000000000116e+05 -2.285390999999999906e+01
2.318272750000000233e+05 -2.156944000000000017e+01
2.318273500000000058e+05 -1.742013999999999996e+01
2.318274250000000175e+05 -1.989780000000000015e+01
2.318275000000000000e+05 -2.029862999999999928e+01
2.318275750000000116e+05 -1.989148000000000138e+01
2.318276500000000233e+05 -1.845105999999999824e+01
2.318277250000000058e+05 -1.851364999999999839e+01
2.318278000000000175e+05 -1.985923000000000016e+01
2.318278750000000000e+05 -2.043277000000000143e+01
2.318279500000000116e+05 -1.997962000000000060e+01
2.318280250000000233e+05 -1.765417000000000058e+01
2.318281000000000058e+05 -1.902954000000000079e+01
2.318281750000000175e+05 -1.884941999999999851e+01
2.318282500000000000e+05 -1.832290000000000063e+01
2.318283250000000116e+05 -1.885169000000000139e+01
2.318284000000000233e+05 -2.187019000000000091e+01
2.318284750000000058e+05 -1.904062000000000054e+01
2.318285500000000175e+05 -2.046427999999999869e+01
2.318286250000000000e+05 -1.914368999999999943e+01
2.318287000000000116e+05 -1.819410999999999845e+01
2.318287750000000233e+05 -2.193275999999999826e+01
2.318288500000000058e+05 -2.151139999999999830e+01
2.318289250000000175e+05 -1.929522000000000048e+01
2.318290000000000000e+05 -2.297653000000000034e+01
2.318290750000000116e+05 -2.007335000000000136e+01
