# Temperature: None K
2.317962999999999884e+05 -2.285926999999999865e+01
2.317963750000000000e+05 -2.071509999999999962e+01
2.317964499999999825e+05 -1.784272999999999954e+01
2.317965249999999942e+05 -1.881711999999999918e+01
2.317965999999999767e+05 -1.905291000000000068e+01
2.317966749999999884e+05 -2.076347000000000165e+01
2.317967500000000000e+05 -2.046537999999999968e+01
2.317968249999999825e+05 -2.172389000000000081e+01
2.317968999999999942e+05 -1.629482000000000141e+01
2.317969749999999767e+05 -1.760357000000000127e+01
2.317970499999999884e+05 -2.008355999999999852e+01
2.317971250000000000e+05 -1.971612000000000009e+01
2.317971999999999825e+05 -1.787226000000000070e+01
2.317972749999999942e+05 -1.697538000000000125e+01
2.317973499999999767e+05 -1.711375999999999920e+01
2.317974249999999884e+05 -2.564364000000000132e+01
2.317975000000000000e+05 -2.177466000000000079e+01
2.317975749999999825e+05 -1.809431000000000012e+01
2.317976499999999942e+05 -2.010422000000000153e+01
2.317977249999999767e+05 -2.026989999999999981e+01
2.317977999999999884e+05 -1.957843000000000089e+01
2.317978750000000000e+05 -2.008149999999999835e+01
2.317979499999999825e+05 -1.811561999999999983e+01
2.317980249999999942e+05 -2.079596000000000089e+01
2.317980999999999767e+05 -1.671815000000000140e+01
2.317981749999999884e+05 -1.768844999999999956e+01
2.317982500000000000e+05 -1.937105999999999995e+01
2.317983249999999825e+05 -2.354295000000000115e+01
2.317983999999999942e+05 -2.198888000000000176e+01
2.317984749999999767e+05 -2.041743999999999915e+01
2.317985499999999884e+05 -2.078014999999999901e+01
2.317986250000000000e+05 -1.799088000000000065e+01
2.317986999999999825e+05 -1.816832000000000136e+01
2.317987749999999942e+05 -1.755891000000000091e+01
2.317988499999999767e+05 -1.836436000000000135e+01
2.317989249999999884e+05 -1.843577000000000155e+01
2.317990000000000000e+05 -2.068303999999999832e+01
2.317990749999999825e+05 -1.916058999999999912e+01
2.317991499999999942e+05 -1.848196000000000083e+01
2.317992249999999767e+05 -2.124831999999999965e+01
2.317992999999999884e+05 -1.682854000000000028e+01
2.317993750000000000e+05 -1.913022000000000133e+01
2.317994499999999825e+05 -2.037257999999999925e+01
2.317995249999999942e+05 -1.830356000000000094e+01
2.317995999999999767e+05 -2.226802999999999955e+01
2.317996749999999884e+05 -2.184318000000000026e+01
2.317997500000000000e+05 -2.013205999999999918e+01
2.317998249999999825e+05 -2.037283000000000044e+01
2.317998999999999942e+05 -2.108755999999999986e+01
2.317999749999999767e+05 -2.038033000000000072e+01
2.318000499999999884e+05 -2.156462000000000145e+01
2.318001250000000000e+05 -1.966667999999999950e+01
2.318001999999999825e+05 -2.239650999999999925e+01
2.318002749999999942e+05 -1.866679999999999851e+01
2.318003499999999767e+05 -1.852398000000000167e+01
2.318004249999999884e+05 -1.946681999999999846e+01
2.318005000000000000e+05 -1.973674000000000106e+01
2.318005749999999825e+05 -1.886411999999999978e+01
2.318006499999999942e+05 -1.991176000000000101e+01
2.318007249999999767e+05 -1.764607000000000170e+01
2.318007999999999884e+05 -1.902458999999999989e+01
2.318008750000000000e+05 -1.724574000000000140e+01
2.318009499999999825e+05 -2.129588999999999999e+01
2.318010249999999942e+05 -1.790118999999999971e+01
2.318010999999999767e+05 -1.937391999999999825e+01
2.318011749999999884e+05 -1.885105000000000075e+01
2.318012500000000000e+05 -1.888588999999999984e+01
2.318013249999999825e+05 -1.737402000000000157e+01
2.318013999999999942e+05 -1.918362000000000123e+01
2.318014749999999767e+05 -1.751480000000000103e+01
2.318015499999999884e+05 -1.820801000000000158e+01
2.318016250000000000e+05 -1.899293000000000120e+01
2.318016999999999825e+05 -1.855450000000000088e+01
2.318017749999999942e+05 -1.955608000000000146e+01
2.318018499999999767e+05 -2.023041999999999874e+01
2.318019249999999884e+05 -1.829476999999999975e+01
2.318020000000000000e+05 -1.906077000000000155e+01
2.318020749999999825e+05 -1.861310999999999893e+01
2.318021499999999942e+05 -1.866166000000000125e+01
2.318022249999999767e+05 -1.939038000000000039e+01
2.318022999999999884e+05 -1.666607000000000127e+01
2.318023750000000000e+05 -1.942495999999999867e+01
2.318024499999999825e+05 -1.967373999999999867e+01
2.318025249999999942e+05 -2.070020999999999844e+01
2.318025999999999767e+05 -1.887872000000000128e+01
2.318026749999999884e+05 -1.847165000000000035e+01
2.318027500000000000e+05 -2.023449000000000098e+01
2.318028249999999825e+05 -1.959385999999999939e+01
2.318028999999999942e+05 -2.231569000000000003e+01
2.318029749999999767e+05 -2.253181000000000012e+01
2.318030499999999884e+05 -1.920101999999999975e+01
2.318031250000000000e+05 -1.831231999999999971e+01
2.318031999999999825e+05 -1.835961999999999961e+01
2.318032749999999942e+05 -1.718859000000000137e+01
2.318033499999999767e+05 -1.791822000000000159e+01
2.318034249999999884e+05 -1.811462999999999823e+01
2.318035000000000000e+05 -1.840093999999999852e+01
2.318035749999999825e+05 -1.880189000000000021e+01
2.318036499999999942e+05 -1.813539000000000101e+01
2.318037249999999767e+05 -1.997795999999999950e+01
2.318037999999999884e+05 -2.037907999999999831e+01
2.318038750000000000e+05 -1.805862000000000123e+01
2.318039499999999825e+05 -1.884924000000000177e+01
2.318040249999999942e+05 -1.747096000000000160e+01
2.318040999999999767e+05 -1.848639999999999972e+01
2.318041749999999884e+05 -1.775484000000000151e+01
2.318042500000000000e+05 -1.871952999999999889e+01
2.318043249999999825e+05 -1.777974999999999994e+01
2.318043999999999942e+05 -1.908642000000000039e+01
2.318044749999999767e+05 -1.799049000000000120e+01
2.318045499999999884e+05 -1.632595999999999847e+01
2.318046250000000000e+05 -1.942592000000000141e+01
2.318046999999999825e+05 -1.905803999999999832e+01
2.318047749999999942e+05 -1.717624999999999957e+01
2.318048499999999767e+05 -1.662058000000000035e+01
2.318049249999999884e+05 -1.748778000000000077e+01
2.318050000000000000e+05 -1.739108999999999838e+01
2.318050749999999825e+05 -1.998333999999999833e+01
2.318051499999999942e+05 -1.951404000000000138e+01
2.318052249999999767e+05 -1.684694000000000003e+01
2.318052999999999884e+05 -1.906390000000000029e+01
2.318053750000000000e+05 -1.614823000000000164e+01
2.318054499999999825e+05 -1.767068000000000083e+01
2.318055249999999942e+05 -1.711739999999999995e+01
2.318055999999999767e+05 -1.748051999999999850e+01
2.318056749999999884e+05 -1.729150999999999883e+01
2.318057500000000000e+05 -1.617148999999999859e+01
2.318058249999999825e+05 -1.752646000000000015e+01
2.318058999999999942e+05 -1.580978999999999957e+01
2.318059749999999767e+05 -1.637708999999999904e+01
2.318060499999999884e+05 -1.720918999999999954e+01
2.318061250000000000e+05 -1.672237000000000151e+01
2.318061999999999825e+05 -1.602521000000000129e+01
2.318062749999999942e+05 -1.720613000000000170e+01
2.318063499999999767e+05 -1.720970000000000155e+01
2.318064249999999884e+05 -1.744478000000000151e+01
2.318065000000000000e+05 -1.825061000000000178e+01
2.318065749999999825e+05 -1.760660000000000025e+01
2.318066499999999942e+05 -1.521641999999999939e+01
2.318067249999999767e+05 -1.615511000000000053e+01
2.318067999999999884e+05 -1.660549999999999926e+01
2.318068750000000000e+05 -1.641423999999999950e+01
2.318069499999999825e+05 -1.576080999999999932e+01
2.318070249999999942e+05 -1.576487000000000016e+01
2.318070999999999767e+05 -1.555288999999999966e+01
2.318071749999999884e+05 -1.508826000000000001e+01
2.318072500000000000e+05 -1.644386000000000081e+01
2.318073249999999825e+05 -1.576476000000000077e+01
2.318073999999999942e+05 -1.637446999999999875e+01
2.318074749999999767e+05 -1.536171000000000042e+01
2.318075499999999884e+05 -1.572499999999999964e+01
2.318076250000000000e+05 -1.563664999999999949e+01
2.318076999999999825e+05 -1.461669999999999980e+01
2.318077749999999942e+05 -1.475328999999999979e+01
2.318078499999999767e+05 -1.464724000000000004e+01
2.318079249999999884e+05 -1.426289000000000051e+01
2.318080000000000000e+05 -1.358065000000000033e+01
2.318080749999999825e+05 -1.459437999999999924e+01
2.318081499999999942e+05 -1.365151999999999965e+01
2.318082249999999767e+05 -1.370336999999999961e+01
2.318082999999999884e+05 -1.412880999999999965e+01
2.318083750000000000e+05 -1.345785000000000053e+01
2.318084499999999825e+05 -1.253572999999999915e+01
2.318085249999999942e+05 -1.338522999999999996e+01
2.318085999999999767e+05 -1.406969999999999921e+01
2.318086749999999884e+05 -1.274751000000000012e+01
2.318087500000000000e+05 -1.403899000000000008e+01
2.318088249999999825e+05 -1.273588999999999949e+01
2.318088999999999942e+05 -1.266427999999999976e+01
2.318089749999999767e+05 -1.185183999999999926e+01
2.318090499999999884e+05 -1.106025999999999954e+01
2.318091250000000000e+05 -1.140146000000000015e+01
2.318091999999999825e+05 -1.184505000000000052e+01
2.318092749999999942e+05 -1.043873999999999924e+01
2.318093499999999767e+05 -1.030019000000000062e+01
2.318094249999999884e+05 -9.658533000000000257e+00
2.318095000000000000e+05 -9.379822000000000770e+00
2.318095749999999825e+05 -9.298194999999999766e+00
2.318096499999999942e+05 -8.706262999999999863e+00
2.318097249999999767e+05 -8.317873999999999768e+00
2.318097999999999884e+05 -7.916890999999999678e+00
2.318098750000000000e+05 -7.034018999999999799e+00
2.318099499999999825e+05 -6.835232000000000419e+00
2.318100249999999942e+05 -6.377496999999999971e+00
2.318100999999999767e+05 -5.637305999999999706e+00
2.318101749999999884e+05 -5.671122000000000440e+00
2.318102500000000000e+05 -5.199628999999999834e+00
2.318103249999999825e+05 -3.610837000000000074e+00
2.318103999999999942e+05 -3.818707999999999991e+00
2.318104749999999767e+05 -2.949502999999999986e+00
2.318105499999999884e+05 -2.488891000000000187e+00
2.318106250000000000e+05 -1.833212999999999981e+00
2.318106999999999825e+05 -1.197426000000000101e+00
2.318107749999999942e+05 -2.970926999999999873e-01
2.318108499999999767e+05 -1.515456000000000025e-01
2.318109249999999884e+05 7.453102000000000338e-01
2.318110000000000000e+05 7.261600000000000277e-01
2.318110749999999825e+05 1.314977000000000062e+00
2.318111499999999942e+05 1.445192000000000032e+00
2.318112249999999767e+05 1.735241999999999951e+00
2.318112999999999884e+05 2.034113000000000060e+00
2.318113750000000000e+05 1.755443000000000087e+00
2.318114499999999825e+05 1.570397000000000043e+00
2.318115249999999942e+05 1.441535999999999929e+00
2.318115999999999767e+05 7.130140999999999840e-01
2.318116749999999884e+05 -1.576741999999999866e-01
2.318117500000000000e+05 -1.033481000000000094e+00
2.318118249999999825e+05 -1.808678000000000008e+00
2.318118999999999942e+05 -2.522774000000000072e+00
2.318119749999999767e+05 -3.350334999999999841e+00
2.318120499999999884e+05 -3.074263999999999886e+00
2.318121250000000000e+05 -2.938213999999999881e+00
2.318121999999999825e+05 -2.570263999999999882e+00
2.318122749999999942e+05 -2.190856999999999832e+00
2.318123499999999767e+05 -2.019503999999999966e+00
2.318124249999999884e+05 -2.511712000000000167e+00
2.318125000000000000e+05 -2.989853999999999790e+00
2.318125749999999825e+05 -4.226562999999999626e+00
2.318126499999999942e+05 -4.914215000000000444e+00
2.318127249999999767e+05 -5.440751999999999811e+00
2.318127999999999884e+05 -4.613461000000000034e+00
2.318128750000000000e+05 -4.591750000000000220e+00
2.318129499999999825e+05 -4.954813999999999830e+00
2.318130249999999942e+05 -4.414552999999999727e+00
2.318130999999999767e+05 -5.182057999999999609e+00
2.318131749999999884e+05 -6.078794000000000253e+00
2.318132500000000000e+05 -6.657500999999999891e+00
2.318133249999999825e+05 -6.301630000000000287e+00
2.318133999999999942e+05 -6.237372999999999834e+00
2.318134749999999767e+05 -6.532227999999999923e+00
2.318135499999999884e+05 -6.603881000000000334e+00
2.318136250000000000e+05 -7.696200000000000152e+00
2.318136999999999825e+05 -8.043075999999999226e+00
2.318137749999999942e+05 -8.069430000000000547e+00
2.318138499999999767e+05 -8.408595999999999293e+00
2.318139249999999884e+05 -7.903872999999999927e+00
2.318140000000000000e+05 -8.143340999999999497e+00
2.318140749999999825e+05 -9.136570999999999998e+00
2.318141499999999942e+05 -9.856652999999999665e+00
2.318142249999999767e+05 -9.401384999999999437e+00
2.318142999999999884e+05 -8.926949999999999719e+00
2.318143750000000000e+05 -9.929180999999999813e+00
2.318144499999999825e+05 -1.088937999999999917e+01
2.318145249999999942e+05 -1.160022000000000020e+01
2.318145999999999767e+05 -1.203407999999999944e+01
2.318146749999999884e+05 -1.047386000000000017e+01
2.318147500000000000e+05 -1.103362000000000087e+01
2.318148249999999825e+05 -1.209883999999999915e+01
2.318148999999999942e+05 -1.187423000000000073e+01
2.318149749999999767e+05 -1.151469999999999949e+01
2.318150499999999884e+05 -1.242450000000000010e+01
2.318151250000000000e+05 -1.379072999999999993e+01
2.318151999999999825e+05 -1.197991000000000028e+01
2.318152749999999942e+05 -1.191644999999999932e+01
2.318153499999999767e+05 -1.411940000000000062e+01
2.318154249999999884e+05 -1.520833999999999975e+01
2.318155000000000000e+05 -1.382080000000000020e+01
2.318155749999999825e+05 -1.402885000000000026e+01
2.318156499999999942e+05 -1.494213000000000058e+01
2.318157249999999767e+05 -1.357494999999999941e+01
2.318157999999999884e+05 -1.428344000000000058e+01
2.318158750000000000e+05 -1.526727999999999952e+01
2.318159499999999825e+05 -1.474042999999999992e+01
2.318160249999999942e+05 -1.406861999999999924e+01
2.318160999999999767e+05 -1.646633999999999887e+01
2.318161749999999884e+05 -1.574701999999999913e+01
2.318162500000000000e+05 -1.474253000000000036e+01
2.318163249999999825e+05 -1.589945999999999948e+01
2.318163999999999942e+05 -2.040202999999999989e+01
2.318164749999999767e+05 -1.624987000000000137e+01
2.318165499999999884e+05 -1.572630000000000017e+01
2.318166250000000000e+05 -1.803791000000000011e+01
2.318166999999999825e+05 -1.744541999999999859e+01
2.318167749999999942e+05 -2.138445000000000107e+01
2.318168499999999767e+05 -1.722579999999999956e+01
2.318169249999999884e+05 -1.660581000000000174e+01
2.318170000000000000e+05 -2.317598999999999876e+01
2.318170749999999825e+05 -1.686796000000000006e+01
2.318171499999999942e+05 -1.900254999999999939e+01
2.318172249999999767e+05 -2.067163000000000039e+01
2.318172999999999884e+05 -1.922522999999999982e+01
2.318173750000000000e+05 -2.765534999999999854e+01
2.318174499999999825e+05 -1.935324999999999918e+01
2.318175249999999942e+05 -2.112087000000000003e+01
2.318175999999999767e+05 -2.113664999999999949e+01
2.318176749999999884e+05 -1.889695999999999998e+01
2.318177500000000000e+05 -2.222956999999999894e+01
2.318178249999999825e+05 -2.113268000000000058e+01
2.318178999999999942e+05 -2.738429000000000002e+01
2.318179749999999767e+05 -1.921528999999999954e+01
2.318180499999999884e+05 -2.290399000000000029e+01
2.318181250000000000e+05 -2.513041000000000125e+01
2.318181999999999825e+05 -1.825814000000000092e+01
2.318182749999999942e+05 -3.273868000000000222e+01
2.318183499999999767e+05 -2.274221999999999966e+01
2.318184249999999884e+05 -2.954294000000000153e+01
2.318185000000000000e+05 -1.928331000000000017e+01
2.318185749999999825e+05 -2.877367999999999881e+01
2.318186499999999942e+05 -2.221480000000000032e+01
2.318187249999999767e+05 -2.720936999999999983e+01
2.318187999999999884e+05 -2.068338999999999928e+01
2.318188750000000000e+05 -2.132147000000000148e+01
2.318189499999999825e+05 -2.429960000000000164e+01
2.318190249999999942e+05 -2.388119000000000014e+01
2.318190999999999767e+05 -2.513432999999999851e+01
2.318191749999999884e+05 -2.332561000000000107e+01
2.318192500000000000e+05 -2.283496999999999844e+01
2.318193249999999825e+05 -2.349933000000000050e+01
2.318193999999999942e+05 -2.400130000000000052e+01
2.318194749999999767e+05 -2.619866999999999990e+01
2.318195499999999884e+05 -2.104964000000000013e+01
2.318196250000000000e+05 -2.394893000000000072e+01
2.318196999999999825e+05 -2.145777999999999963e+01
2.318197749999999942e+05 -2.610244000000000142e+01
2.318198499999999767e+05 -2.216667999999999950e+01
2.318199249999999884e+05 -2.686887000000000114e+01
2.318200000000000000e+05 -2.327530000000000143e+01
2.318200749999999825e+05 -2.835829999999999984e+01
2.318201499999999942e+05 -2.239885999999999910e+01
2.318202249999999767e+05 -2.790795999999999921e+01
2.318202999999999884e+05 -2.172927999999999926e+01
2.318203750000000000e+05 -2.352042000000000144e+01
2.318204499999999825e+05 -3.778513999999999839e+01
2.318205249999999942e+05 -2.349643000000000015e+01
2.318205999999999767e+05 -2.545353000000000065e+01
2.318206749999999884e+05 -2.297404999999999831e+01
2.318207500000000000e+05 -2.546734999999999971e+01
2.318208249999999825e+05 -2.404428000000000054e+01
2.318208999999999942e+05 -2.211601999999999890e+01
2.318209749999999767e+05 -3.336730000000000018e+01
2.318210499999999884e+05 -2.247157999999999944e+01
2.318211250000000000e+05 -2.300771999999999906e+01
2.318211999999999825e+05 -2.616385999999999967e+01
2.318212749999999942e+05 -2.106697000000000131e+01
2.318213499999999767e+05 -2.532754999999999868e+01
2.318214249999999884e+05 -2.251558999999999955e+01
2.318215000000000000e+05 -2.227261999999999986e+01
2.318215749999999825e+05 -2.453796000000000177e+01
2.318216499999999942e+05 -2.434199999999999875e+01
2.318217249999999767e+05 -2.323760000000000048e+01
2.318217999999999884e+05 -2.494567999999999941e+01
2.318218750000000000e+05 -2.545579999999999998e+01
2.318219499999999825e+05 -2.154469999999999885e+01
2.318220249999999942e+05 -2.442828000000000088e+01
2.318220999999999767e+05 -2.282406999999999897e+01
2.318221749999999884e+05 -1.835528000000000048e+01
2.318222500000000000e+05 -2.445326000000000022e+01
2.318223249999999825e+05 -2.694285999999999959e+01
2.318223999999999942e+05 -2.263438999999999979e+01
2.318224749999999767e+05 -2.680602999999999980e+01
2.318225499999999884e+05 -2.421492999999999896e+01
2.318226250000000000e+05 -2.504041000000000139e+01
2.318226999999999825e+05 -2.682779000000000025e+01
2.318227749999999942e+05 -2.727729000000000070e+01
2.318228499999999767e+05 -2.336684999999999945e+01
2.318229249999999884e+05 -2.029006000000000043e+01
2.318230000000000000e+05 -2.501861999999999853e+01
2.318230749999999825e+05 -2.130643999999999849e+01
2.318231499999999942e+05 -2.869616999999999862e+01
2.318232249999999767e+05 -2.434134999999999849e+01
2.318232999999999884e+05 -2.178333999999999904e+01
2.318233750000000000e+05 -2.346007000000000176e+01
2.318234499999999825e+05 -2.328321000000000041e+01
2.318235249999999942e+05 -2.410050999999999988e+01
2.318235999999999767e+05 -2.490339000000000169e+01
2.318236749999999884e+05 -2.218665000000000020e+01
2.318237500000000000e+05 -2.205011000000000010e+01
2.318238249999999825e+05 -2.014198000000000022e+01
2.318238999999999942e+05 -2.226068000000000069e+01
2.318239749999999767e+05 -2.667256000000000071e+01
2.318240499999999884e+05 -2.198870000000000147e+01
2.318241250000000000e+05 -2.495967999999999876e+01
2.318241999999999825e+05 -2.376195999999999842e+01
2.318242749999999942e+05 -2.575129000000000090e+01
2.318243499999999767e+05 -2.331131999999999849e+01
2.318244249999999884e+05 -2.496527000000000029e+01
2.318245000000000000e+05 -2.505989999999999895e+01
2.318245749999999825e+05 -2.492599999999999838e+01
2.318246499999999942e+05 -2.748482999999999876e+01
2.318247249999999767e+05 -2.434298000000000073e+01
2.318247999999999884e+05 -2.544575999999999993e+01
2.318248750000000000e+05 -2.499236000000000146e+01
2.318249499999999825e+05 -2.298405999999999949e+01
2.318250249999999942e+05 -2.099034999999999940e+01
2.318250999999999767e+05 -2.778093000000000146e+01
2.318251749999999884e+05 -2.661328999999999922e+01
2.318252500000000000e+05 -2.621818999999999988e+01
2.318253249999999825e+05 -2.224115000000000109e+01
2.318253999999999942e+05 -2.473360999999999876e+01
2.318254749999999767e+05 -2.672847000000000151e+01
2.318255499999999884e+05 -3.032037000000000049e+01
2.318256250000000000e+05 -2.015841999999999956e+01
2.318256999999999825e+05 -2.374768999999999863e+01
2.318257749999999942e+05 -2.074126000000000047e+01
2.318258499999999767e+05 -2.358915000000000006e+01
2.318259249999999884e+05 -2.133180000000000121e+01
2.318260000000000000e+05 -2.094575999999999993e+01
2.318260749999999825e+05 -2.295544999999999902e+01
2.318261499999999942e+05 -2.301819000000000059e+01
2.318262249999999767e+05 -2.093111999999999995e+01
2.318262999999999884e+05 -2.485509000000000057e+01
