# Temperature: None K
2.317964500000000116e+05 -2.063474000000000075e+01
2.317965250000000233e+05 -2.252161999999999864e+01
2.317966000000000058e+05 -1.818703000000000003e+01
2.317966750000000175e+05 -2.129391000000000034e+01
2.317967500000000000e+05 -1.751798000000000144e+01
2.317968250000000116e+05 -1.918659999999999854e+01
2.317969000000000233e+05 -2.351051000000000002e+01
2.317969750000000058e+05 -1.909375000000000000e+01
2.317970500000000175e+05 -1.903723000000000098e+01
2.317971250000000000e+05 -1.888504000000000005e+01
2.317972000000000116e+05 -2.042204999999999870e+01
2.317972750000000233e+05 -2.214934999999999832e+01
2.317973500000000058e+05 -1.956943000000000055e+01
2.317974250000000175e+05 -1.790712999999999866e+01
2.317975000000000000e+05 -1.715831999999999979e+01
2.317975750000000116e+05 -2.148500999999999905e+01
2.317976500000000233e+05 -1.861713999999999913e+01
2.317977250000000058e+05 -1.767484999999999928e+01
2.317978000000000175e+05 -1.708030000000000115e+01
2.317978750000000000e+05 -2.052603999999999829e+01
2.317979500000000116e+05 -1.927777999999999992e+01
2.317980250000000233e+05 -1.835698999999999970e+01
2.317981000000000058e+05 -1.794590000000000174e+01
2.317981750000000175e+05 -2.107179999999999964e+01
2.317982500000000000e+05 -1.882525000000000048e+01
2.317983250000000116e+05 -1.751005999999999929e+01
2.317984000000000233e+05 -2.118541000000000096e+01
2.317984750000000058e+05 -2.013568000000000069e+01
2.317985500000000175e+05 -1.917570999999999870e+01
2.317986250000000000e+05 -1.894313000000000002e+01
2.317987000000000116e+05 -2.345591999999999899e+01
2.317987750000000233e+05 -1.821853000000000122e+01
2.317988500000000058e+05 -1.686404999999999887e+01
2.317989250000000175e+05 -2.019362999999999886e+01
2.317990000000000000e+05 -1.812308000000000163e+01
2.317990750000000116e+05 -1.891791999999999874e+01
2.317991500000000233e+05 -1.759441999999999950e+01
2.317992250000000058e+05 -1.740033999999999992e+01
2.317993000000000175e+05 -2.071037000000000106e+01
2.317993750000000000e+05 -2.118561000000000050e+01
2.317994500000000116e+05 -1.541873999999999967e+01
2.317995250000000233e+05 -1.803348000000000084e+01
2.317996000000000058e+05 -1.645599999999999952e+01
2.317996750000000175e+05 -1.923745999999999867e+01
2.317997500000000000e+05 -1.867817000000000149e+01
2.317998250000000116e+05 -2.010416999999999987e+01
2.317999000000000233e+05 -1.880262000000000100e+01
2.317999750000000058e+05 -1.717541999999999902e+01
2.318000500000000175e+05 -1.611623000000000161e+01
2.318001250000000000e+05 -1.621987999999999985e+01
2.318002000000000116e+05 -1.847477999999999909e+01
2.318002750000000233e+05 -2.103535000000000110e+01
2.318003500000000058e+05 -1.804164000000000101e+01
2.318004250000000175e+05 -1.929984999999999928e+01
2.318005000000000000e+05 -1.667266000000000048e+01
2.318005750000000116e+05 -1.714896999999999849e+01
2.318006500000000233e+05 -2.213149999999999906e+01
2.318007250000000058e+05 -1.996781000000000006e+01
2.318008000000000175e+05 -1.827815999999999974e+01
2.318008750000000000e+05 -1.930408999999999864e+01
2.318009500000000116e+05 -2.016279000000000110e+01
2.318010250000000233e+05 -2.000053000000000125e+01
2.318011000000000058e+05 -1.978473999999999933e+01
2.318011750000000175e+05 -1.970141999999999882e+01
2.318012500000000000e+05 -1.853145999999999916e+01
2.318013250000000116e+05 -1.865052000000000021e+01
2.318014000000000233e+05 -2.032450000000000045e+01
2.318014750000000058e+05 -1.919488000000000127e+01
2.318015500000000175e+05 -1.926322000000000045e+01
2.318016250000000000e+05 -1.988798999999999850e+01
2.318017000000000116e+05 -1.870848000000000155e+01
2.318017750000000233e+05 -1.766263999999999967e+01
2.318018500000000058e+05 -1.823692000000000135e+01
2.318019250000000175e+05 -1.992733000000000132e+01
2.318020000000000000e+05 -1.547400000000000020e+01
2.318020750000000116e+05 -1.890579999999999927e+01
2.318021500000000233e+05 -1.828472000000000008e+01
2.318022250000000058e+05 -1.979266000000000147e+01
2.318023000000000175e+05 -1.867335999999999885e+01
2.318023750000000000e+05 -1.899568999999999974e+01
2.318024500000000116e+05 -1.979548000000000130e+01
2.318025250000000233e+05 -1.948372000000000170e+01
2.318026000000000058e+05 -1.928682999999999836e+01
2.318026750000000175e+05 -1.749801000000000073e+01
2.318027500000000000e+05 -2.027486000000000033e+01
2.318028250000000116e+05 -1.644465999999999894e+01
2.318029000000000233e+05 -1.871566999999999936e+01
2.318029750000000058e+05 -1.825197000000000003e+01
2.318030500000000175e+05 -1.681772000000000133e+01
2.318031250000000000e+05 -1.882021999999999906e+01
2.318032000000000116e+05 -1.726986000000000132e+01
2.318032750000000233e+05 -2.152180999999999855e+01
2.318033500000000058e+05 -1.900528999999999868e+01
2.318034250000000175e+05 -1.944457999999999842e+01
2.318035000000000000e+05 -1.796733000000000047e+01
2.318035750000000116e+05 -1.814977999999999980e+01
2.318036500000000233e+05 -1.841941999999999879e+01
2.318037250000000058e+05 -1.599150000000000027e+01
2.318038000000000175e+05 -1.905007000000000161e+01
2.318038750000000000e+05 -1.625475000000000136e+01
2.318039500000000116e+05 -1.756327999999999889e+01
2.318040250000000233e+05 -1.773170000000000002e+01
2.318041000000000058e+05 -2.008229000000000042e+01
2.318041750000000175e+05 -1.921187000000000111e+01
2.318042500000000000e+05 -1.760304000000000002e+01
2.318043250000000116e+05 -1.583834000000000053e+01
2.318044000000000233e+05 -1.778857999999999961e+01
2.318044750000000058e+05 -1.786569000000000074e+01
2.318045500000000175e+05 -1.746341999999999928e+01
2.318046250000000000e+05 -1.693853999999999971e+01
2.318047000000000116e+05 -1.783725000000000094e+01
2.318047750000000233e+05 -1.705048000000000030e+01
2.318048500000000058e+05 -1.791356999999999999e+01
2.318049250000000175e+05 -1.994472999999999985e+01
2.318050000000000000e+05 -1.995063999999999993e+01
2.318050750000000116e+05 -1.652767000000000053e+01
2.318051500000000233e+05 -1.934384999999999977e+01
2.318052250000000058e+05 -1.963447000000000031e+01
2.318053000000000175e+05 -1.604898000000000025e+01
2.318053750000000000e+05 -1.543111000000000033e+01
2.318054500000000116e+05 -1.713766999999999996e+01
2.318055250000000233e+05 -1.850058999999999898e+01
2.318056000000000058e+05 -1.717429999999999879e+01
2.318056750000000175e+05 -1.750356000000000023e+01
2.318057500000000000e+05 -1.550609000000000037e+01
2.318058250000000116e+05 -1.746248999999999896e+01
2.318059000000000233e+05 -1.621791999999999945e+01
2.318059750000000058e+05 -1.637846000000000046e+01
2.318060500000000175e+05 -1.618694999999999951e+01
2.318061250000000000e+05 -1.815195999999999898e+01
2.318062000000000116e+05 -1.723044000000000153e+01
2.318062750000000233e+05 -1.632117999999999824e+01
2.318063500000000058e+05 -1.642100999999999900e+01
2.318064250000000175e+05 -1.582244000000000028e+01
2.318065000000000000e+05 -1.866835000000000022e+01
2.318065750000000116e+05 -1.716657999999999973e+01
2.318066500000000233e+05 -1.681712999999999880e+01
2.318067250000000058e+05 -1.481384000000000079e+01
2.318068000000000175e+05 -1.728237000000000023e+01
2.318068750000000000e+05 -1.468363000000000085e+01
2.318069500000000116e+05 -1.653013999999999939e+01
2.318070250000000233e+05 -1.624412999999999840e+01
2.318071000000000058e+05 -1.721939000000000064e+01
2.318071750000000175e+05 -1.588217999999999996e+01
2.318072500000000000e+05 -1.719155999999999906e+01
2.318073250000000116e+05 -1.609005000000000152e+01
2.318074000000000233e+05 -1.516250999999999927e+01
2.318074750000000058e+05 -1.761963000000000079e+01
2.318075500000000175e+05 -1.625202000000000169e+01
2.318076250000000000e+05 -1.482183999999999990e+01
2.318077000000000116e+05 -1.495480000000000054e+01
2.318077750000000233e+05 -1.600679999999999836e+01
2.318078500000000058e+05 -1.850741000000000014e+01
2.318079250000000175e+05 -1.473692999999999920e+01
2.318080000000000000e+05 -1.460332000000000008e+01
2.318080750000000116e+05 -1.426880000000000059e+01
2.318081500000000233e+05 -1.446252999999999922e+01
2.318082250000000058e+05 -1.380630999999999986e+01
2.318083000000000175e+05 -1.319478999999999935e+01
2.318083750000000000e+05 -1.408680999999999983e+01
2.318084500000000116e+05 -1.408980999999999995e+01
2.318085250000000233e+05 -1.432957000000000036e+01
2.318086000000000058e+05 -1.512410999999999994e+01
2.318086750000000175e+05 -1.292200000000000060e+01
2.318087500000000000e+05 -1.320161000000000051e+01
2.318088250000000116e+05 -1.182930999999999955e+01
2.318089000000000233e+05 -1.181536999999999971e+01
2.318089750000000058e+05 -1.185385999999999918e+01
2.318090500000000175e+05 -1.176524000000000036e+01
2.318091250000000000e+05 -1.182689000000000057e+01
2.318092000000000116e+05 -1.103062000000000076e+01
2.318092750000000233e+05 -1.143853999999999971e+01
2.318093500000000058e+05 -1.084470999999999918e+01
2.318094250000000175e+05 -1.078866000000000014e+01
2.318095000000000000e+05 -1.127121999999999957e+01
2.318095750000000116e+05 -9.885113999999999734e+00
2.318096500000000233e+05 -9.448491000000000639e+00
2.318097250000000058e+05 -8.727453000000000571e+00
2.318098000000000175e+05 -9.047919000000000267e+00
2.318098750000000000e+05 -7.844994999999999941e+00
2.318099500000000116e+05 -8.575024000000000868e+00
2.318100250000000233e+05 -7.377479000000000120e+00
2.318101000000000058e+05 -7.065433999999999770e+00
2.318101750000000175e+05 -6.295536000000000243e+00
2.318102500000000000e+05 -5.815307999999999922e+00
2.318103250000000116e+05 -5.102433000000000440e+00
2.318104000000000233e+05 -4.589642999999999695e+00
2.318104750000000058e+05 -4.811997999999999998e+00
2.318105500000000175e+05 -3.603225999999999818e+00
2.318106250000000000e+05 -3.296304000000000123e+00
2.318107000000000116e+05 -2.420567999999999831e+00
2.318107750000000233e+05 -1.618641999999999914e+00
2.318108500000000058e+05 -9.543420999999999710e-01
2.318109250000000175e+05 -5.135545999999999722e-01
2.318110000000000000e+05 9.338301000000000240e-02
2.318110750000000116e+05 3.019972000000000212e-01
2.318111500000000233e+05 9.233198999999999712e-01
2.318112250000000058e+05 1.451820000000000110e+00
2.318113000000000175e+05 1.623119999999999896e+00
2.318113750000000000e+05 1.915060999999999902e+00
2.318114500000000116e+05 1.945078000000000085e+00
2.318115250000000233e+05 2.015238000000000085e+00
2.318116000000000058e+05 1.579075999999999924e+00
2.318116750000000175e+05 1.077225000000000099e+00
2.318117500000000000e+05 9.182548000000000377e-01
2.318118250000000116e+05 2.293179000000000051e-02
2.318119000000000233e+05 -7.436819999999999542e-01
2.318119750000000058e+05 -1.658231999999999928e+00
2.318120500000000175e+05 -2.296571000000000140e+00
2.318121250000000000e+05 -3.029719000000000051e+00
2.318122000000000116e+05 -3.066012999999999877e+00
2.318122750000000233e+05 -2.762096000000000107e+00
2.318123500000000058e+05 -2.418555000000000010e+00
2.318124250000000175e+05 -2.107366999999999990e+00
2.318125000000000000e+05 -2.500408000000000186e+00
2.318125750000000116e+05 -2.364390999999999909e+00
2.318126500000000233e+05 -3.126799999999999802e+00
2.318127250000000058e+05 -3.717696000000000112e+00
2.318128000000000175e+05 -4.575010999999999939e+00
2.318128750000000000e+05 -5.071557000000000315e+00
2.318129500000000116e+05 -4.890915999999999819e+00
2.318130250000000233e+05 -4.516132999999999953e+00
2.318131000000000058e+05 -4.678253999999999913e+00
2.318131750000000175e+05 -4.697770000000000223e+00
2.318132500000000000e+05 -5.848213000000000328e+00
2.318133250000000116e+05 -6.261344000000000243e+00
2.318134000000000233e+05 -6.045707000000000164e+00
2.318134750000000058e+05 -6.683296999999999599e+00
2.318135500000000175e+05 -6.587422000000000111e+00
2.318136250000000000e+05 -7.195039000000000406e+00
2.318137000000000116e+05 -6.710017999999999816e+00
2.318137750000000233e+05 -7.598930000000000184e+00
2.318138500000000058e+05 -8.045263000000000275e+00
2.318139250000000175e+05 -8.066268000000000882e+00
2.318140000000000000e+05 -8.377404000000000295e+00
2.318140750000000116e+05 -8.708885999999999683e+00
2.318141500000000233e+05 -8.019652999999999921e+00
2.318142250000000058e+05 -8.722281999999999869e+00
2.318143000000000175e+05 -9.028757000000000588e+00
2.318143750000000000e+05 -1.123497000000000057e+01
2.318144500000000116e+05 -9.388472000000000151e+00
2.318145250000000233e+05 -1.003992000000000040e+01
2.318146000000000058e+05 -1.111743000000000059e+01
2.318146750000000175e+05 -1.124206000000000039e+01
2.318147500000000000e+05 -1.071496999999999922e+01
2.318148250000000116e+05 -1.019505000000000017e+01
2.318149000000000233e+05 -1.134141999999999939e+01
2.318149750000000058e+05 -1.207094999999999985e+01
2.318150500000000175e+05 -1.202060999999999957e+01
2.318151250000000000e+05 -1.115555999999999948e+01
2.318152000000000116e+05 -1.257164000000000037e+01
2.318152750000000233e+05 -1.277056999999999931e+01
2.318153500000000058e+05 -1.371409000000000056e+01
2.318154250000000175e+05 -1.252230999999999916e+01
2.318155000000000000e+05 -1.391437999999999953e+01
2.318155750000000116e+05 -1.600439000000000078e+01
2.318156500000000233e+05 -1.355282000000000053e+01
2.318157250000000058e+05 -1.301571000000000033e+01
2.318158000000000175e+05 -1.571194000000000024e+01
2.318158750000000000e+05 -1.496452000000000027e+01
2.318159500000000116e+05 -1.380110999999999954e+01
2.318160250000000233e+05 -1.631616999999999962e+01
2.318161000000000058e+05 -1.602139000000000024e+01
2.318161750000000175e+05 -1.394631000000000043e+01
2.318162500000000000e+05 -1.574634000000000000e+01
2.318163250000000116e+05 -1.704300999999999888e+01
2.318164000000000233e+05 -1.362296000000000085e+01
2.318164750000000058e+05 -1.892574000000000112e+01
2.318165500000000175e+05 -1.961751999999999896e+01
2.318166250000000000e+05 -1.546676000000000073e+01
2.318167000000000116e+05 -1.950997999999999877e+01
2.318167750000000233e+05 -1.845842000000000027e+01
2.318168500000000058e+05 -1.556630999999999965e+01
2.318169250000000175e+05 -2.166041999999999845e+01
2.318170000000000000e+05 -2.076737999999999928e+01
2.318170750000000116e+05 -1.584736000000000011e+01
2.318171500000000233e+05 -1.999408999999999992e+01
2.318172250000000058e+05 -1.587758000000000003e+01
2.318173000000000175e+05 -1.795051000000000130e+01
2.318173750000000000e+05 -1.992164999999999964e+01
2.318174500000000116e+05 -1.735050999999999988e+01
2.318175250000000233e+05 -2.724343000000000004e+01
2.318176000000000058e+05 -1.903113000000000099e+01
2.318176750000000175e+05 -2.051347000000000165e+01
2.318177500000000000e+05 -2.463016999999999967e+01
2.318178250000000116e+05 -1.809166000000000096e+01
2.318179000000000233e+05 -2.657862000000000080e+01
2.318179750000000058e+05 -1.808577999999999975e+01
2.318180500000000175e+05 -2.129187999999999903e+01
2.318181250000000000e+05 -1.925103999999999971e+01
2.318182000000000116e+05 -1.876663999999999888e+01
2.318182750000000233e+05 -2.556457999999999942e+01
2.318183500000000058e+05 -1.922539000000000087e+01
2.318184250000000175e+05 -3.354184000000000054e+01
2.318185000000000000e+05 -1.834035000000000082e+01
2.318185750000000116e+05 -2.997924000000000078e+01
2.318186500000000233e+05 -2.107892000000000010e+01
2.318187250000000058e+05 -2.556140999999999863e+01
2.318188000000000175e+05 -2.238876000000000133e+01
2.318188750000000000e+05 -2.043455000000000155e+01
2.318189500000000116e+05 -2.322632000000000119e+01
2.318190250000000233e+05 -2.608858000000000033e+01
2.318191000000000058e+05 -2.163798999999999850e+01
2.318191750000000175e+05 -2.481229000000000084e+01
2.318192500000000000e+05 -2.137199000000000026e+01
2.318193250000000116e+05 -2.372505999999999915e+01
2.318194000000000233e+05 -2.400142999999999915e+01
2.318194750000000058e+05 -2.196061999999999870e+01
2.318195500000000175e+05 -2.614713000000000065e+01
2.318196250000000000e+05 -2.354533999999999949e+01
2.318197000000000116e+05 -2.125621999999999900e+01
2.318197750000000233e+05 -2.387274999999999991e+01
2.318198500000000058e+05 -2.385574000000000083e+01
2.318199250000000175e+05 -3.240731000000000250e+01
2.318200000000000000e+05 -2.264742999999999995e+01
2.318200750000000116e+05 -4.090883999999999787e+01
2.318201500000000233e+05 -1.893262000000000000e+01
2.318202250000000058e+05 -3.668081999999999709e+01
2.318203000000000175e+05 -2.160153999999999996e+01
2.318203750000000000e+05 -3.037128999999999834e+01
2.318204500000000116e+05 -2.014817000000000036e+01
2.318205250000000233e+05 -2.188787999999999911e+01
2.318206000000000058e+05 -2.377854999999999919e+01
2.318206750000000175e+05 -2.183313000000000059e+01
2.318207500000000000e+05 -4.671840999999999866e+01
2.318208250000000116e+05 -2.217004999999999981e+01
2.318209000000000233e+05 -2.264204000000000150e+01
2.318209750000000058e+05 -2.656912000000000162e+01
2.318210500000000175e+05 -2.174270999999999887e+01
2.318211250000000000e+05 -2.835501000000000005e+01
2.318212000000000116e+05 -2.208575000000000088e+01
2.318212750000000233e+05 -2.284215999999999980e+01
2.318213500000000058e+05 -2.428891000000000133e+01
2.318214250000000175e+05 -2.356829000000000107e+01
2.318215000000000000e+05 -2.449794999999999945e+01
2.318215750000000116e+05 -1.951767999999999859e+01
2.318216500000000233e+05 -2.359326000000000079e+01
2.318217250000000058e+05 -2.690595000000000070e+01
2.318218000000000175e+05 -2.233457999999999899e+01
2.318218750000000000e+05 -2.003102000000000160e+01
2.318219500000000116e+05 -2.239227999999999952e+01
2.318220250000000233e+05 -2.199560999999999922e+01
2.318221000000000058e+05 -2.452733999999999881e+01
2.318221750000000175e+05 -2.546104000000000056e+01
2.318222500000000000e+05 -2.260144000000000020e+01
2.318223250000000116e+05 -2.639429000000000158e+01
2.318224000000000233e+05 -2.841534000000000049e+01
2.318224750000000058e+05 -2.507994000000000057e+01
2.318225500000000175e+05 -2.284608000000000061e+01
2.318226250000000000e+05 -3.338351000000000113e+01
2.318227000000000116e+05 -2.414583999999999975e+01
2.318227750000000233e+05 -1.966253999999999991e+01
2.318228500000000058e+05 -2.423216999999999999e+01
2.318229250000000175e+05 -2.351774999999999949e+01
2.318230000000000000e+05 -2.074869999999999948e+01
2.318230750000000116e+05 -2.818928000000000011e+01
2.318231500000000233e+05 -2.538628999999999891e+01
2.318232250000000058e+05 -2.615125000000000099e+01
2.318233000000000175e+05 -2.314273999999999987e+01
2.318233750000000000e+05 -2.193614000000000175e+01
2.318234500000000116e+05 -2.519129999999999825e+01
2.318235250000000233e+05 -2.307169999999999987e+01
2.318236000000000058e+05 -1.996389999999999887e+01
2.318236750000000175e+05 -2.188719999999999999e+01
2.318237500000000000e+05 -2.439605999999999852e+01
2.318238250000000116e+05 -2.555565999999999960e+01
2.318239000000000233e+05 -2.081064999999999898e+01
2.318239750000000058e+05 -2.836328999999999922e+01
2.318240500000000175e+05 -2.458680000000000021e+01
2.318241250000000000e+05 -2.516343000000000174e+01
2.318242000000000116e+05 -2.472407000000000110e+01
2.318242750000000233e+05 -2.747202000000000055e+01
2.318243500000000058e+05 -2.457190999999999903e+01
2.318244250000000175e+05 -2.688939999999999841e+01
2.318245000000000000e+05 -2.932182999999999851e+01
2.318245750000000116e+05 -2.471728999999999843e+01
2.318246500000000233e+05 -2.319891000000000147e+01
2.318247250000000058e+05 -2.070600999999999914e+01
2.318248000000000175e+05 -2.620315000000000083e+01
2.318248750000000000e+05 -2.390256000000000114e+01
2.318249500000000116e+05 -2.490149999999999864e+01
2.318250250000000233e+05 -2.277328999999999937e+01
2.318251000000000058e+05 -2.821848999999999918e+01
2.318251750000000175e+05 -2.374758999999999887e+01
2.318252500000000000e+05 -2.059066999999999936e+01
2.318253250000000116e+05 -2.556450999999999851e+01
2.318254000000000233e+05 -2.241976000000000013e+01
2.318254750000000058e+05 -2.460979999999999990e+01
2.318255500000000175e+05 -2.584962000000000160e+01
2.318256250000000000e+05 -2.409797999999999973e+01
2.318257000000000116e+05 -2.692883000000000138e+01
2.318257750000000233e+05 -2.526624999999999943e+01
2.318258500000000058e+05 -2.461598000000000042e+01
2.318259250000000175e+05 -2.331242999999999910e+01
2.318260000000000000e+05 -2.244358000000000075e+01
2.318260750000000116e+05 -2.264141000000000048e+01
2.318261500000000233e+05 -2.360501999999999967e+01
2.318262250000000058e+05 -2.298808000000000007e+01
2.318263000000000175e+05 -2.657970999999999862e+01
2.318263750000000000e+05 -2.032439000000000107e+01
2.318264500000000116e+05 -2.647875000000000156e+01
