# Temperature: None K
2.317526499999999942e+05 -2.060670000000000002e+01
2.317527250000000058e+05 -1.698673000000000144e+01
2.317527999999999884e+05 -2.285699999999999932e+01
2.317528750000000000e+05 -2.277004000000000161e+01
2.317529499999999825e+05 -1.835576000000000008e+01
2.317530249999999942e+05 -2.393475000000000108e+01
2.317531000000000058e+05 -2.046449000000000140e+01
2.317531749999999884e+05 -1.907903999999999911e+01
2.317532500000000000e+05 -1.989171999999999940e+01
2.317533249999999825e+05 -2.184169999999999945e+01
2.317533999999999942e+05 -1.938475000000000037e+01
2.317534750000000058e+05 -2.117333999999999961e+01
2.317535499999999884e+05 -2.109269000000000105e+01
2.317536250000000000e+05 -2.018037999999999954e+01
2.317536999999999825e+05 -1.956597999999999971e+01
2.317537749999999942e+05 -2.179008999999999929e+01
2.317538500000000058e+05 -1.915389000000000053e+01
2.317539249999999884e+05 -1.892614999999999981e+01
2.317540000000000000e+05 -1.901190000000000069e+01
2.317540749999999825e+05 -1.922514999999999930e+01
2.317541499999999942e+05 -1.971808000000000050e+01
2.317542250000000058e+05 -1.906512999999999991e+01
2.317542999999999884e+05 -2.007852000000000103e+01
2.317543750000000000e+05 -1.696109999999999829e+01
2.317544499999999825e+05 -1.882945000000000135e+01
2.317545249999999942e+05 -1.752593999999999852e+01
2.317546000000000058e+05 -1.934812000000000154e+01
2.317546749999999884e+05 -1.875095999999999918e+01
2.317547500000000000e+05 -1.917238000000000042e+01
2.317548249999999825e+05 -2.260805999999999827e+01
2.317548999999999942e+05 -1.783768999999999849e+01
2.317549750000000058e+05 -1.937030999999999992e+01
2.317550499999999884e+05 -2.377599999999999980e+01
2.317551250000000000e+05 -2.002311999999999870e+01
2.317551999999999825e+05 -1.810463999999999984e+01
2.317552749999999942e+05 -2.129270999999999958e+01
2.317553500000000058e+05 -1.861731999999999942e+01
2.317554249999999884e+05 -1.842095000000000127e+01
2.317555000000000000e+05 -1.659326000000000079e+01
2.317555749999999825e+05 -1.699475999999999942e+01
2.317556499999999942e+05 -1.896452999999999989e+01
2.317557250000000058e+05 -2.032761999999999958e+01
2.317557999999999884e+05 -1.814998999999999896e+01
2.317558750000000000e+05 -1.844707999999999970e+01
2.317559499999999825e+05 -1.908430999999999855e+01
2.317560249999999942e+05 -2.114436999999999856e+01
2.317561000000000058e+05 -2.024307999999999907e+01
2.317561749999999884e+05 -2.048729000000000156e+01
2.317562500000000000e+05 -1.966966000000000037e+01
2.317563249999999825e+05 -1.949913000000000096e+01
2.317563999999999942e+05 -1.917095000000000127e+01
2.317564750000000058e+05 -2.104205999999999932e+01
2.317565499999999884e+05 -2.012330000000000041e+01
2.317566250000000000e+05 -1.891656000000000049e+01
2.317566999999999825e+05 -2.146216000000000079e+01
2.317567749999999942e+05 -1.865547000000000111e+01
2.317568500000000058e+05 -1.806172000000000111e+01
2.317569249999999884e+05 -1.908373999999999882e+01
2.317570000000000000e+05 -1.856362999999999985e+01
2.317570749999999825e+05 -1.851639000000000124e+01
2.317571499999999942e+05 -1.772674999999999912e+01
2.317572250000000058e+05 -1.972181000000000139e+01
2.317572999999999884e+05 -1.880214000000000141e+01
2.317573750000000000e+05 -1.987909000000000148e+01
2.317574499999999825e+05 -1.935602000000000089e+01
2.317575249999999942e+05 -1.788469999999999871e+01
2.317576000000000058e+05 -1.908163000000000054e+01
2.317576749999999884e+05 -1.936061000000000121e+01
2.317577500000000000e+05 -1.905995000000000061e+01
2.317578249999999825e+05 -1.678781999999999996e+01
2.317578999999999942e+05 -1.851606999999999914e+01
2.317579750000000058e+05 -1.956997000000000142e+01
2.317580499999999884e+05 -1.610066000000000130e+01
2.317581250000000000e+05 -2.158139999999999858e+01
2.317581999999999825e+05 -2.165822000000000003e+01
2.317582749999999942e+05 -1.883772000000000091e+01
2.317583500000000058e+05 -1.843890000000000029e+01
2.317584249999999884e+05 -1.842141000000000162e+01
2.317585000000000000e+05 -1.945000999999999891e+01
2.317585749999999825e+05 -2.034526999999999930e+01
2.317586499999999942e+05 -1.966973000000000127e+01
2.317587250000000058e+05 -2.014336000000000126e+01
2.317587999999999884e+05 -1.805827000000000027e+01
2.317588750000000000e+05 -1.835412000000000177e+01
2.317589499999999825e+05 -1.994825000000000159e+01
2.317590249999999942e+05 -1.805836000000000041e+01
2.317591000000000058e+05 -1.764561000000000135e+01
2.317591749999999884e+05 -1.903772999999999982e+01
2.317592500000000000e+05 -1.872641000000000133e+01
2.317593249999999825e+05 -1.854642000000000124e+01
2.317593999999999942e+05 -1.821829999999999927e+01
2.317594750000000058e+05 -2.112415000000000020e+01
2.317595499999999884e+05 -1.930854000000000070e+01
2.317596250000000000e+05 -1.819310000000000116e+01
2.317596999999999825e+05 -1.763569999999999993e+01
2.317597749999999942e+05 -1.841545999999999950e+01
2.317598500000000058e+05 -1.790838000000000108e+01
2.317599249999999884e+05 -2.102057999999999893e+01
2.317600000000000000e+05 -1.858277999999999963e+01
2.317600749999999825e+05 -1.875271000000000043e+01
2.317601499999999942e+05 -1.732644000000000162e+01
2.317602250000000058e+05 -1.823948999999999998e+01
2.317602999999999884e+05 -1.880171999999999954e+01
2.317603750000000000e+05 -1.787508000000000052e+01
2.317604499999999825e+05 -1.723931999999999931e+01
2.317605249999999942e+05 -1.546321000000000012e+01
2.317606000000000058e+05 -1.691550000000000153e+01
2.317606749999999884e+05 -1.830819999999999936e+01
2.317607500000000000e+05 -1.818588000000000093e+01
2.317608249999999825e+05 -2.258870999999999896e+01
2.317608999999999942e+05 -1.642831999999999937e+01
2.317609750000000058e+05 -1.828501999999999938e+01
2.317610499999999884e+05 -1.737546999999999997e+01
2.317611250000000000e+05 -1.781438999999999950e+01
2.317611999999999825e+05 -1.678127999999999886e+01
2.317612749999999942e+05 -1.765111999999999881e+01
2.317613500000000058e+05 -1.730592000000000041e+01
2.317614249999999884e+05 -1.662215000000000131e+01
2.317615000000000000e+05 -1.759367999999999910e+01
2.317615749999999825e+05 -1.927507999999999910e+01
2.317616499999999942e+05 -1.616028999999999982e+01
2.317617250000000058e+05 -1.635202999999999918e+01
2.317617999999999884e+05 -1.798763999999999896e+01
2.317618750000000000e+05 -1.773423999999999978e+01
2.317619499999999825e+05 -1.812718999999999880e+01
2.317620249999999942e+05 -1.767228000000000065e+01
2.317621000000000058e+05 -1.785417999999999950e+01
2.317621749999999884e+05 -1.633046999999999827e+01
2.317622500000000000e+05 -1.720242999999999967e+01
2.317623249999999825e+05 -1.529767999999999972e+01
2.317623999999999942e+05 -1.729887000000000086e+01
2.317624750000000058e+05 -1.849016999999999911e+01
2.317625499999999884e+05 -1.587130999999999936e+01
2.317626250000000000e+05 -1.738050000000000139e+01
2.317626999999999825e+05 -1.749030000000000129e+01
2.317627749999999942e+05 -1.633742000000000161e+01
2.317628500000000058e+05 -1.633297999999999917e+01
2.317629249999999884e+05 -1.700394000000000005e+01
2.317630000000000000e+05 -1.654072999999999993e+01
2.317630749999999825e+05 -1.492425000000000068e+01
2.317631499999999942e+05 -1.597155000000000058e+01
2.317632250000000058e+05 -1.736892999999999887e+01
2.317632999999999884e+05 -1.601585999999999999e+01
2.317633750000000000e+05 -1.648695000000000022e+01
2.317634499999999825e+05 -1.778521999999999892e+01
2.317635249999999942e+05 -1.707778000000000063e+01
2.317636000000000058e+05 -1.614488000000000056e+01
2.317636749999999884e+05 -1.772411999999999921e+01
2.317637500000000000e+05 -1.673304999999999865e+01
2.317638249999999825e+05 -1.772280999999999906e+01
2.317638999999999942e+05 -1.640596999999999994e+01
2.317639750000000058e+05 -1.635021000000000058e+01
2.317640499999999884e+05 -1.479625000000000057e+01
2.317641250000000000e+05 -1.452354000000000056e+01
2.317641999999999825e+05 -1.594472000000000023e+01
2.317642749999999942e+05 -1.655413000000000068e+01
2.317643500000000058e+05 -1.538087999999999944e+01
2.317644249999999884e+05 -1.716302999999999912e+01
2.317645000000000000e+05 -1.502457000000000065e+01
2.317645749999999825e+05 -1.497569000000000017e+01
2.317646499999999942e+05 -1.564248000000000083e+01
2.317647250000000058e+05 -1.490609000000000073e+01
2.317647999999999884e+05 -1.561790000000000056e+01
2.317648750000000000e+05 -1.452251000000000047e+01
2.317649499999999825e+05 -1.545819000000000010e+01
2.317650249999999942e+05 -1.407358999999999938e+01
2.317651000000000058e+05 -1.384972999999999921e+01
2.317651749999999884e+05 -1.391647999999999996e+01
2.317652500000000000e+05 -1.387459999999999916e+01
2.317653249999999825e+05 -1.378462999999999994e+01
2.317653999999999942e+05 -1.396082999999999963e+01
2.317654750000000058e+05 -1.408907999999999916e+01
2.317655499999999884e+05 -1.303383999999999965e+01
2.317656250000000000e+05 -1.275821999999999967e+01
2.317656999999999825e+05 -1.321094000000000079e+01
2.317657749999999942e+05 -1.276196000000000019e+01
2.317658500000000058e+05 -1.345941999999999972e+01
2.317659249999999884e+05 -1.348700999999999972e+01
2.317660000000000000e+05 -1.323119999999999941e+01
2.317660749999999825e+05 -1.188941999999999943e+01
2.317661499999999942e+05 -1.251744000000000057e+01
2.317662250000000058e+05 -1.337138000000000027e+01
2.317662999999999884e+05 -1.207469999999999999e+01
2.317663750000000000e+05 -1.218824000000000041e+01
2.317664499999999825e+05 -1.146321999999999974e+01
2.317665249999999942e+05 -1.166693000000000069e+01
2.317666000000000058e+05 -1.156981999999999999e+01
2.317666749999999884e+05 -1.203748000000000040e+01
2.317667500000000000e+05 -1.162369999999999948e+01
2.317668249999999825e+05 -1.140365000000000073e+01
2.317668999999999942e+05 -1.012970999999999933e+01
2.317669750000000058e+05 -1.251314999999999955e+01
2.317670499999999884e+05 -1.052799000000000085e+01
2.317671250000000000e+05 -1.104884999999999984e+01
2.317671999999999825e+05 -1.123846999999999952e+01
2.317672749999999942e+05 -1.146673999999999971e+01
2.317673500000000058e+05 -1.122927999999999926e+01
2.317674249999999884e+05 -1.026013000000000019e+01
2.317675000000000000e+05 -1.049030999999999914e+01
2.317675749999999825e+05 -1.037471999999999994e+01
2.317676499999999942e+05 -1.101483999999999952e+01
2.317677250000000058e+05 -1.142609000000000030e+01
2.317677999999999884e+05 -1.060716999999999999e+01
2.317678750000000000e+05 -1.134741000000000000e+01
2.317679499999999825e+05 -1.086896999999999913e+01
2.317680249999999942e+05 -1.189877000000000073e+01
2.317681000000000058e+05 -1.213669999999999938e+01
2.317681749999999884e+05 -1.200083000000000055e+01
2.317682500000000000e+05 -1.288378999999999941e+01
2.317683249999999825e+05 -1.394392999999999994e+01
2.317683999999999942e+05 -1.426435999999999993e+01
2.317684750000000058e+05 -1.451957999999999949e+01
2.317685499999999884e+05 -1.502980999999999945e+01
2.317686250000000000e+05 -1.821312999999999960e+01
2.317686999999999825e+05 -1.843430000000000035e+01
2.317687749999999942e+05 -1.940900999999999854e+01
2.317688500000000058e+05 -2.099297999999999931e+01
2.317689249999999884e+05 -2.262546000000000035e+01
2.317690000000000000e+05 -2.133086000000000126e+01
2.317690749999999825e+05 -2.130818000000000012e+01
2.317691499999999942e+05 -2.492648000000000152e+01
2.317692250000000058e+05 -2.347261999999999915e+01
2.317692999999999884e+05 -2.390052999999999983e+01
2.317693750000000000e+05 -2.327790999999999855e+01
2.317694499999999825e+05 -2.727109000000000094e+01
2.317695249999999942e+05 -2.681209000000000131e+01
2.317696000000000058e+05 -3.215579999999999927e+01
2.317696749999999884e+05 -2.739157000000000153e+01
2.317697500000000000e+05 -3.003531999999999869e+01
2.317698249999999825e+05 -2.309165000000000134e+01
2.317698999999999942e+05 -3.203262999999999749e+01
2.317699750000000058e+05 -2.721334999999999837e+01
2.317700499999999884e+05 -3.881788999999999845e+01
2.317701250000000000e+05 -4.050679999999999836e+01
2.317701999999999825e+05 -3.842513000000000289e+01
2.317702749999999942e+05 -3.233590999999999838e+01
2.317703500000000058e+05 -3.357068999999999903e+01
2.317704249999999884e+05 -2.484691000000000116e+01
2.317705000000000000e+05 -2.944772999999999996e+01
2.317705749999999825e+05 -3.255700999999999823e+01
2.317706499999999942e+05 -3.560663999999999874e+01
2.317707250000000058e+05 -3.476136999999999944e+01
2.317707999999999884e+05 -5.324061999999999983e+01
2.317708750000000000e+05 -4.508558000000000021e+01
2.317709499999999825e+05 -3.096304999999999907e+01
2.317710249999999942e+05 -3.731519000000000119e+01
2.317711000000000058e+05 -2.802195000000000036e+01
2.317711749999999884e+05 -2.834647999999999968e+01
2.317712500000000000e+05 -2.889029999999999987e+01
2.317713249999999825e+05 -2.572129999999999939e+01
2.317713999999999942e+05 -3.199239999999999995e+01
2.317714750000000058e+05 -2.839889000000000152e+01
2.317715499999999884e+05 -3.200083999999999662e+01
2.317716250000000000e+05 -3.063580999999999932e+01
2.317716999999999825e+05 -3.444243000000000166e+01
2.317717749999999942e+05 -3.745206000000000301e+01
2.317718500000000058e+05 -3.401465000000000316e+01
2.317719249999999884e+05 -2.989173999999999864e+01
2.317720000000000000e+05 -3.190630000000000166e+01
2.317720749999999825e+05 -3.809579999999999700e+01
2.317721499999999942e+05 -2.751257000000000019e+01
2.317722250000000058e+05 -2.472247000000000128e+01
2.317722999999999884e+05 -2.898482999999999876e+01
2.317723750000000000e+05 -3.056015000000000015e+01
2.317724499999999825e+05 -2.633166999999999902e+01
2.317725249999999942e+05 -3.529616999999999649e+01
2.317726000000000058e+05 -2.377989000000000175e+01
2.317726749999999884e+05 -3.332927999999999713e+01
2.317727500000000000e+05 -2.754996999999999829e+01
2.317728249999999825e+05 -2.811433999999999855e+01
2.317728999999999942e+05 -2.979617999999999967e+01
2.317729750000000058e+05 -2.566244000000000014e+01
2.317730499999999884e+05 -2.523119000000000156e+01
2.317731250000000000e+05 -2.642174999999999940e+01
2.317731999999999825e+05 -2.443485000000000085e+01
2.317732749999999942e+05 -2.690223999999999904e+01
2.317733500000000058e+05 -3.100982000000000127e+01
2.317734249999999884e+05 -3.126463999999999999e+01
2.317735000000000000e+05 -2.601373999999999853e+01
2.317735749999999825e+05 -2.904305000000000092e+01
2.317736499999999942e+05 -2.560635999999999868e+01
2.317737250000000058e+05 -2.696553000000000111e+01
2.317737999999999884e+05 -3.232976000000000028e+01
2.317738750000000000e+05 -2.903519999999999968e+01
2.317739499999999825e+05 -3.093587000000000131e+01
2.317740249999999942e+05 -2.873971999999999838e+01
2.317741000000000058e+05 -2.645798999999999879e+01
2.317741749999999884e+05 -2.579057999999999851e+01
2.317742500000000000e+05 -2.488413999999999859e+01
2.317743249999999825e+05 -2.693449999999999989e+01
2.317743999999999942e+05 -2.819173999999999936e+01
2.317744750000000058e+05 -2.925916000000000139e+01
2.317745499999999884e+05 -3.259819999999999851e+01
2.317746250000000000e+05 -3.005827999999999989e+01
2.317746999999999825e+05 -2.622374999999999901e+01
2.317747749999999942e+05 -2.960782000000000025e+01
2.317748500000000058e+05 -2.749136000000000024e+01
2.317749249999999884e+05 -2.687268999999999863e+01
2.317750000000000000e+05 -2.695745000000000147e+01
2.317750749999999825e+05 -3.315834000000000259e+01
2.317751499999999942e+05 -2.837513999999999825e+01
2.317752250000000058e+05 -2.300265999999999877e+01
2.317752999999999884e+05 -2.582425999999999888e+01
2.317753750000000000e+05 -2.769119999999999848e+01
2.317754499999999825e+05 -2.904288999999999987e+01
2.317755249999999942e+05 -3.014780000000000015e+01
2.317756000000000058e+05 -2.693428000000000111e+01
2.317756749999999884e+05 -2.879832000000000036e+01
2.317757500000000000e+05 -2.340403999999999840e+01
2.317758249999999825e+05 -2.285867000000000004e+01
2.317758999999999942e+05 -2.605631999999999948e+01
2.317759750000000058e+05 -2.838320999999999827e+01
2.317760499999999884e+05 -2.497854999999999848e+01
2.317761250000000000e+05 -2.412419999999999831e+01
2.317761999999999825e+05 -2.652790999999999855e+01
2.317762749999999942e+05 -2.463770999999999844e+01
2.317763500000000058e+05 -2.620451999999999870e+01
2.317764249999999884e+05 -2.957409000000000177e+01
2.317765000000000000e+05 -2.282327000000000083e+01
2.317765749999999825e+05 -2.291771999999999920e+01
2.317766499999999942e+05 -2.278301000000000087e+01
2.317767250000000058e+05 -2.659864999999999924e+01
2.317767999999999884e+05 -2.500431000000000026e+01
2.317768750000000000e+05 -2.498796000000000106e+01
2.317769499999999825e+05 -2.608934999999999960e+01
2.317770249999999942e+05 -2.953819999999999979e+01
2.317771000000000058e+05 -2.182547999999999888e+01
2.317771749999999884e+05 -2.602572999999999936e+01
2.317772500000000000e+05 -2.243039999999999878e+01
2.317773249999999825e+05 -3.298868999999999829e+01
2.317773999999999942e+05 -2.492348000000000141e+01
2.317774750000000058e+05 -2.644012000000000029e+01
2.317775499999999884e+05 -2.395494000000000057e+01
2.317776250000000000e+05 -2.465949000000000169e+01
2.317776999999999825e+05 -2.304955999999999960e+01
2.317777749999999942e+05 -2.512709999999999866e+01
2.317778500000000058e+05 -2.120877000000000123e+01
2.317779249999999884e+05 -2.706654999999999944e+01
2.317780000000000000e+05 -2.671897999999999840e+01
2.317780749999999825e+05 -2.566347999999999985e+01
2.317781499999999942e+05 -2.110615999999999914e+01
2.317782250000000058e+05 -2.339164999999999850e+01
2.317782999999999884e+05 -2.241567999999999827e+01
2.317783750000000000e+05 -2.464410000000000167e+01
2.317784499999999825e+05 -2.533511999999999986e+01
2.317785249999999942e+05 -2.414154999999999873e+01
2.317786000000000058e+05 -2.652789999999999893e+01
2.317786749999999884e+05 -2.604469999999999885e+01
2.317787500000000000e+05 -2.457338000000000022e+01
2.317788249999999825e+05 -2.460915999999999926e+01
2.317788999999999942e+05 -2.560723000000000127e+01
2.317789750000000058e+05 -2.557460999999999984e+01
2.317790499999999884e+05 -2.236176000000000030e+01
2.317791250000000000e+05 -2.466583999999999932e+01
2.317791999999999825e+05 -2.431809000000000154e+01
2.317792749999999942e+05 -2.451535000000000153e+01
2.317793500000000058e+05 -2.669473999999999947e+01
2.317794249999999884e+05 -2.158292000000000144e+01
2.317795000000000000e+05 -2.442072999999999894e+01
2.317795749999999825e+05 -2.130574000000000012e+01
2.317796499999999942e+05 -2.677711000000000041e+01
2.317797250000000058e+05 -2.489875999999999934e+01
2.317797999999999884e+05 -2.396298000000000172e+01
2.317798750000000000e+05 -2.002017999999999986e+01
2.317799499999999825e+05 -2.273874999999999957e+01
2.317800249999999942e+05 -2.109239000000000175e+01
2.317801000000000058e+05 -2.188024000000000058e+01
2.317801749999999884e+05 -2.413254999999999839e+01
2.317802500000000000e+05 -2.546373000000000175e+01
2.317803249999999825e+05 -2.117698000000000036e+01
2.317803999999999942e+05 -2.690953000000000017e+01
2.317804750000000058e+05 -2.332162999999999897e+01
2.317805499999999884e+05 -2.322137999999999991e+01
2.317806250000000000e+05 -2.546951999999999927e+01
2.317806999999999825e+05 -2.556784000000000034e+01
2.317807749999999942e+05 -2.472072999999999965e+01
2.317808500000000058e+05 -2.391871000000000080e+01
2.317809249999999884e+05 -2.444583000000000084e+01
2.317810000000000000e+05 -2.264656000000000091e+01
2.317810749999999825e+05 -2.696061999999999870e+01
2.317811499999999942e+05 -2.194602000000000075e+01
2.317812250000000058e+05 -2.374840000000000018e+01
2.317812999999999884e+05 -2.111845999999999890e+01
2.317813750000000000e+05 -2.610331000000000046e+01
2.317814499999999825e+05 -2.496153999999999940e+01
2.317815249999999942e+05 -2.121080999999999861e+01
2.317816000000000058e+05 -2.730622999999999934e+01
2.317816749999999884e+05 -2.595677999999999841e+01
2.317817500000000000e+05 -2.383023999999999987e+01
2.317818249999999825e+05 -2.825639999999999930e+01
2.317818999999999942e+05 -2.349425000000000097e+01
2.317819750000000058e+05 -2.219612000000000052e+01
2.317820499999999884e+05 -2.389448000000000150e+01
2.317821250000000000e+05 -2.283974999999999866e+01
2.317821999999999825e+05 -2.101679000000000030e+01
2.317822749999999942e+05 -2.526876999999999995e+01
2.317823500000000058e+05 -2.365821000000000041e+01
2.317824249999999884e+05 -2.182817000000000007e+01
2.317825000000000000e+05 -2.332381000000000171e+01
2.317825749999999825e+05 -2.251069999999999993e+01
2.317826499999999942e+05 -2.059912999999999883e+01
