# Temperature: None K
2.317456000000000058e+05 -2.069942999999999955e+01
2.317456750000000175e+05 -2.151738999999999891e+01
2.317457500000000000e+05 -2.029897000000000062e+01
2.317458250000000116e+05 -1.677978999999999843e+01
2.317458999999999942e+05 -1.811380000000000123e+01
2.317459750000000058e+05 -1.933487999999999829e+01
2.317460500000000175e+05 -2.030404000000000053e+01
2.317461250000000000e+05 -2.045353000000000065e+01
2.317462000000000116e+05 -1.903461000000000070e+01
2.317462749999999942e+05 -2.128751000000000104e+01
2.317463500000000058e+05 -2.040246000000000137e+01
2.317464250000000175e+05 -1.864457000000000164e+01
2.317465000000000000e+05 -1.854236999999999824e+01
2.317465750000000116e+05 -1.903360999999999947e+01
2.317466499999999942e+05 -2.113428000000000040e+01
2.317467250000000058e+05 -1.693656000000000006e+01
2.317468000000000175e+05 -1.887713000000000108e+01
2.317468750000000000e+05 -2.075732999999999961e+01
2.317469500000000116e+05 -2.014070999999999856e+01
2.317470249999999942e+05 -1.802465000000000117e+01
2.317471000000000058e+05 -1.965463000000000093e+01
2.317471750000000175e+05 -1.777574999999999861e+01
2.317472500000000000e+05 -1.722707000000000122e+01
2.317473250000000116e+05 -1.802599999999999980e+01
2.317473999999999942e+05 -2.204578000000000060e+01
2.317474750000000058e+05 -1.915894000000000119e+01
2.317475500000000175e+05 -2.125334000000000145e+01
2.317476250000000000e+05 -1.794864000000000104e+01
2.317477000000000116e+05 -1.908846000000000132e+01
2.317477749999999942e+05 -2.096462999999999965e+01
2.317478500000000058e+05 -1.663985999999999876e+01
2.317479250000000175e+05 -1.929305000000000092e+01
2.317480000000000000e+05 -1.868778000000000006e+01
2.317480750000000116e+05 -2.023922999999999917e+01
2.317481499999999942e+05 -1.754457999999999984e+01
2.317482250000000058e+05 -1.955124999999999957e+01
2.317483000000000175e+05 -1.927089000000000141e+01
2.317483750000000000e+05 -1.926232999999999862e+01
2.317484500000000116e+05 -2.140004000000000062e+01
2.317485249999999942e+05 -1.944541999999999859e+01
2.317486000000000058e+05 -1.900906000000000162e+01
2.317486750000000175e+05 -1.999599999999999866e+01
2.317487500000000000e+05 -1.880882000000000076e+01
2.317488250000000116e+05 -1.880862000000000123e+01
2.317488999999999942e+05 -2.293462999999999852e+01
2.317489750000000058e+05 -1.992692999999999870e+01
2.317490500000000175e+05 -1.893374000000000024e+01
2.317491250000000000e+05 -1.955047000000000068e+01
2.317492000000000116e+05 -1.742691999999999908e+01
2.317492749999999942e+05 -1.722202000000000055e+01
2.317493500000000058e+05 -1.758085000000000164e+01
2.317494250000000175e+05 -2.226105000000000089e+01
2.317495000000000000e+05 -1.674844999999999828e+01
2.317495750000000116e+05 -1.981465999999999994e+01
2.317496499999999942e+05 -1.877020999999999873e+01
2.317497250000000058e+05 -1.750390000000000157e+01
2.317498000000000175e+05 -1.609405999999999892e+01
2.317498750000000000e+05 -2.139045000000000130e+01
2.317499500000000116e+05 -1.831090999999999980e+01
2.317500249999999942e+05 -1.785381999999999891e+01
2.317501000000000058e+05 -1.698051999999999850e+01
2.317501750000000175e+05 -1.765102999999999867e+01
2.317502500000000000e+05 -2.008398000000000039e+01
2.317503250000000116e+05 -1.937832999999999828e+01
2.317503999999999942e+05 -1.803115999999999985e+01
2.317504750000000058e+05 -2.036977999999999867e+01
2.317505500000000175e+05 -1.953081999999999852e+01
2.317506250000000000e+05 -2.039883999999999986e+01
2.317507000000000116e+05 -1.637691999999999837e+01
2.317507749999999942e+05 -1.827846999999999866e+01
2.317508500000000058e+05 -1.920202000000000098e+01
2.317509250000000175e+05 -1.793723999999999918e+01
2.317510000000000000e+05 -2.128743000000000052e+01
2.317510750000000116e+05 -1.600616000000000128e+01
2.317511499999999942e+05 -1.983273000000000152e+01
2.317512250000000058e+05 -1.755514000000000152e+01
2.317513000000000175e+05 -1.735920000000000130e+01
2.317513750000000000e+05 -1.827367999999999881e+01
2.317514500000000116e+05 -1.959880000000000067e+01
2.317515249999999942e+05 -1.951400999999999897e+01
2.317516000000000058e+05 -2.033211999999999975e+01
2.317516750000000175e+05 -1.817524999999999835e+01
2.317517500000000000e+05 -1.723708999999999847e+01
2.317518250000000116e+05 -1.784141999999999939e+01
2.317518999999999942e+05 -1.846683000000000163e+01
2.317519750000000058e+05 -1.908746999999999971e+01
2.317520500000000175e+05 -1.928756999999999877e+01
2.317521250000000000e+05 -1.740725000000000122e+01
2.317522000000000116e+05 -1.839589000000000141e+01
2.317522749999999942e+05 -1.793654000000000082e+01
2.317523500000000058e+05 -1.957940999999999931e+01
2.317524250000000175e+05 -1.863964999999999961e+01
2.317525000000000000e+05 -1.740832999999999942e+01
2.317525750000000116e+05 -1.760575000000000045e+01
2.317526499999999942e+05 -1.824405000000000143e+01
2.317527250000000058e+05 -1.837046000000000134e+01
2.317528000000000175e+05 -2.182231000000000165e+01
2.317528750000000000e+05 -1.938821000000000083e+01
2.317529500000000116e+05 -1.753144999999999953e+01
2.317530249999999942e+05 -1.823301000000000016e+01
2.317531000000000058e+05 -1.664680999999999855e+01
2.317531750000000175e+05 -1.639682000000000173e+01
2.317532500000000000e+05 -1.705748000000000175e+01
2.317533250000000116e+05 -1.729251999999999967e+01
2.317533999999999942e+05 -1.842212999999999923e+01
2.317534750000000058e+05 -1.799585000000000079e+01
2.317535500000000175e+05 -1.994076000000000093e+01
2.317536250000000000e+05 -1.868752999999999886e+01
2.317537000000000116e+05 -1.710322000000000031e+01
2.317537749999999942e+05 -1.745231000000000066e+01
2.317538500000000058e+05 -1.669775999999999883e+01
2.317539250000000175e+05 -1.674032000000000053e+01
2.317540000000000000e+05 -1.605754999999999910e+01
2.317540750000000116e+05 -1.770496999999999943e+01
2.317541499999999942e+05 -1.823228999999999900e+01
2.317542250000000058e+05 -1.930115999999999943e+01
2.317543000000000175e+05 -1.702209999999999823e+01
2.317543750000000000e+05 -1.808371999999999957e+01
2.317544500000000116e+05 -1.544170000000000087e+01
2.317545249999999942e+05 -1.612888999999999839e+01
2.317546000000000058e+05 -1.801344999999999885e+01
2.317546750000000175e+05 -1.883464999999999989e+01
2.317547500000000000e+05 -1.832751999999999981e+01
2.317548250000000116e+05 -1.700747000000000142e+01
2.317548999999999942e+05 -1.775947000000000031e+01
2.317549750000000058e+05 -1.672869999999999990e+01
2.317550500000000175e+05 -1.764931999999999945e+01
2.317551250000000000e+05 -1.785530999999999935e+01
2.317552000000000116e+05 -1.741595999999999833e+01
2.317552749999999942e+05 -1.741011999999999915e+01
2.317553500000000058e+05 -1.928423000000000087e+01
2.317554250000000175e+05 -1.689712000000000103e+01
2.317555000000000000e+05 -1.719717999999999947e+01
2.317555750000000116e+05 -1.841682000000000130e+01
2.317556499999999942e+05 -1.649643999999999977e+01
2.317557250000000058e+05 -1.574023000000000039e+01
2.317558000000000175e+05 -1.654357999999999862e+01
2.317558750000000000e+05 -1.502712000000000003e+01
2.317559500000000116e+05 -1.700882999999999967e+01
2.317560249999999942e+05 -1.571836000000000055e+01
2.317561000000000058e+05 -1.598883000000000010e+01
2.317561750000000175e+05 -1.709748000000000090e+01
2.317562500000000000e+05 -1.776717999999999975e+01
2.317563250000000116e+05 -1.670957999999999899e+01
2.317563999999999942e+05 -1.704245999999999839e+01
2.317564750000000058e+05 -1.550048999999999921e+01
2.317565500000000175e+05 -1.592652000000000001e+01
2.317566250000000000e+05 -1.650212000000000145e+01
2.317567000000000116e+05 -1.610031999999999996e+01
2.317567749999999942e+05 -1.506152999999999942e+01
2.317568500000000058e+05 -1.726836000000000126e+01
2.317569250000000175e+05 -1.762206000000000117e+01
2.317570000000000000e+05 -1.544103999999999921e+01
2.317570750000000116e+05 -1.395663000000000054e+01
2.317571499999999942e+05 -1.521162999999999954e+01
2.317572250000000058e+05 -1.530570999999999948e+01
2.317573000000000175e+05 -1.448767999999999923e+01
2.317573750000000000e+05 -1.531874999999999964e+01
2.317574500000000116e+05 -1.443069000000000024e+01
2.317575249999999942e+05 -1.643737000000000137e+01
2.317576000000000058e+05 -1.539231000000000016e+01
2.317576750000000175e+05 -1.324643000000000015e+01
2.317577500000000000e+05 -1.470309999999999917e+01
2.317578250000000116e+05 -1.707554000000000016e+01
2.317578999999999942e+05 -1.366198999999999941e+01
2.317579750000000058e+05 -1.396831000000000067e+01
2.317580500000000175e+05 -1.549554999999999971e+01
2.317581250000000000e+05 -1.508019999999999960e+01
2.317582000000000116e+05 -1.408432999999999957e+01
2.317582749999999942e+05 -1.429315000000000069e+01
2.317583500000000058e+05 -1.355020000000000024e+01
2.317584250000000175e+05 -1.422058000000000000e+01
2.317585000000000000e+05 -1.317652000000000001e+01
2.317585750000000116e+05 -1.387222000000000044e+01
2.317586499999999942e+05 -1.328492999999999924e+01
2.317587250000000058e+05 -1.243678000000000061e+01
2.317588000000000175e+05 -1.334788999999999959e+01
2.317588750000000000e+05 -1.304950000000000010e+01
2.317589500000000116e+05 -1.264462999999999937e+01
2.317590249999999942e+05 -1.207179000000000002e+01
2.317591000000000058e+05 -1.280804000000000009e+01
2.317591750000000175e+05 -1.273887999999999998e+01
2.317592500000000000e+05 -1.273115999999999914e+01
2.317593250000000116e+05 -1.246944000000000052e+01
2.317593999999999942e+05 -1.156816000000000066e+01
2.317594750000000058e+05 -1.220013999999999932e+01
2.317595500000000175e+05 -1.162709000000000081e+01
2.317596250000000000e+05 -1.110497999999999941e+01
2.317597000000000116e+05 -1.184725000000000072e+01
2.317597749999999942e+05 -1.184140000000000015e+01
2.317598500000000058e+05 -1.065387999999999913e+01
2.317599250000000175e+05 -1.033594000000000079e+01
2.317600000000000000e+05 -1.064098000000000077e+01
2.317600750000000116e+05 -1.055979999999999919e+01
2.317601499999999942e+05 -1.036378000000000021e+01
2.317602250000000058e+05 -9.842593000000000814e+00
2.317603000000000175e+05 -1.034112000000000009e+01
2.317603750000000000e+05 -9.871247000000000327e+00
2.317604500000000116e+05 -1.069862000000000002e+01
2.317605249999999942e+05 -1.084793999999999947e+01
2.317606000000000058e+05 -1.050752999999999915e+01
2.317606750000000175e+05 -1.144125000000000014e+01
2.317607500000000000e+05 -1.176717999999999975e+01
2.317608250000000116e+05 -1.189297000000000004e+01
2.317608999999999942e+05 -1.256128000000000000e+01
2.317609750000000058e+05 -1.135557000000000016e+01
2.317610500000000175e+05 -1.431617999999999924e+01
2.317611250000000000e+05 -1.416591999999999985e+01
2.317612000000000116e+05 -1.536241000000000057e+01
2.317612749999999942e+05 -1.604120999999999952e+01
2.317613500000000058e+05 -1.646284999999999954e+01
2.317614250000000175e+05 -1.774636999999999887e+01
2.317615000000000000e+05 -1.906950000000000145e+01
2.317615750000000116e+05 -2.130946000000000140e+01
2.317616499999999942e+05 -2.257790999999999926e+01
2.317617250000000058e+05 -2.390837000000000145e+01
2.317618000000000175e+05 -2.086777000000000015e+01
2.317618750000000000e+05 -2.020078000000000173e+01
2.317619500000000116e+05 -2.203781000000000034e+01
2.317620249999999942e+05 -2.206858000000000075e+01
2.317621000000000058e+05 -3.050080000000000169e+01
2.317621750000000175e+05 -2.626081999999999894e+01
2.317622500000000000e+05 -2.492437999999999931e+01
2.317623250000000116e+05 -2.501727999999999952e+01
2.317623999999999942e+05 -2.680995000000000061e+01
2.317624750000000058e+05 -2.761564999999999870e+01
2.317625500000000175e+05 -3.058368000000000109e+01
2.317626250000000000e+05 -2.872568000000000055e+01
2.317627000000000116e+05 -3.082713999999999999e+01
2.317627749999999942e+05 -3.248617999999999739e+01
2.317628500000000058e+05 -3.040782000000000096e+01
2.317629250000000175e+05 -3.454831999999999681e+01
2.317630000000000000e+05 -3.350759000000000043e+01
2.317630750000000116e+05 -4.201389000000000351e+01
2.317631499999999942e+05 -3.610596000000000316e+01
2.317632250000000058e+05 -3.318055999999999983e+01
2.317633000000000175e+05 -2.678272000000000119e+01
2.317633750000000000e+05 -3.364193999999999818e+01
2.317634500000000116e+05 -3.768867000000000189e+01
2.317635249999999942e+05 -3.402420999999999651e+01
2.317636000000000058e+05 -2.838598999999999961e+01
2.317636750000000175e+05 -3.501785999999999888e+01
2.317637500000000000e+05 -2.684730000000000061e+01
2.317638250000000116e+05 -2.706109999999999971e+01
2.317638999999999942e+05 -3.445443999999999818e+01
2.317639750000000058e+05 -3.095000999999999891e+01
2.317640500000000175e+05 -2.741644000000000148e+01
2.317641250000000000e+05 -3.664110999999999763e+01
2.317642000000000116e+05 -4.151653999999999911e+01
2.317642749999999942e+05 -3.428649999999999665e+01
2.317643500000000058e+05 -2.990774000000000044e+01
2.317644250000000175e+05 -3.057298000000000116e+01
2.317645000000000000e+05 -2.382451000000000008e+01
2.317645750000000116e+05 -4.976942999999999984e+01
2.317646499999999942e+05 -2.763012000000000157e+01
2.317647250000000058e+05 -3.260974999999999824e+01
2.317648000000000175e+05 -2.737616999999999834e+01
2.317648750000000000e+05 -2.784851000000000099e+01
2.317649500000000116e+05 -2.628295999999999921e+01
2.317650249999999942e+05 -2.909909000000000034e+01
2.317651000000000058e+05 -2.448108999999999824e+01
2.317651750000000175e+05 -2.703382999999999825e+01
2.317652500000000000e+05 -2.769225000000000136e+01
2.317653250000000116e+05 -2.738875000000000171e+01
2.317653999999999942e+05 -2.719124000000000052e+01
2.317654750000000058e+05 -2.795439000000000007e+01
2.317655500000000175e+05 -2.938110999999999962e+01
2.317656250000000000e+05 -2.749155000000000015e+01
2.317657000000000116e+05 -3.456101999999999919e+01
2.317657749999999942e+05 -2.386664999999999992e+01
2.317658500000000058e+05 -2.889796000000000120e+01
2.317659250000000175e+05 -2.738860000000000028e+01
2.317660000000000000e+05 -3.047533999999999921e+01
2.317660750000000116e+05 -2.712630000000000052e+01
2.317661499999999942e+05 -2.479763000000000162e+01
2.317662250000000058e+05 -2.851312000000000069e+01
2.317663000000000175e+05 -2.924616999999999933e+01
2.317663750000000000e+05 -2.923431000000000068e+01
2.317664500000000116e+05 -2.245315000000000083e+01
2.317665249999999942e+05 -2.192642999999999986e+01
2.317666000000000058e+05 -2.540655999999999892e+01
2.317666750000000175e+05 -3.290465999999999980e+01
2.317667500000000000e+05 -2.519271000000000171e+01
2.317668250000000116e+05 -2.977398000000000167e+01
2.317668999999999942e+05 -2.415641000000000105e+01
2.317669750000000058e+05 -2.631951000000000107e+01
2.317670500000000175e+05 -3.261039999999999850e+01
2.317671250000000000e+05 -2.465623000000000076e+01
2.317672000000000116e+05 -2.560523999999999845e+01
2.317672749999999942e+05 -2.502317999999999998e+01
2.317673500000000058e+05 -2.292824999999999847e+01
2.317674250000000175e+05 -2.635022999999999982e+01
2.317675000000000000e+05 -2.356460999999999828e+01
2.317675750000000116e+05 -2.601035999999999859e+01
2.317676499999999942e+05 -2.298085000000000022e+01
2.317677250000000058e+05 -3.010830999999999946e+01
2.317678000000000175e+05 -2.495342000000000127e+01
2.317678750000000000e+05 -3.031755000000000067e+01
2.317679500000000116e+05 -2.729932000000000158e+01
2.317680249999999942e+05 -2.894879999999999853e+01
2.317681000000000058e+05 -3.200836000000000325e+01
2.317681750000000175e+05 -2.520028999999999897e+01
2.317682500000000000e+05 -2.849031000000000091e+01
2.317683250000000116e+05 -3.250126000000000204e+01
2.317683999999999942e+05 -2.237770000000000081e+01
2.317684750000000058e+05 -2.334712000000000032e+01
2.317685500000000175e+05 -2.951122000000000156e+01
2.317686250000000000e+05 -2.673133999999999943e+01
2.317687000000000116e+05 -2.813325000000000031e+01
2.317687749999999942e+05 -2.483664999999999878e+01
2.317688500000000058e+05 -2.594990999999999914e+01
2.317689250000000175e+05 -2.188776000000000010e+01
2.317690000000000000e+05 -3.342940000000000111e+01
2.317690750000000116e+05 -2.258933000000000035e+01
2.317691499999999942e+05 -2.388836999999999833e+01
2.317692250000000058e+05 -2.132978999999999914e+01
2.317693000000000175e+05 -2.836844999999999928e+01
2.317693750000000000e+05 -3.484461999999999904e+01
2.317694500000000116e+05 -2.393467000000000056e+01
2.317695249999999942e+05 -2.741071000000000168e+01
2.317696000000000058e+05 -2.413241000000000014e+01
2.317696750000000175e+05 -2.446922999999999959e+01
2.317697500000000000e+05 -2.590581999999999852e+01
2.317698250000000116e+05 -2.318073000000000050e+01
2.317698999999999942e+05 -2.504429000000000016e+01
2.317699750000000058e+05 -2.454909999999999926e+01
2.317700500000000175e+05 -2.189780000000000015e+01
2.317701250000000000e+05 -2.843265999999999849e+01
2.317702000000000116e+05 -2.497318999999999889e+01
2.317702749999999942e+05 -2.562045000000000172e+01
2.317703500000000058e+05 -2.289265999999999934e+01
2.317704250000000175e+05 -2.410434000000000054e+01
2.317705000000000000e+05 -2.575698999999999828e+01
2.317705750000000116e+05 -2.570179999999999865e+01
2.317706499999999942e+05 -2.155574000000000012e+01
2.317707250000000058e+05 -2.305583000000000027e+01
2.317708000000000175e+05 -2.951210999999999984e+01
2.317708750000000000e+05 -2.055779000000000067e+01
2.317709500000000116e+05 -2.300140000000000029e+01
2.317710249999999942e+05 -2.290429999999999922e+01
2.317711000000000058e+05 -2.263774000000000086e+01
2.317711750000000175e+05 -2.691304999999999836e+01
2.317712500000000000e+05 -2.314641999999999911e+01
2.317713250000000116e+05 -2.291109000000000151e+01
2.317713999999999942e+05 -2.452607000000000070e+01
2.317714750000000058e+05 -2.275038999999999945e+01
2.317715500000000175e+05 -2.218303999999999832e+01
2.317716250000000000e+05 -2.299231999999999942e+01
2.317717000000000116e+05 -2.491957000000000022e+01
2.317717749999999942e+05 -2.238495999999999952e+01
2.317718500000000058e+05 -2.130178000000000083e+01
2.317719250000000175e+05 -2.219114000000000075e+01
2.317720000000000000e+05 -2.750453999999999866e+01
2.317720750000000116e+05 -2.188785000000000025e+01
2.317721499999999942e+05 -2.514050999999999902e+01
2.317722250000000058e+05 -2.294466999999999857e+01
2.317723000000000175e+05 -2.825349999999999895e+01
2.317723750000000000e+05 -2.400660999999999845e+01
2.317724500000000116e+05 -3.244870999999999839e+01
2.317725249999999942e+05 -2.340943000000000040e+01
2.317726000000000058e+05 -2.158465999999999951e+01
2.317726750000000175e+05 -2.042710999999999899e+01
2.317727500000000000e+05 -2.226105000000000089e+01
2.317728250000000116e+05 -2.454090000000000060e+01
2.317728999999999942e+05 -2.140587000000000018e+01
2.317729750000000058e+05 -2.097150999999999854e+01
2.317730500000000175e+05 -2.899661000000000044e+01
2.317731250000000000e+05 -2.640812000000000026e+01
2.317732000000000116e+05 -2.185210000000000008e+01
2.317732749999999942e+05 -2.231690000000000040e+01
2.317733500000000058e+05 -2.050160999999999945e+01
2.317734250000000175e+05 -2.718373000000000062e+01
2.317735000000000000e+05 -2.374457999999999913e+01
2.317735750000000116e+05 -2.459075999999999951e+01
2.317736499999999942e+05 -2.845636999999999972e+01
2.317737250000000058e+05 -2.632651999999999859e+01
2.317738000000000175e+05 -2.485020000000000095e+01
2.317738750000000000e+05 -2.028197000000000116e+01
2.317739500000000116e+05 -2.746521999999999863e+01
2.317740249999999942e+05 -1.945523000000000025e+01
2.317741000000000058e+05 -2.309851000000000099e+01
2.317741750000000175e+05 -2.659084999999999965e+01
2.317742500000000000e+05 -2.222260999999999953e+01
2.317743250000000116e+05 -2.611132999999999882e+01
2.317743999999999942e+05 -2.313839000000000112e+01
2.317744750000000058e+05 -2.480564000000000036e+01
2.317745500000000175e+05 -2.539505000000000123e+01
2.317746250000000000e+05 -2.086721999999999966e+01
2.317747000000000116e+05 -2.077920999999999907e+01
2.317747749999999942e+05 -2.262621000000000038e+01
2.317748500000000058e+05 -2.346467000000000169e+01
2.317749250000000175e+05 -2.239485000000000170e+01
2.317750000000000000e+05 -2.193035000000000068e+01
2.317750750000000116e+05 -2.483731999999999829e+01
2.317751499999999942e+05 -2.502883999999999887e+01
2.317752250000000058e+05 -2.422333000000000069e+01
2.317753000000000175e+05 -2.366264999999999930e+01
2.317753750000000000e+05 -2.155045000000000144e+01
2.317754500000000116e+05 -2.126963999999999899e+01
2.317755249999999942e+05 -2.416199999999999903e+01
2.317756000000000058e+05 -2.243751999999999924e+01
