# Temperature: None K
2.318350000000000000e+05 -2.339473999999999876e+01
2.318350750000000116e+05 -2.369191999999999965e+01
2.318351499999999942e+05 -2.111853999999999942e+01
2.318352250000000058e+05 -1.820655000000000001e+01
2.318352999999999884e+05 -1.792780000000000129e+01
2.318353750000000000e+05 -1.850809999999999889e+01
2.318354500000000116e+05 -1.946947000000000116e+01
2.318355249999999942e+05 -2.272466000000000008e+01
2.318356000000000058e+05 -2.141137000000000157e+01
2.318356749999999884e+05 -1.802160999999999902e+01
2.318357500000000000e+05 -1.821537999999999968e+01
2.318358250000000116e+05 -1.928271000000000157e+01
2.318358999999999942e+05 -2.285363999999999862e+01
2.318359750000000058e+05 -1.880003999999999920e+01
2.318360499999999884e+05 -1.720613000000000170e+01
2.318361250000000000e+05 -1.697535999999999845e+01
2.318362000000000116e+05 -2.445752999999999844e+01
2.318362749999999942e+05 -1.929309999999999903e+01
2.318363500000000058e+05 -1.878483999999999909e+01
2.318364249999999884e+05 -1.740481000000000122e+01
2.318365000000000000e+05 -1.986119000000000057e+01
2.318365750000000116e+05 -2.010451000000000121e+01
2.318366499999999942e+05 -1.773417999999999850e+01
2.318367250000000058e+05 -1.766411000000000087e+01
2.318367999999999884e+05 -2.042485999999999891e+01
2.318368750000000000e+05 -2.031319999999999837e+01
2.318369500000000116e+05 -1.765982999999999947e+01
2.318370249999999942e+05 -1.779989000000000132e+01
2.318371000000000058e+05 -2.304004000000000119e+01
2.318371749999999884e+05 -1.877530000000000143e+01
2.318372500000000000e+05 -1.680406999999999940e+01
2.318373250000000116e+05 -1.779977999999999838e+01
2.318373999999999942e+05 -2.110990999999999929e+01
2.318374750000000058e+05 -1.792462000000000089e+01
2.318375499999999884e+05 -1.869031999999999982e+01
2.318376250000000000e+05 -2.060039000000000087e+01
2.318377000000000116e+05 -1.884119000000000099e+01
2.318377749999999942e+05 -1.879936999999999969e+01
2.318378500000000058e+05 -1.896892000000000067e+01
2.318379249999999884e+05 -2.103430000000000177e+01
2.318380000000000000e+05 -1.897849000000000075e+01
2.318380750000000116e+05 -1.942163000000000039e+01
2.318381499999999942e+05 -2.007682000000000144e+01
2.318382250000000058e+05 -1.773019000000000034e+01
2.318382999999999884e+05 -1.980606999999999829e+01
2.318383750000000000e+05 -1.876859999999999928e+01
2.318384500000000116e+05 -1.995401000000000025e+01
2.318385249999999942e+05 -2.016180999999999912e+01
2.318386000000000058e+05 -1.721812999999999860e+01
2.318386749999999884e+05 -2.028295999999999921e+01
2.318387500000000000e+05 -1.946628000000000114e+01
2.318388250000000116e+05 -1.769688999999999979e+01
2.318388999999999942e+05 -2.022766999999999982e+01
2.318389750000000058e+05 -1.943342000000000169e+01
2.318390499999999884e+05 -1.859947000000000017e+01
2.318391250000000000e+05 -2.119060999999999950e+01
2.318392000000000116e+05 -2.088960000000000150e+01
2.318392749999999942e+05 -1.843336000000000041e+01
2.318393500000000058e+05 -1.969788000000000139e+01
2.318394249999999884e+05 -1.847441999999999851e+01
2.318395000000000000e+05 -1.852233999999999980e+01
2.318395750000000116e+05 -1.827711000000000041e+01
2.318396499999999942e+05 -1.741528999999999883e+01
2.318397250000000058e+05 -1.889861000000000146e+01
2.318397999999999884e+05 -2.167740999999999829e+01
2.318398750000000000e+05 -2.117929000000000173e+01
2.318399500000000116e+05 -2.079477999999999938e+01
2.318400249999999942e+05 -1.755940999999999974e+01
2.318401000000000058e+05 -1.855181999999999931e+01
2.318401749999999884e+05 -1.821946000000000154e+01
2.318402500000000000e+05 -1.707801999999999865e+01
2.318403250000000116e+05 -1.940118000000000009e+01
2.318403999999999942e+05 -1.799700999999999951e+01
2.318404750000000058e+05 -1.679764000000000124e+01
2.318405499999999884e+05 -1.817263000000000162e+01
2.318406250000000000e+05 -1.727257000000000176e+01
2.318407000000000116e+05 -1.803808000000000078e+01
2.318407749999999942e+05 -1.875356000000000023e+01
2.318408500000000058e+05 -2.250030999999999892e+01
2.318409249999999884e+05 -1.941882999999999981e+01
2.318410000000000000e+05 -2.114721000000000117e+01
2.318410750000000116e+05 -1.788138999999999967e+01
2.318411499999999942e+05 -1.866478000000000037e+01
2.318412250000000058e+05 -1.970626000000000033e+01
2.318412999999999884e+05 -1.923072000000000159e+01
2.318413750000000000e+05 -1.877915000000000134e+01
2.318414500000000116e+05 -1.743911999999999907e+01
2.318415249999999942e+05 -1.856157999999999930e+01
2.318416000000000058e+05 -1.719482999999999961e+01
2.318416749999999884e+05 -1.740230000000000032e+01
2.318417500000000000e+05 -1.874661000000000044e+01
2.318418250000000116e+05 -1.833287999999999940e+01
2.318418999999999942e+05 -1.800123999999999924e+01
2.318419750000000058e+05 -1.601697000000000060e+01
2.318420499999999884e+05 -1.846292000000000044e+01
2.318421250000000000e+05 -2.088728000000000051e+01
2.318422000000000116e+05 -1.770592999999999861e+01
2.318422749999999942e+05 -1.860858999999999952e+01
2.318423500000000058e+05 -1.766212000000000160e+01
2.318424249999999884e+05 -1.622341000000000122e+01
2.318425000000000000e+05 -2.056075999999999837e+01
2.318425750000000116e+05 -1.920825999999999922e+01
2.318426499999999942e+05 -1.989668999999999954e+01
2.318427250000000058e+05 -1.888134000000000157e+01
2.318427999999999884e+05 -1.830073000000000150e+01
2.318428750000000000e+05 -1.965992999999999924e+01
2.318429500000000116e+05 -1.763398000000000110e+01
2.318430249999999942e+05 -1.681086000000000169e+01
2.318431000000000058e+05 -1.840589999999999904e+01
2.318431749999999884e+05 -1.874521000000000015e+01
2.318432500000000000e+05 -1.668355000000000032e+01
2.318433250000000116e+05 -1.720271999999999935e+01
2.318433999999999942e+05 -1.603766999999999854e+01
2.318434750000000058e+05 -1.843468999999999980e+01
2.318435499999999884e+05 -2.136934000000000111e+01
2.318436250000000000e+05 -1.824598999999999904e+01
2.318437000000000116e+05 -1.935240999999999900e+01
2.318437749999999942e+05 -1.795045000000000002e+01
2.318438500000000058e+05 -1.683636999999999873e+01
2.318439249999999884e+05 -1.812919000000000125e+01
2.318440000000000000e+05 -1.755690999999999846e+01
2.318440750000000116e+05 -1.763830000000000098e+01
2.318441499999999942e+05 -1.720527999999999835e+01
2.318442250000000058e+05 -1.805827000000000027e+01
2.318442999999999884e+05 -1.588415999999999961e+01
2.318443750000000000e+05 -1.642830000000000013e+01
2.318444500000000116e+05 -1.779836999999999847e+01
2.318445249999999942e+05 -1.712368000000000023e+01
2.318446000000000058e+05 -1.620240000000000080e+01
2.318446749999999884e+05 -1.705294999999999916e+01
2.318447500000000000e+05 -1.758586000000000027e+01
2.318448250000000116e+05 -1.814095000000000013e+01
2.318448999999999942e+05 -1.804693999999999932e+01
2.318449750000000058e+05 -1.554767999999999972e+01
2.318450499999999884e+05 -1.640121999999999858e+01
2.318451250000000000e+05 -1.556353999999999971e+01
2.318452000000000116e+05 -1.556014000000000053e+01
2.318452749999999942e+05 -1.457208999999999932e+01
2.318453500000000058e+05 -1.632487000000000066e+01
2.318454249999999884e+05 -1.621536000000000044e+01
2.318455000000000000e+05 -1.407672999999999952e+01
2.318455750000000116e+05 -1.480535000000000068e+01
2.318456499999999942e+05 -1.671684000000000125e+01
2.318457250000000058e+05 -1.523930000000000007e+01
2.318457999999999884e+05 -1.619184999999999874e+01
2.318458750000000000e+05 -1.600131999999999977e+01
2.318459500000000116e+05 -1.513821000000000083e+01
2.318460249999999942e+05 -1.558976999999999968e+01
2.318461000000000058e+05 -1.638560000000000016e+01
2.318461749999999884e+05 -1.481567000000000078e+01
2.318462500000000000e+05 -1.593392000000000053e+01
2.318463250000000116e+05 -1.508826000000000001e+01
2.318463999999999942e+05 -1.552881000000000000e+01
2.318464750000000058e+05 -1.535530999999999935e+01
2.318465499999999884e+05 -1.533788999999999980e+01
2.318466250000000000e+05 -1.501900999999999975e+01
2.318467000000000116e+05 -1.548560999999999943e+01
2.318467749999999942e+05 -1.528194000000000052e+01
2.318468500000000058e+05 -1.451207999999999920e+01
2.318469249999999884e+05 -1.339531999999999989e+01
2.318470000000000000e+05 -1.348864000000000019e+01
2.318470750000000116e+05 -1.293675999999999959e+01
2.318471499999999942e+05 -1.386111000000000004e+01
2.318472250000000058e+05 -1.349959999999999916e+01
2.318472999999999884e+05 -1.327393000000000001e+01
2.318473750000000000e+05 -1.309596999999999944e+01
2.318474500000000116e+05 -1.291741999999999990e+01
2.318475249999999942e+05 -1.310097000000000023e+01
2.318476000000000058e+05 -1.269890000000000008e+01
2.318476749999999884e+05 -1.263238999999999912e+01
2.318477500000000000e+05 -1.141958999999999946e+01
2.318478250000000116e+05 -1.238570999999999955e+01
2.318478999999999942e+05 -1.189409999999999989e+01
2.318479750000000058e+05 -1.266377999999999915e+01
2.318480499999999884e+05 -1.109928000000000026e+01
2.318481250000000000e+05 -1.122808999999999990e+01
2.318482000000000116e+05 -1.157808999999999955e+01
2.318482749999999942e+05 -1.069937999999999967e+01
2.318483500000000058e+05 -1.061635000000000062e+01
2.318484249999999884e+05 -1.018286999999999942e+01
2.318485000000000000e+05 -9.611008999999999247e+00
2.318485750000000116e+05 -9.877503000000000810e+00
2.318486499999999942e+05 -8.882210999999999856e+00
2.318487250000000058e+05 -8.924759999999999138e+00
2.318487999999999884e+05 -7.705739000000000338e+00
2.318488750000000000e+05 -7.780212999999999823e+00
2.318489500000000116e+05 -6.867550999999999739e+00
2.318490249999999942e+05 -7.112991000000000064e+00
2.318491000000000058e+05 -5.441474000000000366e+00
2.318491749999999884e+05 -5.463071000000000232e+00
2.318492500000000000e+05 -4.381858000000000253e+00
2.318493250000000116e+05 -4.419751999999999903e+00
2.318493999999999942e+05 -3.824629999999999974e+00
2.318494750000000058e+05 -3.027975999999999779e+00
2.318495499999999884e+05 -2.210754000000000108e+00
2.318496250000000000e+05 -1.749444999999999917e+00
2.318497000000000116e+05 -7.717127999999999766e-01
2.318497749999999942e+05 -9.366033999999999748e-01
2.318498500000000058e+05 1.674549999999999927e-01
2.318499249999999884e+05 8.139461000000000057e-01
2.318500000000000000e+05 1.376654000000000044e+00
2.318500750000000116e+05 1.699195999999999929e+00
2.318501499999999942e+05 1.870349000000000039e+00
2.318502250000000058e+05 2.366902000000000061e+00
2.318502999999999884e+05 2.404446999999999779e+00
2.318503750000000000e+05 2.547346000000000110e+00
2.318504500000000116e+05 2.420066999999999968e+00
2.318505249999999942e+05 1.837671000000000054e+00
2.318506000000000058e+05 1.382981000000000016e+00
2.318506749999999884e+05 1.073955999999999911e+00
2.318507500000000000e+05 2.846491999999999911e-01
2.318508250000000116e+05 -4.249149999999999872e-01
2.318508999999999942e+05 -9.144080999999999460e-01
2.318509750000000058e+05 -1.388883000000000090e+00
2.318510499999999884e+05 -2.054642999999999997e+00
2.318511250000000000e+05 -1.782184999999999908e+00
2.318512000000000116e+05 -9.942492000000000552e-01
2.318512749999999942e+05 -1.021992999999999929e+00
2.318513500000000058e+05 -8.696924000000000321e-01
2.318514249999999884e+05 -1.149008000000000029e+00
2.318515000000000000e+05 -1.787020999999999971e+00
2.318515750000000116e+05 -2.564130000000000020e+00
2.318516499999999942e+05 -2.633558999999999983e+00
2.318517250000000058e+05 -2.863764000000000198e+00
2.318517999999999884e+05 -3.300035999999999969e+00
2.318518750000000000e+05 -3.115238999999999869e+00
2.318519500000000116e+05 -2.995143000000000111e+00
2.318520249999999942e+05 -3.289238000000000106e+00
2.318521000000000058e+05 -3.449898999999999827e+00
2.318521749999999884e+05 -3.858807999999999794e+00
2.318522500000000000e+05 -4.013154000000000110e+00
2.318523250000000116e+05 -4.218507999999999925e+00
2.318523999999999942e+05 -4.531755999999999673e+00
2.318524750000000058e+05 -4.888926999999999801e+00
2.318525499999999884e+05 -4.508918999999999677e+00
2.318526250000000000e+05 -5.386435999999999780e+00
2.318527000000000116e+05 -5.656424000000000341e+00
2.318527749999999942e+05 -6.222464000000000439e+00
2.318528500000000058e+05 -5.726234999999999964e+00
2.318529249999999884e+05 -5.581115999999999744e+00
2.318530000000000000e+05 -6.205613999999999741e+00
2.318530750000000116e+05 -6.292664000000000257e+00
2.318531499999999942e+05 -6.324686999999999948e+00
2.318532250000000058e+05 -7.575690999999999953e+00
2.318532999999999884e+05 -6.854190000000000005e+00
2.318533750000000000e+05 -6.598940999999999946e+00
2.318534500000000116e+05 -7.356048000000000364e+00
2.318535249999999942e+05 -8.333294999999999675e+00
2.318536000000000058e+05 -7.652476000000000056e+00
2.318536749999999884e+05 -7.588140000000000107e+00
2.318537500000000000e+05 -8.457644000000000162e+00
2.318538250000000116e+05 -8.140855999999999426e+00
2.318538999999999942e+05 -9.906231000000000009e+00
2.318539750000000058e+05 -8.447762000000000882e+00
2.318540499999999884e+05 -9.112061000000000632e+00
2.318541250000000000e+05 -9.729544999999999888e+00
2.318542000000000116e+05 -9.392855000000000842e+00
2.318542749999999942e+05 -8.828474999999999184e+00
2.318543500000000058e+05 -9.609564999999999912e+00
2.318544249999999884e+05 -1.227669000000000032e+01
2.318545000000000000e+05 -9.905903999999999598e+00
2.318545750000000116e+05 -9.849391999999999925e+00
2.318546499999999942e+05 -1.130077999999999960e+01
2.318547250000000058e+05 -1.117268999999999934e+01
2.318547999999999884e+05 -1.032252000000000081e+01
2.318548750000000000e+05 -1.223132999999999981e+01
2.318549500000000116e+05 -1.314983999999999931e+01
2.318550249999999942e+05 -1.154884000000000022e+01
2.318551000000000058e+05 -1.249662999999999968e+01
2.318551749999999884e+05 -1.407756000000000007e+01
2.318552500000000000e+05 -1.136628999999999934e+01
2.318553250000000116e+05 -1.243964000000000070e+01
2.318553999999999942e+05 -1.742454999999999998e+01
2.318554750000000058e+05 -1.277042999999999928e+01
2.318555499999999884e+05 -1.364927999999999919e+01
2.318556250000000000e+05 -1.473465000000000025e+01
2.318557000000000116e+05 -1.222940999999999967e+01
2.318557749999999942e+05 -1.423371000000000031e+01
2.318558500000000058e+05 -1.524785999999999930e+01
2.318559249999999884e+05 -1.182150999999999996e+01
2.318560000000000000e+05 -1.476032000000000011e+01
2.318560750000000116e+05 -1.583948000000000000e+01
2.318561499999999942e+05 -1.343945000000000078e+01
2.318562250000000058e+05 -1.885500000000000043e+01
2.318562999999999884e+05 -1.412886999999999915e+01
2.318563750000000000e+05 -1.915784000000000020e+01
2.318564500000000116e+05 -1.728507000000000104e+01
2.318565249999999942e+05 -1.400779999999999959e+01
2.318566000000000058e+05 -1.782835999999999999e+01
2.318566749999999884e+05 -1.456672999999999973e+01
2.318567500000000000e+05 -1.713376999999999839e+01
2.318568250000000116e+05 -1.587795999999999985e+01
2.318568999999999942e+05 -1.592479999999999940e+01
2.318569750000000058e+05 -1.873864000000000019e+01
2.318570499999999884e+05 -1.544505000000000017e+01
2.318571250000000000e+05 -2.120503000000000071e+01
2.318572000000000116e+05 -1.543806999999999974e+01
2.318572749999999942e+05 -1.895103999999999900e+01
2.318573500000000058e+05 -1.651904000000000039e+01
2.318574249999999884e+05 -1.943404999999999916e+01
2.318575000000000000e+05 -2.308611000000000146e+01
2.318575750000000116e+05 -1.774565000000000126e+01
2.318576499999999942e+05 -2.030979999999999919e+01
2.318577250000000058e+05 -1.513917000000000002e+01
2.318577999999999884e+05 -2.395207999999999871e+01
2.318578750000000000e+05 -1.849089000000000027e+01
2.318579500000000116e+05 -2.089460000000000051e+01
2.318580249999999942e+05 -1.659891999999999967e+01
2.318581000000000058e+05 -2.326648000000000138e+01
2.318581749999999884e+05 -1.784072000000000102e+01
2.318582500000000000e+05 -2.663149999999999906e+01
2.318583250000000116e+05 -1.688269000000000020e+01
2.318583999999999942e+05 -2.633856000000000108e+01
2.318584750000000058e+05 -1.779795999999999978e+01
2.318585499999999884e+05 -4.737856000000000023e+01
2.318586250000000000e+05 -1.926745999999999981e+01
2.318587000000000116e+05 -2.475797000000000025e+01
2.318587749999999942e+05 -2.082029999999999959e+01
2.318588500000000058e+05 -2.301369000000000042e+01
2.318589249999999884e+05 -2.176000000000000156e+01
2.318590000000000000e+05 -2.152231000000000094e+01
2.318590750000000116e+05 -2.064603999999999928e+01
2.318591499999999942e+05 -1.874772000000000105e+01
2.318592250000000058e+05 -3.138954999999999984e+01
2.318592999999999884e+05 -1.926445000000000007e+01
2.318593750000000000e+05 -3.132152999999999921e+01
2.318594500000000116e+05 -1.874410999999999916e+01
2.318595249999999942e+05 -2.180329000000000050e+01
2.318596000000000058e+05 -2.323888000000000176e+01
2.318596749999999884e+05 -1.893593999999999866e+01
2.318597500000000000e+05 -2.897625999999999991e+01
2.318598250000000116e+05 -1.564642000000000088e+01
2.318598999999999942e+05 -2.649577999999999989e+01
2.318599750000000058e+05 -2.290399000000000029e+01
2.318600499999999884e+05 -1.896921000000000035e+01
2.318601250000000000e+05 -2.694481000000000037e+01
2.318602000000000116e+05 -2.305798000000000059e+01
2.318602749999999942e+05 -2.269503999999999877e+01
2.318603500000000058e+05 -2.720449999999999946e+01
2.318604249999999884e+05 -2.134993000000000052e+01
2.318605000000000000e+05 -2.622110999999999947e+01
2.318605750000000116e+05 -2.092001000000000133e+01
2.318606499999999942e+05 -2.155356000000000094e+01
2.318607250000000058e+05 -3.158445000000000036e+01
2.318607999999999884e+05 -2.022342000000000084e+01
2.318608750000000000e+05 -1.959570000000000078e+01
2.318609500000000116e+05 -2.783549999999999969e+01
2.318610249999999942e+05 -2.247146000000000043e+01
2.318611000000000058e+05 -2.196643999999999863e+01
2.318611749999999884e+05 -2.831258000000000052e+01
2.318612500000000000e+05 -2.531734000000000151e+01
2.318613250000000116e+05 -2.203826000000000107e+01
2.318613999999999942e+05 -3.368610999999999933e+01
2.318614750000000058e+05 -2.084327000000000041e+01
2.318615499999999884e+05 -2.307334000000000174e+01
2.318616250000000000e+05 -2.618528999999999840e+01
2.318617000000000116e+05 -2.748902999999999963e+01
2.318617749999999942e+05 -1.860500000000000043e+01
2.318618500000000058e+05 -2.705487000000000108e+01
2.318619249999999884e+05 -2.736226999999999876e+01
2.318620000000000000e+05 -2.002656999999999954e+01
2.318620750000000116e+05 -2.092296999999999940e+01
2.318621499999999942e+05 -2.587031999999999954e+01
2.318622250000000058e+05 -2.417824999999999847e+01
2.318622999999999884e+05 -2.227392000000000039e+01
2.318623750000000000e+05 -2.197487999999999886e+01
2.318624500000000116e+05 -3.049942000000000064e+01
2.318625249999999942e+05 -2.263374999999999915e+01
2.318626000000000058e+05 -2.122072999999999965e+01
2.318626749999999884e+05 -2.743328999999999951e+01
2.318627500000000000e+05 -2.610829999999999984e+01
2.318628250000000116e+05 -3.023098999999999847e+01
2.318628999999999942e+05 -2.376603000000000065e+01
2.318629750000000058e+05 -2.751099999999999923e+01
2.318630499999999884e+05 -2.287775999999999854e+01
2.318631250000000000e+05 -2.478540999999999883e+01
2.318632000000000116e+05 -2.214547999999999917e+01
2.318632749999999942e+05 -2.419173999999999936e+01
2.318633500000000058e+05 -2.633933000000000035e+01
2.318634249999999884e+05 -2.248119000000000156e+01
2.318635000000000000e+05 -2.292463000000000051e+01
2.318635750000000116e+05 -2.528512999999999877e+01
2.318636499999999942e+05 -2.445973000000000042e+01
2.318637250000000058e+05 -1.917911000000000143e+01
2.318637999999999884e+05 -2.503451000000000093e+01
2.318638750000000000e+05 -2.361746000000000123e+01
2.318639500000000116e+05 -2.478641999999999967e+01
2.318640249999999942e+05 -2.724020000000000152e+01
2.318641000000000058e+05 -2.226773999999999987e+01
2.318641749999999884e+05 -2.342875000000000085e+01
2.318642500000000000e+05 -2.324052999999999969e+01
2.318643250000000116e+05 -2.186070000000000135e+01
2.318643999999999942e+05 -2.256450999999999851e+01
2.318644750000000058e+05 -3.001840999999999937e+01
2.318645499999999884e+05 -2.700272000000000006e+01
2.318646250000000000e+05 -2.131843999999999895e+01
2.318647000000000116e+05 -2.068113999999999919e+01
2.318647749999999942e+05 -2.395615000000000094e+01
2.318648500000000058e+05 -2.626116999999999990e+01
2.318649249999999884e+05 -2.439870000000000161e+01
2.318650000000000000e+05 -3.033042999999999978e+01
