# Temperature: None K
2.319092500000000000e+05 -1.984335000000000093e+01
2.319093250000000116e+05 -2.122563999999999851e+01
2.319093999999999942e+05 -1.831820000000000093e+01
2.319094750000000058e+05 -1.710551999999999850e+01
2.319095499999999884e+05 -1.700030999999999892e+01
2.319096250000000000e+05 -1.882441000000000031e+01
2.319097000000000116e+05 -2.107574999999999932e+01
2.319097749999999942e+05 -2.024509000000000114e+01
2.319098500000000058e+05 -2.073715999999999937e+01
2.319099249999999884e+05 -1.872817999999999827e+01
2.319100000000000000e+05 -1.875687999999999889e+01
2.319100750000000116e+05 -2.300065999999999988e+01
2.319101499999999942e+05 -2.126343999999999923e+01
2.319102250000000058e+05 -1.768881999999999977e+01
2.319102999999999884e+05 -2.075093000000000032e+01
2.319103750000000000e+05 -2.091255999999999915e+01
2.319104500000000116e+05 -2.493806000000000012e+01
2.319105249999999942e+05 -1.980611000000000033e+01
2.319106000000000058e+05 -1.783644999999999925e+01
2.319106749999999884e+05 -2.019904999999999973e+01
2.319107500000000000e+05 -1.988777999999999935e+01
2.319108250000000116e+05 -1.798899000000000115e+01
2.319108999999999942e+05 -1.983407000000000053e+01
2.319109750000000058e+05 -2.105933999999999884e+01
2.319110499999999884e+05 -1.778886999999999929e+01
2.319111250000000000e+05 -1.856851999999999947e+01
2.319112000000000116e+05 -1.870219000000000165e+01
2.319112749999999942e+05 -1.854313000000000144e+01
2.319113500000000058e+05 -2.139445999999999870e+01
2.319114249999999884e+05 -1.889892000000000039e+01
2.319115000000000000e+05 -2.052825999999999951e+01
2.319115750000000116e+05 -1.878021999999999991e+01
2.319116499999999942e+05 -1.693627000000000038e+01
2.319117250000000058e+05 -1.844511999999999929e+01
2.319117999999999884e+05 -1.827901999999999916e+01
2.319118750000000000e+05 -1.721430000000000149e+01
2.319119500000000116e+05 -1.710559999999999903e+01
2.319120249999999942e+05 -1.890944000000000003e+01
2.319121000000000058e+05 -1.715332000000000079e+01
2.319121749999999884e+05 -1.893889000000000067e+01
2.319122500000000000e+05 -2.302624000000000137e+01
2.319123250000000116e+05 -2.033658000000000143e+01
2.319123999999999942e+05 -1.855995000000000061e+01
2.319124750000000058e+05 -2.270553999999999917e+01
2.319125499999999884e+05 -1.687234000000000123e+01
2.319126250000000000e+05 -1.828518000000000043e+01
2.319127000000000116e+05 -1.816886999999999830e+01
2.319127749999999942e+05 -2.098443999999999932e+01
2.319128500000000058e+05 -1.852933000000000163e+01
2.319129249999999884e+05 -1.650450000000000017e+01
2.319130000000000000e+05 -1.867727000000000004e+01
2.319130750000000116e+05 -2.012338000000000093e+01
2.319131499999999942e+05 -2.131223999999999918e+01
2.319132250000000058e+05 -1.943066999999999922e+01
2.319132999999999884e+05 -2.118089000000000155e+01
2.319133750000000000e+05 -1.707462999999999909e+01
2.319134500000000116e+05 -2.029012000000000171e+01
2.319135249999999942e+05 -2.345675999999999917e+01
2.319136000000000058e+05 -1.795990000000000109e+01
2.319136749999999884e+05 -1.862911000000000072e+01
2.319137500000000000e+05 -1.737312999999999974e+01
2.319138250000000116e+05 -1.968188999999999922e+01
2.319138999999999942e+05 -1.860193999999999903e+01
2.319139750000000058e+05 -1.937921000000000049e+01
2.319140499999999884e+05 -1.751672999999999902e+01
2.319141250000000000e+05 -1.770493000000000094e+01
2.319142000000000116e+05 -1.899027999999999849e+01
2.319142749999999942e+05 -1.932982000000000156e+01
2.319143500000000058e+05 -1.931719999999999970e+01
2.319144249999999884e+05 -1.851394000000000162e+01
2.319145000000000000e+05 -1.863600999999999885e+01
2.319145750000000116e+05 -1.886053000000000068e+01
2.319146499999999942e+05 -2.024219000000000079e+01
2.319147250000000058e+05 -1.707826999999999984e+01
2.319147999999999884e+05 -1.993864999999999910e+01
2.319148750000000000e+05 -1.713549000000000078e+01
2.319149500000000116e+05 -1.967858999999999980e+01
2.319150249999999942e+05 -1.740731999999999857e+01
2.319151000000000058e+05 -1.947674999999999912e+01
2.319151749999999884e+05 -1.739202999999999832e+01
2.319152500000000000e+05 -1.955903999999999954e+01
2.319153250000000116e+05 -1.845521000000000100e+01
2.319153999999999942e+05 -1.817691999999999908e+01
2.319154750000000058e+05 -1.821274000000000015e+01
2.319155499999999884e+05 -1.928677000000000064e+01
2.319156250000000000e+05 -1.861589000000000027e+01
2.319157000000000116e+05 -1.945513000000000048e+01
2.319157749999999942e+05 -1.811779999999999902e+01
2.319158500000000058e+05 -1.646589000000000169e+01
2.319159249999999884e+05 -1.992060999999999993e+01
2.319160000000000000e+05 -1.712183999999999884e+01
2.319160750000000116e+05 -1.619271000000000171e+01
2.319161499999999942e+05 -1.831955999999999918e+01
2.319162250000000058e+05 -1.864753999999999934e+01
2.319162999999999884e+05 -2.003138999999999825e+01
2.319163750000000000e+05 -1.926802999999999955e+01
2.319164500000000116e+05 -1.745483000000000118e+01
2.319165249999999942e+05 -2.035858999999999952e+01
2.319166000000000058e+05 -1.978388999999999953e+01
2.319166749999999884e+05 -1.829438999999999993e+01
2.319167500000000000e+05 -1.727321999999999846e+01
2.319168250000000116e+05 -1.953765999999999892e+01
2.319168999999999942e+05 -1.890352999999999994e+01
2.319169750000000058e+05 -2.150667999999999935e+01
2.319170499999999884e+05 -1.663184000000000040e+01
2.319171250000000000e+05 -1.798902000000000001e+01
2.319172000000000116e+05 -1.707538999999999874e+01
2.319172749999999942e+05 -1.801201000000000008e+01
2.319173500000000058e+05 -1.873896999999999835e+01
2.319174249999999884e+05 -1.695996999999999844e+01
2.319175000000000000e+05 -1.954232000000000014e+01
2.319175750000000116e+05 -1.940073999999999899e+01
2.319176499999999942e+05 -1.839817999999999998e+01
2.319177250000000058e+05 -1.778031999999999968e+01
2.319177999999999884e+05 -1.619510999999999967e+01
2.319178750000000000e+05 -1.799025999999999925e+01
2.319179500000000116e+05 -1.886705999999999861e+01
2.319180249999999942e+05 -1.747378000000000142e+01
2.319181000000000058e+05 -1.715669000000000111e+01
2.319181749999999884e+05 -1.766224000000000061e+01
2.319182500000000000e+05 -1.623125999999999891e+01
2.319183250000000116e+05 -1.800472999999999857e+01
2.319183999999999942e+05 -1.701730999999999838e+01
2.319184750000000058e+05 -1.666525000000000034e+01
2.319185499999999884e+05 -1.494278000000000084e+01
2.319186250000000000e+05 -1.774455999999999989e+01
2.319187000000000116e+05 -1.868964000000000070e+01
2.319187749999999942e+05 -2.098892999999999986e+01
2.319188500000000058e+05 -1.652676999999999907e+01
2.319189249999999884e+05 -1.540249000000000024e+01
2.319190000000000000e+05 -1.778152000000000044e+01
2.319190750000000116e+05 -1.661987999999999843e+01
2.319191499999999942e+05 -1.644423000000000101e+01
2.319192250000000058e+05 -1.665947999999999851e+01
2.319192999999999884e+05 -1.668066999999999922e+01
2.319193750000000000e+05 -1.829615000000000080e+01
2.319194500000000116e+05 -1.626035999999999859e+01
2.319195249999999942e+05 -1.736041000000000167e+01
2.319196000000000058e+05 -1.634449000000000041e+01
2.319196749999999884e+05 -1.579893000000000036e+01
2.319197500000000000e+05 -1.653555000000000064e+01
2.319198250000000116e+05 -1.632487000000000066e+01
2.319198999999999942e+05 -1.713557000000000130e+01
2.319199750000000058e+05 -1.500370999999999988e+01
2.319200499999999884e+05 -1.485769999999999946e+01
2.319201250000000000e+05 -1.548173000000000066e+01
2.319202000000000116e+05 -1.461566000000000010e+01
2.319202749999999942e+05 -1.448174000000000028e+01
2.319203500000000058e+05 -1.426858999999999966e+01
2.319204249999999884e+05 -1.346160000000000068e+01
2.319205000000000000e+05 -1.572940999999999967e+01
2.319205750000000116e+05 -1.494264000000000081e+01
2.319206499999999942e+05 -1.650281000000000020e+01
2.319207250000000058e+05 -1.529791999999999952e+01
2.319207999999999884e+05 -1.700305000000000177e+01
2.319208750000000000e+05 -1.562378999999999962e+01
2.319209500000000116e+05 -1.456689000000000078e+01
2.319210249999999942e+05 -1.426909000000000027e+01
2.319211000000000058e+05 -1.440906999999999982e+01
2.319211749999999884e+05 -1.394208000000000069e+01
2.319212500000000000e+05 -1.375924999999999976e+01
2.319213250000000116e+05 -1.320440999999999931e+01
2.319213999999999942e+05 -1.391107000000000049e+01
2.319214750000000058e+05 -1.453171000000000035e+01
2.319215499999999884e+05 -1.167849000000000004e+01
2.319216250000000000e+05 -1.267725000000000080e+01
2.319217000000000116e+05 -1.343528000000000056e+01
2.319217749999999942e+05 -1.327140999999999948e+01
2.319218500000000058e+05 -1.224867000000000061e+01
2.319219249999999884e+05 -1.213029000000000046e+01
2.319220000000000000e+05 -1.209120000000000061e+01
2.319220750000000116e+05 -1.113618999999999915e+01
2.319221499999999942e+05 -1.245327999999999946e+01
2.319222250000000058e+05 -1.157324000000000019e+01
2.319222999999999884e+05 -1.110136999999999929e+01
2.319223750000000000e+05 -1.105729000000000006e+01
2.319224500000000116e+05 -1.048949999999999960e+01
2.319225249999999942e+05 -9.800451000000000690e+00
2.319226000000000058e+05 -9.771777999999999409e+00
2.319226749999999884e+05 -9.832689000000000235e+00
2.319227500000000000e+05 -8.681886000000000436e+00
2.319228250000000116e+05 -8.183837999999999724e+00
2.319228999999999942e+05 -7.951779000000000153e+00
2.319229750000000058e+05 -7.334855000000000125e+00
2.319230499999999884e+05 -7.123732000000000397e+00
2.319231250000000000e+05 -6.414511000000000074e+00
2.319232000000000116e+05 -6.344826000000000299e+00
2.319232749999999942e+05 -5.449091000000000129e+00
2.319233500000000058e+05 -5.236126999999999754e+00
2.319234249999999884e+05 -4.096137999999999835e+00
2.319235000000000000e+05 -3.837289999999999868e+00
2.319235750000000116e+05 -3.286413000000000029e+00
2.319236499999999942e+05 -2.692365000000000119e+00
2.319237250000000058e+05 -1.901535999999999893e+00
2.319237999999999884e+05 -1.587792000000000092e+00
2.319238750000000000e+05 -8.144884999999999486e-01
2.319239500000000116e+05 -6.831241000000000049e-03
2.319240249999999942e+05 1.885614999999999930e-01
2.319241000000000058e+05 7.778190999999999855e-01
2.319241749999999884e+05 1.171367000000000047e+00
2.319242500000000000e+05 1.369351999999999903e+00
2.319243250000000116e+05 1.720294999999999908e+00
2.319243999999999942e+05 1.836802000000000046e+00
2.319244750000000058e+05 1.858371999999999913e+00
2.319245499999999884e+05 1.704534999999999911e+00
2.319246250000000000e+05 1.469875000000000043e+00
2.319247000000000116e+05 9.561091999999999924e-01
2.319247749999999942e+05 3.074115000000000042e-01
2.319248500000000058e+05 -2.171144999999999881e-01
2.319249249999999884e+05 -1.042817000000000105e+00
2.319250000000000000e+05 -1.787014000000000102e+00
2.319250750000000116e+05 -2.494731999999999950e+00
2.319251499999999942e+05 -2.810254000000000030e+00
2.319252250000000058e+05 -2.765661999999999843e+00
2.319252999999999884e+05 -2.417428000000000132e+00
2.319253750000000000e+05 -2.170964000000000116e+00
2.319254500000000116e+05 -2.093469999999999942e+00
2.319255249999999942e+05 -2.321854000000000084e+00
2.319256000000000058e+05 -2.723100000000000076e+00
2.319256749999999884e+05 -3.393782999999999994e+00
2.319257500000000000e+05 -4.266236000000000139e+00
2.319258250000000116e+05 -4.664169000000000231e+00
2.319258999999999942e+05 -4.405956999999999901e+00
2.319259750000000058e+05 -4.699144999999999683e+00
2.319260499999999884e+05 -4.124512000000000178e+00
2.319261250000000000e+05 -4.680808999999999997e+00
2.319262000000000116e+05 -5.264184000000000196e+00
2.319262749999999942e+05 -5.575604000000000227e+00
2.319263500000000058e+05 -6.388971999999999873e+00
2.319264249999999884e+05 -6.672302000000000177e+00
2.319265000000000000e+05 -6.166875000000000107e+00
2.319265750000000116e+05 -6.022977000000000025e+00
2.319266499999999942e+05 -6.013193000000000232e+00
2.319267250000000058e+05 -6.806561999999999557e+00
2.319267999999999884e+05 -8.195031000000000176e+00
2.319268750000000000e+05 -7.915060999999999680e+00
2.319269500000000116e+05 -7.556173000000000251e+00
2.319270249999999942e+05 -7.765958000000000361e+00
2.319271000000000058e+05 -8.416672999999999405e+00
2.319271749999999884e+05 -8.372052999999999301e+00
2.319272500000000000e+05 -8.289694000000000784e+00
2.319273250000000116e+05 -8.687184000000000239e+00
2.319273999999999942e+05 -9.662936000000000192e+00
2.319274750000000058e+05 -9.556024999999999991e+00
2.319275499999999884e+05 -9.547506000000000270e+00
2.319276250000000000e+05 -1.068135999999999974e+01
2.319277000000000116e+05 -1.123982999999999954e+01
2.319277749999999942e+05 -1.030532999999999966e+01
2.319278500000000058e+05 -9.921913999999999234e+00
2.319279249999999884e+05 -1.139694000000000074e+01
2.319280000000000000e+05 -1.294530999999999921e+01
2.319280750000000116e+05 -1.089621999999999957e+01
2.319281499999999942e+05 -1.210662999999999911e+01
2.319282250000000058e+05 -1.334454999999999991e+01
2.319282999999999884e+05 -1.239184000000000019e+01
2.319283750000000000e+05 -1.203345000000000020e+01
2.319284500000000116e+05 -1.170401999999999987e+01
2.319285249999999942e+05 -1.441045000000000087e+01
2.319286000000000058e+05 -1.309496000000000038e+01
2.319286749999999884e+05 -1.159519000000000055e+01
2.319287500000000000e+05 -1.602674999999999983e+01
2.319288250000000116e+05 -1.626557999999999993e+01
2.319288999999999942e+05 -1.306770000000000032e+01
2.319289750000000058e+05 -1.395309999999999917e+01
2.319290499999999884e+05 -1.810690999999999917e+01
2.319291250000000000e+05 -1.518802999999999948e+01
2.319292000000000116e+05 -1.498084000000000060e+01
2.319292749999999942e+05 -2.029091999999999985e+01
2.319293500000000058e+05 -1.324269999999999925e+01
2.319294249999999884e+05 -1.403595999999999933e+01
2.319295000000000000e+05 -1.936449999999999960e+01
2.319295750000000116e+05 -1.613231999999999999e+01
2.319296499999999942e+05 -1.651733000000000118e+01
2.319297250000000058e+05 -2.201659000000000077e+01
2.319297999999999884e+05 -1.515976000000000035e+01
2.319298750000000000e+05 -1.798464999999999847e+01
2.319299500000000116e+05 -2.099986000000000175e+01
2.319300249999999942e+05 -1.476711000000000062e+01
2.319301000000000058e+05 -1.978396000000000043e+01
2.319301749999999884e+05 -1.886703999999999937e+01
2.319302500000000000e+05 -1.715080000000000027e+01
2.319303250000000116e+05 -2.581871999999999900e+01
2.319303999999999942e+05 -1.705855999999999995e+01
2.319304750000000058e+05 -1.873901000000000039e+01
2.319305499999999884e+05 -1.934741000000000000e+01
2.319306250000000000e+05 -1.544472000000000023e+01
2.319307000000000116e+05 -2.675988999999999862e+01
2.319307749999999942e+05 -2.061970000000000169e+01
2.319308500000000058e+05 -1.856024999999999991e+01
2.319309249999999884e+05 -2.309609999999999985e+01
2.319310000000000000e+05 -2.003046000000000149e+01
2.319310750000000116e+05 -3.297923999999999722e+01
2.319311499999999942e+05 -1.760171000000000063e+01
2.319312250000000058e+05 -3.753576999999999941e+01
2.319312999999999884e+05 -1.912818000000000040e+01
2.319313750000000000e+05 -2.138611999999999824e+01
2.319314500000000116e+05 -2.032979999999999876e+01
2.319315249999999942e+05 -2.404702999999999946e+01
2.319316000000000058e+05 -2.361013000000000162e+01
2.319316749999999884e+05 -2.145621999999999829e+01
2.319317500000000000e+05 -2.963239000000000090e+01
2.319318250000000116e+05 -1.955389999999999873e+01
2.319318999999999942e+05 -3.033531999999999940e+01
2.319319750000000058e+05 -2.175205000000000055e+01
2.319320499999999884e+05 -3.336283000000000243e+01
2.319321250000000000e+05 -1.941009000000000029e+01
2.319322000000000116e+05 -3.079563999999999879e+01
2.319322749999999942e+05 -2.075485000000000113e+01
2.319323500000000058e+05 -4.871103000000000094e+01
2.319324249999999884e+05 -2.053990999999999900e+01
2.319325000000000000e+05 -4.009662000000000148e+01
2.319325750000000116e+05 -2.231569000000000003e+01
2.319326499999999942e+05 -4.536366999999999905e+01
2.319327250000000058e+05 -2.191779000000000011e+01
2.319327999999999884e+05 -2.566356999999999999e+01
2.319328750000000000e+05 -2.080113000000000056e+01
2.319329500000000116e+05 -2.802975999999999956e+01
2.319330249999999942e+05 -2.203839999999999932e+01
2.319331000000000058e+05 -2.012518999999999991e+01
2.319331749999999884e+05 -3.112424000000000035e+01
2.319332500000000000e+05 -2.107539999999999836e+01
2.319333250000000116e+05 -3.247241000000000355e+01
2.319333999999999942e+05 -2.062715000000000032e+01
2.319334750000000058e+05 -4.439215999999999696e+01
2.319335499999999884e+05 -2.030401000000000167e+01
2.319336250000000000e+05 -2.521227999999999980e+01
2.319337000000000116e+05 -2.428040999999999983e+01
2.319337749999999942e+05 -2.328995000000000104e+01
2.319338500000000058e+05 -3.791096999999999895e+01
2.319339249999999884e+05 -2.263873999999999853e+01
2.319340000000000000e+05 -2.465859000000000023e+01
2.319340750000000116e+05 -2.425997999999999877e+01
2.319341499999999942e+05 -1.899092999999999876e+01
2.319342250000000058e+05 -2.579325000000000045e+01
2.319342999999999884e+05 -2.317113000000000156e+01
2.319343750000000000e+05 -2.166869000000000156e+01
2.319344500000000116e+05 -5.325435000000000230e+01
2.319345249999999942e+05 -2.321784999999999854e+01
2.319346000000000058e+05 -2.549761000000000166e+01
2.319346749999999884e+05 -2.186880000000000024e+01
2.319347500000000000e+05 -2.268099000000000132e+01
2.319348250000000116e+05 -2.942201000000000022e+01
2.319348999999999942e+05 -2.520555999999999841e+01
2.319349750000000058e+05 -2.207629999999999981e+01
2.319350499999999884e+05 -2.473740000000000094e+01
2.319351250000000000e+05 -2.468025000000000091e+01
2.319352000000000116e+05 -2.447746000000000066e+01
2.319352749999999942e+05 -2.565604000000000084e+01
2.319353500000000058e+05 -2.224812999999999974e+01
2.319354249999999884e+05 -2.113688000000000144e+01
2.319355000000000000e+05 -2.635611000000000104e+01
2.319355750000000116e+05 -3.010895000000000010e+01
2.319356499999999942e+05 -2.315671000000000035e+01
2.319357250000000058e+05 -2.253143000000000029e+01
2.319357999999999884e+05 -2.521330000000000027e+01
2.319358750000000000e+05 -2.755877999999999872e+01
2.319359500000000116e+05 -2.156325999999999965e+01
2.319360249999999942e+05 -2.681850000000000023e+01
2.319361000000000058e+05 -2.740233999999999881e+01
2.319361749999999884e+05 -2.469534000000000162e+01
2.319362500000000000e+05 -3.606723000000000212e+01
2.319363250000000116e+05 -2.354026999999999958e+01
2.319363999999999942e+05 -2.336388000000000176e+01
2.319364750000000058e+05 -2.252252000000000010e+01
2.319365499999999884e+05 -2.584727000000000174e+01
2.319366250000000000e+05 -2.435386000000000095e+01
2.319367000000000116e+05 -2.017856000000000094e+01
2.319367749999999942e+05 -2.279385999999999868e+01
2.319368500000000058e+05 -3.013623000000000118e+01
2.319369249999999884e+05 -2.221346000000000132e+01
2.319370000000000000e+05 -2.525501999999999825e+01
2.319370750000000116e+05 -2.569976000000000127e+01
2.319371499999999942e+05 -2.691433999999999926e+01
2.319372250000000058e+05 -2.278772999999999982e+01
2.319372999999999884e+05 -2.560367000000000104e+01
2.319373750000000000e+05 -2.312443999999999988e+01
2.319374500000000116e+05 -2.386799999999999855e+01
2.319375249999999942e+05 -2.286539000000000144e+01
2.319376000000000058e+05 -2.518872000000000000e+01
2.319376749999999884e+05 -2.576188000000000144e+01
2.319377500000000000e+05 -2.700970999999999833e+01
2.319378250000000116e+05 -2.142481000000000080e+01
2.319378999999999942e+05 -2.851376000000000133e+01
2.319379750000000058e+05 -2.837873000000000090e+01
2.319380499999999884e+05 -2.126332000000000022e+01
2.319381250000000000e+05 -2.923278000000000176e+01
2.319382000000000116e+05 -2.340805999999999898e+01
2.319382749999999942e+05 -2.784479999999999933e+01
2.319383500000000058e+05 -2.049076000000000164e+01
2.319384249999999884e+05 -1.945338999999999885e+01
2.319385000000000000e+05 -2.265840999999999994e+01
2.319385750000000116e+05 -2.547641000000000133e+01
2.319386499999999942e+05 -2.851417999999999964e+01
2.319387250000000058e+05 -2.781779999999999831e+01
2.319387999999999884e+05 -2.405183999999999855e+01
2.319388750000000000e+05 -2.319904999999999973e+01
2.319389500000000116e+05 -2.273583999999999961e+01
2.319390249999999942e+05 -2.031018999999999863e+01
2.319391000000000058e+05 -2.189994000000000085e+01
2.319391749999999884e+05 -2.631450999999999851e+01
2.319392500000000000e+05 -2.447485999999999962e+01
