# Temperature: None K
2.317966749999999884e+05 -2.241949999999999932e+01
2.317967500000000000e+05 -2.383755999999999986e+01
2.317968249999999825e+05 -1.941604999999999848e+01
2.317968999999999942e+05 -1.740849000000000046e+01
2.317969749999999767e+05 -1.604241999999999990e+01
2.317970499999999884e+05 -1.967923000000000044e+01
2.317971250000000000e+05 -2.503985000000000127e+01
2.317971999999999825e+05 -2.002297000000000082e+01
2.317972749999999942e+05 -1.645637999999999934e+01
2.317973499999999767e+05 -1.662809999999999988e+01
2.317974249999999884e+05 -2.080463999999999913e+01
2.317975000000000000e+05 -2.136739000000000033e+01
2.317975749999999825e+05 -1.952254999999999896e+01
2.317976499999999942e+05 -2.010855000000000103e+01
2.317977249999999767e+05 -1.896161000000000030e+01
2.317977999999999884e+05 -2.388789999999999836e+01
2.317978750000000000e+05 -1.915619999999999834e+01
2.317979499999999825e+05 -1.577710000000000079e+01
2.317980249999999942e+05 -1.844416000000000011e+01
2.317980999999999767e+05 -2.202738000000000085e+01
2.317981749999999884e+05 -2.087477000000000160e+01
2.317982500000000000e+05 -1.777406999999999826e+01
2.317983249999999825e+05 -1.850878000000000156e+01
2.317983999999999942e+05 -2.257551000000000130e+01
2.317984749999999767e+05 -1.815715000000000146e+01
2.317985499999999884e+05 -1.930872000000000099e+01
2.317986250000000000e+05 -2.245536999999999850e+01
2.317986999999999825e+05 -2.029484000000000066e+01
2.317987749999999942e+05 -1.946963999999999828e+01
2.317988499999999767e+05 -1.996432000000000073e+01
2.317989249999999884e+05 -2.140560999999999936e+01
2.317990000000000000e+05 -1.931070000000000064e+01
2.317990749999999825e+05 -1.932507000000000019e+01
2.317991499999999942e+05 -2.123451999999999984e+01
2.317992249999999767e+05 -1.876673999999999864e+01
2.317992999999999884e+05 -1.824198000000000164e+01
2.317993750000000000e+05 -2.469501999999999953e+01
2.317994499999999825e+05 -2.050789999999999935e+01
2.317995249999999942e+05 -1.830367000000000033e+01
2.317995999999999767e+05 -2.021433000000000035e+01
2.317996749999999884e+05 -1.997127000000000052e+01
2.317997500000000000e+05 -1.922389000000000081e+01
2.317998249999999825e+05 -1.992075000000000173e+01
2.317998999999999942e+05 -2.128519999999999968e+01
2.317999749999999767e+05 -2.250311999999999912e+01
2.318000499999999884e+05 -1.857920999999999978e+01
2.318001250000000000e+05 -1.828205000000000169e+01
2.318001999999999825e+05 -1.983303000000000083e+01
2.318002749999999942e+05 -2.243770999999999916e+01
2.318003499999999767e+05 -1.740823999999999927e+01
2.318004249999999884e+05 -1.773070999999999842e+01
2.318005000000000000e+05 -1.910286999999999935e+01
2.318005749999999825e+05 -1.743633000000000166e+01
2.318006499999999942e+05 -1.908248999999999995e+01
2.318007249999999767e+05 -1.912558999999999898e+01
2.318007999999999884e+05 -1.797663000000000011e+01
2.318008750000000000e+05 -2.125123999999999924e+01
2.318009499999999825e+05 -1.710160000000000124e+01
2.318010249999999942e+05 -1.823147000000000162e+01
2.318010999999999767e+05 -1.748977000000000004e+01
2.318011749999999884e+05 -2.026796999999999827e+01
2.318012500000000000e+05 -1.893817999999999913e+01
2.318013249999999825e+05 -1.874236000000000146e+01
2.318013999999999942e+05 -1.695444000000000173e+01
2.318014749999999767e+05 -1.763486999999999938e+01
2.318015499999999884e+05 -1.917292000000000129e+01
2.318016250000000000e+05 -2.060998999999999981e+01
2.318016999999999825e+05 -2.337225000000000108e+01
2.318017749999999942e+05 -1.912916999999999845e+01
2.318018499999999767e+05 -1.797043999999999997e+01
2.318019249999999884e+05 -1.799499000000000137e+01
2.318020000000000000e+05 -2.061361000000000132e+01
2.318020749999999825e+05 -1.974275000000000091e+01
2.318021499999999942e+05 -2.028632999999999953e+01
2.318022249999999767e+05 -2.090853999999999857e+01
2.318022999999999884e+05 -1.813528000000000162e+01
2.318023750000000000e+05 -1.990043000000000006e+01
2.318024499999999825e+05 -1.928154999999999930e+01
2.318025249999999942e+05 -1.818669999999999831e+01
2.318025999999999767e+05 -1.764424999999999955e+01
2.318026749999999884e+05 -1.837621000000000038e+01
2.318027500000000000e+05 -1.935886999999999958e+01
2.318028249999999825e+05 -1.679532999999999987e+01
2.318028999999999942e+05 -1.866142999999999930e+01
2.318029749999999767e+05 -1.644495999999999825e+01
2.318030499999999884e+05 -1.935331000000000046e+01
2.318031250000000000e+05 -1.756364999999999910e+01
2.318031999999999825e+05 -1.914382000000000161e+01
2.318032749999999942e+05 -1.955523000000000167e+01
2.318033499999999767e+05 -1.751359000000000066e+01
2.318034249999999884e+05 -1.792771000000000114e+01
2.318035000000000000e+05 -1.702271000000000001e+01
2.318035749999999825e+05 -1.818236999999999881e+01
2.318036499999999942e+05 -1.862228999999999957e+01
2.318037249999999767e+05 -1.818371000000000137e+01
2.318037999999999884e+05 -1.874525999999999826e+01
2.318038750000000000e+05 -1.848621999999999943e+01
2.318039499999999825e+05 -1.884818999999999889e+01
2.318040249999999942e+05 -1.780996999999999986e+01
2.318040999999999767e+05 -1.527685999999999922e+01
2.318041749999999884e+05 -1.758939000000000163e+01
2.318042500000000000e+05 -1.912998999999999938e+01
2.318043249999999825e+05 -1.878044999999999831e+01
2.318043999999999942e+05 -1.601181000000000054e+01
2.318044749999999767e+05 -1.748994000000000071e+01
2.318045499999999884e+05 -1.799774000000000029e+01
2.318046250000000000e+05 -1.684637999999999991e+01
2.318046999999999825e+05 -1.785124000000000066e+01
2.318047749999999942e+05 -1.773035000000000139e+01
2.318048499999999767e+05 -1.763244999999999862e+01
2.318049249999999884e+05 -1.848483999999999838e+01
2.318050000000000000e+05 -1.747964999999999947e+01
2.318050749999999825e+05 -1.722363000000000000e+01
2.318051499999999942e+05 -1.627334000000000103e+01
2.318052249999999767e+05 -1.661736000000000146e+01
2.318052999999999884e+05 -1.710324999999999918e+01
2.318053750000000000e+05 -1.685052999999999912e+01
2.318054499999999825e+05 -1.627188999999999908e+01
2.318055249999999942e+05 -1.740060000000000073e+01
2.318055999999999767e+05 -1.633798000000000172e+01
2.318056749999999884e+05 -1.918607000000000085e+01
2.318057500000000000e+05 -1.785253000000000156e+01
2.318058249999999825e+05 -1.531072999999999951e+01
2.318058999999999942e+05 -1.807477000000000089e+01
2.318059749999999767e+05 -1.655750000000000099e+01
2.318060499999999884e+05 -1.616421000000000063e+01
2.318061250000000000e+05 -1.653797000000000139e+01
2.318061999999999825e+05 -1.684706999999999866e+01
2.318062749999999942e+05 -1.875694000000000017e+01
2.318063499999999767e+05 -1.895066999999999879e+01
2.318064249999999884e+05 -1.844231999999999871e+01
2.318065000000000000e+05 -1.834468000000000032e+01
2.318065749999999825e+05 -1.844428999999999874e+01
2.318066499999999942e+05 -1.797328999999999866e+01
2.318067249999999767e+05 -1.852384999999999948e+01
2.318067999999999884e+05 -1.676829999999999998e+01
2.318068750000000000e+05 -1.680838999999999928e+01
2.318069499999999825e+05 -1.574904000000000082e+01
2.318070249999999942e+05 -1.833644999999999925e+01
2.318070999999999767e+05 -1.718037999999999954e+01
2.318071749999999884e+05 -1.702348999999999890e+01
2.318072500000000000e+05 -1.593861000000000061e+01
2.318073249999999825e+05 -1.509886000000000017e+01
2.318073999999999942e+05 -1.747616000000000014e+01
2.318074749999999767e+05 -1.474611999999999945e+01
2.318075499999999884e+05 -1.525258000000000003e+01
2.318076250000000000e+05 -1.587992999999999988e+01
2.318076999999999825e+05 -1.585811999999999955e+01
2.318077749999999942e+05 -1.496138999999999974e+01
2.318078499999999767e+05 -1.418726999999999983e+01
2.318079249999999884e+05 -1.531498000000000026e+01
2.318080000000000000e+05 -1.544140999999999941e+01
2.318080749999999825e+05 -1.503755999999999915e+01
2.318081499999999942e+05 -1.432347999999999999e+01
2.318082249999999767e+05 -1.648639000000000010e+01
2.318082999999999884e+05 -1.494384999999999941e+01
2.318083750000000000e+05 -1.392761999999999922e+01
2.318084499999999825e+05 -1.358205000000000062e+01
2.318085249999999942e+05 -1.352047999999999917e+01
2.318085999999999767e+05 -1.577452000000000076e+01
2.318086749999999884e+05 -1.383341000000000065e+01
2.318087500000000000e+05 -1.566098000000000035e+01
2.318088249999999825e+05 -1.305270999999999937e+01
2.318088999999999942e+05 -1.327388000000000012e+01
2.318089749999999767e+05 -1.266691999999999929e+01
2.318090499999999884e+05 -1.271775000000000055e+01
2.318091250000000000e+05 -1.291698000000000057e+01
2.318091999999999825e+05 -1.288713000000000086e+01
2.318092749999999942e+05 -1.195294999999999952e+01
2.318093499999999767e+05 -1.218562999999999974e+01
2.318094249999999884e+05 -1.076205000000000034e+01
2.318095000000000000e+05 -1.064539000000000080e+01
2.318095749999999825e+05 -1.161899000000000015e+01
2.318096499999999942e+05 -1.027250000000000085e+01
2.318097249999999767e+05 -9.594716000000000022e+00
2.318097999999999884e+05 -1.080118000000000045e+01
2.318098750000000000e+05 -9.139843000000000828e+00
2.318099499999999825e+05 -9.502437999999999718e+00
2.318100249999999942e+05 -9.247151000000000565e+00
2.318100999999999767e+05 -8.323710999999999416e+00
2.318101749999999884e+05 -7.292946999999999846e+00
2.318102500000000000e+05 -7.931354999999999933e+00
2.318103249999999825e+05 -7.283267999999999631e+00
2.318103999999999942e+05 -5.791501000000000232e+00
2.318104749999999767e+05 -5.954992999999999981e+00
2.318105499999999884e+05 -5.306136000000000408e+00
2.318106250000000000e+05 -4.903063000000000393e+00
2.318106999999999825e+05 -3.951852999999999838e+00
2.318107749999999942e+05 -3.218853000000000186e+00
2.318108499999999767e+05 -3.002727000000000146e+00
2.318109249999999884e+05 -2.381151000000000018e+00
2.318110000000000000e+05 -1.885629999999999917e+00
2.318110749999999825e+05 -1.257141000000000064e+00
2.318111499999999942e+05 -4.997910999999999881e-01
2.318112249999999767e+05 3.679795000000000288e-02
2.318112999999999884e+05 2.867340999999999918e-01
2.318113750000000000e+05 1.229703999999999908e+00
2.318114499999999825e+05 1.385172999999999988e+00
2.318115249999999942e+05 1.556896999999999975e+00
2.318115999999999767e+05 1.725813999999999959e+00
2.318116749999999884e+05 1.898732000000000086e+00
2.318117500000000000e+05 1.718779999999999974e+00
2.318118249999999825e+05 1.547983000000000109e+00
2.318118999999999942e+05 1.112398999999999916e+00
2.318119749999999767e+05 7.567418000000000200e-01
2.318120499999999884e+05 1.329980000000000051e-01
2.318121250000000000e+05 -6.403199000000000529e-01
2.318121999999999825e+05 -1.769552999999999932e+00
2.318122749999999942e+05 -2.326518000000000086e+00
2.318123499999999767e+05 -3.247457999999999956e+00
2.318124249999999884e+05 -3.021126000000000200e+00
2.318125000000000000e+05 -2.970226999999999951e+00
2.318125749999999825e+05 -2.630163000000000029e+00
2.318126499999999942e+05 -2.136868999999999907e+00
2.318127249999999767e+05 -1.918206000000000078e+00
2.318127999999999884e+05 -2.452120999999999995e+00
2.318128750000000000e+05 -3.341228000000000087e+00
2.318129499999999825e+05 -3.894994000000000067e+00
2.318130249999999942e+05 -4.122853000000000101e+00
2.318130999999999767e+05 -4.929643000000000441e+00
2.318131749999999884e+05 -4.387450000000000294e+00
2.318132500000000000e+05 -5.033864999999999590e+00
2.318133249999999825e+05 -4.496574999999999989e+00
2.318133999999999942e+05 -4.850118000000000151e+00
2.318134749999999767e+05 -5.226842999999999684e+00
2.318135499999999884e+05 -6.192370999999999626e+00
2.318136250000000000e+05 -6.271975000000000300e+00
2.318136999999999825e+05 -6.675082999999999878e+00
2.318137749999999942e+05 -6.164297000000000359e+00
2.318138499999999767e+05 -6.421564000000000050e+00
2.318139249999999884e+05 -6.979173000000000293e+00
2.318140000000000000e+05 -7.725444000000000422e+00
2.318140749999999825e+05 -8.009458999999999662e+00
2.318141499999999942e+05 -7.770681999999999867e+00
2.318142249999999767e+05 -8.078939999999999344e+00
2.318142999999999884e+05 -8.274067000000000505e+00
2.318143750000000000e+05 -8.931008999999999531e+00
2.318144499999999825e+05 -8.840351999999999322e+00
2.318145249999999942e+05 -9.129229000000000482e+00
2.318145999999999767e+05 -9.199545999999999779e+00
2.318146749999999884e+05 -9.392393999999999465e+00
2.318147500000000000e+05 -1.004851000000000028e+01
2.318148249999999825e+05 -9.534300999999999249e+00
2.318148999999999942e+05 -1.183464999999999989e+01
2.318149749999999767e+05 -1.007811000000000057e+01
2.318150499999999884e+05 -1.178636000000000017e+01
2.318151250000000000e+05 -1.118119000000000085e+01
2.318151999999999825e+05 -1.226778999999999975e+01
2.318152749999999942e+05 -1.179828999999999972e+01
2.318153499999999767e+05 -1.098994000000000071e+01
2.318154249999999884e+05 -1.173875999999999920e+01
2.318155000000000000e+05 -1.316563999999999979e+01
2.318155749999999825e+05 -1.293727999999999945e+01
2.318156499999999942e+05 -1.251840999999999937e+01
2.318157249999999767e+05 -1.399160000000000004e+01
2.318157999999999884e+05 -1.332376999999999967e+01
2.318158750000000000e+05 -1.297607999999999961e+01
2.318159499999999825e+05 -1.423775999999999975e+01
2.318160249999999942e+05 -1.424492000000000047e+01
2.318160999999999767e+05 -1.446094000000000079e+01
2.318161749999999884e+05 -1.220580999999999960e+01
2.318162500000000000e+05 -1.604688000000000159e+01
2.318163249999999825e+05 -1.636846999999999852e+01
2.318163999999999942e+05 -1.339222999999999963e+01
2.318164749999999767e+05 -1.601446999999999932e+01
2.318165499999999884e+05 -1.621227999999999980e+01
2.318166250000000000e+05 -1.492422999999999966e+01
2.318166999999999825e+05 -1.748768000000000100e+01
2.318167749999999942e+05 -1.760470000000000113e+01
2.318168499999999767e+05 -1.391789999999999949e+01
2.318169249999999884e+05 -1.835633999999999943e+01
2.318170000000000000e+05 -1.619010000000000105e+01
2.318170749999999825e+05 -1.637009000000000114e+01
2.318171499999999942e+05 -2.042710999999999899e+01
2.318172249999999767e+05 -2.012590000000000146e+01
2.318172999999999884e+05 -1.621026000000000167e+01
2.318173750000000000e+05 -2.251069000000000031e+01
2.318174499999999825e+05 -1.647345999999999933e+01
2.318175249999999942e+05 -1.887956000000000145e+01
2.318175999999999767e+05 -2.140062999999999960e+01
2.318176749999999884e+05 -1.744303999999999988e+01
2.318177500000000000e+05 -2.520732999999999890e+01
2.318178249999999825e+05 -1.711527999999999849e+01
2.318178999999999942e+05 -2.156188999999999822e+01
2.318179749999999767e+05 -1.984346999999999994e+01
2.318180499999999884e+05 -2.051293000000000077e+01
2.318181250000000000e+05 -2.855144999999999911e+01
2.318181999999999825e+05 -1.787193999999999861e+01
2.318182749999999942e+05 -2.796330000000000027e+01
2.318183499999999767e+05 -2.197497999999999863e+01
2.318184249999999884e+05 -2.102315000000000111e+01
2.318185000000000000e+05 -2.386343000000000103e+01
2.318185749999999825e+05 -1.894760000000000133e+01
2.318186499999999942e+05 -3.023907000000000167e+01
2.318187249999999767e+05 -1.811396999999999835e+01
2.318187999999999884e+05 -3.504744000000000170e+01
2.318188750000000000e+05 -2.150715999999999894e+01
2.318189499999999825e+05 -2.790888999999999953e+01
2.318190249999999942e+05 -2.150765000000000171e+01
2.318190999999999767e+05 -2.166647000000000034e+01
2.318191749999999884e+05 -2.139949999999999974e+01
2.318192500000000000e+05 -2.163145000000000095e+01
2.318193249999999825e+05 -2.587244000000000099e+01
2.318193999999999942e+05 -2.147967999999999833e+01
2.318194749999999767e+05 -2.471921999999999997e+01
2.318195499999999884e+05 -2.583079999999999998e+01
2.318196250000000000e+05 -2.202886000000000166e+01
2.318196999999999825e+05 -2.322085999999999828e+01
2.318197749999999942e+05 -2.353826000000000107e+01
2.318198499999999767e+05 -2.163816999999999879e+01
2.318199249999999884e+05 -2.162576999999999927e+01
2.318200000000000000e+05 -2.725847999999999871e+01
2.318200749999999825e+05 -2.293288000000000082e+01
2.318201499999999942e+05 -2.562582000000000093e+01
2.318202249999999767e+05 -1.900148000000000081e+01
2.318202999999999884e+05 -3.908908999999999878e+01
2.318203750000000000e+05 -2.338057999999999836e+01
2.318204499999999825e+05 -2.632852000000000103e+01
2.318205249999999942e+05 -2.078407999999999944e+01
2.318205999999999767e+05 -2.786437000000000097e+01
2.318206749999999884e+05 -2.359463999999999828e+01
2.318207500000000000e+05 -2.340359000000000123e+01
2.318208249999999825e+05 -2.721839999999999904e+01
2.318208999999999942e+05 -1.974820000000000064e+01
2.318209749999999767e+05 -2.865346999999999866e+01
2.318210499999999884e+05 -2.403654999999999831e+01
2.318211250000000000e+05 -2.427277000000000129e+01
2.318211999999999825e+05 -2.418978999999999857e+01
2.318212749999999942e+05 -1.938019999999999854e+01
2.318213499999999767e+05 -2.390352999999999994e+01
2.318214249999999884e+05 -2.316608000000000089e+01
2.318215000000000000e+05 -2.392824999999999847e+01
2.318215749999999825e+05 -2.494956000000000174e+01
2.318216499999999942e+05 -2.057852000000000103e+01
2.318217249999999767e+05 -2.900694999999999979e+01
2.318217999999999884e+05 -2.343999000000000166e+01
2.318218750000000000e+05 -2.581263999999999825e+01
2.318219499999999825e+05 -2.940808000000000177e+01
2.318220249999999942e+05 -2.370774000000000115e+01
2.318220999999999767e+05 -2.500637000000000043e+01
2.318221749999999884e+05 -2.471437999999999846e+01
2.318222500000000000e+05 -2.038984999999999914e+01
2.318223249999999825e+05 -2.390904000000000096e+01
2.318223999999999942e+05 -2.922819000000000145e+01
2.318224749999999767e+05 -2.351720999999999862e+01
2.318225499999999884e+05 -2.926050000000000040e+01
2.318226250000000000e+05 -2.726932000000000045e+01
2.318226999999999825e+05 -2.504222999999999999e+01
2.318227749999999942e+05 -2.234288000000000096e+01
2.318228499999999767e+05 -2.680762000000000000e+01
2.318229249999999884e+05 -2.975470999999999933e+01
2.318230000000000000e+05 -2.401764000000000010e+01
2.318230749999999825e+05 -3.024110999999999905e+01
2.318231499999999942e+05 -2.303652999999999906e+01
2.318232249999999767e+05 -2.473289000000000115e+01
2.318232999999999884e+05 -2.610856000000000066e+01
2.318233750000000000e+05 -2.596378999999999948e+01
2.318234499999999825e+05 -2.438544999999999874e+01
2.318235249999999942e+05 -2.196010000000000062e+01
2.318235999999999767e+05 -2.320860000000000056e+01
2.318236749999999884e+05 -2.850271000000000043e+01
2.318237500000000000e+05 -2.287167000000000172e+01
2.318238249999999825e+05 -1.982678999999999903e+01
2.318238999999999942e+05 -2.362717999999999918e+01
2.318239749999999767e+05 -2.373537999999999926e+01
2.318240499999999884e+05 -2.528965000000000174e+01
2.318241250000000000e+05 -2.275915000000000177e+01
2.318241999999999825e+05 -2.247801000000000116e+01
2.318242749999999942e+05 -3.218518000000000256e+01
2.318243499999999767e+05 -1.987602000000000046e+01
2.318244249999999884e+05 -2.668751999999999924e+01
2.318245000000000000e+05 -1.873463999999999885e+01
2.318245749999999825e+05 -2.477655000000000030e+01
2.318246499999999942e+05 -2.405840999999999852e+01
2.318247249999999767e+05 -2.546013999999999911e+01
2.318247999999999884e+05 -2.446874000000000038e+01
2.318248750000000000e+05 -2.263778999999999897e+01
2.318249499999999825e+05 -2.224020000000000152e+01
2.318250249999999942e+05 -2.192927999999999855e+01
2.318250999999999767e+05 -2.650392000000000081e+01
2.318251749999999884e+05 -2.594212999999999880e+01
2.318252500000000000e+05 -2.264601000000000042e+01
2.318253249999999825e+05 -2.264614999999999867e+01
2.318253999999999942e+05 -2.260320000000000107e+01
2.318254749999999767e+05 -2.362887999999999877e+01
2.318255499999999884e+05 -2.307554000000000016e+01
2.318256250000000000e+05 -2.257751999999999981e+01
2.318256999999999825e+05 -2.325011999999999901e+01
2.318257749999999942e+05 -2.256243999999999872e+01
2.318258499999999767e+05 -2.253213999999999828e+01
2.318259249999999884e+05 -2.388838000000000150e+01
2.318260000000000000e+05 -2.079045999999999950e+01
2.318260749999999825e+05 -2.364427999999999841e+01
2.318261499999999942e+05 -2.331481000000000137e+01
2.318262249999999767e+05 -2.708145999999999987e+01
2.318262999999999884e+05 -2.595006000000000057e+01
2.318263750000000000e+05 -2.831556000000000139e+01
2.318264499999999825e+05 -2.670111999999999952e+01
2.318265249999999942e+05 -2.241686999999999941e+01
2.318265999999999767e+05 -2.265103999999999829e+01
2.318266749999999884e+05 -2.260565000000000069e+01
