# Temperature: None K
2.317969750000000058e+05 -1.990524999999999878e+01
2.317970500000000175e+05 -2.285208000000000084e+01
2.317971250000000000e+05 -1.938464000000000098e+01
2.317972000000000116e+05 -1.704245999999999839e+01
2.317972749999999942e+05 -1.843422999999999945e+01
2.317973500000000058e+05 -2.054305000000000092e+01
2.317974250000000175e+05 -2.274053999999999931e+01
2.317975000000000000e+05 -2.001631000000000071e+01
2.317975750000000116e+05 -1.797190000000000154e+01
2.317976499999999942e+05 -1.854012000000000171e+01
2.317977250000000058e+05 -1.992522999999999911e+01
2.317978000000000175e+05 -2.430601000000000056e+01
2.317978750000000000e+05 -1.780821999999999861e+01
2.317979500000000116e+05 -2.018039999999999878e+01
2.317980249999999942e+05 -1.844171000000000049e+01
2.317981000000000058e+05 -2.008452000000000126e+01
2.317981750000000175e+05 -2.248507999999999996e+01
2.317982500000000000e+05 -1.961766000000000076e+01
2.317983250000000116e+05 -1.871351999999999904e+01
2.317983999999999942e+05 -2.012466999999999828e+01
2.317984750000000058e+05 -2.005406999999999940e+01
2.317985500000000175e+05 -1.762372999999999834e+01
2.317986250000000000e+05 -1.848712000000000089e+01
2.317987000000000116e+05 -2.175363000000000113e+01
2.317987749999999942e+05 -2.098346000000000089e+01
2.317988500000000058e+05 -2.065778999999999854e+01
2.317989250000000175e+05 -1.792071999999999932e+01
2.317990000000000000e+05 -2.053174999999999883e+01
2.317990750000000116e+05 -1.754628999999999905e+01
2.317991499999999942e+05 -1.941945000000000121e+01
2.317992250000000058e+05 -1.769245000000000090e+01
2.317993000000000175e+05 -2.037282000000000082e+01
2.317993750000000000e+05 -1.998951999999999884e+01
2.317994500000000116e+05 -1.989771000000000001e+01
2.317995249999999942e+05 -2.270719000000000065e+01
2.317996000000000058e+05 -1.829553999999999903e+01
2.317996750000000175e+05 -1.998112000000000066e+01
2.317997500000000000e+05 -1.706242999999999910e+01
2.317998250000000116e+05 -1.948582999999999998e+01
2.317998999999999942e+05 -2.400844000000000023e+01
2.317999750000000058e+05 -2.292323000000000022e+01
2.318000500000000175e+05 -1.995214999999999961e+01
2.318001250000000000e+05 -2.016909000000000063e+01
2.318002000000000116e+05 -1.764405000000000001e+01
2.318002749999999942e+05 -1.715923000000000087e+01
2.318003500000000058e+05 -2.039631999999999934e+01
2.318004250000000175e+05 -1.881991999999999976e+01
2.318005000000000000e+05 -1.821914999999999907e+01
2.318005750000000116e+05 -1.926733000000000118e+01
2.318006499999999942e+05 -1.749013000000000062e+01
2.318007250000000058e+05 -2.170304000000000144e+01
2.318008000000000175e+05 -1.811526999999999887e+01
2.318008750000000000e+05 -1.948736999999999853e+01
2.318009500000000116e+05 -1.850045000000000073e+01
2.318010249999999942e+05 -1.995317999999999969e+01
2.318011000000000058e+05 -2.071774999999999878e+01
2.318011750000000175e+05 -2.159824000000000055e+01
2.318012500000000000e+05 -1.930877999999999872e+01
2.318013250000000116e+05 -1.797976999999999848e+01
2.318013999999999942e+05 -1.905599000000000132e+01
2.318014750000000058e+05 -2.369093000000000160e+01
2.318015500000000175e+05 -2.005268999999999835e+01
2.318016250000000000e+05 -2.074030000000000129e+01
2.318017000000000116e+05 -1.820268000000000086e+01
2.318017749999999942e+05 -1.679877000000000109e+01
2.318018500000000058e+05 -2.051810000000000045e+01
2.318019250000000175e+05 -1.862665000000000148e+01
2.318020000000000000e+05 -1.846124999999999972e+01
2.318020750000000116e+05 -1.726432000000000144e+01
2.318021499999999942e+05 -1.944224000000000174e+01
2.318022250000000058e+05 -1.750541000000000125e+01
2.318023000000000175e+05 -1.919623999999999953e+01
2.318023750000000000e+05 -1.895283999999999835e+01
2.318024500000000116e+05 -1.793716999999999828e+01
2.318025249999999942e+05 -1.877402000000000015e+01
2.318026000000000058e+05 -1.757097999999999871e+01
2.318026750000000175e+05 -1.833443000000000112e+01
2.318027500000000000e+05 -1.879746000000000095e+01
2.318028250000000116e+05 -1.859169999999999945e+01
2.318028999999999942e+05 -1.937434999999999974e+01
2.318029750000000058e+05 -1.959262999999999977e+01
2.318030500000000175e+05 -1.855730000000000146e+01
2.318031250000000000e+05 -1.886775000000000091e+01
2.318032000000000116e+05 -1.745853999999999928e+01
2.318032749999999942e+05 -1.954787999999999926e+01
2.318033500000000058e+05 -1.938923000000000130e+01
2.318034250000000175e+05 -1.851734000000000080e+01
2.318035000000000000e+05 -1.868727000000000160e+01
2.318035750000000116e+05 -1.859735999999999834e+01
2.318036499999999942e+05 -1.828526000000000096e+01
2.318037250000000058e+05 -1.766466000000000136e+01
2.318038000000000175e+05 -1.931071000000000026e+01
2.318038750000000000e+05 -1.905626000000000175e+01
2.318039500000000116e+05 -1.778611000000000075e+01
2.318040249999999942e+05 -1.704241999999999990e+01
2.318041000000000058e+05 -1.918411000000000044e+01
2.318041750000000175e+05 -1.656841000000000008e+01
2.318042500000000000e+05 -1.818442999999999898e+01
2.318043250000000116e+05 -1.728774999999999906e+01
2.318043999999999942e+05 -1.905955000000000155e+01
2.318044750000000058e+05 -1.762348000000000070e+01
2.318045500000000175e+05 -1.798816000000000059e+01
2.318046250000000000e+05 -1.915350000000000108e+01
2.318047000000000116e+05 -1.969416999999999973e+01
2.318047749999999942e+05 -1.828631999999999991e+01
2.318048500000000058e+05 -1.762512999999999863e+01
2.318049250000000175e+05 -1.737033999999999878e+01
2.318050000000000000e+05 -1.585360000000000014e+01
2.318050750000000116e+05 -1.914632999999999896e+01
2.318051499999999942e+05 -1.894726999999999961e+01
2.318052250000000058e+05 -1.856884000000000157e+01
2.318053000000000175e+05 -1.841991000000000156e+01
2.318053750000000000e+05 -1.615217000000000169e+01
2.318054500000000116e+05 -1.692180000000000106e+01
2.318055249999999942e+05 -2.021718999999999866e+01
2.318056000000000058e+05 -1.810633999999999943e+01
2.318056750000000175e+05 -1.725860000000000127e+01
2.318057500000000000e+05 -1.739936000000000149e+01
2.318058250000000116e+05 -1.731887000000000043e+01
2.318058999999999942e+05 -1.842126000000000019e+01
2.318059750000000058e+05 -1.660751000000000133e+01
2.318060500000000175e+05 -1.658405000000000129e+01
2.318061250000000000e+05 -1.776822999999999908e+01
2.318062000000000116e+05 -1.751229999999999976e+01
2.318062749999999942e+05 -1.758555000000000135e+01
2.318063500000000058e+05 -1.583713999999999977e+01
2.318064250000000175e+05 -1.813361000000000089e+01
2.318065000000000000e+05 -1.769801999999999964e+01
2.318065750000000116e+05 -1.592046999999999990e+01
2.318066499999999942e+05 -1.679981000000000080e+01
2.318067250000000058e+05 -1.624126000000000047e+01
2.318068000000000175e+05 -1.765271999999999863e+01
2.318068750000000000e+05 -1.699161000000000143e+01
2.318069500000000116e+05 -1.681938999999999851e+01
2.318070249999999942e+05 -1.541668999999999912e+01
2.318071000000000058e+05 -1.685940000000000083e+01
2.318071750000000175e+05 -1.584084000000000003e+01
2.318072500000000000e+05 -1.738844999999999885e+01
2.318073250000000116e+05 -1.681614000000000075e+01
2.318073999999999942e+05 -1.502433000000000085e+01
2.318074750000000058e+05 -1.443263999999999925e+01
2.318075500000000175e+05 -1.630004999999999882e+01
2.318076250000000000e+05 -1.642682999999999893e+01
2.318077000000000116e+05 -1.635339000000000098e+01
2.318077749999999942e+05 -1.546294999999999931e+01
2.318078500000000058e+05 -1.469355999999999973e+01
2.318079250000000175e+05 -1.676935999999999893e+01
2.318080000000000000e+05 -1.497460000000000058e+01
2.318080750000000116e+05 -1.487002000000000024e+01
2.318081499999999942e+05 -1.419181000000000026e+01
2.318082250000000058e+05 -1.840224999999999866e+01
2.318083000000000175e+05 -1.560089999999999932e+01
2.318083750000000000e+05 -1.439462999999999937e+01
2.318084500000000116e+05 -1.484558999999999962e+01
2.318085249999999942e+05 -1.457357999999999976e+01
2.318086000000000058e+05 -1.495836000000000077e+01
2.318086750000000175e+05 -1.407182000000000066e+01
2.318087500000000000e+05 -1.321885999999999939e+01
2.318088250000000116e+05 -1.420063000000000031e+01
2.318088999999999942e+05 -1.359281000000000006e+01
2.318089750000000058e+05 -1.399008000000000074e+01
2.318090500000000175e+05 -1.274036000000000080e+01
2.318091250000000000e+05 -1.324515000000000065e+01
2.318092000000000116e+05 -1.245119000000000042e+01
2.318092749999999942e+05 -1.271415999999999968e+01
2.318093500000000058e+05 -1.264526000000000039e+01
2.318094250000000175e+05 -1.368073000000000050e+01
2.318095000000000000e+05 -1.136121999999999943e+01
2.318095750000000116e+05 -1.116099999999999959e+01
2.318096499999999942e+05 -1.233582999999999963e+01
2.318097250000000058e+05 -1.186162000000000027e+01
2.318098000000000175e+05 -1.107637000000000072e+01
2.318098750000000000e+05 -1.155344000000000015e+01
2.318099500000000116e+05 -1.095462999999999987e+01
2.318100249999999942e+05 -1.044567999999999941e+01
2.318101000000000058e+05 -1.019863999999999926e+01
2.318101750000000175e+05 -9.658927000000000263e+00
2.318102500000000000e+05 -8.668924000000000518e+00
2.318103250000000116e+05 -8.483446999999999960e+00
2.318103999999999942e+05 -8.278707000000000704e+00
2.318104750000000058e+05 -8.072718999999999312e+00
2.318105500000000175e+05 -7.463218999999999603e+00
2.318106250000000000e+05 -6.878553000000000139e+00
2.318107000000000116e+05 -6.111004000000000325e+00
2.318107749999999942e+05 -5.958571000000000062e+00
2.318108500000000058e+05 -5.654681000000000068e+00
2.318109250000000175e+05 -4.725189999999999557e+00
2.318110000000000000e+05 -4.905463000000000129e+00
2.318110750000000116e+05 -3.521469999999999878e+00
2.318111499999999942e+05 -2.943188000000000137e+00
2.318112250000000058e+05 -2.804940999999999907e+00
2.318113000000000175e+05 -1.750156999999999963e+00
2.318113750000000000e+05 -1.088494999999999990e+00
2.318114500000000116e+05 -6.913369999999999793e-01
2.318115249999999942e+05 -5.154543999999999793e-02
2.318116000000000058e+05 3.714242999999999850e-01
2.318116750000000175e+05 7.939011000000000262e-01
2.318117500000000000e+05 1.152177999999999924e+00
2.318118250000000116e+05 1.490328000000000097e+00
2.318118999999999942e+05 1.651281999999999917e+00
2.318119750000000058e+05 1.773439999999999905e+00
2.318120500000000175e+05 1.718051999999999913e+00
2.318121250000000000e+05 1.630328999999999917e+00
2.318122000000000116e+05 9.658033000000000312e-01
2.318122749999999942e+05 7.720989999999999798e-01
2.318123500000000058e+05 -1.208295999999999953e-01
2.318124250000000175e+05 -6.145924000000000387e-01
2.318125000000000000e+05 -1.630103999999999997e+00
2.318125750000000116e+05 -2.430285000000000029e+00
2.318126499999999942e+05 -3.185798000000000130e+00
2.318127250000000058e+05 -2.843167999999999918e+00
2.318128000000000175e+05 -2.696172999999999931e+00
2.318128750000000000e+05 -2.750138000000000194e+00
2.318129500000000116e+05 -2.231761999999999802e+00
2.318130249999999942e+05 -1.941745000000000054e+00
2.318131000000000058e+05 -2.511025000000000063e+00
2.318131750000000175e+05 -3.364881000000000011e+00
2.318132500000000000e+05 -4.069175999999999682e+00
2.318133250000000116e+05 -4.499685000000000379e+00
2.318133999999999942e+05 -4.852618999999999794e+00
2.318134750000000058e+05 -4.753962999999999717e+00
2.318135500000000175e+05 -4.331572000000000422e+00
2.318136250000000000e+05 -4.877663000000000082e+00
2.318137000000000116e+05 -5.115560999999999581e+00
2.318137749999999942e+05 -5.587298999999999793e+00
2.318138500000000058e+05 -6.011065999999999576e+00
2.318139250000000175e+05 -6.696094000000000435e+00
2.318140000000000000e+05 -6.495129999999999626e+00
2.318140750000000116e+05 -6.962640000000000384e+00
2.318141499999999942e+05 -6.886017999999999972e+00
2.318142250000000058e+05 -6.565560999999999758e+00
2.318143000000000175e+05 -7.106392999999999738e+00
2.318143750000000000e+05 -8.176508999999999361e+00
2.318144500000000116e+05 -8.367470000000000852e+00
2.318145249999999942e+05 -8.450886000000000564e+00
2.318146000000000058e+05 -8.337405000000000399e+00
2.318146750000000175e+05 -8.277060000000000528e+00
2.318147500000000000e+05 -9.101281999999999428e+00
2.318148250000000116e+05 -9.300171000000000632e+00
2.318148999999999942e+05 -9.503351000000000326e+00
2.318149750000000058e+05 -9.250863999999999976e+00
2.318150500000000175e+05 -9.469371999999999900e+00
2.318151250000000000e+05 -1.095696000000000048e+01
2.318152000000000116e+05 -1.067143000000000086e+01
2.318152749999999942e+05 -9.822212000000000387e+00
2.318153500000000058e+05 -1.079257999999999917e+01
2.318154250000000175e+05 -1.115175999999999945e+01
2.318155000000000000e+05 -1.234155999999999942e+01
2.318155750000000116e+05 -1.184403999999999968e+01
2.318156499999999942e+05 -1.118558999999999948e+01
2.318157250000000058e+05 -1.198484999999999978e+01
2.318158000000000175e+05 -1.396297000000000033e+01
2.318158750000000000e+05 -1.383881000000000050e+01
2.318159500000000116e+05 -1.189614000000000082e+01
2.318160249999999942e+05 -1.296181999999999945e+01
2.318161000000000058e+05 -1.543473999999999968e+01
2.318161750000000175e+05 -1.349471999999999916e+01
2.318162500000000000e+05 -1.302182999999999957e+01
2.318163250000000116e+05 -1.729623000000000133e+01
2.318163999999999942e+05 -1.464488000000000056e+01
2.318164750000000058e+05 -1.494092000000000020e+01
2.318165500000000175e+05 -1.633709999999999951e+01
2.318166250000000000e+05 -1.558901999999999965e+01
2.318167000000000116e+05 -1.593004999999999960e+01
2.318167749999999942e+05 -1.769156999999999869e+01
2.318168500000000058e+05 -1.726334999999999908e+01
2.318169250000000175e+05 -1.497263000000000055e+01
2.318170000000000000e+05 -1.788634000000000057e+01
2.318170750000000116e+05 -1.901190000000000069e+01
2.318171499999999942e+05 -1.499188000000000009e+01
2.318172250000000058e+05 -1.911662000000000106e+01
2.318173000000000175e+05 -2.009207999999999927e+01
2.318173750000000000e+05 -1.652730999999999995e+01
2.318174500000000116e+05 -2.066244999999999976e+01
2.318175249999999942e+05 -1.741589000000000098e+01
2.318176000000000058e+05 -1.621198000000000050e+01
2.318176750000000175e+05 -2.413590999999999909e+01
2.318177500000000000e+05 -1.859215999999999980e+01
2.318178250000000116e+05 -1.988643000000000072e+01
2.318178999999999942e+05 -2.469123000000000090e+01
2.318179750000000058e+05 -1.682919000000000054e+01
2.318180500000000175e+05 -2.515267000000000053e+01
2.318181250000000000e+05 -2.001765999999999934e+01
2.318182000000000116e+05 -1.669616999999999862e+01
2.318182749999999942e+05 -3.317222000000000293e+01
2.318183500000000058e+05 -2.094958000000000098e+01
2.318184250000000175e+05 -2.814314999999999856e+01
2.318185000000000000e+05 -1.829181000000000168e+01
2.318185750000000116e+05 -2.196079999999999899e+01
2.318186499999999942e+05 -2.232975000000000065e+01
2.318187250000000058e+05 -1.980012999999999934e+01
2.318188000000000175e+05 -3.143258000000000152e+01
2.318188750000000000e+05 -2.079558000000000106e+01
2.318189500000000116e+05 -3.079575000000000173e+01
2.318190249999999942e+05 -2.037456999999999852e+01
2.318191000000000058e+05 -2.393621999999999872e+01
2.318191750000000175e+05 -2.023495000000000132e+01
2.318192500000000000e+05 -2.600169999999999959e+01
2.318193250000000116e+05 -2.330821999999999861e+01
2.318193999999999942e+05 -2.335325999999999880e+01
2.318194750000000058e+05 -2.353327000000000169e+01
2.318195500000000175e+05 -2.201251999999999853e+01
2.318196250000000000e+05 -2.884553000000000011e+01
2.318197000000000116e+05 -2.475422000000000011e+01
2.318197749999999942e+05 -2.340739999999999910e+01
2.318198500000000058e+05 -1.971629000000000076e+01
2.318199250000000175e+05 -2.834899000000000058e+01
2.318200000000000000e+05 -2.661201000000000150e+01
2.318200750000000116e+05 -2.316843000000000075e+01
2.318201499999999942e+05 -2.085135999999999967e+01
2.318202250000000058e+05 -2.302787000000000006e+01
2.318203000000000175e+05 -2.735870999999999853e+01
2.318203750000000000e+05 -2.457551000000000130e+01
2.318204500000000116e+05 -2.483853999999999829e+01
2.318205249999999942e+05 -2.401796999999999827e+01
2.318206000000000058e+05 -3.016302999999999912e+01
2.318206750000000175e+05 -1.819441000000000130e+01
2.318207500000000000e+05 -2.727602999999999867e+01
2.318208250000000116e+05 -2.416550000000000153e+01
2.318208999999999942e+05 -2.627060000000000173e+01
2.318209750000000058e+05 -2.453044999999999831e+01
2.318210500000000175e+05 -2.231314000000000064e+01
2.318211250000000000e+05 -2.531299999999999883e+01
2.318212000000000116e+05 -2.022546000000000177e+01
2.318212749999999942e+05 -2.779964999999999975e+01
2.318213500000000058e+05 -2.132243000000000066e+01
2.318214250000000175e+05 -2.229287000000000063e+01
2.318215000000000000e+05 -2.492699999999999960e+01
2.318215750000000116e+05 -2.041921999999999926e+01
2.318216499999999942e+05 -3.462093999999999738e+01
2.318217250000000058e+05 -2.623973000000000155e+01
2.318218000000000175e+05 -2.793578000000000117e+01
2.318218750000000000e+05 -2.450057999999999936e+01
2.318219500000000116e+05 -2.217922000000000082e+01
2.318220249999999942e+05 -2.888472000000000151e+01
2.318221000000000058e+05 -2.333594000000000079e+01
2.318221750000000175e+05 -2.522915000000000063e+01
2.318222500000000000e+05 -2.693215999999999966e+01
2.318223250000000116e+05 -2.526191000000000031e+01
2.318223999999999942e+05 -2.597103999999999857e+01
2.318224750000000058e+05 -2.742013000000000034e+01
2.318225500000000175e+05 -2.948999999999999844e+01
2.318226250000000000e+05 -2.389959999999999951e+01
2.318227000000000116e+05 -2.779947999999999908e+01
2.318227749999999942e+05 -2.793113999999999919e+01
2.318228500000000058e+05 -2.234663000000000110e+01
2.318229250000000175e+05 -2.497939999999999827e+01
2.318230000000000000e+05 -2.735776999999999859e+01
2.318230750000000116e+05 -2.197164000000000073e+01
2.318231499999999942e+05 -2.771314999999999884e+01
2.318232250000000058e+05 -2.853256000000000014e+01
2.318233000000000175e+05 -2.528716999999999970e+01
2.318233750000000000e+05 -2.464129000000000147e+01
2.318234500000000116e+05 -2.409213000000000093e+01
2.318235249999999942e+05 -2.397712999999999894e+01
2.318236000000000058e+05 -2.188266000000000133e+01
2.318236750000000175e+05 -2.597117000000000075e+01
2.318237500000000000e+05 -2.227074999999999960e+01
2.318238250000000116e+05 -2.215458999999999889e+01
2.318238999999999942e+05 -2.234451999999999927e+01
2.318239750000000058e+05 -2.524729999999999919e+01
2.318240500000000175e+05 -2.226573000000000135e+01
2.318241250000000000e+05 -2.345072000000000045e+01
2.318242000000000116e+05 -2.533855000000000146e+01
2.318242749999999942e+05 -2.266838999999999871e+01
2.318243500000000058e+05 -2.224823999999999913e+01
2.318244250000000175e+05 -2.136038999999999888e+01
2.318245000000000000e+05 -2.789981999999999829e+01
2.318245750000000116e+05 -2.506266000000000105e+01
2.318246499999999942e+05 -2.884739000000000075e+01
2.318247250000000058e+05 -1.885098999999999947e+01
2.318248000000000175e+05 -2.243740999999999985e+01
2.318248750000000000e+05 -2.576879999999999882e+01
2.318249500000000116e+05 -2.799172000000000082e+01
2.318250249999999942e+05 -2.083783000000000030e+01
2.318251000000000058e+05 -2.671331999999999951e+01
2.318251750000000175e+05 -3.029796999999999940e+01
2.318252500000000000e+05 -2.099503999999999948e+01
2.318253250000000116e+05 -2.354580999999999946e+01
2.318253999999999942e+05 -2.378836000000000084e+01
2.318254750000000058e+05 -2.188858000000000104e+01
2.318255500000000175e+05 -2.329406000000000176e+01
2.318256250000000000e+05 -2.230574000000000012e+01
2.318257000000000116e+05 -3.151957000000000164e+01
2.318257749999999942e+05 -2.175884999999999891e+01
2.318258500000000058e+05 -2.274154000000000053e+01
2.318259250000000175e+05 -2.233481000000000094e+01
2.318260000000000000e+05 -2.423500999999999905e+01
2.318260750000000116e+05 -2.026621000000000095e+01
2.318261499999999942e+05 -2.527965000000000018e+01
2.318262250000000058e+05 -2.540087000000000117e+01
2.318263000000000175e+05 -2.248908000000000129e+01
2.318263750000000000e+05 -2.400265999999999877e+01
2.318264500000000116e+05 -2.227840000000000131e+01
2.318265249999999942e+05 -2.389217999999999975e+01
2.318266000000000058e+05 -2.283724000000000132e+01
2.318266750000000175e+05 -2.163857000000000141e+01
2.318267500000000000e+05 -2.368877000000000166e+01
2.318268250000000116e+05 -2.563435000000000130e+01
2.318268999999999942e+05 -2.479480999999999824e+01
2.318269750000000058e+05 -2.446464999999999890e+01
