# Temperature: None K
2.317518999999999942e+05 -2.124644999999999939e+01
2.317519750000000058e+05 -1.860417999999999950e+01
2.317520499999999884e+05 -1.901044999999999874e+01
2.317521250000000000e+05 -2.111695999999999884e+01
2.317521999999999825e+05 -2.008549000000000007e+01
2.317522749999999942e+05 -2.033556000000000097e+01
2.317523500000000058e+05 -1.830506000000000100e+01
2.317524249999999884e+05 -2.428138999999999825e+01
2.317525000000000000e+05 -1.855414999999999992e+01
2.317525749999999825e+05 -1.871282000000000068e+01
2.317526499999999942e+05 -1.946750000000000114e+01
2.317527250000000058e+05 -2.384299000000000035e+01
2.317527999999999884e+05 -2.023583999999999961e+01
2.317528750000000000e+05 -1.893012999999999835e+01
2.317529499999999825e+05 -1.737169000000000096e+01
2.317530249999999942e+05 -1.971030999999999977e+01
2.317531000000000058e+05 -2.039922999999999931e+01
2.317531749999999884e+05 -2.018316000000000088e+01
2.317532500000000000e+05 -1.824628999999999834e+01
2.317533249999999825e+05 -1.982263999999999982e+01
2.317533999999999942e+05 -1.871001000000000047e+01
2.317534750000000058e+05 -1.949852999999999881e+01
2.317535499999999884e+05 -2.031400999999999968e+01
2.317536250000000000e+05 -1.945618999999999943e+01
2.317536999999999825e+05 -1.802610999999999919e+01
2.317537749999999942e+05 -2.010475999999999885e+01
2.317538500000000058e+05 -1.718424999999999869e+01
2.317539249999999884e+05 -2.225963000000000136e+01
2.317540000000000000e+05 -1.972078000000000131e+01
2.317540749999999825e+05 -1.853480000000000061e+01
2.317541499999999942e+05 -1.616739000000000104e+01
2.317542250000000058e+05 -1.884996999999999900e+01
2.317542999999999884e+05 -1.892117000000000004e+01
2.317543750000000000e+05 -2.158125000000000071e+01
2.317544499999999825e+05 -2.117004000000000019e+01
2.317545249999999942e+05 -2.074370000000000047e+01
2.317546000000000058e+05 -1.940108999999999995e+01
2.317546749999999884e+05 -1.909737000000000151e+01
2.317547500000000000e+05 -1.906270999999999916e+01
2.317548249999999825e+05 -1.705862000000000123e+01
2.317548999999999942e+05 -1.951473000000000013e+01
2.317549750000000058e+05 -1.870774000000000115e+01
2.317550499999999884e+05 -1.894830999999999932e+01
2.317551250000000000e+05 -1.762572000000000116e+01
2.317551999999999825e+05 -1.889627000000000123e+01
2.317552749999999942e+05 -1.861311999999999856e+01
2.317553500000000058e+05 -2.051239999999999952e+01
2.317554249999999884e+05 -2.024314999999999998e+01
2.317555000000000000e+05 -1.980482999999999905e+01
2.317555749999999825e+05 -2.067389000000000010e+01
2.317556499999999942e+05 -1.764899000000000129e+01
2.317557250000000058e+05 -1.861732999999999905e+01
2.317557999999999884e+05 -1.822962000000000060e+01
2.317558750000000000e+05 -1.954992000000000019e+01
2.317559499999999825e+05 -1.852211000000000141e+01
2.317560249999999942e+05 -1.907657999999999987e+01
2.317561000000000058e+05 -1.959727000000000174e+01
2.317561749999999884e+05 -1.932347999999999999e+01
2.317562500000000000e+05 -1.801886000000000010e+01
2.317563249999999825e+05 -1.801718999999999937e+01
2.317563999999999942e+05 -2.025537999999999883e+01
2.317564750000000058e+05 -1.974166999999999916e+01
2.317565499999999884e+05 -1.952297000000000082e+01
2.317566250000000000e+05 -1.827019999999999911e+01
2.317566999999999825e+05 -2.090241999999999933e+01
2.317567749999999942e+05 -2.122896000000000072e+01
2.317568500000000058e+05 -1.688185999999999964e+01
2.317569249999999884e+05 -1.727267000000000152e+01
2.317570000000000000e+05 -1.918349999999999866e+01
2.317570749999999825e+05 -1.938441999999999865e+01
2.317571499999999942e+05 -1.749512000000000000e+01
2.317572250000000058e+05 -1.777044000000000068e+01
2.317572999999999884e+05 -1.906953000000000031e+01
2.317573750000000000e+05 -1.903781000000000034e+01
2.317574499999999825e+05 -1.820017999999999958e+01
2.317575249999999942e+05 -1.740339000000000169e+01
2.317576000000000058e+05 -1.887221999999999866e+01
2.317576749999999884e+05 -1.864874000000000009e+01
2.317577500000000000e+05 -1.832851000000000141e+01
2.317578249999999825e+05 -2.145447000000000060e+01
2.317578999999999942e+05 -1.739495000000000147e+01
2.317579750000000058e+05 -1.764996999999999971e+01
2.317580499999999884e+05 -2.073974000000000117e+01
2.317581250000000000e+05 -1.906579999999999941e+01
2.317581999999999825e+05 -2.021039000000000030e+01
2.317582749999999942e+05 -1.916617000000000104e+01
2.317583500000000058e+05 -2.040040000000000120e+01
2.317584249999999884e+05 -1.694728999999999886e+01
2.317585000000000000e+05 -1.763776999999999973e+01
2.317585749999999825e+05 -1.891719000000000150e+01
2.317586499999999942e+05 -1.863691999999999993e+01
2.317587250000000058e+05 -1.971923999999999921e+01
2.317587999999999884e+05 -1.599463000000000079e+01
2.317588750000000000e+05 -1.602314000000000149e+01
2.317589499999999825e+05 -2.032389999999999830e+01
2.317590249999999942e+05 -1.738143000000000171e+01
2.317591000000000058e+05 -1.805227999999999966e+01
2.317591749999999884e+05 -1.966928000000000054e+01
2.317592500000000000e+05 -1.851347000000000165e+01
2.317593249999999825e+05 -1.724033999999999978e+01
2.317593999999999942e+05 -1.798667000000000016e+01
2.317594750000000058e+05 -1.917073999999999856e+01
2.317595499999999884e+05 -1.831654999999999944e+01
2.317596250000000000e+05 -1.994429999999999836e+01
2.317596999999999825e+05 -1.945726000000000155e+01
2.317597749999999942e+05 -1.839791999999999916e+01
2.317598500000000058e+05 -1.769410999999999845e+01
2.317599249999999884e+05 -1.775551000000000101e+01
2.317600000000000000e+05 -1.774521000000000015e+01
2.317600749999999825e+05 -1.630102000000000118e+01
2.317601499999999942e+05 -1.788892999999999844e+01
2.317602250000000058e+05 -1.937135999999999925e+01
2.317602999999999884e+05 -1.804740999999999929e+01
2.317603750000000000e+05 -2.078868999999999900e+01
2.317604499999999825e+05 -1.568181000000000047e+01
2.317605249999999942e+05 -2.038402999999999921e+01
2.317606000000000058e+05 -1.722088000000000108e+01
2.317606749999999884e+05 -1.725894999999999868e+01
2.317607500000000000e+05 -1.687486000000000175e+01
2.317608249999999825e+05 -1.673017000000000110e+01
2.317608999999999942e+05 -1.521988999999999947e+01
2.317609750000000058e+05 -1.614735999999999905e+01
2.317610499999999884e+05 -1.777131999999999934e+01
2.317611250000000000e+05 -1.742935999999999908e+01
2.317611999999999825e+05 -1.713834999999999908e+01
2.317612749999999942e+05 -1.692420999999999864e+01
2.317613500000000058e+05 -1.739200999999999908e+01
2.317614249999999884e+05 -1.584967999999999932e+01
2.317615000000000000e+05 -1.735579999999999856e+01
2.317615749999999825e+05 -1.665794999999999959e+01
2.317616499999999942e+05 -1.543237000000000059e+01
2.317617250000000058e+05 -2.092363999999999891e+01
2.317617999999999884e+05 -1.710208000000000084e+01
2.317618750000000000e+05 -1.664600000000000080e+01
2.317619499999999825e+05 -1.697934000000000054e+01
2.317620249999999942e+05 -1.569370999999999938e+01
2.317621000000000058e+05 -1.859879000000000104e+01
2.317621749999999884e+05 -1.628172999999999959e+01
2.317622500000000000e+05 -1.829544999999999888e+01
2.317623249999999825e+05 -1.645354999999999990e+01
2.317623999999999942e+05 -1.809371000000000151e+01
2.317624750000000058e+05 -1.866566999999999865e+01
2.317625499999999884e+05 -1.687503999999999849e+01
2.317626250000000000e+05 -1.612145999999999901e+01
2.317626999999999825e+05 -1.537468999999999930e+01
2.317627749999999942e+05 -1.680180000000000007e+01
2.317628500000000058e+05 -1.598114999999999952e+01
2.317629249999999884e+05 -1.652599999999999980e+01
2.317630000000000000e+05 -1.738463000000000136e+01
2.317630749999999825e+05 -1.615084999999999837e+01
2.317631499999999942e+05 -1.591367999999999938e+01
2.317632250000000058e+05 -1.725099000000000160e+01
2.317632999999999884e+05 -1.471170000000000044e+01
2.317633750000000000e+05 -1.583149000000000051e+01
2.317634499999999825e+05 -1.562148000000000003e+01
2.317635249999999942e+05 -1.850466000000000122e+01
2.317636000000000058e+05 -1.461600999999999928e+01
2.317636749999999884e+05 -1.639295999999999864e+01
2.317637500000000000e+05 -1.604808999999999841e+01
2.317638249999999825e+05 -1.516375000000000028e+01
2.317638999999999942e+05 -1.431981000000000037e+01
2.317639750000000058e+05 -1.542418999999999940e+01
2.317640499999999884e+05 -1.453298000000000023e+01
2.317641250000000000e+05 -1.508695999999999948e+01
2.317641999999999825e+05 -1.470071000000000083e+01
2.317642749999999942e+05 -1.566563999999999979e+01
2.317643500000000058e+05 -1.702515000000000001e+01
2.317644249999999884e+05 -1.586411000000000016e+01
2.317645000000000000e+05 -1.619118999999999886e+01
2.317645749999999825e+05 -1.336560000000000059e+01
2.317646499999999942e+05 -1.503339000000000070e+01
2.317647250000000058e+05 -1.475930999999999926e+01
2.317647999999999884e+05 -1.410393999999999970e+01
2.317648750000000000e+05 -1.345688999999999957e+01
2.317649499999999825e+05 -1.309840999999999944e+01
2.317650249999999942e+05 -1.421504000000000012e+01
2.317651000000000058e+05 -1.272345999999999933e+01
2.317651749999999884e+05 -1.367116000000000042e+01
2.317652500000000000e+05 -1.346607000000000021e+01
2.317653249999999825e+05 -1.410604999999999976e+01
2.317653999999999942e+05 -1.233338000000000001e+01
2.317654750000000058e+05 -1.188414999999999999e+01
2.317655499999999884e+05 -1.199254999999999960e+01
2.317656250000000000e+05 -1.250107999999999997e+01
2.317656999999999825e+05 -1.234108999999999945e+01
2.317657749999999942e+05 -1.251374999999999993e+01
2.317658500000000058e+05 -1.198160000000000025e+01
2.317659249999999884e+05 -1.232493000000000016e+01
2.317660000000000000e+05 -1.083557000000000059e+01
2.317660749999999825e+05 -1.165240999999999971e+01
2.317661499999999942e+05 -1.175184999999999924e+01
2.317662250000000058e+05 -1.096166000000000018e+01
2.317662999999999884e+05 -1.089301999999999992e+01
2.317663750000000000e+05 -1.095397999999999961e+01
2.317664499999999825e+05 -1.102571999999999974e+01
2.317665249999999942e+05 -1.151470999999999911e+01
2.317666000000000058e+05 -1.101242000000000054e+01
2.317666749999999884e+05 -1.101360000000000028e+01
2.317667500000000000e+05 -1.063766999999999996e+01
2.317668249999999825e+05 -1.112987000000000037e+01
2.317668999999999942e+05 -9.730119999999999436e+00
2.317669750000000058e+05 -1.069682000000000066e+01
2.317670499999999884e+05 -1.048298999999999914e+01
2.317671250000000000e+05 -1.059782000000000046e+01
2.317671999999999825e+05 -1.084564999999999912e+01
2.317672749999999942e+05 -1.120049999999999990e+01
2.317673500000000058e+05 -1.038439999999999941e+01
2.317674249999999884e+05 -1.163221000000000060e+01
2.317675000000000000e+05 -1.216766999999999932e+01
2.317675749999999825e+05 -1.143460999999999927e+01
2.317676499999999942e+05 -1.255405999999999977e+01
2.317677250000000058e+05 -1.384651999999999994e+01
2.317677999999999884e+05 -1.403827000000000069e+01
2.317678750000000000e+05 -1.405123999999999995e+01
2.317679499999999825e+05 -1.586725000000000030e+01
2.317680249999999942e+05 -1.470054999999999978e+01
2.317681000000000058e+05 -1.582169000000000025e+01
2.317681749999999884e+05 -1.670407000000000153e+01
2.317682500000000000e+05 -1.963955999999999946e+01
2.317683249999999825e+05 -1.829325000000000045e+01
2.317683999999999942e+05 -1.943119000000000085e+01
2.317684750000000058e+05 -2.192717999999999989e+01
2.317685499999999884e+05 -2.117117999999999967e+01
2.317686250000000000e+05 -2.435191999999999979e+01
2.317686999999999825e+05 -2.175619000000000014e+01
2.317687749999999942e+05 -2.728218000000000032e+01
2.317688500000000058e+05 -2.765069000000000088e+01
2.317689249999999884e+05 -2.197775000000000034e+01
2.317690000000000000e+05 -2.210124000000000066e+01
2.317690749999999825e+05 -2.712022999999999939e+01
2.317691499999999942e+05 -2.374709999999999965e+01
2.317692250000000058e+05 -2.873111000000000104e+01
2.317692999999999884e+05 -2.779769999999999897e+01
2.317693750000000000e+05 -2.443489999999999895e+01
2.317694499999999825e+05 -3.293728999999999729e+01
2.317695249999999942e+05 -2.990758999999999901e+01
2.317696000000000058e+05 -2.649296000000000006e+01
2.317696749999999884e+05 -3.273696999999999946e+01
2.317697500000000000e+05 -2.710172000000000025e+01
2.317698249999999825e+05 -3.199962999999999980e+01
2.317698999999999942e+05 -3.720514000000000010e+01
2.317699750000000058e+05 -3.211565999999999832e+01
2.317700499999999884e+05 -5.137013999999999925e+01
2.317701250000000000e+05 -4.078215000000000146e+01
2.317701999999999825e+05 -3.728775999999999868e+01
2.317702749999999942e+05 -2.787819000000000003e+01
2.317703500000000058e+05 -3.196362999999999843e+01
2.317704249999999884e+05 -3.488644000000000034e+01
2.317705000000000000e+05 -3.346629999999999683e+01
2.317705749999999825e+05 -3.135060999999999964e+01
2.317706499999999942e+05 -3.304623999999999739e+01
2.317707250000000058e+05 -2.716706999999999894e+01
2.317707999999999884e+05 -2.640231999999999957e+01
2.317708750000000000e+05 -2.881571999999999889e+01
2.317709499999999825e+05 -2.936984999999999957e+01
2.317710249999999942e+05 -3.556495999999999924e+01
2.317711000000000058e+05 -3.078012000000000015e+01
2.317711749999999884e+05 -2.663354999999999961e+01
2.317712500000000000e+05 -3.470065999999999917e+01
2.317713249999999825e+05 -2.844031999999999982e+01
2.317713999999999942e+05 -2.356531000000000020e+01
2.317714750000000058e+05 -2.892914000000000030e+01
2.317715499999999884e+05 -3.044703000000000159e+01
2.317716250000000000e+05 -3.226187999999999789e+01
2.317716999999999825e+05 -2.588567000000000107e+01
2.317717749999999942e+05 -3.641422000000000025e+01
2.317718500000000058e+05 -2.440427999999999997e+01
2.317719249999999884e+05 -2.472587000000000046e+01
2.317720000000000000e+05 -2.802186999999999983e+01
2.317720749999999825e+05 -2.842685000000000173e+01
2.317721499999999942e+05 -2.555626000000000175e+01
2.317722250000000058e+05 -2.559486000000000061e+01
2.317722999999999884e+05 -2.756419999999999959e+01
2.317723750000000000e+05 -2.426719999999999899e+01
2.317724499999999825e+05 -2.428967000000000098e+01
2.317725249999999942e+05 -3.650627999999999673e+01
2.317726000000000058e+05 -2.390989000000000075e+01
2.317726749999999884e+05 -2.651373999999999853e+01
2.317727500000000000e+05 -2.694389999999999930e+01
2.317728249999999825e+05 -2.500789999999999935e+01
2.317728999999999942e+05 -5.483632999999999669e+01
2.317729750000000058e+05 -2.975760000000000005e+01
2.317730499999999884e+05 -2.693468999999999980e+01
2.317731250000000000e+05 -3.227138000000000062e+01
2.317731999999999825e+05 -2.909059999999999846e+01
2.317732749999999942e+05 -2.891865999999999914e+01
2.317733500000000058e+05 -2.670833999999999975e+01
2.317734249999999884e+05 -3.541378000000000270e+01
2.317735000000000000e+05 -3.351789000000000129e+01
2.317735749999999825e+05 -2.272088000000000108e+01
2.317736499999999942e+05 -3.003525000000000134e+01
2.317737250000000058e+05 -2.729966999999999899e+01
2.317737999999999884e+05 -2.737492999999999910e+01
2.317738750000000000e+05 -2.385052999999999912e+01
2.317739499999999825e+05 -2.729979000000000156e+01
2.317740249999999942e+05 -2.231265000000000143e+01
2.317741000000000058e+05 -2.332582000000000022e+01
2.317741749999999884e+05 -2.738886000000000109e+01
2.317742500000000000e+05 -2.597712999999999894e+01
2.317743249999999825e+05 -2.770822000000000074e+01
2.317743999999999942e+05 -2.529740999999999929e+01
2.317744750000000058e+05 -2.568840000000000146e+01
2.317745499999999884e+05 -2.567477999999999838e+01
2.317746250000000000e+05 -2.737690999999999875e+01
2.317746999999999825e+05 -2.405546999999999969e+01
2.317747749999999942e+05 -2.626116000000000028e+01
2.317748500000000058e+05 -2.551010000000000133e+01
2.317749249999999884e+05 -2.503181000000000012e+01
2.317750000000000000e+05 -2.451832999999999885e+01
2.317750749999999825e+05 -2.716700000000000159e+01
2.317751499999999942e+05 -2.442567999999999984e+01
2.317752250000000058e+05 -2.167148999999999859e+01
2.317752999999999884e+05 -2.604386999999999830e+01
2.317753750000000000e+05 -2.747081999999999979e+01
2.317754499999999825e+05 -2.694444999999999979e+01
2.317755249999999942e+05 -2.472331000000000145e+01
2.317756000000000058e+05 -3.097297999999999973e+01
2.317756749999999884e+05 -2.799339000000000155e+01
2.317757500000000000e+05 -2.372905000000000086e+01
2.317758249999999825e+05 -2.545222000000000051e+01
2.317758999999999942e+05 -2.655114000000000019e+01
2.317759750000000058e+05 -2.394700999999999880e+01
2.317760499999999884e+05 -2.485369999999999990e+01
2.317761250000000000e+05 -2.193832000000000093e+01
2.317761999999999825e+05 -3.226030999999999693e+01
2.317762749999999942e+05 -2.427236999999999867e+01
2.317763500000000058e+05 -2.498387999999999920e+01
2.317764249999999884e+05 -2.575331999999999866e+01
2.317765000000000000e+05 -2.662834000000000145e+01
2.317765749999999825e+05 -2.468841000000000108e+01
2.317766499999999942e+05 -2.329709000000000074e+01
2.317767250000000058e+05 -2.146105999999999980e+01
2.317767999999999884e+05 -2.372298999999999936e+01
2.317768750000000000e+05 -2.608471000000000117e+01
2.317769499999999825e+05 -2.986965000000000003e+01
2.317770249999999942e+05 -2.604145000000000110e+01
2.317771000000000058e+05 -2.912142000000000053e+01
2.317771749999999884e+05 -2.448101000000000127e+01
2.317772500000000000e+05 -2.239376000000000033e+01
2.317773249999999825e+05 -2.259647999999999968e+01
2.317773999999999942e+05 -2.925234999999999985e+01
2.317774750000000058e+05 -2.383414000000000144e+01
2.317775499999999884e+05 -2.722507999999999839e+01
2.317776250000000000e+05 -2.311149999999999949e+01
2.317776999999999825e+05 -2.109485000000000099e+01
2.317777749999999942e+05 -2.767878999999999934e+01
2.317778500000000058e+05 -2.651370999999999967e+01
2.317779249999999884e+05 -2.394875000000000043e+01
2.317780000000000000e+05 -2.189229999999999876e+01
2.317780749999999825e+05 -2.365437000000000012e+01
2.317781499999999942e+05 -2.504027999999999921e+01
2.317782250000000058e+05 -2.582092000000000098e+01
2.317782999999999884e+05 -2.585097000000000023e+01
2.317783750000000000e+05 -2.224409999999999954e+01
2.317784499999999825e+05 -3.258097999999999672e+01
2.317785249999999942e+05 -2.136158000000000001e+01
2.317786000000000058e+05 -2.141379999999999839e+01
2.317786749999999884e+05 -2.532466000000000150e+01
2.317787500000000000e+05 -2.129162000000000177e+01
2.317788249999999825e+05 -2.199530000000000030e+01
2.317788999999999942e+05 -2.557749000000000095e+01
2.317789750000000058e+05 -3.664999000000000251e+01
2.317790499999999884e+05 -2.190333000000000041e+01
2.317791250000000000e+05 -2.532401000000000124e+01
2.317791999999999825e+05 -2.777873999999999910e+01
2.317792749999999942e+05 -2.463410000000000011e+01
2.317793500000000058e+05 -2.136873999999999896e+01
2.317794249999999884e+05 -2.344387000000000043e+01
2.317795000000000000e+05 -2.373895999999999873e+01
2.317795749999999825e+05 -2.561712999999999951e+01
2.317796499999999942e+05 -2.251569999999999894e+01
2.317797250000000058e+05 -2.066817999999999955e+01
2.317797999999999884e+05 -2.516656000000000049e+01
2.317798750000000000e+05 -2.582420000000000115e+01
2.317799499999999825e+05 -2.445743999999999829e+01
2.317800249999999942e+05 -2.318515999999999977e+01
2.317801000000000058e+05 -2.308297999999999917e+01
2.317801749999999884e+05 -2.510460000000000136e+01
2.317802500000000000e+05 -2.325836999999999932e+01
2.317803249999999825e+05 -2.918802000000000163e+01
2.317803999999999942e+05 -2.350785000000000124e+01
2.317804750000000058e+05 -2.412793999999999883e+01
2.317805499999999884e+05 -3.143164000000000158e+01
2.317806250000000000e+05 -2.251407000000000025e+01
2.317806999999999825e+05 -2.087960999999999956e+01
2.317807749999999942e+05 -2.133173999999999992e+01
2.317808500000000058e+05 -2.266453999999999880e+01
2.317809249999999884e+05 -2.556280999999999892e+01
2.317810000000000000e+05 -2.212124999999999986e+01
2.317810749999999825e+05 -2.572811000000000092e+01
2.317811499999999942e+05 -2.711511000000000138e+01
2.317812250000000058e+05 -2.095245999999999853e+01
2.317812999999999884e+05 -2.534753999999999863e+01
2.317813750000000000e+05 -2.144874000000000080e+01
2.317814499999999825e+05 -2.167954999999999899e+01
2.317815249999999942e+05 -2.594162999999999997e+01
2.317816000000000058e+05 -2.432424999999999926e+01
2.317816749999999884e+05 -2.035497000000000156e+01
2.317817500000000000e+05 -2.313538000000000139e+01
2.317818249999999825e+05 -2.682134999999999891e+01
2.317818999999999942e+05 -2.100438000000000116e+01
