# Temperature: None K
2.317969750000000058e+05 -2.328200999999999965e+01
2.317970500000000175e+05 -2.192924000000000007e+01
2.317971250000000000e+05 -1.979157000000000011e+01
2.317972000000000116e+05 -1.731603000000000137e+01
2.317972749999999942e+05 -1.909957999999999956e+01
2.317973500000000058e+05 -2.239025000000000176e+01
2.317974250000000175e+05 -2.829065999999999903e+01
2.317975000000000000e+05 -2.058908999999999878e+01
2.317975750000000116e+05 -1.841627000000000081e+01
2.317976499999999942e+05 -2.259330999999999889e+01
2.317977250000000058e+05 -2.206559999999999988e+01
2.317978000000000175e+05 -2.161789999999999878e+01
2.317978750000000000e+05 -1.861777000000000015e+01
2.317979500000000116e+05 -1.836531000000000091e+01
2.317980249999999942e+05 -2.105076999999999998e+01
2.317981000000000058e+05 -2.186773000000000167e+01
2.317981750000000175e+05 -2.229307000000000016e+01
2.317982500000000000e+05 -1.828249999999999886e+01
2.317983250000000116e+05 -2.068130999999999986e+01
2.317983999999999942e+05 -2.029082000000000008e+01
2.317984750000000058e+05 -2.059703000000000017e+01
2.317985500000000175e+05 -1.845322000000000173e+01
2.317986250000000000e+05 -1.737977000000000061e+01
2.317987000000000116e+05 -2.014770000000000039e+01
2.317987749999999942e+05 -1.985454000000000008e+01
2.317988500000000058e+05 -1.720755000000000123e+01
2.317989250000000175e+05 -2.117644999999999911e+01
2.317990000000000000e+05 -2.020365999999999929e+01
2.317990750000000116e+05 -1.805530999999999864e+01
2.317991499999999942e+05 -2.240915000000000035e+01
2.317992250000000058e+05 -1.882604999999999862e+01
2.317993000000000175e+05 -1.822119999999999962e+01
2.317993750000000000e+05 -1.784653000000000134e+01
2.317994500000000116e+05 -1.979510000000000147e+01
2.317995249999999942e+05 -1.824392999999999887e+01
2.317996000000000058e+05 -1.757947000000000060e+01
2.317996750000000175e+05 -1.738545999999999836e+01
2.317997500000000000e+05 -2.057862000000000080e+01
2.317998250000000116e+05 -1.787549999999999883e+01
2.317998999999999942e+05 -2.116109000000000151e+01
2.317999750000000058e+05 -1.968046000000000006e+01
2.318000500000000175e+05 -1.904961000000000126e+01
2.318001250000000000e+05 -1.989567999999999870e+01
2.318002000000000116e+05 -1.812999999999999901e+01
2.318002749999999942e+05 -1.794885999999999981e+01
2.318003500000000058e+05 -2.029354999999999976e+01
2.318004250000000175e+05 -1.691946000000000083e+01
2.318005000000000000e+05 -2.155683000000000149e+01
2.318005750000000116e+05 -1.943750999999999962e+01
2.318006499999999942e+05 -1.946972999999999843e+01
2.318007250000000058e+05 -2.035607999999999862e+01
2.318008000000000175e+05 -2.130415999999999954e+01
2.318008750000000000e+05 -1.822119000000000000e+01
2.318009500000000116e+05 -1.881894000000000133e+01
2.318010249999999942e+05 -1.753372999999999848e+01
2.318011000000000058e+05 -2.027642000000000166e+01
2.318011750000000175e+05 -1.752712000000000003e+01
2.318012500000000000e+05 -2.083195999999999870e+01
2.318013250000000116e+05 -1.919920000000000115e+01
2.318013999999999942e+05 -1.942416000000000054e+01
2.318014750000000058e+05 -1.973829999999999885e+01
2.318015500000000175e+05 -1.918018999999999963e+01
2.318016250000000000e+05 -1.867443000000000097e+01
2.318017000000000116e+05 -1.666734999999999900e+01
2.318017749999999942e+05 -1.656765000000000043e+01
2.318018500000000058e+05 -2.011017999999999972e+01
2.318019250000000175e+05 -1.728252000000000166e+01
2.318020000000000000e+05 -1.727090000000000103e+01
2.318020750000000116e+05 -1.816790999999999912e+01
2.318021499999999942e+05 -1.906374999999999886e+01
2.318022250000000058e+05 -1.729121999999999915e+01
2.318023000000000175e+05 -1.993744999999999834e+01
2.318023750000000000e+05 -1.984583999999999904e+01
2.318024500000000116e+05 -2.037743000000000038e+01
2.318025249999999942e+05 -1.978295999999999921e+01
2.318026000000000058e+05 -1.994967000000000112e+01
2.318026750000000175e+05 -2.043364000000000047e+01
2.318027500000000000e+05 -1.875617000000000090e+01
2.318028250000000116e+05 -1.771955000000000169e+01
2.318028999999999942e+05 -1.983124000000000109e+01
2.318029750000000058e+05 -2.025529999999999831e+01
2.318030500000000175e+05 -1.862017000000000166e+01
2.318031250000000000e+05 -1.846008000000000138e+01
2.318032000000000116e+05 -1.873214000000000112e+01
2.318032749999999942e+05 -1.826116000000000028e+01
2.318033500000000058e+05 -1.652634000000000114e+01
2.318034250000000175e+05 -2.002758000000000038e+01
2.318035000000000000e+05 -2.026721999999999824e+01
2.318035750000000116e+05 -1.896442000000000050e+01
2.318036499999999942e+05 -1.635416999999999987e+01
2.318037250000000058e+05 -1.783174999999999955e+01
2.318038000000000175e+05 -2.005769000000000091e+01
2.318038750000000000e+05 -1.928997000000000028e+01
2.318039500000000116e+05 -1.927821000000000140e+01
2.318040249999999942e+05 -1.640111999999999881e+01
2.318041000000000058e+05 -1.653920000000000101e+01
2.318041750000000175e+05 -1.656480000000000175e+01
2.318042500000000000e+05 -1.769141000000000119e+01
2.318043250000000116e+05 -1.863892999999999844e+01
2.318043999999999942e+05 -1.819579999999999842e+01
2.318044750000000058e+05 -2.005354000000000170e+01
2.318045500000000175e+05 -1.793840000000000146e+01
2.318046250000000000e+05 -1.876727999999999952e+01
2.318047000000000116e+05 -1.778846000000000060e+01
2.318047749999999942e+05 -1.699585000000000079e+01
2.318048500000000058e+05 -1.678513999999999839e+01
2.318049250000000175e+05 -1.726294000000000040e+01
2.318050000000000000e+05 -1.798329999999999984e+01
2.318050750000000116e+05 -1.645297000000000054e+01
2.318051499999999942e+05 -1.869074000000000169e+01
2.318052250000000058e+05 -1.606031000000000120e+01
2.318053000000000175e+05 -1.745446000000000097e+01
2.318053750000000000e+05 -1.550786000000000087e+01
2.318054500000000116e+05 -1.722838000000000136e+01
2.318055249999999942e+05 -1.618111999999999995e+01
2.318056000000000058e+05 -1.730373000000000161e+01
2.318056750000000175e+05 -1.732499999999999929e+01
2.318057500000000000e+05 -1.670338999999999885e+01
2.318058250000000116e+05 -1.673832000000000164e+01
2.318058999999999942e+05 -1.799288999999999916e+01
2.318059750000000058e+05 -1.752520000000000167e+01
2.318060500000000175e+05 -1.481127000000000038e+01
2.318061250000000000e+05 -1.728222999999999843e+01
2.318062000000000116e+05 -1.682116999999999862e+01
2.318062749999999942e+05 -1.690358000000000160e+01
2.318063500000000058e+05 -1.707601000000000013e+01
2.318064250000000175e+05 -1.552022000000000013e+01
2.318065000000000000e+05 -1.788177999999999912e+01
2.318065750000000116e+05 -1.675973000000000113e+01
2.318066499999999942e+05 -1.830320999999999998e+01
2.318067250000000058e+05 -1.510623000000000005e+01
2.318068000000000175e+05 -1.572793000000000063e+01
2.318068750000000000e+05 -1.493410000000000082e+01
2.318069500000000116e+05 -1.618861000000000061e+01
2.318070249999999942e+05 -1.693289000000000044e+01
2.318071000000000058e+05 -1.436533999999999978e+01
2.318071750000000175e+05 -1.626943999999999946e+01
2.318072500000000000e+05 -1.722524999999999906e+01
2.318073250000000116e+05 -1.619075000000000131e+01
2.318073999999999942e+05 -1.598724999999999952e+01
2.318074750000000058e+05 -1.548231999999999964e+01
2.318075500000000175e+05 -1.605481999999999942e+01
2.318076250000000000e+05 -1.584952000000000005e+01
2.318077000000000116e+05 -1.556878999999999991e+01
2.318077749999999942e+05 -1.647075999999999851e+01
2.318078500000000058e+05 -1.596345999999999954e+01
2.318079250000000175e+05 -1.606747999999999976e+01
2.318080000000000000e+05 -1.478191999999999950e+01
2.318080750000000116e+05 -1.560047999999999924e+01
2.318081499999999942e+05 -1.550198999999999927e+01
2.318082250000000058e+05 -1.635534000000000177e+01
2.318083000000000175e+05 -1.492032000000000025e+01
2.318083750000000000e+05 -1.556621999999999950e+01
2.318084500000000116e+05 -1.581037000000000070e+01
2.318085249999999942e+05 -1.534235999999999933e+01
2.318086000000000058e+05 -1.540545000000000009e+01
2.318086750000000175e+05 -1.401104999999999912e+01
2.318087500000000000e+05 -1.472143999999999942e+01
2.318088250000000116e+05 -1.418206999999999951e+01
2.318088999999999942e+05 -1.380554000000000059e+01
2.318089750000000058e+05 -1.339869000000000021e+01
2.318090500000000175e+05 -1.290989000000000075e+01
2.318091250000000000e+05 -1.378909999999999947e+01
2.318092000000000116e+05 -1.248489999999999966e+01
2.318092749999999942e+05 -1.284013999999999989e+01
2.318093500000000058e+05 -1.293918999999999997e+01
2.318094250000000175e+05 -1.138092999999999932e+01
2.318095000000000000e+05 -1.236204000000000036e+01
2.318095750000000116e+05 -1.137299999999999933e+01
2.318096499999999942e+05 -1.155479000000000056e+01
2.318097250000000058e+05 -1.197367000000000026e+01
2.318098000000000175e+05 -1.074682999999999922e+01
2.318098750000000000e+05 -1.131499999999999950e+01
2.318099500000000116e+05 -1.024300000000000033e+01
2.318100249999999942e+05 -1.051408999999999949e+01
2.318101000000000058e+05 -9.514245999999999981e+00
2.318101750000000175e+05 -9.432128999999999763e+00
2.318102500000000000e+05 -9.038389000000000451e+00
2.318103250000000116e+05 -9.006353000000000719e+00
2.318103999999999942e+05 -8.189719000000000193e+00
2.318104750000000058e+05 -7.451412999999999620e+00
2.318105500000000175e+05 -7.440801999999999694e+00
2.318106250000000000e+05 -6.339523999999999937e+00
2.318107000000000116e+05 -5.919518000000000058e+00
2.318107749999999942e+05 -6.048877000000000059e+00
2.318108500000000058e+05 -4.685490999999999850e+00
2.318109250000000175e+05 -4.148554999999999993e+00
2.318110000000000000e+05 -3.459388000000000130e+00
2.318110750000000116e+05 -3.100620999999999849e+00
2.318111499999999942e+05 -2.683838000000000168e+00
2.318112250000000058e+05 -1.357515999999999945e+00
2.318113000000000175e+05 -1.665186000000000055e+00
2.318113750000000000e+05 -1.031155000000000044e+00
2.318114500000000116e+05 -5.673181000000000473e-01
2.318115249999999942e+05 2.812070999999999876e-01
2.318116000000000058e+05 8.843826000000000187e-01
2.318116750000000175e+05 9.589298000000000544e-01
2.318117500000000000e+05 1.405332000000000026e+00
2.318118250000000116e+05 1.835679000000000061e+00
2.318118999999999942e+05 1.800025999999999904e+00
2.318119750000000058e+05 1.809020999999999990e+00
2.318120500000000175e+05 1.870916999999999941e+00
2.318121250000000000e+05 1.307666999999999913e+00
2.318122000000000116e+05 7.742558999999999969e-01
2.318122749999999942e+05 5.305691000000000157e-01
2.318123500000000058e+05 -2.827690999999999955e-01
2.318124250000000175e+05 -1.114146999999999998e+00
2.318125000000000000e+05 -2.232782999999999962e+00
2.318125750000000116e+05 -2.395726999999999940e+00
2.318126499999999942e+05 -3.190137000000000000e+00
2.318127250000000058e+05 -3.012061000000000099e+00
2.318128000000000175e+05 -2.833788000000000196e+00
2.318128750000000000e+05 -2.380751000000000062e+00
2.318129500000000116e+05 -2.321861999999999870e+00
2.318130249999999942e+05 -2.599079000000000139e+00
2.318131000000000058e+05 -2.923817000000000110e+00
2.318131750000000175e+05 -4.278936999999999991e+00
2.318132500000000000e+05 -4.309350000000000236e+00
2.318133250000000116e+05 -4.815535999999999817e+00
2.318133999999999942e+05 -5.235828999999999844e+00
2.318134750000000058e+05 -5.025551000000000101e+00
2.318135500000000175e+05 -4.729883000000000060e+00
2.318136250000000000e+05 -4.496565999999999619e+00
2.318137000000000116e+05 -5.535065000000000346e+00
2.318137749999999942e+05 -5.932123999999999953e+00
2.318138500000000058e+05 -5.883672999999999931e+00
2.318139250000000175e+05 -6.470660999999999774e+00
2.318140000000000000e+05 -6.778833999999999804e+00
2.318140750000000116e+05 -6.899250000000000327e+00
2.318141499999999942e+05 -6.983503999999999934e+00
2.318142250000000058e+05 -7.247408000000000072e+00
2.318143000000000175e+05 -7.775153000000000425e+00
2.318143750000000000e+05 -7.666038999999999604e+00
2.318144500000000116e+05 -8.641415999999999542e+00
2.318145249999999942e+05 -8.170132000000000616e+00
2.318146000000000058e+05 -8.761623000000000161e+00
2.318146750000000175e+05 -8.662167000000000172e+00
2.318147500000000000e+05 -9.716146000000000171e+00
2.318148250000000116e+05 -9.646015999999999480e+00
2.318148999999999942e+05 -9.606279000000000678e+00
2.318149750000000058e+05 -9.635365000000000180e+00
2.318150500000000175e+05 -1.125061000000000000e+01
2.318151250000000000e+05 -1.186253999999999920e+01
2.318152000000000116e+05 -1.024573999999999963e+01
2.318152749999999942e+05 -1.066314000000000028e+01
2.318153500000000058e+05 -1.155443999999999960e+01
2.318154250000000175e+05 -1.203505999999999965e+01
2.318155000000000000e+05 -1.225467000000000084e+01
2.318155750000000116e+05 -1.128692999999999991e+01
2.318156499999999942e+05 -1.228423000000000087e+01
2.318157250000000058e+05 -1.309657999999999944e+01
2.318158000000000175e+05 -1.279237999999999964e+01
2.318158750000000000e+05 -1.223357000000000028e+01
2.318159500000000116e+05 -1.273113999999999990e+01
2.318160249999999942e+05 -1.487188000000000088e+01
2.318161000000000058e+05 -1.298326999999999920e+01
2.318161750000000175e+05 -1.287923999999999936e+01
2.318162500000000000e+05 -1.440989000000000075e+01
2.318163250000000116e+05 -1.485665000000000013e+01
2.318163999999999942e+05 -1.328105000000000047e+01
2.318164750000000058e+05 -1.496402999999999928e+01
2.318165500000000175e+05 -1.654298000000000002e+01
2.318166250000000000e+05 -1.390554999999999986e+01
2.318167000000000116e+05 -1.382039999999999935e+01
2.318167749999999942e+05 -2.007814000000000121e+01
2.318168500000000058e+05 -1.797000999999999848e+01
2.318169250000000175e+05 -1.631880999999999915e+01
2.318170000000000000e+05 -1.645889000000000024e+01
2.318170750000000116e+05 -1.537660999999999945e+01
2.318171499999999942e+05 -1.633915000000000006e+01
2.318172250000000058e+05 -2.081918999999999897e+01
2.318173000000000175e+05 -1.706952000000000069e+01
2.318173750000000000e+05 -1.660337000000000174e+01
2.318174500000000116e+05 -2.252683999999999997e+01
2.318175249999999942e+05 -1.735698000000000008e+01
2.318176000000000058e+05 -2.110595999999999961e+01
2.318176750000000175e+05 -1.720722999999999914e+01
2.318177500000000000e+05 -1.716784000000000177e+01
2.318178250000000116e+05 -2.500721000000000060e+01
2.318178999999999942e+05 -1.682497000000000043e+01
2.318179750000000058e+05 -1.753284000000000020e+01
2.318180500000000175e+05 -1.914232000000000156e+01
2.318181250000000000e+05 -1.971199999999999974e+01
2.318182000000000116e+05 -3.028254000000000090e+01
2.318182749999999942e+05 -1.916331999999999880e+01
2.318183500000000058e+05 -2.601831999999999923e+01
2.318184250000000175e+05 -1.986455000000000126e+01
2.318185000000000000e+05 -2.076211999999999946e+01
2.318185750000000116e+05 -2.698398999999999859e+01
2.318186499999999942e+05 -1.760407000000000011e+01
2.318187250000000058e+05 -2.904711999999999961e+01
2.318188000000000175e+05 -2.196284999999999954e+01
2.318188750000000000e+05 -2.258895000000000053e+01
2.318189500000000116e+05 -2.305038000000000054e+01
2.318190249999999942e+05 -2.446192999999999884e+01
2.318191000000000058e+05 -2.884563999999999950e+01
2.318191750000000175e+05 -2.054436000000000107e+01
2.318192500000000000e+05 -2.440990000000000038e+01
2.318193250000000116e+05 -1.935002000000000066e+01
2.318193999999999942e+05 -3.145642000000000138e+01
2.318194750000000058e+05 -1.887921000000000049e+01
2.318195500000000175e+05 -3.321101000000000170e+01
2.318196250000000000e+05 -2.190663999999999945e+01
2.318197000000000116e+05 -3.822648999999999830e+01
2.318197749999999942e+05 -2.246336000000000155e+01
2.318198500000000058e+05 -2.619409999999999883e+01
2.318199250000000175e+05 -1.840260999999999925e+01
2.318200000000000000e+05 -3.551811000000000007e+01
2.318200750000000116e+05 -1.996715999999999980e+01
2.318201499999999942e+05 -2.977203000000000088e+01
2.318202250000000058e+05 -1.734340999999999866e+01
2.318203000000000175e+05 -2.735746999999999929e+01
2.318203750000000000e+05 -2.326473000000000013e+01
2.318204500000000116e+05 -2.536427000000000120e+01
2.318205249999999942e+05 -2.268746000000000151e+01
2.318206000000000058e+05 -2.368087999999999838e+01
2.318206750000000175e+05 -2.890784999999999982e+01
2.318207500000000000e+05 -2.355439000000000149e+01
2.318208250000000116e+05 -3.125573999999999941e+01
2.318208999999999942e+05 -2.133878999999999948e+01
2.318209750000000058e+05 -3.193568000000000140e+01
2.318210500000000175e+05 -2.603869999999999862e+01
2.318211250000000000e+05 -2.774649000000000143e+01
2.318212000000000116e+05 -2.650881000000000043e+01
2.318212749999999942e+05 -2.472100000000000009e+01
2.318213500000000058e+05 -3.243459000000000003e+01
2.318214250000000175e+05 -2.319482999999999961e+01
2.318215000000000000e+05 -2.685340000000000060e+01
2.318215750000000116e+05 -2.253975000000000151e+01
2.318216499999999942e+05 -2.622514999999999930e+01
2.318217250000000058e+05 -2.438670000000000115e+01
2.318218000000000175e+05 -2.820317000000000007e+01
2.318218750000000000e+05 -2.908355999999999852e+01
2.318219500000000116e+05 -2.015075999999999823e+01
2.318220249999999942e+05 -2.720006000000000057e+01
2.318221000000000058e+05 -3.326520000000000010e+01
2.318221750000000175e+05 -2.853425999999999974e+01
2.318222500000000000e+05 -2.501069999999999993e+01
2.318223250000000116e+05 -2.814489999999999981e+01
2.318223999999999942e+05 -2.183339000000000141e+01
2.318224750000000058e+05 -2.237628000000000128e+01
2.318225500000000175e+05 -2.553544000000000125e+01
2.318226250000000000e+05 -2.204523999999999972e+01
2.318227000000000116e+05 -2.284513000000000105e+01
2.318227749999999942e+05 -2.436093999999999937e+01
2.318228500000000058e+05 -2.194184999999999874e+01
2.318229250000000175e+05 -2.292595000000000027e+01
2.318230000000000000e+05 -2.710724000000000089e+01
2.318230750000000116e+05 -2.536636000000000024e+01
2.318231499999999942e+05 -2.522422999999999860e+01
2.318232250000000058e+05 -2.167607999999999890e+01
2.318233000000000175e+05 -2.639906999999999826e+01
2.318233750000000000e+05 -2.414947000000000088e+01
2.318234500000000116e+05 -2.407687999999999917e+01
2.318235249999999942e+05 -2.684975999999999985e+01
2.318236000000000058e+05 -2.771825000000000117e+01
2.318236750000000175e+05 -2.391543000000000063e+01
2.318237500000000000e+05 -2.039720000000000155e+01
2.318238250000000116e+05 -2.563503000000000043e+01
2.318238999999999942e+05 -2.242191000000000045e+01
2.318239750000000058e+05 -2.494334999999999880e+01
2.318240500000000175e+05 -2.601117999999999952e+01
2.318241250000000000e+05 -2.693286000000000158e+01
2.318242000000000116e+05 -2.039682000000000173e+01
2.318242749999999942e+05 -2.369591000000000136e+01
2.318243500000000058e+05 -2.709915000000000163e+01
2.318244250000000175e+05 -2.311502000000000123e+01
2.318245000000000000e+05 -2.108751000000000175e+01
2.318245750000000116e+05 -1.998723000000000027e+01
2.318246499999999942e+05 -2.356834999999999880e+01
2.318247250000000058e+05 -2.762319000000000102e+01
2.318248000000000175e+05 -2.327032000000000167e+01
2.318248750000000000e+05 -2.327509999999999835e+01
2.318249500000000116e+05 -2.155177000000000120e+01
2.318250249999999942e+05 -2.241486000000000089e+01
2.318251000000000058e+05 -2.444129999999999825e+01
2.318251750000000175e+05 -2.151907999999999888e+01
2.318252500000000000e+05 -2.614796000000000120e+01
2.318253250000000116e+05 -2.383264000000000138e+01
2.318253999999999942e+05 -2.515391999999999939e+01
2.318254750000000058e+05 -2.699143000000000114e+01
2.318255500000000175e+05 -2.410001000000000104e+01
2.318256250000000000e+05 -2.185381999999999891e+01
2.318257000000000116e+05 -2.291223000000000098e+01
2.318257749999999942e+05 -2.452113999999999905e+01
2.318258500000000058e+05 -2.653087999999999980e+01
2.318259250000000175e+05 -2.567849999999999966e+01
2.318260000000000000e+05 -2.080699999999999861e+01
2.318260750000000116e+05 -2.526671999999999940e+01
2.318261499999999942e+05 -2.297989000000000104e+01
2.318262250000000058e+05 -2.181616000000000000e+01
2.318263000000000175e+05 -1.924462000000000117e+01
2.318263750000000000e+05 -2.286698000000000164e+01
2.318264500000000116e+05 -2.905507000000000062e+01
2.318265249999999942e+05 -2.362922000000000011e+01
2.318266000000000058e+05 -2.514763999999999911e+01
2.318266750000000175e+05 -2.650197999999999965e+01
2.318267500000000000e+05 -2.312972999999999857e+01
2.318268250000000116e+05 -2.344575999999999993e+01
2.318268999999999942e+05 -2.157101000000000113e+01
2.318269750000000058e+05 -2.708986000000000161e+01
