# Temperature: None K
2.317968250000000116e+05 -2.240277000000000029e+01
2.317969000000000233e+05 -2.367417000000000016e+01
2.317969750000000058e+05 -1.965787999999999869e+01
2.317970500000000175e+05 -1.611786999999999992e+01
2.317971250000000000e+05 -1.844523999999999830e+01
2.317972000000000116e+05 -1.728669000000000011e+01
2.317972750000000233e+05 -2.337931999999999988e+01
2.317973500000000058e+05 -2.094641000000000020e+01
2.317974250000000175e+05 -1.820297000000000054e+01
2.317975000000000000e+05 -2.034889000000000081e+01
2.317975750000000116e+05 -2.147718000000000060e+01
2.317976500000000233e+05 -2.783158999999999850e+01
2.317977250000000058e+05 -2.025080000000000169e+01
2.317978000000000175e+05 -1.950034000000000134e+01
2.317978750000000000e+05 -2.181527000000000172e+01
2.317979500000000116e+05 -2.118297000000000097e+01
2.317980250000000233e+05 -1.990542999999999907e+01
2.317981000000000058e+05 -1.864417999999999864e+01
2.317981750000000175e+05 -1.893977999999999895e+01
2.317982500000000000e+05 -2.243382000000000076e+01
2.317983250000000116e+05 -1.686683000000000021e+01
2.317984000000000233e+05 -1.785291000000000139e+01
2.317984750000000058e+05 -1.935529999999999973e+01
2.317985500000000175e+05 -1.896930000000000049e+01
2.317986250000000000e+05 -1.802201000000000164e+01
2.317987000000000116e+05 -2.029142999999999830e+01
2.317987750000000233e+05 -1.895642000000000138e+01
2.317988500000000058e+05 -1.941119000000000128e+01
2.317989250000000175e+05 -1.639010999999999996e+01
2.317990000000000000e+05 -1.927586000000000155e+01
2.317990750000000116e+05 -2.281230000000000047e+01
2.317991500000000233e+05 -1.757241000000000142e+01
2.317992250000000058e+05 -1.930216000000000065e+01
2.317993000000000175e+05 -1.998164999999999836e+01
2.317993750000000000e+05 -2.038106000000000151e+01
2.317994500000000116e+05 -1.967238000000000042e+01
2.317995250000000233e+05 -1.968419000000000096e+01
2.317996000000000058e+05 -1.836058999999999841e+01
2.317996750000000175e+05 -1.924746000000000024e+01
2.317997500000000000e+05 -1.866252000000000066e+01
2.317998250000000116e+05 -1.831849000000000061e+01
2.317999000000000233e+05 -1.879024000000000072e+01
2.317999750000000058e+05 -2.115509000000000128e+01
2.318000500000000175e+05 -1.764113000000000042e+01
2.318001250000000000e+05 -2.064214000000000127e+01
2.318002000000000116e+05 -1.837757999999999825e+01
2.318002750000000233e+05 -1.997738000000000014e+01
2.318003500000000058e+05 -2.109063000000000088e+01
2.318004250000000175e+05 -1.889482999999999890e+01
2.318005000000000000e+05 -2.123199999999999932e+01
2.318005750000000116e+05 -1.957407999999999859e+01
2.318006500000000233e+05 -1.578251999999999988e+01
2.318007250000000058e+05 -2.066710000000000136e+01
2.318008000000000175e+05 -1.830675000000000097e+01
2.318008750000000000e+05 -1.890099000000000018e+01
2.318009500000000116e+05 -2.241644000000000148e+01
2.318010250000000233e+05 -1.870920999999999879e+01
2.318011000000000058e+05 -1.875918000000000063e+01
2.318011750000000175e+05 -2.002602999999999867e+01
2.318012500000000000e+05 -1.846734000000000009e+01
2.318013250000000116e+05 -1.844894999999999996e+01
2.318014000000000233e+05 -1.804824999999999946e+01
2.318014750000000058e+05 -2.237229999999999919e+01
2.318015500000000175e+05 -1.842779000000000167e+01
2.318016250000000000e+05 -1.888540000000000063e+01
2.318017000000000116e+05 -1.740467999999999904e+01
2.318017750000000233e+05 -1.810219999999999985e+01
2.318018500000000058e+05 -1.952906000000000120e+01
2.318019250000000175e+05 -1.826707000000000036e+01
2.318020000000000000e+05 -1.894954999999999856e+01
2.318020750000000116e+05 -1.735311000000000092e+01
2.318021500000000233e+05 -1.781096000000000146e+01
2.318022250000000058e+05 -1.796685000000000088e+01
2.318023000000000175e+05 -2.023685000000000045e+01
2.318023750000000000e+05 -1.926550999999999902e+01
2.318024500000000116e+05 -1.792913000000000068e+01
2.318025250000000233e+05 -1.913479999999999848e+01
2.318026000000000058e+05 -1.893080000000000140e+01
2.318026750000000175e+05 -1.688399000000000072e+01
2.318027500000000000e+05 -1.902509999999999835e+01
2.318028250000000116e+05 -1.662901000000000096e+01
2.318029000000000233e+05 -1.728125000000000000e+01
2.318029750000000058e+05 -1.799598999999999904e+01
2.318030500000000175e+05 -1.803557999999999950e+01
2.318031250000000000e+05 -1.765522999999999954e+01
2.318032000000000116e+05 -1.761423999999999879e+01
2.318032750000000233e+05 -1.975439000000000078e+01
2.318033500000000058e+05 -1.650844000000000023e+01
2.318034250000000175e+05 -1.829007000000000005e+01
2.318035000000000000e+05 -1.757976000000000028e+01
2.318035750000000116e+05 -1.684055999999999997e+01
2.318036500000000233e+05 -1.956093999999999866e+01
2.318037250000000058e+05 -1.814791999999999916e+01
2.318038000000000175e+05 -1.679060000000000130e+01
2.318038750000000000e+05 -1.767638000000000176e+01
2.318039500000000116e+05 -1.793727000000000160e+01
2.318040250000000233e+05 -1.689958000000000027e+01
2.318041000000000058e+05 -1.808550999999999931e+01
2.318041750000000175e+05 -1.987239999999999895e+01
2.318042500000000000e+05 -1.871383000000000152e+01
2.318043250000000116e+05 -1.786591999999999913e+01
2.318044000000000233e+05 -1.547220000000000084e+01
2.318044750000000058e+05 -1.821705000000000041e+01
2.318045500000000175e+05 -1.795442999999999856e+01
2.318046250000000000e+05 -1.615487999999999857e+01
2.318047000000000116e+05 -1.818919999999999959e+01
2.318047750000000233e+05 -1.707885999999999882e+01
2.318048500000000058e+05 -1.789352999999999838e+01
2.318049250000000175e+05 -1.931537000000000148e+01
2.318050000000000000e+05 -1.690755000000000052e+01
2.318050750000000116e+05 -1.897852999999999923e+01
2.318051500000000233e+05 -1.952027000000000001e+01
2.318052250000000058e+05 -1.768834999999999980e+01
2.318053000000000175e+05 -1.914008000000000109e+01
2.318053750000000000e+05 -2.029449999999999932e+01
2.318054500000000116e+05 -1.696452999999999989e+01
2.318055250000000233e+05 -1.601904000000000039e+01
2.318056000000000058e+05 -1.681069000000000102e+01
2.318056750000000175e+05 -1.722512000000000043e+01
2.318057500000000000e+05 -1.906103999999999843e+01
2.318058250000000116e+05 -1.607135999999999854e+01
2.318059000000000233e+05 -1.906063999999999936e+01
2.318059750000000058e+05 -1.612464999999999904e+01
2.318060500000000175e+05 -1.570307999999999993e+01
2.318061250000000000e+05 -1.684354000000000084e+01
2.318062000000000116e+05 -1.793627000000000038e+01
2.318062750000000233e+05 -1.740953000000000017e+01
2.318063500000000058e+05 -1.874495999999999896e+01
2.318064250000000175e+05 -1.646131000000000100e+01
2.318065000000000000e+05 -1.481180999999999948e+01
2.318065750000000116e+05 -1.712055000000000149e+01
2.318066500000000233e+05 -1.726578999999999908e+01
2.318067250000000058e+05 -1.567167000000000066e+01
2.318068000000000175e+05 -1.707397999999999882e+01
2.318068750000000000e+05 -1.722796999999999912e+01
2.318069500000000116e+05 -1.693955000000000055e+01
2.318070250000000233e+05 -1.567955000000000076e+01
2.318071000000000058e+05 -1.674333999999999989e+01
2.318071750000000175e+05 -1.597082999999999942e+01
2.318072500000000000e+05 -1.724299999999999855e+01
2.318073250000000116e+05 -1.662816000000000116e+01
2.318074000000000233e+05 -1.558286000000000016e+01
2.318074750000000058e+05 -1.486481000000000030e+01
2.318075500000000175e+05 -1.498698000000000086e+01
2.318076250000000000e+05 -1.632010000000000005e+01
2.318077000000000116e+05 -1.664649000000000001e+01
2.318077750000000233e+05 -1.498488000000000042e+01
2.318078500000000058e+05 -1.393607000000000085e+01
2.318079250000000175e+05 -1.583569999999999922e+01
2.318080000000000000e+05 -1.434932000000000052e+01
2.318080750000000116e+05 -1.412908999999999970e+01
2.318081500000000233e+05 -1.578680999999999912e+01
2.318082250000000058e+05 -1.546171000000000006e+01
2.318083000000000175e+05 -1.337723000000000084e+01
2.318083750000000000e+05 -1.713492000000000104e+01
2.318084500000000116e+05 -1.487494000000000050e+01
2.318085250000000233e+05 -1.617728999999999928e+01
2.318086000000000058e+05 -1.452837000000000067e+01
2.318086750000000175e+05 -1.348872000000000071e+01
2.318087500000000000e+05 -1.373193000000000019e+01
2.318088250000000116e+05 -1.444853999999999949e+01
2.318089000000000233e+05 -1.259975000000000023e+01
2.318089750000000058e+05 -1.290920999999999985e+01
2.318090500000000175e+05 -1.237975999999999921e+01
2.318091250000000000e+05 -1.233923000000000059e+01
2.318092000000000116e+05 -1.276357999999999926e+01
2.318092750000000233e+05 -1.155855000000000032e+01
2.318093500000000058e+05 -1.288658000000000037e+01
2.318094250000000175e+05 -1.270470000000000077e+01
2.318095000000000000e+05 -1.236556000000000033e+01
2.318095750000000116e+05 -1.130291000000000068e+01
2.318096500000000233e+05 -1.113133000000000017e+01
2.318097250000000058e+05 -9.883499000000000478e+00
2.318098000000000175e+05 -1.091618000000000066e+01
2.318098750000000000e+05 -1.019134999999999991e+01
2.318099500000000116e+05 -1.029423000000000066e+01
2.318100250000000233e+05 -9.118558000000000163e+00
2.318101000000000058e+05 -9.563501999999999725e+00
2.318101750000000175e+05 -9.555243000000000819e+00
2.318102500000000000e+05 -7.499258000000000202e+00
2.318103250000000116e+05 -8.026289000000000229e+00
2.318104000000000233e+05 -7.266567000000000220e+00
2.318104750000000058e+05 -6.523653000000000368e+00
2.318105500000000175e+05 -6.504782999999999760e+00
2.318106250000000000e+05 -5.740346999999999866e+00
2.318107000000000116e+05 -5.163402999999999743e+00
2.318107750000000233e+05 -4.661128999999999856e+00
2.318108500000000058e+05 -3.709417999999999882e+00
2.318109250000000175e+05 -3.162809000000000204e+00
2.318110000000000000e+05 -2.386127999999999805e+00
2.318110750000000116e+05 -1.984021999999999952e+00
2.318111500000000233e+05 -1.772558999999999996e+00
2.318112250000000058e+05 -9.501245000000000385e-01
2.318113000000000175e+05 -6.600549999999999473e-01
2.318113750000000000e+05 9.300297000000000425e-02
2.318114500000000116e+05 6.231115000000000403e-01
2.318115250000000233e+05 1.067703999999999986e+00
2.318116000000000058e+05 1.346565999999999930e+00
2.318116750000000175e+05 1.718132999999999910e+00
2.318117500000000000e+05 1.801255000000000051e+00
2.318118250000000116e+05 1.656193000000000026e+00
2.318119000000000233e+05 1.784405000000000019e+00
2.318119750000000058e+05 1.540354000000000001e+00
2.318120500000000175e+05 1.106940999999999953e+00
2.318121250000000000e+05 5.960258000000000500e-01
2.318122000000000116e+05 -1.184555999999999942e-01
2.318122750000000233e+05 -1.196579000000000059e+00
2.318123500000000058e+05 -1.841418999999999917e+00
2.318124250000000175e+05 -2.548890999999999796e+00
2.318125000000000000e+05 -3.349613999999999869e+00
2.318125750000000116e+05 -3.010494000000000003e+00
2.318126500000000233e+05 -2.504907999999999912e+00
2.318127250000000058e+05 -2.364557000000000020e+00
2.318128000000000175e+05 -2.262551999999999897e+00
2.318128750000000000e+05 -2.514321999999999946e+00
2.318129500000000116e+05 -2.913790999999999798e+00
2.318130250000000233e+05 -3.513488999999999862e+00
2.318131000000000058e+05 -4.204036000000000328e+00
2.318131750000000175e+05 -4.957697999999999716e+00
2.318132500000000000e+05 -4.846055999999999919e+00
2.318133250000000116e+05 -4.306058000000000163e+00
2.318134000000000233e+05 -4.648188000000000208e+00
2.318134750000000058e+05 -4.456438999999999595e+00
2.318135500000000175e+05 -5.370292000000000066e+00
2.318136250000000000e+05 -5.613358999999999988e+00
2.318137000000000116e+05 -6.038227000000000011e+00
2.318137750000000233e+05 -6.518672999999999718e+00
2.318138500000000058e+05 -6.015189000000000341e+00
2.318139250000000175e+05 -6.916464999999999641e+00
2.318140000000000000e+05 -7.000987000000000293e+00
2.318140750000000116e+05 -7.423058000000000156e+00
2.318141500000000233e+05 -7.034104000000000134e+00
2.318142250000000058e+05 -8.186360000000000525e+00
2.318143000000000175e+05 -8.624741000000000213e+00
2.318143750000000000e+05 -7.989016999999999591e+00
2.318144500000000116e+05 -7.989269000000000176e+00
2.318145250000000233e+05 -9.156650000000000844e+00
2.318146000000000058e+05 -8.953476000000000212e+00
2.318146750000000175e+05 -9.575141999999999598e+00
2.318147500000000000e+05 -9.491415999999999187e+00
2.318148250000000116e+05 -1.032109999999999950e+01
2.318149000000000233e+05 -1.094510000000000005e+01
2.318149750000000058e+05 -1.121574000000000026e+01
2.318150500000000175e+05 -1.120088999999999935e+01
2.318151250000000000e+05 -9.872484999999999289e+00
2.318152000000000116e+05 -1.080227000000000004e+01
2.318152750000000233e+05 -1.024000000000000021e+01
2.318153500000000058e+05 -1.135528000000000048e+01
2.318154250000000175e+05 -1.127791999999999994e+01
2.318155000000000000e+05 -1.279203000000000046e+01
2.318155750000000116e+05 -1.284168999999999983e+01
2.318156500000000233e+05 -1.313762999999999970e+01
2.318157250000000058e+05 -1.255114000000000019e+01
2.318158000000000175e+05 -1.129874000000000045e+01
2.318158750000000000e+05 -1.557215000000000060e+01
2.318159500000000116e+05 -1.718131999999999948e+01
2.318160250000000233e+05 -1.232850999999999964e+01
2.318161000000000058e+05 -1.354193000000000069e+01
2.318161750000000175e+05 -1.762190000000000012e+01
2.318162500000000000e+05 -1.440978999999999921e+01
2.318163250000000116e+05 -1.386251000000000033e+01
2.318164000000000233e+05 -1.626284000000000063e+01
2.318164750000000058e+05 -1.531076999999999977e+01
2.318165500000000175e+05 -1.361224999999999952e+01
2.318166250000000000e+05 -1.693777000000000044e+01
2.318167000000000116e+05 -1.615484999999999971e+01
2.318167750000000233e+05 -1.588185000000000002e+01
2.318168500000000058e+05 -1.952835999999999927e+01
2.318169250000000175e+05 -1.681099999999999994e+01
2.318170000000000000e+05 -1.508128999999999920e+01
2.318170750000000116e+05 -1.984256999999999849e+01
2.318171500000000233e+05 -1.717751000000000161e+01
2.318172250000000058e+05 -1.736854999999999905e+01
2.318173000000000175e+05 -2.519294000000000011e+01
2.318173750000000000e+05 -1.695649999999999835e+01
2.318174500000000116e+05 -1.881783000000000072e+01
2.318175250000000233e+05 -2.237339000000000055e+01
2.318176000000000058e+05 -1.866902999999999935e+01
2.318176750000000175e+05 -2.183531999999999940e+01
2.318177500000000000e+05 -1.852533999999999992e+01
2.318178250000000116e+05 -1.763004000000000104e+01
2.318179000000000233e+05 -2.544882000000000133e+01
2.318179750000000058e+05 -1.781889999999999930e+01
2.318180500000000175e+05 -2.297241000000000000e+01
2.318181250000000000e+05 -2.673104000000000013e+01
2.318182000000000116e+05 -1.955227000000000004e+01
2.318182750000000233e+05 -3.036092999999999975e+01
2.318183500000000058e+05 -1.723417999999999850e+01
2.318184250000000175e+05 -2.602909999999999968e+01
2.318185000000000000e+05 -2.032920000000000016e+01
2.318185750000000116e+05 -2.356215999999999866e+01
2.318186500000000233e+05 -1.819098999999999933e+01
2.318187250000000058e+05 -2.037452000000000041e+01
2.318188000000000175e+05 -2.899265000000000114e+01
2.318188750000000000e+05 -2.070973000000000042e+01
2.318189500000000116e+05 -2.993517999999999901e+01
2.318190250000000233e+05 -1.966156000000000148e+01
2.318191000000000058e+05 -3.070823999999999998e+01
2.318191750000000175e+05 -1.957410000000000139e+01
2.318192500000000000e+05 -2.822083999999999904e+01
2.318193250000000116e+05 -2.037505000000000166e+01
2.318194000000000233e+05 -2.685397000000000034e+01
2.318194750000000058e+05 -1.894084000000000145e+01
2.318195500000000175e+05 -3.600032999999999817e+01
2.318196250000000000e+05 -2.410654999999999859e+01
2.318197000000000116e+05 -2.890401999999999916e+01
2.318197750000000233e+05 -2.332422000000000040e+01
2.318198500000000058e+05 -3.421157999999999788e+01
2.318199250000000175e+05 -2.166143999999999892e+01
2.318200000000000000e+05 -4.722238999999999720e+01
2.318200750000000116e+05 -2.290480000000000160e+01
2.318201500000000233e+05 -3.130024999999999835e+01
2.318202250000000058e+05 -2.075037999999999982e+01
2.318203000000000175e+05 -3.393807999999999936e+01
2.318203750000000000e+05 -2.145801000000000158e+01
2.318204500000000116e+05 -2.685343999999999909e+01
2.318205250000000233e+05 -2.320304000000000144e+01
2.318206000000000058e+05 -2.578952999999999918e+01
2.318206750000000175e+05 -2.805562000000000111e+01
2.318207500000000000e+05 -2.294031999999999982e+01
2.318208250000000116e+05 -2.884361000000000175e+01
2.318209000000000233e+05 -2.085982999999999876e+01
2.318209750000000058e+05 -2.726345999999999847e+01
2.318210500000000175e+05 -1.901945999999999870e+01
2.318211250000000000e+05 -2.410488000000000142e+01
2.318212000000000116e+05 -2.438157999999999959e+01
2.318212750000000233e+05 -2.645617999999999981e+01
2.318213500000000058e+05 -3.363033999999999679e+01
2.318214250000000175e+05 -1.975816000000000017e+01
2.318215000000000000e+05 -2.477409000000000106e+01
2.318215750000000116e+05 -2.157607000000000141e+01
2.318216500000000233e+05 -2.190172000000000097e+01
2.318217250000000058e+05 -2.525300000000000011e+01
2.318218000000000175e+05 -2.324339000000000155e+01
2.318218750000000000e+05 -2.490589999999999904e+01
2.318219500000000116e+05 -3.340518999999999750e+01
2.318220250000000233e+05 -2.209219999999999828e+01
2.318221000000000058e+05 -2.316937000000000069e+01
2.318221750000000175e+05 -2.380392000000000152e+01
2.318222500000000000e+05 -2.505307000000000173e+01
2.318223250000000116e+05 -3.084725999999999857e+01
2.318224000000000233e+05 -2.382060999999999851e+01
2.318224750000000058e+05 -2.508024999999999949e+01
2.318225500000000175e+05 -2.529399000000000086e+01
2.318226250000000000e+05 -2.641854000000000013e+01
2.318227000000000116e+05 -2.572240000000000038e+01
2.318227750000000233e+05 -2.478031000000000006e+01
2.318228500000000058e+05 -3.063989000000000118e+01
2.318229250000000175e+05 -2.482496000000000080e+01
2.318230000000000000e+05 -2.865615000000000023e+01
2.318230750000000116e+05 -2.357384000000000057e+01
2.318231500000000233e+05 -2.174340000000000117e+01
2.318232250000000058e+05 -2.200690000000000168e+01
2.318233000000000175e+05 -2.936364000000000019e+01
2.318233750000000000e+05 -2.655462999999999951e+01
2.318234500000000116e+05 -2.291499999999999915e+01
2.318235250000000233e+05 -3.051888999999999896e+01
2.318236000000000058e+05 -2.824052999999999969e+01
2.318236750000000175e+05 -2.451341000000000037e+01
2.318237500000000000e+05 -2.067664999999999864e+01
2.318238250000000116e+05 -2.328000000000000114e+01
2.318239000000000233e+05 -2.604630999999999830e+01
2.318239750000000058e+05 -2.375305000000000177e+01
2.318240500000000175e+05 -2.638552999999999926e+01
2.318241250000000000e+05 -2.629756000000000071e+01
2.318242000000000116e+05 -2.377075999999999922e+01
2.318242750000000233e+05 -2.477093999999999951e+01
2.318243500000000058e+05 -2.379597000000000051e+01
2.318244250000000175e+05 -2.240168999999999855e+01
2.318245000000000000e+05 -2.315942000000000078e+01
2.318245750000000116e+05 -2.589078999999999908e+01
2.318246500000000233e+05 -2.076050000000000040e+01
2.318247250000000058e+05 -2.248483999999999838e+01
2.318248000000000175e+05 -2.757469000000000037e+01
2.318248750000000000e+05 -2.470188999999999879e+01
2.318249500000000116e+05 -2.108195999999999870e+01
2.318250250000000233e+05 -2.233126000000000033e+01
2.318251000000000058e+05 -2.293880000000000052e+01
2.318251750000000175e+05 -2.376807000000000158e+01
2.318252500000000000e+05 -2.309510999999999825e+01
2.318253250000000116e+05 -2.400861000000000089e+01
2.318254000000000233e+05 -2.314837999999999951e+01
2.318254750000000058e+05 -2.434518999999999878e+01
2.318255500000000175e+05 -2.345409000000000077e+01
2.318256250000000000e+05 -2.036122999999999905e+01
2.318257000000000116e+05 -2.727206999999999937e+01
2.318257750000000233e+05 -2.618105999999999867e+01
2.318258500000000058e+05 -2.223873999999999995e+01
2.318259250000000175e+05 -2.972027999999999892e+01
2.318260000000000000e+05 -2.308468999999999838e+01
2.318260750000000116e+05 -3.072824999999999918e+01
2.318261500000000233e+05 -2.284356000000000009e+01
2.318262250000000058e+05 -2.441685000000000016e+01
2.318263000000000175e+05 -2.557845000000000013e+01
2.318263750000000000e+05 -2.347419999999999973e+01
2.318264500000000116e+05 -2.479491000000000156e+01
2.318265250000000233e+05 -2.326540999999999926e+01
2.318266000000000058e+05 -2.212299000000000149e+01
2.318266750000000175e+05 -2.348706999999999923e+01
2.318267500000000000e+05 -1.982805000000000106e+01
2.318268250000000116e+05 -2.066348999999999947e+01
