# Temperature: None K
2.317380249999999942e+05 -1.876986000000000132e+01
2.317381000000000058e+05 -2.204232000000000014e+01
2.317381749999999884e+05 -1.987276999999999916e+01
2.317382500000000000e+05 -1.994074000000000169e+01
2.317383249999999825e+05 -2.046471999999999980e+01
2.317383999999999942e+05 -1.823526999999999987e+01
2.317384750000000058e+05 -2.004598000000000013e+01
2.317385499999999884e+05 -1.896132000000000062e+01
2.317386250000000000e+05 -2.099971999999999994e+01
2.317386999999999825e+05 -2.063021000000000171e+01
2.317387749999999942e+05 -2.071831999999999852e+01
2.317388500000000058e+05 -2.068592999999999904e+01
2.317389249999999884e+05 -1.738766999999999996e+01
2.317390000000000000e+05 -2.085480000000000089e+01
2.317390749999999825e+05 -1.923881000000000085e+01
2.317391499999999942e+05 -2.122441999999999851e+01
2.317392250000000058e+05 -1.852544999999999931e+01
2.317392999999999884e+05 -1.841554000000000002e+01
2.317393750000000000e+05 -2.136336000000000013e+01
2.317394499999999825e+05 -1.872918999999999912e+01
2.317395249999999942e+05 -2.039379999999999882e+01
2.317396000000000058e+05 -2.043540000000000134e+01
2.317396749999999884e+05 -1.711600999999999928e+01
2.317397500000000000e+05 -1.883771000000000129e+01
2.317398249999999825e+05 -2.027654000000000067e+01
2.317398999999999942e+05 -1.978351999999999933e+01
2.317399750000000058e+05 -1.907768000000000086e+01
2.317400499999999884e+05 -1.869197000000000131e+01
2.317401250000000000e+05 -2.014733999999999980e+01
2.317401999999999825e+05 -1.949324999999999974e+01
2.317402749999999942e+05 -1.960406000000000049e+01
2.317403500000000058e+05 -1.872870999999999952e+01
2.317404249999999884e+05 -1.835307999999999851e+01
2.317405000000000000e+05 -2.072220000000000084e+01
2.317405749999999825e+05 -1.876300000000000168e+01
2.317406499999999942e+05 -1.906279999999999930e+01
2.317407250000000058e+05 -2.064106999999999914e+01
2.317407999999999884e+05 -1.973226999999999975e+01
2.317408750000000000e+05 -2.067568999999999946e+01
2.317409499999999825e+05 -1.875312999999999874e+01
2.317410249999999942e+05 -1.943860000000000099e+01
2.317411000000000058e+05 -1.858927999999999869e+01
2.317411749999999884e+05 -1.819191999999999965e+01
2.317412500000000000e+05 -1.809782999999999831e+01
2.317413249999999825e+05 -2.353369999999999962e+01
2.317413999999999942e+05 -1.910957000000000150e+01
2.317414750000000058e+05 -1.904789999999999850e+01
2.317415499999999884e+05 -1.963489999999999824e+01
2.317416250000000000e+05 -2.340003000000000100e+01
2.317416999999999825e+05 -2.004980000000000118e+01
2.317417749999999942e+05 -1.978093000000000146e+01
2.317418500000000058e+05 -1.592191000000000045e+01
2.317419249999999884e+05 -1.797174000000000049e+01
2.317420000000000000e+05 -1.967181000000000068e+01
2.317420749999999825e+05 -1.744053999999999860e+01
2.317421499999999942e+05 -1.872456000000000031e+01
2.317422250000000058e+05 -1.798216000000000037e+01
2.317422999999999884e+05 -2.025210999999999828e+01
2.317423750000000000e+05 -1.978450000000000131e+01
2.317424499999999825e+05 -1.959112000000000009e+01
2.317425249999999942e+05 -1.992836000000000141e+01
2.317426000000000058e+05 -2.004438999999999993e+01
2.317426749999999884e+05 -1.982326000000000121e+01
2.317427500000000000e+05 -2.074960000000000093e+01
2.317428249999999825e+05 -1.847121999999999886e+01
2.317428999999999942e+05 -1.972248000000000090e+01
2.317429750000000058e+05 -1.687601000000000084e+01
2.317430499999999884e+05 -2.146356000000000108e+01
2.317431250000000000e+05 -1.836208999999999847e+01
2.317431999999999825e+05 -1.933567999999999998e+01
2.317432749999999942e+05 -2.037966000000000122e+01
2.317433500000000058e+05 -1.852819999999999823e+01
2.317434249999999884e+05 -1.953111000000000175e+01
2.317435000000000000e+05 -2.093085999999999913e+01
2.317435749999999825e+05 -1.859105999999999881e+01
2.317436499999999942e+05 -1.868851000000000084e+01
2.317437250000000058e+05 -1.746755999999999887e+01
2.317437999999999884e+05 -2.071999999999999886e+01
2.317438750000000000e+05 -1.692183999999999955e+01
2.317439499999999825e+05 -1.984279000000000082e+01
2.317440249999999942e+05 -1.849333000000000027e+01
2.317441000000000058e+05 -1.898901000000000039e+01
2.317441749999999884e+05 -1.964874999999999972e+01
2.317442500000000000e+05 -1.725284999999999869e+01
2.317443249999999825e+05 -1.920641000000000176e+01
2.317443999999999942e+05 -1.786702999999999975e+01
2.317444750000000058e+05 -2.217971999999999966e+01
2.317445499999999884e+05 -1.764139000000000124e+01
2.317446250000000000e+05 -1.553661999999999921e+01
2.317446999999999825e+05 -2.061658999999999864e+01
2.317447749999999942e+05 -1.810698999999999970e+01
2.317448500000000058e+05 -1.819215000000000160e+01
2.317449249999999884e+05 -2.030743999999999971e+01
2.317450000000000000e+05 -1.811576000000000164e+01
2.317450749999999825e+05 -2.018943000000000154e+01
2.317451499999999942e+05 -1.693251000000000062e+01
2.317452250000000058e+05 -1.839910000000000068e+01
2.317452999999999884e+05 -1.741278000000000148e+01
2.317453750000000000e+05 -1.828450000000000131e+01
2.317454499999999825e+05 -1.854787999999999926e+01
2.317455249999999942e+05 -1.923561000000000121e+01
2.317456000000000058e+05 -1.859183000000000163e+01
2.317456749999999884e+05 -1.804389000000000109e+01
2.317457500000000000e+05 -1.721469000000000094e+01
2.317458249999999825e+05 -1.664615999999999829e+01
2.317458999999999942e+05 -1.782824000000000098e+01
2.317459750000000058e+05 -1.912175999999999831e+01
2.317460499999999884e+05 -1.845476000000000028e+01
2.317461250000000000e+05 -1.745544999999999902e+01
2.317461999999999825e+05 -1.777851000000000070e+01
2.317462749999999942e+05 -1.817604000000000042e+01
2.317463500000000058e+05 -1.939063000000000159e+01
2.317464249999999884e+05 -1.989129000000000147e+01
2.317465000000000000e+05 -1.708314999999999984e+01
2.317465749999999825e+05 -1.719567999999999941e+01
2.317466499999999942e+05 -1.624387000000000114e+01
2.317467250000000058e+05 -1.770373999999999981e+01
2.317467999999999884e+05 -1.712348000000000070e+01
2.317468750000000000e+05 -1.682479999999999976e+01
2.317469499999999825e+05 -1.677534999999999954e+01
2.317470249999999942e+05 -1.766719000000000150e+01
2.317471000000000058e+05 -1.796107999999999905e+01
2.317471749999999884e+05 -1.812488000000000099e+01
2.317472500000000000e+05 -1.900189999999999912e+01
2.317473249999999825e+05 -1.779382000000000019e+01
2.317473999999999942e+05 -1.559473000000000020e+01
2.317474750000000058e+05 -1.631204999999999927e+01
2.317475499999999884e+05 -1.673708999999999847e+01
2.317476250000000000e+05 -1.591507000000000005e+01
2.317476999999999825e+05 -1.625588000000000122e+01
2.317477749999999942e+05 -1.648100000000000165e+01
2.317478500000000058e+05 -1.593126999999999960e+01
2.317479249999999884e+05 -1.679929999999999879e+01
2.317480000000000000e+05 -1.692182000000000031e+01
2.317480749999999825e+05 -1.612956000000000145e+01
2.317481499999999942e+05 -1.854031000000000162e+01
2.317482250000000058e+05 -1.734613999999999834e+01
2.317482999999999884e+05 -1.696690999999999860e+01
2.317483750000000000e+05 -1.724456999999999951e+01
2.317484499999999825e+05 -1.664052999999999827e+01
2.317485249999999942e+05 -1.473023000000000060e+01
2.317486000000000058e+05 -1.607094999999999985e+01
2.317486749999999884e+05 -1.844810000000000016e+01
2.317487500000000000e+05 -1.549657999999999980e+01
2.317488249999999825e+05 -1.536893000000000065e+01
2.317488999999999942e+05 -1.642873000000000161e+01
2.317489750000000058e+05 -1.643686999999999898e+01
2.317490499999999884e+05 -1.478054000000000023e+01
2.317491250000000000e+05 -1.814799000000000007e+01
2.317491999999999825e+05 -1.643781999999999854e+01
2.317492749999999942e+05 -1.601866000000000057e+01
2.317493500000000058e+05 -1.706775000000000020e+01
2.317494249999999884e+05 -1.643231000000000108e+01
2.317495000000000000e+05 -1.641177000000000064e+01
2.317495749999999825e+05 -1.669212999999999880e+01
2.317496499999999942e+05 -1.333547000000000082e+01
2.317497250000000058e+05 -1.466812000000000005e+01
2.317497999999999884e+05 -1.730972999999999828e+01
2.317498750000000000e+05 -1.566078000000000081e+01
2.317499499999999825e+05 -1.420700000000000074e+01
2.317500249999999942e+05 -1.579748999999999981e+01
2.317501000000000058e+05 -1.475778000000000034e+01
2.317501749999999884e+05 -1.542373000000000083e+01
2.317502500000000000e+05 -1.580099000000000053e+01
2.317503249999999825e+05 -1.494543999999999961e+01
2.317503999999999942e+05 -1.518939999999999912e+01
2.317504750000000058e+05 -1.348263999999999996e+01
2.317505499999999884e+05 -1.426085999999999920e+01
2.317506250000000000e+05 -1.396588000000000029e+01
2.317506999999999825e+05 -1.409220999999999968e+01
2.317507749999999942e+05 -1.457175999999999938e+01
2.317508500000000058e+05 -1.422752999999999979e+01
2.317509249999999884e+05 -1.337674999999999947e+01
2.317510000000000000e+05 -1.351685999999999943e+01
2.317510749999999825e+05 -1.382052999999999976e+01
2.317511499999999942e+05 -1.290619000000000050e+01
2.317512250000000058e+05 -1.328796999999999962e+01
2.317512999999999884e+05 -1.180859000000000059e+01
2.317513750000000000e+05 -1.319322000000000017e+01
2.317514499999999825e+05 -1.154460000000000086e+01
2.317515249999999942e+05 -1.325098999999999982e+01
2.317516000000000058e+05 -1.254302000000000028e+01
2.317516749999999884e+05 -1.242723999999999940e+01
2.317517500000000000e+05 -1.333184999999999931e+01
2.317518249999999825e+05 -1.164330999999999960e+01
2.317518999999999942e+05 -1.269731999999999950e+01
2.317519750000000058e+05 -1.148529000000000089e+01
2.317520499999999884e+05 -1.085627000000000031e+01
2.317521250000000000e+05 -1.187186999999999948e+01
2.317521999999999825e+05 -1.045865000000000045e+01
2.317522749999999942e+05 -1.061598000000000042e+01
2.317523500000000058e+05 -1.168258999999999936e+01
2.317524249999999884e+05 -1.010102999999999973e+01
2.317525000000000000e+05 -1.214929000000000059e+01
2.317525749999999825e+05 -1.016874999999999929e+01
2.317526499999999942e+05 -1.077927000000000035e+01
2.317527250000000058e+05 -1.008891000000000027e+01
2.317527999999999884e+05 -1.152978000000000058e+01
2.317528750000000000e+05 -1.201844000000000001e+01
2.317529499999999825e+05 -1.139118999999999993e+01
2.317530249999999942e+05 -1.272676000000000052e+01
2.317531000000000058e+05 -1.106259000000000015e+01
2.317531749999999884e+05 -1.109002000000000088e+01
2.317532500000000000e+05 -1.127970000000000006e+01
2.317533249999999825e+05 -1.156311000000000000e+01
2.317533999999999942e+05 -1.212312000000000012e+01
2.317534750000000058e+05 -1.251179999999999914e+01
2.317535499999999884e+05 -1.267941000000000074e+01
2.317536250000000000e+05 -1.515351000000000070e+01
2.317536999999999825e+05 -1.443656999999999968e+01
2.317537749999999942e+05 -1.510238000000000014e+01
2.317538500000000058e+05 -1.787543000000000148e+01
2.317539249999999884e+05 -1.927962000000000131e+01
2.317540000000000000e+05 -1.842394000000000176e+01
2.317540749999999825e+05 -2.009523000000000081e+01
2.317541499999999942e+05 -1.972062000000000026e+01
2.317542250000000058e+05 -2.208171000000000106e+01
2.317542999999999884e+05 -1.788059000000000154e+01
2.317543750000000000e+05 -2.133981999999999957e+01
2.317544499999999825e+05 -2.713864999999999839e+01
2.317545249999999942e+05 -2.726510000000000034e+01
2.317546000000000058e+05 -2.202248000000000161e+01
2.317546749999999884e+05 -2.333811000000000035e+01
2.317547500000000000e+05 -3.164051999999999865e+01
2.317548249999999825e+05 -2.432503000000000171e+01
2.317548999999999942e+05 -2.338057999999999836e+01
2.317549750000000058e+05 -3.298064999999999714e+01
2.317550499999999884e+05 -2.688859000000000066e+01
2.317551250000000000e+05 -3.230237000000000336e+01
2.317551999999999825e+05 -2.726962999999999937e+01
2.317552749999999942e+05 -2.775710000000000122e+01
2.317553500000000058e+05 -2.705732000000000070e+01
2.317554249999999884e+05 -3.330351999999999890e+01
2.317555000000000000e+05 -3.023489999999999966e+01
2.317555749999999825e+05 -3.127637999999999963e+01
2.317556499999999942e+05 -2.674947999999999837e+01
2.317557250000000058e+05 -2.812628000000000128e+01
2.317557999999999884e+05 -4.121264999999999645e+01
2.317558750000000000e+05 -3.217826999999999771e+01
2.317559499999999825e+05 -4.871126000000000289e+01
2.317560249999999942e+05 -3.166778000000000048e+01
2.317561000000000058e+05 -6.439288999999999419e+01
2.317561749999999884e+05 -3.277850000000000108e+01
2.317562500000000000e+05 -3.375784000000000162e+01
2.317563249999999825e+05 -4.041228000000000264e+01
2.317563999999999942e+05 -3.431696000000000168e+01
2.317564750000000058e+05 -3.075441999999999965e+01
2.317565499999999884e+05 -2.958284000000000091e+01
2.317566250000000000e+05 -6.439284999999999570e+01
2.317566999999999825e+05 -3.316924000000000206e+01
2.317567749999999942e+05 -3.394729999999999848e+01
2.317568500000000058e+05 -2.864433999999999969e+01
2.317569249999999884e+05 -2.553674000000000177e+01
2.317570000000000000e+05 -3.095868000000000109e+01
2.317570749999999825e+05 -2.581460999999999828e+01
2.317571499999999942e+05 -3.180946000000000140e+01
2.317572250000000058e+05 -2.312659000000000020e+01
2.317572999999999884e+05 -2.464336000000000126e+01
2.317573750000000000e+05 -2.619637000000000171e+01
2.317574499999999825e+05 -2.858521999999999963e+01
2.317575249999999942e+05 -3.081093999999999866e+01
2.317576000000000058e+05 -3.401901999999999759e+01
2.317576749999999884e+05 -3.826586999999999961e+01
2.317577500000000000e+05 -3.140618999999999872e+01
2.317578249999999825e+05 -2.938001999999999825e+01
2.317578999999999942e+05 -2.438147999999999982e+01
2.317579750000000058e+05 -2.810660999999999987e+01
2.317580499999999884e+05 -2.692809000000000097e+01
2.317581250000000000e+05 -2.814929000000000059e+01
2.317581999999999825e+05 -2.564037000000000077e+01
2.317582749999999942e+05 -3.047446000000000055e+01
2.317583500000000058e+05 -2.385621000000000080e+01
2.317584249999999884e+05 -3.317054000000000258e+01
2.317585000000000000e+05 -2.861176999999999992e+01
2.317585749999999825e+05 -3.047631000000000157e+01
2.317586499999999942e+05 -2.795217999999999847e+01
2.317587250000000058e+05 -2.752413999999999916e+01
2.317587999999999884e+05 -3.097383999999999915e+01
2.317588750000000000e+05 -2.505110000000000170e+01
2.317589499999999825e+05 -2.452429000000000059e+01
2.317590249999999942e+05 -4.041335999999999729e+01
2.317591000000000058e+05 -2.523069999999999879e+01
2.317591749999999884e+05 -3.305724000000000018e+01
2.317592500000000000e+05 -2.650439000000000078e+01
2.317593249999999825e+05 -3.330335000000000178e+01
2.317593999999999942e+05 -2.736400000000000077e+01
2.317594750000000058e+05 -2.420739000000000019e+01
2.317595499999999884e+05 -2.843283999999999878e+01
2.317596250000000000e+05 -2.544578999999999880e+01
2.317596999999999825e+05 -2.478768000000000171e+01
2.317597749999999942e+05 -2.482097999999999871e+01
2.317598500000000058e+05 -2.826031000000000049e+01
2.317599249999999884e+05 -3.058203999999999922e+01
2.317600000000000000e+05 -2.797440999999999889e+01
2.317600749999999825e+05 -2.545304000000000144e+01
2.317601499999999942e+05 -2.312280000000000157e+01
2.317602250000000058e+05 -2.500317000000000078e+01
2.317602999999999884e+05 -2.955132000000000048e+01
2.317603750000000000e+05 -2.440894000000000119e+01
2.317604499999999825e+05 -2.396852000000000160e+01
2.317605249999999942e+05 -2.990059000000000111e+01
2.317606000000000058e+05 -2.786972000000000094e+01
2.317606749999999884e+05 -2.906034000000000006e+01
2.317607500000000000e+05 -2.319640000000000057e+01
2.317608249999999825e+05 -2.331079000000000079e+01
2.317608999999999942e+05 -2.517316999999999894e+01
2.317609750000000058e+05 -2.309562000000000026e+01
2.317610499999999884e+05 -3.001332000000000022e+01
2.317611250000000000e+05 -2.692520999999999987e+01
2.317611999999999825e+05 -2.178455999999999904e+01
2.317612749999999942e+05 -2.350776000000000110e+01
2.317613500000000058e+05 -2.500702000000000069e+01
2.317614249999999884e+05 -2.979251000000000005e+01
2.317615000000000000e+05 -2.314565999999999946e+01
2.317615749999999825e+05 -2.109962000000000160e+01
2.317616499999999942e+05 -2.213026999999999944e+01
2.317617250000000058e+05 -2.782593999999999923e+01
2.317617999999999884e+05 -3.169570999999999827e+01
2.317618750000000000e+05 -2.325528999999999868e+01
2.317619499999999825e+05 -2.432059999999999889e+01
2.317620249999999942e+05 -2.222060000000000102e+01
2.317621000000000058e+05 -3.039316000000000173e+01
2.317621749999999884e+05 -2.864749000000000123e+01
2.317622500000000000e+05 -2.994488000000000127e+01
2.317623249999999825e+05 -2.173385999999999996e+01
2.317623999999999942e+05 -2.298525000000000063e+01
2.317624750000000058e+05 -2.608111999999999853e+01
2.317625499999999884e+05 -2.119386000000000081e+01
2.317626250000000000e+05 -2.464164999999999850e+01
2.317626999999999825e+05 -2.091895999999999844e+01
2.317627749999999942e+05 -2.213765000000000072e+01
2.317628500000000058e+05 -2.151567000000000007e+01
2.317629249999999884e+05 -2.746310000000000073e+01
2.317630000000000000e+05 -2.439596999999999838e+01
2.317630749999999825e+05 -3.155696000000000012e+01
2.317631499999999942e+05 -2.217261999999999844e+01
2.317632250000000058e+05 -2.654034000000000049e+01
2.317632999999999884e+05 -2.439082000000000150e+01
2.317633750000000000e+05 -2.298320000000000007e+01
2.317634499999999825e+05 -2.506701999999999941e+01
2.317635249999999942e+05 -2.381382999999999939e+01
2.317636000000000058e+05 -2.557397999999999882e+01
2.317636749999999884e+05 -2.083521999999999963e+01
2.317637500000000000e+05 -2.851369000000000042e+01
2.317638249999999825e+05 -2.540429999999999922e+01
2.317638999999999942e+05 -2.813512000000000057e+01
2.317639750000000058e+05 -2.342054999999999865e+01
2.317640499999999884e+05 -2.146529999999999916e+01
2.317641250000000000e+05 -2.312280000000000157e+01
2.317641999999999825e+05 -2.276921000000000106e+01
2.317642749999999942e+05 -2.304974999999999952e+01
2.317643500000000058e+05 -2.252523000000000053e+01
2.317644249999999884e+05 -2.129381000000000057e+01
2.317645000000000000e+05 -2.409703999999999979e+01
2.317645749999999825e+05 -2.237549999999999883e+01
2.317646499999999942e+05 -2.575975000000000037e+01
2.317647250000000058e+05 -2.063945999999999970e+01
2.317647999999999884e+05 -2.371883000000000052e+01
2.317648750000000000e+05 -2.098762999999999934e+01
2.317649499999999825e+05 -2.113395999999999830e+01
2.317650249999999942e+05 -2.210444999999999993e+01
2.317651000000000058e+05 -2.359112999999999971e+01
2.317651749999999884e+05 -2.628162999999999982e+01
2.317652500000000000e+05 -2.328950999999999993e+01
2.317653249999999825e+05 -2.465087000000000117e+01
2.317653999999999942e+05 -2.441599000000000075e+01
2.317654750000000058e+05 -2.368487000000000009e+01
2.317655499999999884e+05 -2.149525999999999826e+01
2.317656250000000000e+05 -2.180866999999999933e+01
2.317656999999999825e+05 -2.094956000000000174e+01
2.317657749999999942e+05 -1.943092000000000041e+01
2.317658500000000058e+05 -2.584630999999999901e+01
2.317659249999999884e+05 -2.237469000000000108e+01
2.317660000000000000e+05 -2.240327999999999875e+01
2.317660749999999825e+05 -2.419925999999999888e+01
2.317661499999999942e+05 -2.251696000000000097e+01
2.317662250000000058e+05 -2.174022000000000077e+01
2.317662999999999884e+05 -2.202253999999999934e+01
2.317663750000000000e+05 -2.198927000000000120e+01
2.317664499999999825e+05 -2.020748999999999995e+01
2.317665249999999942e+05 -2.482064000000000092e+01
2.317666000000000058e+05 -2.210583000000000098e+01
2.317666749999999884e+05 -3.269024999999999892e+01
2.317667500000000000e+05 -2.121888999999999825e+01
2.317668249999999825e+05 -2.237496000000000151e+01
2.317668999999999942e+05 -2.404763000000000162e+01
2.317669750000000058e+05 -2.643166000000000082e+01
2.317670499999999884e+05 -2.540549999999999997e+01
2.317671250000000000e+05 -2.329057999999999851e+01
2.317671999999999825e+05 -2.285135000000000005e+01
2.317672749999999942e+05 -2.420916000000000068e+01
2.317673500000000058e+05 -2.145392000000000010e+01
2.317674249999999884e+05 -2.479044999999999987e+01
2.317675000000000000e+05 -2.465072999999999936e+01
2.317675749999999825e+05 -2.609392000000000067e+01
2.317676499999999942e+05 -2.264748000000000161e+01
2.317677250000000058e+05 -2.757911999999999964e+01
2.317677999999999884e+05 -2.019764999999999944e+01
2.317678750000000000e+05 -2.383718000000000004e+01
2.317679499999999825e+05 -2.799292000000000158e+01
2.317680249999999942e+05 -2.024390000000000001e+01
