# Temperature: None K
2.319177250000000058e+05 -2.076269999999999882e+01
2.319178000000000175e+05 -2.132969999999999899e+01
2.319178750000000000e+05 -1.754345999999999961e+01
2.319179500000000116e+05 -1.648404000000000025e+01
2.319180249999999942e+05 -2.114087999999999923e+01
2.319181000000000058e+05 -2.091730000000000089e+01
2.319181750000000175e+05 -1.845617000000000019e+01
2.319182500000000000e+05 -1.631261999999999901e+01
2.319183250000000116e+05 -2.028415999999999997e+01
2.319183999999999942e+05 -1.740527000000000157e+01
2.319184750000000058e+05 -2.342993999999999843e+01
2.319185500000000175e+05 -2.234631999999999863e+01
2.319186250000000000e+05 -1.931065999999999860e+01
2.319187000000000116e+05 -1.858389000000000024e+01
2.319187749999999942e+05 -2.176039000000000101e+01
2.319188500000000058e+05 -1.996781000000000006e+01
2.319189250000000175e+05 -1.997383999999999915e+01
2.319190000000000000e+05 -1.997606000000000037e+01
2.319190750000000116e+05 -1.888832000000000022e+01
2.319191499999999942e+05 -2.153075000000000117e+01
2.319192250000000058e+05 -1.752921999999999869e+01
2.319193000000000175e+05 -2.039838999999999913e+01
2.319193750000000000e+05 -1.921328000000000102e+01
2.319194500000000116e+05 -2.012500999999999962e+01
2.319195249999999942e+05 -1.838860000000000028e+01
2.319196000000000058e+05 -1.914159000000000077e+01
2.319196750000000175e+05 -2.459365000000000023e+01
2.319197500000000000e+05 -1.961131999999999920e+01
2.319198250000000116e+05 -1.948305999999999827e+01
2.319198999999999942e+05 -1.960294999999999987e+01
2.319199750000000058e+05 -1.661478999999999928e+01
2.319200500000000175e+05 -1.928671999999999898e+01
2.319201250000000000e+05 -2.351103000000000165e+01
2.319202000000000116e+05 -1.994228999999999985e+01
2.319202749999999942e+05 -1.714998999999999896e+01
2.319203500000000058e+05 -2.162543000000000148e+01
2.319204250000000175e+05 -2.005458000000000141e+01
2.319205000000000000e+05 -1.816492999999999824e+01
2.319205750000000116e+05 -2.005005999999999844e+01
2.319206499999999942e+05 -2.048892000000000024e+01
2.319207250000000058e+05 -2.126576000000000022e+01
2.319208000000000175e+05 -1.861486999999999981e+01
2.319208750000000000e+05 -1.861515999999999948e+01
2.319209500000000116e+05 -1.945382999999999996e+01
2.319210249999999942e+05 -1.975888000000000133e+01
2.319211000000000058e+05 -1.941107999999999834e+01
2.319211750000000175e+05 -1.958838000000000079e+01
2.319212500000000000e+05 -1.822370000000000090e+01
2.319213250000000116e+05 -1.855142999999999986e+01
2.319213999999999942e+05 -1.786787999999999954e+01
2.319214750000000058e+05 -1.821596999999999866e+01
2.319215500000000175e+05 -1.905854000000000070e+01
2.319216250000000000e+05 -1.936279000000000039e+01
2.319217000000000116e+05 -1.830772999999999939e+01
2.319217749999999942e+05 -2.107111000000000089e+01
2.319218500000000058e+05 -1.752518999999999849e+01
2.319219250000000175e+05 -2.024605999999999995e+01
2.319220000000000000e+05 -1.791527999999999921e+01
2.319220750000000116e+05 -1.901594000000000051e+01
2.319221499999999942e+05 -1.819734000000000052e+01
2.319222250000000058e+05 -1.986053000000000068e+01
2.319223000000000175e+05 -1.852190999999999832e+01
2.319223750000000000e+05 -1.914947000000000088e+01
2.319224500000000116e+05 -1.985188000000000130e+01
2.319225249999999942e+05 -2.045912999999999826e+01
2.319226000000000058e+05 -1.766390000000000171e+01
2.319226750000000175e+05 -1.938963999999999999e+01
2.319227500000000000e+05 -1.902814000000000050e+01
2.319228250000000116e+05 -1.914461000000000013e+01
2.319228999999999942e+05 -1.812117999999999896e+01
2.319229750000000058e+05 -1.985298999999999836e+01
2.319230500000000175e+05 -1.756187999999999860e+01
2.319231250000000000e+05 -1.834684999999999988e+01
2.319232000000000116e+05 -1.796499000000000024e+01
2.319232749999999942e+05 -1.738172000000000139e+01
2.319233500000000058e+05 -1.821075000000000088e+01
2.319234250000000175e+05 -1.834825999999999979e+01
2.319235000000000000e+05 -1.897118000000000038e+01
2.319235750000000116e+05 -1.690597999999999956e+01
2.319236499999999942e+05 -2.096531999999999840e+01
2.319237250000000058e+05 -2.049522999999999939e+01
2.319238000000000175e+05 -1.817205999999999833e+01
2.319238750000000000e+05 -1.817218000000000089e+01
2.319239500000000116e+05 -1.824277000000000015e+01
2.319240249999999942e+05 -1.803976000000000113e+01
2.319241000000000058e+05 -1.687193999999999861e+01
2.319241750000000175e+05 -1.861264999999999858e+01
2.319242500000000000e+05 -1.953489000000000075e+01
2.319243250000000116e+05 -1.742936999999999870e+01
2.319243999999999942e+05 -1.931202000000000041e+01
2.319244750000000058e+05 -1.651887999999999934e+01
2.319245500000000175e+05 -1.842772000000000077e+01
2.319246250000000000e+05 -1.720067999999999842e+01
2.319247000000000116e+05 -1.889012999999999920e+01
2.319247749999999942e+05 -1.783593000000000117e+01
2.319248500000000058e+05 -1.954972000000000065e+01
2.319249250000000175e+05 -1.828300000000000125e+01
2.319250000000000000e+05 -1.509484999999999921e+01
2.319250750000000116e+05 -1.830633999999999872e+01
2.319251499999999942e+05 -1.879637999999999920e+01
2.319252250000000058e+05 -1.732617000000000118e+01
2.319253000000000175e+05 -1.915484000000000009e+01
2.319253750000000000e+05 -1.797944999999999993e+01
2.319254500000000116e+05 -1.851047000000000153e+01
2.319255249999999942e+05 -1.756475999999999971e+01
2.319256000000000058e+05 -1.623995999999999995e+01
2.319256750000000175e+05 -1.850889000000000095e+01
2.319257500000000000e+05 -1.875225000000000009e+01
2.319258250000000116e+05 -1.834315000000000140e+01
2.319258999999999942e+05 -1.752513000000000076e+01
2.319259750000000058e+05 -1.949286999999999992e+01
2.319260500000000175e+05 -1.636505000000000010e+01
2.319261250000000000e+05 -2.157497000000000043e+01
2.319262000000000116e+05 -1.700478000000000023e+01
2.319262749999999942e+05 -1.680737999999999843e+01
2.319263500000000058e+05 -1.834411000000000058e+01
2.319264250000000175e+05 -1.923583999999999961e+01
2.319265000000000000e+05 -1.727035000000000053e+01
2.319265750000000116e+05 -1.656948999999999828e+01
2.319266499999999942e+05 -1.468985999999999947e+01
2.319267250000000058e+05 -1.703890000000000171e+01
2.319268000000000175e+05 -1.779601999999999862e+01
2.319268750000000000e+05 -1.672025000000000006e+01
2.319269500000000116e+05 -1.671021000000000001e+01
2.319270249999999942e+05 -1.598736000000000068e+01
2.319271000000000058e+05 -1.493895000000000017e+01
2.319271750000000175e+05 -1.570973000000000042e+01
2.319272500000000000e+05 -1.776831999999999923e+01
2.319273250000000116e+05 -1.429786999999999964e+01
2.319273999999999942e+05 -1.714052999999999827e+01
2.319274750000000058e+05 -1.747842999999999947e+01
2.319275500000000175e+05 -1.717082999999999871e+01
2.319276250000000000e+05 -1.658667000000000158e+01
2.319277000000000116e+05 -1.607295999999999836e+01
2.319277749999999942e+05 -1.608242999999999867e+01
2.319278500000000058e+05 -1.597011999999999965e+01
2.319279250000000175e+05 -1.802780999999999878e+01
2.319280000000000000e+05 -1.528135999999999939e+01
2.319280750000000116e+05 -1.752449999999999974e+01
2.319281499999999942e+05 -1.693151999999999902e+01
2.319282250000000058e+05 -1.494627000000000017e+01
2.319283000000000175e+05 -1.627395999999999887e+01
2.319283750000000000e+05 -1.614104000000000028e+01
2.319284500000000116e+05 -1.447488000000000063e+01
2.319285249999999942e+05 -1.746506000000000114e+01
2.319286000000000058e+05 -1.552881000000000000e+01
2.319286750000000175e+05 -1.603023999999999916e+01
2.319287500000000000e+05 -1.447354999999999947e+01
2.319288250000000116e+05 -1.536889000000000038e+01
2.319288999999999942e+05 -1.642963999999999913e+01
2.319289750000000058e+05 -1.311361999999999917e+01
2.319290500000000175e+05 -1.514486999999999917e+01
2.319291250000000000e+05 -1.400367999999999924e+01
2.319292000000000116e+05 -1.459999000000000002e+01
2.319292749999999942e+05 -1.434665999999999997e+01
2.319293500000000058e+05 -1.431361000000000061e+01
2.319294250000000175e+05 -1.447414999999999985e+01
2.319295000000000000e+05 -1.454495000000000005e+01
2.319295750000000116e+05 -1.242803999999999931e+01
2.319296499999999942e+05 -1.396039999999999992e+01
2.319297250000000058e+05 -1.397952000000000083e+01
2.319298000000000175e+05 -1.273887999999999998e+01
2.319298750000000000e+05 -1.367731999999999992e+01
2.319299500000000116e+05 -1.277632000000000012e+01
2.319300249999999942e+05 -1.372976000000000063e+01
2.319301000000000058e+05 -1.264775999999999989e+01
2.319301750000000175e+05 -1.186083999999999961e+01
2.319302500000000000e+05 -1.162641999999999953e+01
2.319303250000000116e+05 -1.190667000000000009e+01
2.319303999999999942e+05 -1.105288999999999966e+01
2.319304750000000058e+05 -1.144712999999999958e+01
2.319305500000000175e+05 -1.118702000000000041e+01
2.319306250000000000e+05 -1.016496000000000066e+01
2.319307000000000116e+05 -9.799754999999999328e+00
2.319307749999999942e+05 -1.005943000000000076e+01
2.319308500000000058e+05 -9.410432000000000130e+00
2.319309250000000175e+05 -9.054572999999999539e+00
2.319310000000000000e+05 -8.462317999999999785e+00
2.319310750000000116e+05 -8.421288999999999803e+00
2.319311499999999942e+05 -7.809069000000000038e+00
2.319312250000000058e+05 -7.120244999999999713e+00
2.319313000000000175e+05 -6.918438000000000088e+00
2.319313750000000000e+05 -6.642517999999999923e+00
2.319314500000000116e+05 -6.350389999999999979e+00
2.319315249999999942e+05 -5.405203000000000202e+00
2.319316000000000058e+05 -5.225324999999999775e+00
2.319316750000000175e+05 -4.186360999999999777e+00
2.319317500000000000e+05 -4.306740999999999708e+00
2.319318250000000116e+05 -3.568058000000000174e+00
2.319318999999999942e+05 -2.605148999999999937e+00
2.319319750000000058e+05 -2.093561999999999923e+00
2.319320500000000175e+05 -2.018162999999999929e+00
2.319321250000000000e+05 -1.565865999999999980e+00
2.319322000000000116e+05 -8.927874999999999561e-01
2.319322749999999942e+05 -2.548825000000000118e-01
2.319323500000000058e+05 9.329112999999999989e-03
2.319324250000000175e+05 9.942684999999999718e-02
2.319325000000000000e+05 4.214823999999999793e-01
2.319325750000000116e+05 5.461627999999999483e-01
2.319326499999999942e+05 3.965014000000000038e-01
2.319327250000000058e+05 3.565315000000000012e-01
2.319328000000000175e+05 -7.850539999999999602e-03
2.319328750000000000e+05 -8.061025000000000551e-01
2.319329500000000116e+05 -1.102313000000000098e+00
2.319330249999999942e+05 -2.012751999999999875e+00
2.319331000000000058e+05 -2.959178000000000086e+00
2.319331750000000175e+05 -4.122068999999999761e+00
2.319332500000000000e+05 -5.382362999999999786e+00
2.319333250000000116e+05 -7.161223999999999812e+00
2.319333999999999942e+05 -6.797532999999999603e+00
2.319334750000000058e+05 -6.988305999999999685e+00
2.319335500000000175e+05 -6.189820000000000100e+00
2.319336250000000000e+05 -5.649926999999999921e+00
2.319337000000000116e+05 -5.949481999999999715e+00
2.319337749999999942e+05 -5.967675999999999981e+00
2.319338500000000058e+05 -6.882928999999999853e+00
2.319339250000000175e+05 -8.226981999999999573e+00
2.319340000000000000e+05 -9.795078000000000173e+00
2.319340750000000116e+05 -1.060519000000000034e+01
2.319341499999999942e+05 -1.032835999999999999e+01
2.319342250000000058e+05 -9.736313000000000883e+00
2.319343000000000175e+05 -9.391458000000000084e+00
2.319343750000000000e+05 -1.009285999999999994e+01
2.319344500000000116e+05 -1.078171000000000035e+01
2.319345249999999942e+05 -1.232610999999999990e+01
2.319346000000000058e+05 -1.242209000000000074e+01
2.319346750000000175e+05 -1.230366000000000071e+01
2.319347500000000000e+05 -1.282158000000000087e+01
2.319348250000000116e+05 -1.236903000000000041e+01
2.319348999999999942e+05 -1.252716000000000030e+01
2.319349750000000058e+05 -1.387174000000000085e+01
2.319350500000000175e+05 -1.427380999999999922e+01
2.319351250000000000e+05 -1.372668999999999961e+01
2.319352000000000116e+05 -1.474657999999999980e+01
2.319352749999999942e+05 -1.562104000000000070e+01
2.319353500000000058e+05 -1.537271999999999927e+01
2.319354250000000175e+05 -1.640897999999999968e+01
2.319355000000000000e+05 -1.631891999999999854e+01
2.319355750000000116e+05 -1.857235000000000014e+01
2.319356499999999942e+05 -1.805683000000000149e+01
2.319357250000000058e+05 -1.764757000000000176e+01
2.319358000000000175e+05 -1.866278000000000148e+01
2.319358750000000000e+05 -1.999865000000000137e+01
2.319359500000000116e+05 -1.999142000000000152e+01
2.319360249999999942e+05 -1.892802000000000007e+01
2.319361000000000058e+05 -1.833396000000000114e+01
2.319361750000000175e+05 -2.831535999999999831e+01
2.319362500000000000e+05 -2.072350000000000136e+01
2.319363250000000116e+05 -1.932203000000000159e+01
2.319363999999999942e+05 -2.078059000000000012e+01
2.319364750000000058e+05 -2.522125000000000128e+01
2.319365500000000175e+05 -2.470919999999999916e+01
2.319366250000000000e+05 -1.969341000000000008e+01
2.319367000000000116e+05 -2.201185999999999865e+01
2.319367749999999942e+05 -3.025782999999999845e+01
2.319368500000000058e+05 -2.210509000000000057e+01
2.319369250000000175e+05 -2.096199999999999974e+01
2.319370000000000000e+05 -2.451852999999999838e+01
2.319370750000000116e+05 -2.663570999999999955e+01
2.319371499999999942e+05 -1.927543999999999969e+01
2.319372250000000058e+05 -2.659769999999999968e+01
2.319373000000000175e+05 -3.975046999999999997e+01
2.319373750000000000e+05 -2.202982000000000085e+01
2.319374500000000116e+05 -2.623355000000000103e+01
2.319375249999999942e+05 -2.926745000000000019e+01
2.319376000000000058e+05 -2.002429000000000059e+01
2.319376750000000175e+05 -2.675589000000000084e+01
2.319377500000000000e+05 -3.016315000000000168e+01
2.319378250000000116e+05 -2.334172999999999831e+01
2.319378999999999942e+05 -2.669469000000000136e+01
2.319379750000000058e+05 -3.050581000000000031e+01
2.319380500000000175e+05 -2.636499999999999844e+01
2.319381250000000000e+05 -2.595232999999999990e+01
2.319382000000000116e+05 -2.760394000000000148e+01
2.319382749999999942e+05 -2.632263000000000019e+01
2.319383500000000058e+05 -2.908447999999999922e+01
2.319384250000000175e+05 -3.020712999999999937e+01
2.319385000000000000e+05 -2.591409000000000162e+01
2.319385750000000116e+05 -2.586700000000000088e+01
2.319386499999999942e+05 -2.146439000000000163e+01
2.319387250000000058e+05 -3.290699000000000041e+01
2.319388000000000175e+05 -2.270639999999999858e+01
2.319388750000000000e+05 -2.595295000000000130e+01
2.319389500000000116e+05 -2.900204000000000093e+01
2.319390249999999942e+05 -2.280087999999999937e+01
2.319391000000000058e+05 -2.374414000000000158e+01
2.319391750000000175e+05 -2.228941000000000017e+01
2.319392500000000000e+05 -2.618767000000000067e+01
2.319393250000000116e+05 -3.039162999999999926e+01
2.319393999999999942e+05 -2.456015999999999977e+01
2.319394750000000058e+05 -2.923498000000000019e+01
2.319395500000000175e+05 -2.375458000000000069e+01
2.319396250000000000e+05 -2.844385000000000119e+01
2.319397000000000116e+05 -2.227849000000000146e+01
2.319397749999999942e+05 -3.095513000000000048e+01
2.319398500000000058e+05 -2.316534000000000049e+01
2.319399250000000175e+05 -2.631056999999999846e+01
2.319400000000000000e+05 -2.352327000000000012e+01
2.319400750000000116e+05 -2.222943000000000069e+01
2.319401499999999942e+05 -2.317904000000000053e+01
2.319402250000000058e+05 -2.358950000000000102e+01
2.319403000000000175e+05 -2.824580999999999875e+01
2.319403750000000000e+05 -2.226904000000000039e+01
2.319404500000000116e+05 -2.695015000000000072e+01
2.319405249999999942e+05 -2.399931000000000125e+01
2.319406000000000058e+05 -2.534158000000000044e+01
2.319406750000000175e+05 -2.323699999999999832e+01
2.319407500000000000e+05 -2.639289000000000129e+01
2.319408250000000116e+05 -2.800882999999999967e+01
2.319408999999999942e+05 -2.704173000000000116e+01
2.319409750000000058e+05 -2.538579999999999970e+01
2.319410500000000175e+05 -2.614036000000000115e+01
2.319411250000000000e+05 -2.214280000000000115e+01
2.319412000000000116e+05 -2.375653000000000148e+01
2.319412749999999942e+05 -2.456521000000000043e+01
2.319413500000000058e+05 -2.217967000000000155e+01
2.319414250000000175e+05 -2.238961000000000112e+01
2.319415000000000000e+05 -2.467332999999999998e+01
2.319415750000000116e+05 -2.875043000000000148e+01
2.319416499999999942e+05 -2.007066999999999979e+01
2.319417250000000058e+05 -2.508861999999999881e+01
2.319418000000000175e+05 -3.045241000000000042e+01
2.319418750000000000e+05 -2.613844999999999885e+01
2.319419500000000116e+05 -2.304623000000000133e+01
2.319420249999999942e+05 -2.315604000000000084e+01
2.319421000000000058e+05 -2.360238000000000014e+01
2.319421750000000175e+05 -2.626813999999999893e+01
2.319422500000000000e+05 -2.270281999999999911e+01
2.319423250000000116e+05 -2.169914999999999949e+01
2.319423999999999942e+05 -2.713069000000000131e+01
2.319424750000000058e+05 -2.509500999999999848e+01
2.319425500000000175e+05 -2.749202000000000012e+01
2.319426250000000000e+05 -2.375563000000000002e+01
2.319427000000000116e+05 -2.192674999999999841e+01
2.319427749999999942e+05 -2.431697000000000131e+01
2.319428500000000058e+05 -2.360831999999999908e+01
2.319429250000000175e+05 -2.512132000000000076e+01
2.319430000000000000e+05 -2.193373000000000062e+01
2.319430750000000116e+05 -2.376961000000000013e+01
2.319431499999999942e+05 -2.564593999999999951e+01
2.319432250000000058e+05 -2.406869999999999976e+01
2.319433000000000175e+05 -2.609725999999999857e+01
2.319433750000000000e+05 -2.035184999999999889e+01
2.319434500000000116e+05 -2.206205999999999889e+01
2.319435249999999942e+05 -2.312575999999999965e+01
2.319436000000000058e+05 -2.439873000000000047e+01
2.319436750000000175e+05 -2.848307000000000144e+01
2.319437500000000000e+05 -3.011036999999999964e+01
2.319438250000000116e+05 -2.536111000000000004e+01
2.319438999999999942e+05 -2.453213999999999828e+01
2.319439750000000058e+05 -2.269919000000000153e+01
2.319440500000000175e+05 -2.245748999999999995e+01
2.319441250000000000e+05 -2.138541999999999987e+01
2.319442000000000116e+05 -2.355496000000000123e+01
2.319442749999999942e+05 -3.073392000000000124e+01
2.319443500000000058e+05 -2.177056999999999931e+01
2.319444250000000175e+05 -2.495469999999999899e+01
2.319445000000000000e+05 -2.219979000000000013e+01
2.319445750000000116e+05 -2.341691000000000145e+01
2.319446499999999942e+05 -2.375793000000000177e+01
2.319447250000000058e+05 -2.607447000000000159e+01
2.319448000000000175e+05 -2.135201999999999956e+01
2.319448750000000000e+05 -2.124940000000000140e+01
2.319449500000000116e+05 -2.261225999999999914e+01
2.319450249999999942e+05 -2.024449999999999861e+01
2.319451000000000058e+05 -2.443470999999999904e+01
2.319451750000000175e+05 -2.193327000000000027e+01
2.319452500000000000e+05 -2.499136000000000024e+01
2.319453250000000116e+05 -2.446034999999999826e+01
2.319453999999999942e+05 -2.715947999999999851e+01
2.319454750000000058e+05 -2.276546000000000092e+01
2.319455500000000175e+05 -2.790284000000000120e+01
2.319456250000000000e+05 -2.056478999999999857e+01
2.319457000000000116e+05 -2.398679999999999879e+01
2.319457749999999942e+05 -2.268120000000000047e+01
2.319458500000000058e+05 -2.040642000000000067e+01
2.319459250000000175e+05 -2.474249999999999972e+01
2.319460000000000000e+05 -2.379513999999999996e+01
2.319460750000000116e+05 -1.959930999999999912e+01
2.319461499999999942e+05 -2.442136999999999958e+01
2.319462250000000058e+05 -2.080395000000000039e+01
2.319463000000000175e+05 -2.365116000000000085e+01
2.319463750000000000e+05 -2.177645000000000053e+01
2.319464500000000116e+05 -2.361568000000000112e+01
2.319465249999999942e+05 -2.180773999999999901e+01
2.319466000000000058e+05 -2.403933999999999926e+01
2.319466750000000175e+05 -2.443822000000000116e+01
2.319467500000000000e+05 -2.530548999999999893e+01
2.319468250000000116e+05 -2.447567000000000093e+01
2.319468999999999942e+05 -2.280133999999999972e+01
2.319469750000000058e+05 -2.360663999999999874e+01
2.319470500000000175e+05 -2.178998999999999953e+01
2.319471250000000000e+05 -2.547857000000000127e+01
2.319472000000000116e+05 -2.402981000000000122e+01
2.319472749999999942e+05 -2.161129999999999995e+01
2.319473500000000058e+05 -2.286927999999999983e+01
2.319474250000000175e+05 -2.229648999999999859e+01
2.319475000000000000e+05 -2.073483999999999838e+01
2.319475750000000116e+05 -2.903412000000000148e+01
2.319476499999999942e+05 -2.471653999999999840e+01
2.319477250000000058e+05 -2.685960999999999999e+01
