# Temperature: None K
2.319175000000000000e+05 -2.322396000000000171e+01
2.319175750000000116e+05 -2.296892000000000067e+01
2.319176499999999942e+05 -2.212963999999999842e+01
2.319177250000000058e+05 -1.665824999999999889e+01
2.319177999999999884e+05 -2.023892999999999986e+01
2.319178750000000000e+05 -2.023810999999999893e+01
2.319179500000000116e+05 -2.141938999999999993e+01
2.319180249999999942e+05 -1.938240000000000052e+01
2.319181000000000058e+05 -1.739808000000000021e+01
2.319181749999999884e+05 -2.002959999999999852e+01
2.319182500000000000e+05 -2.280123999999999995e+01
2.319183250000000116e+05 -2.057452999999999932e+01
2.319183999999999942e+05 -1.919760000000000133e+01
2.319184750000000058e+05 -1.835326999999999842e+01
2.319185499999999884e+05 -1.934102999999999994e+01
2.319186250000000000e+05 -2.133277999999999963e+01
2.319187000000000116e+05 -1.878292000000000073e+01
2.319187749999999942e+05 -1.839451000000000036e+01
2.319188500000000058e+05 -1.876145999999999958e+01
2.319189249999999884e+05 -2.217184999999999917e+01
2.319190000000000000e+05 -1.970591999999999899e+01
2.319190750000000116e+05 -1.882206000000000046e+01
2.319191499999999942e+05 -2.037958000000000069e+01
2.319192250000000058e+05 -2.006244999999999834e+01
2.319192999999999884e+05 -1.829831000000000074e+01
2.319193750000000000e+05 -2.026989999999999981e+01
2.319194500000000116e+05 -1.948346000000000089e+01
2.319195249999999942e+05 -1.755234000000000094e+01
2.319196000000000058e+05 -1.854660000000000153e+01
2.319196749999999884e+05 -1.807696999999999932e+01
2.319197500000000000e+05 -1.924496999999999858e+01
2.319198250000000116e+05 -2.020879000000000048e+01
2.319198999999999942e+05 -2.021432000000000073e+01
2.319199750000000058e+05 -2.071584000000000003e+01
2.319200499999999884e+05 -2.003444000000000003e+01
2.319201250000000000e+05 -1.943159999999999954e+01
2.319202000000000116e+05 -1.895908999999999978e+01
2.319202749999999942e+05 -1.872710000000000008e+01
2.319203500000000058e+05 -1.775474000000000174e+01
2.319204249999999884e+05 -1.746341999999999928e+01
2.319205000000000000e+05 -1.919957000000000136e+01
2.319205750000000116e+05 -1.847122999999999848e+01
2.319206499999999942e+05 -1.960125999999999991e+01
2.319207250000000058e+05 -1.892993999999999843e+01
2.319207999999999884e+05 -1.942902000000000129e+01
2.319208750000000000e+05 -1.830847999999999942e+01
2.319209500000000116e+05 -2.202476000000000056e+01
2.319210249999999942e+05 -1.986202000000000112e+01
2.319211000000000058e+05 -2.111346999999999952e+01
2.319211749999999884e+05 -1.783215999999999823e+01
2.319212500000000000e+05 -1.940809000000000140e+01
2.319213250000000116e+05 -2.201944999999999908e+01
2.319213999999999942e+05 -1.691572999999999993e+01
2.319214750000000058e+05 -1.657796000000000092e+01
2.319215499999999884e+05 -1.788794000000000040e+01
2.319216250000000000e+05 -1.831866000000000128e+01
2.319217000000000116e+05 -2.010924999999999940e+01
2.319217749999999942e+05 -1.678377000000000052e+01
2.319218500000000058e+05 -2.079240000000000066e+01
2.319219249999999884e+05 -1.861373999999999995e+01
2.319220000000000000e+05 -2.038108000000000075e+01
2.319220750000000116e+05 -2.105061999999999856e+01
2.319221499999999942e+05 -1.714844000000000079e+01
2.319222250000000058e+05 -1.889941999999999922e+01
2.319222999999999884e+05 -1.794358000000000075e+01
2.319223750000000000e+05 -2.034640999999999877e+01
2.319224500000000116e+05 -1.854393999999999920e+01
2.319225249999999942e+05 -1.675975999999999999e+01
2.319226000000000058e+05 -1.955598000000000170e+01
2.319226749999999884e+05 -1.774455000000000027e+01
2.319227500000000000e+05 -2.039099999999999824e+01
2.319228250000000116e+05 -1.712165999999999855e+01
2.319228999999999942e+05 -1.764125999999999905e+01
2.319229750000000058e+05 -2.024734000000000123e+01
2.319230499999999884e+05 -2.029693999999999932e+01
2.319231250000000000e+05 -2.019168000000000163e+01
2.319232000000000116e+05 -1.836086999999999847e+01
2.319232749999999942e+05 -2.036184000000000083e+01
2.319233500000000058e+05 -2.129119000000000028e+01
2.319234249999999884e+05 -1.880538999999999916e+01
2.319235000000000000e+05 -1.875902999999999921e+01
2.319235750000000116e+05 -2.059664000000000073e+01
2.319236499999999942e+05 -1.730463999999999913e+01
2.319237250000000058e+05 -1.920824999999999960e+01
2.319237999999999884e+05 -2.004984999999999928e+01
2.319238750000000000e+05 -1.799727000000000032e+01
2.319239500000000116e+05 -1.647981000000000051e+01
2.319240249999999942e+05 -1.868204000000000065e+01
2.319241000000000058e+05 -1.782796000000000092e+01
2.319241749999999884e+05 -1.801017999999999830e+01
2.319242500000000000e+05 -2.003933999999999926e+01
2.319243250000000116e+05 -1.811706999999999823e+01
2.319243999999999942e+05 -1.671587999999999852e+01
2.319244750000000058e+05 -1.793316000000000088e+01
2.319245499999999884e+05 -1.888609999999999900e+01
2.319246250000000000e+05 -1.753528999999999982e+01
2.319247000000000116e+05 -1.905054000000000158e+01
2.319247749999999942e+05 -1.928350999999999971e+01
2.319248500000000058e+05 -1.547078999999999915e+01
2.319249249999999884e+05 -1.747571999999999903e+01
2.319250000000000000e+05 -1.807491999999999877e+01
2.319250750000000116e+05 -1.806973999999999947e+01
2.319251499999999942e+05 -1.763770999999999844e+01
2.319252250000000058e+05 -2.023173999999999850e+01
2.319252999999999884e+05 -1.701587999999999923e+01
2.319253750000000000e+05 -1.881438999999999950e+01
2.319254500000000116e+05 -1.672692999999999941e+01
2.319255249999999942e+05 -1.955235000000000056e+01
2.319256000000000058e+05 -1.848524000000000100e+01
2.319256749999999884e+05 -1.712791999999999959e+01
2.319257500000000000e+05 -1.872541000000000011e+01
2.319258250000000116e+05 -2.015034999999999954e+01
2.319258999999999942e+05 -1.750831000000000159e+01
2.319259750000000058e+05 -1.972478999999999871e+01
2.319260499999999884e+05 -1.690339000000000169e+01
2.319261250000000000e+05 -1.850449000000000055e+01
2.319262000000000116e+05 -1.751198000000000121e+01
2.319262749999999942e+05 -1.872737000000000052e+01
2.319263500000000058e+05 -1.782627000000000095e+01
2.319264249999999884e+05 -1.708576000000000050e+01
2.319265000000000000e+05 -1.737996000000000052e+01
2.319265750000000116e+05 -1.690109999999999957e+01
2.319266499999999942e+05 -1.703753999999999991e+01
2.319267250000000058e+05 -1.692110999999999876e+01
2.319267999999999884e+05 -1.596686000000000050e+01
2.319268750000000000e+05 -1.675471999999999895e+01
2.319269500000000116e+05 -1.636261000000000010e+01
2.319270249999999942e+05 -1.726585000000000036e+01
2.319271000000000058e+05 -1.606638999999999839e+01
2.319271749999999884e+05 -1.613573999999999842e+01
2.319272500000000000e+05 -1.740296999999999983e+01
2.319273250000000116e+05 -1.586932000000000009e+01
2.319273999999999942e+05 -1.650573999999999941e+01
2.319274750000000058e+05 -1.789969999999999928e+01
2.319275499999999884e+05 -1.602009999999999934e+01
2.319276250000000000e+05 -1.525320999999999927e+01
2.319277000000000116e+05 -1.621345000000000169e+01
2.319277749999999942e+05 -1.850284999999999869e+01
2.319278500000000058e+05 -1.686107000000000156e+01
2.319279249999999884e+05 -1.674053999999999931e+01
2.319280000000000000e+05 -1.609634000000000142e+01
2.319280750000000116e+05 -1.671358000000000033e+01
2.319281499999999942e+05 -1.700750000000000028e+01
2.319282250000000058e+05 -1.704495000000000005e+01
2.319282999999999884e+05 -1.517905000000000015e+01
2.319283750000000000e+05 -1.479959000000000024e+01
2.319284500000000116e+05 -1.709678999999999860e+01
2.319285249999999942e+05 -1.401258999999999943e+01
2.319286000000000058e+05 -1.600368999999999886e+01
2.319286749999999884e+05 -1.513734999999999964e+01
2.319287500000000000e+05 -1.517805000000000071e+01
2.319288250000000116e+05 -1.334426999999999985e+01
2.319288999999999942e+05 -1.490794999999999959e+01
2.319289750000000058e+05 -1.462132000000000076e+01
2.319290499999999884e+05 -1.530973999999999968e+01
2.319291250000000000e+05 -1.482399999999999984e+01
2.319292000000000116e+05 -1.493338999999999928e+01
2.319292749999999942e+05 -1.598996999999999957e+01
2.319293500000000058e+05 -1.386138000000000048e+01
2.319294249999999884e+05 -1.467722000000000016e+01
2.319295000000000000e+05 -1.322029999999999994e+01
2.319295750000000116e+05 -1.453673000000000037e+01
2.319296499999999942e+05 -1.465056000000000047e+01
2.319297250000000058e+05 -1.401258999999999943e+01
2.319297999999999884e+05 -1.360543000000000013e+01
2.319298750000000000e+05 -1.421931000000000012e+01
2.319299500000000116e+05 -1.301050000000000040e+01
2.319300249999999942e+05 -1.295325000000000060e+01
2.319301000000000058e+05 -1.272275999999999918e+01
2.319301749999999884e+05 -1.207675000000000054e+01
2.319302500000000000e+05 -1.242472000000000065e+01
2.319303250000000116e+05 -1.231545999999999985e+01
2.319303999999999942e+05 -1.126187000000000005e+01
2.319304750000000058e+05 -1.143619999999999948e+01
2.319305499999999884e+05 -1.043363000000000085e+01
2.319306250000000000e+05 -1.016117000000000026e+01
2.319307000000000116e+05 -1.042998000000000047e+01
2.319307749999999942e+05 -9.290070999999999302e+00
2.319308500000000058e+05 -9.902207999999999899e+00
2.319309249999999884e+05 -8.752430999999999628e+00
2.319310000000000000e+05 -8.718909999999999272e+00
2.319310750000000116e+05 -7.982868999999999993e+00
2.319311499999999942e+05 -7.644571000000000005e+00
2.319312250000000058e+05 -8.142383000000000592e+00
2.319312999999999884e+05 -7.299017000000000088e+00
2.319313750000000000e+05 -6.371386000000000216e+00
2.319314500000000116e+05 -5.356238000000000277e+00
2.319315249999999942e+05 -5.222603999999999580e+00
2.319316000000000058e+05 -5.683732000000000006e+00
2.319316749999999884e+05 -4.105233000000000132e+00
2.319317500000000000e+05 -3.797838000000000047e+00
2.319318250000000116e+05 -3.479362000000000066e+00
2.319318999999999942e+05 -3.016703000000000134e+00
2.319319750000000058e+05 -2.305915999999999855e+00
2.319320499999999884e+05 -1.898979999999999890e+00
2.319321250000000000e+05 -1.332866000000000106e+00
2.319322000000000116e+05 -1.070284000000000013e+00
2.319322749999999942e+05 -6.453643999999999492e-01
2.319323500000000058e+05 -6.368924999999999725e-01
2.319324249999999884e+05 -4.702297999999999756e-01
2.319325000000000000e+05 -2.186263999999999985e-01
2.319325750000000116e+05 -2.547209999999999752e-01
2.319326499999999942e+05 -6.515161999999999898e-01
2.319327250000000058e+05 -9.456774000000000013e-01
2.319327999999999884e+05 -1.061536000000000035e+00
2.319328750000000000e+05 -1.698887000000000036e+00
2.319329500000000116e+05 -2.686838999999999977e+00
2.319330249999999942e+05 -3.773738999999999955e+00
2.319331000000000058e+05 -5.402389999999999581e+00
2.319331749999999884e+05 -6.639108000000000231e+00
2.319332500000000000e+05 -8.220147000000000759e+00
2.319333250000000116e+05 -9.223819999999999908e+00
2.319333999999999942e+05 -9.056091000000000335e+00
2.319334750000000058e+05 -7.773430000000000284e+00
2.319335499999999884e+05 -7.677330000000000432e+00
2.319336250000000000e+05 -7.420500999999999792e+00
2.319337000000000116e+05 -7.698209000000000302e+00
2.319337749999999942e+05 -8.435624999999999929e+00
2.319338500000000058e+05 -9.653021000000000740e+00
2.319339249999999884e+05 -1.149723000000000006e+01
2.319340000000000000e+05 -1.289503000000000021e+01
2.319340750000000116e+05 -1.276042999999999950e+01
2.319341499999999942e+05 -1.180128999999999984e+01
2.319342250000000058e+05 -1.204618999999999929e+01
2.319342999999999884e+05 -1.216093000000000046e+01
2.319343750000000000e+05 -1.293482999999999983e+01
2.319344500000000116e+05 -1.505233999999999916e+01
2.319345249999999942e+05 -1.812547999999999959e+01
2.319346000000000058e+05 -1.973239999999999839e+01
2.319346749999999884e+05 -1.565976999999999997e+01
2.319347500000000000e+05 -1.541732999999999976e+01
2.319348250000000116e+05 -1.725602999999999909e+01
2.319348999999999942e+05 -1.678956000000000159e+01
2.319349750000000058e+05 -1.866264999999999930e+01
2.319350499999999884e+05 -1.966256999999999877e+01
2.319351250000000000e+05 -1.855822999999999823e+01
2.319352000000000116e+05 -1.859281999999999968e+01
2.319352749999999942e+05 -1.949587000000000003e+01
2.319353500000000058e+05 -2.119444999999999979e+01
2.319354249999999884e+05 -2.220467999999999975e+01
2.319355000000000000e+05 -2.461652000000000129e+01
2.319355750000000116e+05 -2.305003999999999920e+01
2.319356499999999942e+05 -2.171519999999999939e+01
2.319357250000000058e+05 -2.293947000000000003e+01
2.319357999999999884e+05 -2.490663999999999945e+01
2.319358750000000000e+05 -2.136928999999999945e+01
2.319359500000000116e+05 -2.202043000000000106e+01
2.319360249999999942e+05 -2.080155999999999850e+01
2.319361000000000058e+05 -2.828934999999999889e+01
2.319361749999999884e+05 -3.142405000000000115e+01
2.319362500000000000e+05 -2.410434000000000054e+01
2.319363250000000116e+05 -2.348882000000000048e+01
2.319363999999999942e+05 -3.403493000000000279e+01
2.319364750000000058e+05 -2.430842000000000169e+01
2.319365499999999884e+05 -2.596447999999999823e+01
2.319366250000000000e+05 -2.544806000000000168e+01
2.319367000000000116e+05 -4.056244999999999834e+01
2.319367749999999942e+05 -2.258385000000000176e+01
2.319368500000000058e+05 -2.910315999999999903e+01
2.319369249999999884e+05 -3.475356000000000023e+01
2.319370000000000000e+05 -3.391944999999999766e+01
2.319370750000000116e+05 -2.365339000000000169e+01
2.319371499999999942e+05 -2.413202000000000069e+01
2.319372250000000058e+05 -3.567907999999999902e+01
2.319372999999999884e+05 -2.055575999999999937e+01
2.319373750000000000e+05 -2.743386999999999887e+01
2.319374500000000116e+05 -3.086501000000000161e+01
2.319375249999999942e+05 -2.249928999999999846e+01
2.319376000000000058e+05 -2.836079000000000150e+01
2.319376749999999884e+05 -2.589611000000000018e+01
2.319377500000000000e+05 -2.668233000000000033e+01
2.319378250000000116e+05 -3.024935999999999936e+01
2.319378999999999942e+05 -3.095657999999999888e+01
2.319379750000000058e+05 -2.185848999999999975e+01
2.319380499999999884e+05 -2.627194000000000074e+01
2.319381250000000000e+05 -2.553622999999999976e+01
2.319382000000000116e+05 -2.647145000000000081e+01
2.319382749999999942e+05 -3.214133000000000351e+01
2.319383500000000058e+05 -2.945238000000000156e+01
2.319384249999999884e+05 -3.236569999999999681e+01
2.319385000000000000e+05 -2.929902999999999835e+01
2.319385750000000116e+05 -2.490321000000000140e+01
2.319386499999999942e+05 -2.427677999999999869e+01
2.319387250000000058e+05 -3.101477999999999824e+01
2.319387999999999884e+05 -2.779110999999999976e+01
2.319388750000000000e+05 -2.453430000000000177e+01
2.319389500000000116e+05 -2.614758000000000138e+01
2.319390249999999942e+05 -2.502955000000000041e+01
2.319391000000000058e+05 -3.587545999999999680e+01
2.319391749999999884e+05 -3.018803000000000125e+01
2.319392500000000000e+05 -2.556131999999999849e+01
2.319393250000000116e+05 -2.609978999999999871e+01
2.319393999999999942e+05 -2.510639000000000109e+01
2.319394750000000058e+05 -2.319059999999999988e+01
2.319395499999999884e+05 -2.768018000000000001e+01
2.319396250000000000e+05 -2.133974999999999866e+01
2.319397000000000116e+05 -2.800607000000000113e+01
2.319397749999999942e+05 -2.663410999999999973e+01
2.319398500000000058e+05 -2.371481999999999957e+01
2.319399249999999884e+05 -2.557319999999999993e+01
2.319400000000000000e+05 -2.288192000000000093e+01
2.319400750000000116e+05 -2.951848999999999990e+01
2.319401499999999942e+05 -2.882280000000000086e+01
2.319402250000000058e+05 -2.587020000000000053e+01
2.319402999999999884e+05 -2.263680000000000092e+01
2.319403750000000000e+05 -4.016729000000000127e+01
2.319404500000000116e+05 -2.297193000000000040e+01
2.319405249999999942e+05 -2.340443000000000140e+01
2.319406000000000058e+05 -2.179088000000000136e+01
2.319406749999999884e+05 -2.407909000000000077e+01
2.319407500000000000e+05 -2.251360000000000028e+01
2.319408250000000116e+05 -2.603481999999999985e+01
2.319408999999999942e+05 -2.506415000000000148e+01
2.319409750000000058e+05 -2.930219999999999914e+01
2.319410499999999884e+05 -2.019251999999999825e+01
2.319411250000000000e+05 -2.824963999999999942e+01
2.319412000000000116e+05 -2.091689999999999827e+01
2.319412749999999942e+05 -2.177440999999999960e+01
2.319413500000000058e+05 -2.444820999999999955e+01
2.319414249999999884e+05 -2.581291999999999831e+01
2.319415000000000000e+05 -2.365922000000000125e+01
2.319415750000000116e+05 -3.195974999999999966e+01
2.319416499999999942e+05 -2.794694000000000145e+01
2.319417250000000058e+05 -2.517295000000000016e+01
2.319417999999999884e+05 -2.580161000000000016e+01
2.319418750000000000e+05 -2.556283000000000172e+01
2.319419500000000116e+05 -2.534063000000000088e+01
2.319420249999999942e+05 -2.678958000000000084e+01
2.319421000000000058e+05 -2.439038000000000039e+01
2.319421749999999884e+05 -2.387397999999999954e+01
2.319422500000000000e+05 -2.570009999999999906e+01
2.319423250000000116e+05 -2.364911999999999992e+01
2.319423999999999942e+05 -2.212203999999999837e+01
2.319424750000000058e+05 -2.046413000000000082e+01
2.319425499999999884e+05 -2.324040000000000106e+01
2.319426250000000000e+05 -2.024182000000000059e+01
2.319427000000000116e+05 -2.178873000000000104e+01
2.319427749999999942e+05 -2.654793000000000092e+01
2.319428500000000058e+05 -2.198808000000000007e+01
2.319429249999999884e+05 -1.964037000000000077e+01
2.319430000000000000e+05 -2.490401999999999916e+01
2.319430750000000116e+05 -2.479109000000000052e+01
2.319431499999999942e+05 -2.474605000000000032e+01
2.319432250000000058e+05 -2.241387999999999892e+01
2.319432999999999884e+05 -2.095684999999999931e+01
2.319433750000000000e+05 -2.492771000000000114e+01
2.319434500000000116e+05 -2.212111000000000161e+01
2.319435249999999942e+05 -2.739170000000000016e+01
2.319436000000000058e+05 -2.667734000000000094e+01
2.319436749999999884e+05 -2.422897000000000034e+01
2.319437500000000000e+05 -2.349423000000000172e+01
2.319438250000000116e+05 -2.256227000000000160e+01
2.319438999999999942e+05 -2.273815000000000097e+01
2.319439750000000058e+05 -2.623592000000000013e+01
2.319440499999999884e+05 -2.414690999999999832e+01
2.319441250000000000e+05 -2.386856999999999829e+01
2.319442000000000116e+05 -2.237874000000000052e+01
2.319442749999999942e+05 -3.607544000000000040e+01
2.319443500000000058e+05 -2.098375000000000057e+01
2.319444249999999884e+05 -2.422858000000000089e+01
2.319445000000000000e+05 -2.164619000000000071e+01
2.319445750000000116e+05 -2.170016999999999996e+01
2.319446499999999942e+05 -2.379045999999999950e+01
2.319447250000000058e+05 -2.534609999999999985e+01
2.319447999999999884e+05 -2.432622999999999891e+01
2.319448750000000000e+05 -2.405358000000000018e+01
2.319449500000000116e+05 -2.359947000000000017e+01
2.319450249999999942e+05 -2.400696999999999903e+01
2.319451000000000058e+05 -2.305669999999999931e+01
2.319451749999999884e+05 -2.467792999999999992e+01
2.319452500000000000e+05 -2.906206999999999852e+01
2.319453250000000116e+05 -2.432753999999999905e+01
2.319453999999999942e+05 -2.373698999999999870e+01
2.319454750000000058e+05 -2.257920000000000016e+01
2.319455499999999884e+05 -2.672741999999999862e+01
2.319456250000000000e+05 -2.536445000000000149e+01
2.319457000000000116e+05 -2.507166000000000139e+01
2.319457749999999942e+05 -2.560038000000000125e+01
2.319458500000000058e+05 -2.347498999999999825e+01
2.319459249999999884e+05 -2.012004999999999910e+01
2.319460000000000000e+05 -2.475507999999999953e+01
2.319460750000000116e+05 -2.171601000000000070e+01
2.319461499999999942e+05 -2.744216000000000122e+01
2.319462250000000058e+05 -2.621290000000000120e+01
2.319462999999999884e+05 -2.263299999999999912e+01
2.319463750000000000e+05 -2.423136999999999830e+01
2.319464500000000116e+05 -2.368141999999999925e+01
2.319465249999999942e+05 -2.274140999999999835e+01
2.319466000000000058e+05 -2.193511000000000166e+01
2.319466749999999884e+05 -2.333834999999999837e+01
2.319467500000000000e+05 -2.612200999999999951e+01
2.319468250000000116e+05 -2.579724999999999824e+01
2.319468999999999942e+05 -2.336191000000000173e+01
2.319469750000000058e+05 -2.245853999999999928e+01
2.319470499999999884e+05 -2.369107999999999947e+01
2.319471250000000000e+05 -2.047352000000000061e+01
2.319472000000000116e+05 -2.345817999999999870e+01
2.319472749999999942e+05 -2.369442000000000093e+01
2.319473500000000058e+05 -2.310282000000000124e+01
2.319474249999999884e+05 -2.198070999999999842e+01
2.319475000000000000e+05 -2.439722000000000079e+01
