# Time finished:
# 2015-06-03 05.06.53
# Temp volt start:
# 1.0179403
# Temp volt stop:
# 1.0179403
# Approx start T:
# 82.486938958
# Approx stop T:
# 82.4949275571
# DC bias measured, messed up:
# 4.00002
# DC bias we asked for:
# 4
2.318130199999999895e+05 -1.473865999999999943e+01 9.108517000000000507e+01
2.318132200000000012e+05 -1.467919999999999980e+01 8.807789999999999964e+01
2.318134199999999837e+05 -1.463504999999999967e+01 8.843243999999999971e+01
2.318136199999999953e+05 -1.430202000000000062e+01 8.570537000000000205e+01
2.318138199999999779e+05 -1.448054999999999914e+01 8.894517000000000451e+01
2.318140199999999895e+05 -1.454712999999999923e+01 8.912389000000000294e+01
2.318142200000000012e+05 -1.466508999999999929e+01 8.701093000000000188e+01
2.318144199999999837e+05 -1.457789000000000001e+01 9.071517000000000053e+01
2.318146199999999953e+05 -1.476634999999999920e+01 8.616473000000000582e+01
2.318148199999999779e+05 -1.482854999999999990e+01 8.511450000000000671e+01
2.318150199999999895e+05 -1.473755000000000059e+01 8.640437000000000012e+01
2.318152200000000012e+05 -1.434201999999999977e+01 8.608486000000000615e+01
2.318154199999999837e+05 -1.470101000000000013e+01 8.719997999999999649e+01
2.318156199999999953e+05 -1.407555999999999941e+01 8.691956000000000415e+01
2.318158199999999779e+05 -1.413996999999999993e+01 8.707377999999999929e+01
2.318160199999999895e+05 -1.392129000000000083e+01 8.332922000000000651e+01
2.318162200000000012e+05 -1.430267000000000088e+01 8.570220999999999378e+01
2.318164199999999837e+05 -1.417641000000000062e+01 8.364668000000000347e+01
2.318166199999999953e+05 -1.430741000000000085e+01 8.518255999999999517e+01
2.318168199999999779e+05 -1.368887999999999927e+01 8.631811999999999330e+01
2.318170199999999895e+05 -1.358220000000000027e+01 8.409924999999999784e+01
2.318172200000000012e+05 -1.391662999999999961e+01 8.503690000000000282e+01
2.318174199999999837e+05 -1.401594000000000051e+01 8.341679999999999495e+01
2.318176199999999953e+05 -1.368511999999999951e+01 8.241357999999999606e+01
2.318178199999999779e+05 -1.361730999999999980e+01 8.211713000000000306e+01
2.318180199999999895e+05 -1.382868000000000031e+01 8.273669999999999902e+01
2.318182200000000012e+05 -1.358731000000000044e+01 8.312637999999999749e+01
2.318184199999999837e+05 -1.317910999999999966e+01 8.396425999999999590e+01
2.318186199999999953e+05 -1.293904999999999994e+01 8.224608000000000629e+01
2.318188199999999779e+05 -1.283417999999999992e+01 7.987882000000000460e+01
2.318190199999999895e+05 -1.310881000000000007e+01 8.395058000000000220e+01
2.318192200000000012e+05 -1.247799000000000014e+01 8.239333000000000595e+01
2.318194199999999837e+05 -1.185845999999999911e+01 8.028400000000000603e+01
2.318196199999999953e+05 -1.119757000000000069e+01 7.525394000000000005e+01
2.318198199999999779e+05 -1.105137000000000036e+01 7.232047000000000025e+01
2.318200199999999895e+05 -1.055658999999999992e+01 7.267826999999999771e+01
2.318202200000000012e+05 -9.733669000000000793e+00 7.016185000000000116e+01
2.318204199999999837e+05 -9.296309000000000822e+00 6.512852999999999781e+01
2.318206199999999953e+05 -8.047627000000000308e+00 5.844736000000000331e+01
2.318208199999999779e+05 -6.694088999999999956e+00 5.132840999999999809e+01
2.318210199999999895e+05 -4.817768000000000050e+00 3.419156999999999869e+01
2.318212200000000012e+05 -2.923261999999999805e+00 8.285256999999999650e+00
2.318214199999999837e+05 -1.340468999999999911e+00 -3.535871999999999815e+01
2.318216199999999953e+05 -1.028739999999999988e+00 -1.018152999999999935e+02
2.318218199999999779e+05 -3.513669999999999849e+00 -1.840909000000000049e+02
2.318220199999999895e+05 -1.028545000000000087e+01 -3.019981999999999971e+02
2.318222200000000012e+05 -9.754542000000000712e+00 -1.261638999999999982e+02
2.318224199999999837e+05 -1.312442000000000064e+01 -2.734182999999999879e+02
2.318226199999999953e+05 -1.374813999999999936e+01 -1.786597999999999900e+02
2.318228199999999779e+05 -3.226874999999999716e+01 -4.984806999999999988e+01
2.318230199999999895e+05 -1.962741000000000113e+01 7.919727000000000317e+01
2.318232200000000012e+05 -1.743225999999999942e+01 9.952637000000000000e+01
2.318234199999999837e+05 -1.733104000000000156e+01 1.031505999999999972e+02
2.318236199999999953e+05 -1.874273000000000167e+01 9.984927999999999315e+01
2.318238199999999779e+05 -1.991272999999999982e+01 1.078418000000000063e+02
2.318240199999999895e+05 -1.974990000000000023e+01 1.149060000000000059e+02
2.318242200000000012e+05 -1.820071000000000083e+01 1.152040999999999968e+02
2.318244199999999837e+05 -1.952496000000000009e+01 1.042967000000000013e+02
2.318246199999999953e+05 -1.765662000000000020e+01 1.068029999999999973e+02
2.318248199999999779e+05 -1.888609999999999900e+01 1.049335999999999984e+02
2.318250199999999895e+05 -1.777346000000000004e+01 1.021081999999999965e+02
2.318252200000000012e+05 -1.749002000000000123e+01 1.031881000000000057e+02
2.318254199999999837e+05 -1.710166999999999859e+01 1.041984000000000066e+02
2.318256199999999953e+05 -1.719628000000000156e+01 9.892242000000000246e+01
2.318258199999999779e+05 -1.782348999999999961e+01 1.029489999999999981e+02
2.318260199999999895e+05 -1.829204999999999970e+01 9.918598000000000070e+01
2.318262200000000012e+05 -1.723485000000000156e+01 1.005482999999999976e+02
2.318264199999999837e+05 -1.750197999999999965e+01 9.942386000000000479e+01
2.318266199999999953e+05 -1.755160000000000053e+01 1.015832999999999942e+02
2.318268199999999779e+05 -1.709922999999999860e+01 1.017335999999999956e+02
2.318270199999999895e+05 -1.771230999999999867e+01 9.389130000000000109e+01
2.318272200000000012e+05 -1.679983999999999966e+01 9.950078999999999496e+01
2.318274199999999837e+05 -1.647006000000000014e+01 9.806364000000000658e+01
2.318276199999999953e+05 -1.696572000000000102e+01 1.008888000000000034e+02
2.318278199999999779e+05 -1.708962999999999965e+01 9.870529999999999404e+01
2.318280199999999895e+05 -1.723376000000000019e+01 9.516707999999999856e+01
2.318282200000000012e+05 -1.672035999999999945e+01 9.533108000000000004e+01
2.318284199999999837e+05 -1.695559000000000083e+01 9.440291999999999462e+01
2.318286199999999953e+05 -1.603607999999999834e+01 9.948050999999999533e+01
2.318288199999999779e+05 -1.656307999999999936e+01 9.703613000000000000e+01
2.318290199999999895e+05 -1.671318000000000126e+01 9.971092000000000155e+01
2.318292200000000012e+05 -1.675701000000000107e+01 9.616158000000000072e+01
2.318294199999999837e+05 -1.632546999999999926e+01 9.667552999999999486e+01
2.318296199999999953e+05 -1.638082999999999956e+01 9.709505000000000052e+01
2.318298199999999779e+05 -1.663998000000000133e+01 9.477016000000000417e+01
2.318300199999999895e+05 -1.678594999999999970e+01 9.465653000000000361e+01
2.318302200000000012e+05 -1.627173000000000158e+01 9.795928999999999576e+01
2.318304199999999837e+05 -1.673793999999999826e+01 9.574840000000000373e+01
2.318306199999999953e+05 -1.653566999999999965e+01 9.917880999999999858e+01
2.318308199999999779e+05 -1.607123999999999953e+01 9.670914999999999395e+01
2.318310199999999895e+05 -1.662145999999999901e+01 9.219741999999999393e+01
2.318312200000000012e+05 -1.654103999999999886e+01 9.274733999999999412e+01
2.318314199999999837e+05 -1.641507000000000005e+01 9.764078000000000657e+01
2.318316199999999953e+05 -1.635760000000000147e+01 9.472517000000000564e+01
2.318318199999999779e+05 -1.695558000000000121e+01 9.440407999999999333e+01
2.318320199999999895e+05 -1.613917999999999964e+01 9.532885000000000275e+01
2.318322200000000012e+05 -1.627795000000000059e+01 9.497289999999999566e+01
2.318324199999999837e+05 -1.678515000000000157e+01 9.493581000000000358e+01
2.318326199999999953e+05 -1.683751000000000175e+01 9.646623999999999910e+01
2.318328199999999779e+05 -1.631852999999999909e+01 9.471609999999999729e+01
2.318330199999999895e+05 -1.643871000000000038e+01 9.447150000000000603e+01
