# Time finished:
# 2015-06-03 08.16.38
# Temp volt start:
# 1.0126114
# Temp volt stop:
# 1.0126114
# Approx start T:
# 85.4961951398
# Approx stop T:
# 85.4824614622
# DC bias measured, messed up:
# 3.999896
# DC bias we asked for:
# 4
2.318179400000000023e+05 -1.465869000000000000e+01 9.049384000000000583e+01
2.318181400000000140e+05 -1.451906999999999925e+01 8.803578000000000259e+01
2.318183399999999965e+05 -1.470739000000000019e+01 8.826269999999999527e+01
2.318185400000000081e+05 -1.449595000000000056e+01 8.870805000000000007e+01
2.318187399999999907e+05 -1.440094999999999992e+01 9.079909000000000674e+01
2.318189400000000023e+05 -1.479826000000000086e+01 8.471160000000000423e+01
2.318191400000000140e+05 -1.486871000000000009e+01 8.749447999999999581e+01
2.318193399999999965e+05 -1.505212000000000039e+01 8.597378000000000497e+01
2.318195400000000081e+05 -1.463673000000000002e+01 8.686633999999999389e+01
2.318197399999999907e+05 -1.479526000000000074e+01 9.001376000000000488e+01
2.318199400000000023e+05 -1.519135999999999953e+01 8.798430999999999358e+01
2.318201400000000140e+05 -1.427177000000000007e+01 8.882586999999999477e+01
2.318203399999999965e+05 -1.420439000000000007e+01 8.864894999999999925e+01
2.318205400000000081e+05 -1.428290999999999933e+01 8.637350000000000705e+01
2.318207399999999907e+05 -1.438688999999999929e+01 8.672343999999999653e+01
2.318209400000000023e+05 -1.422694000000000081e+01 8.684230999999999767e+01
2.318211400000000140e+05 -1.406127000000000038e+01 8.561097999999999786e+01
2.318213399999999965e+05 -1.419965999999999973e+01 8.538407999999999731e+01
2.318215400000000081e+05 -1.447347000000000072e+01 8.698226999999999975e+01
2.318217399999999907e+05 -1.407013000000000069e+01 8.528999000000000308e+01
2.318219400000000023e+05 -1.387884999999999991e+01 8.668273999999999546e+01
2.318221400000000140e+05 -1.368313000000000024e+01 8.393675000000000352e+01
2.318223399999999965e+05 -1.393450999999999951e+01 8.479677999999999827e+01
2.318225400000000081e+05 -1.314167999999999914e+01 8.289660999999999547e+01
2.318227399999999907e+05 -1.362951999999999941e+01 8.419380999999999915e+01
2.318229400000000023e+05 -1.355551999999999957e+01 8.200239999999999441e+01
2.318231400000000140e+05 -1.326016000000000084e+01 8.199321999999999377e+01
2.318233399999999965e+05 -1.318652999999999942e+01 8.104115000000000180e+01
2.318235400000000081e+05 -1.313227999999999973e+01 8.206355000000000643e+01
2.318237399999999907e+05 -1.325408000000000008e+01 8.228955999999999449e+01
2.318239400000000023e+05 -1.265900000000000070e+01 8.078226999999999691e+01
2.318241400000000140e+05 -1.269701000000000057e+01 8.198601999999999634e+01
2.318243399999999965e+05 -1.237823000000000029e+01 8.161742999999999881e+01
2.318245400000000081e+05 -1.177968000000000082e+01 7.939033999999999480e+01
2.318247399999999907e+05 -1.092051000000000016e+01 7.663045999999999935e+01
2.318249400000000023e+05 -1.110471000000000075e+01 7.379720000000000368e+01
2.318251400000000140e+05 -1.071588999999999992e+01 7.281829000000000462e+01
2.318253399999999965e+05 -9.659966000000000719e+00 6.656570000000000675e+01
2.318255400000000081e+05 -9.093505000000000393e+00 6.365285000000000082e+01
2.318257399999999907e+05 -7.463277999999999857e+00 5.789370999999999867e+01
2.318259400000000023e+05 -6.227687000000000417e+00 4.502526999999999902e+01
2.318261400000000140e+05 -4.116806000000000409e+00 2.783138999999999896e+01
2.318263399999999965e+05 -2.195403000000000215e+00 -2.290341000000000182e+00
2.318265400000000081e+05 -1.075134999999999952e+00 -5.375742000000000331e+01
2.318267399999999907e+05 -1.342263999999999902e+00 -1.245742000000000047e+02
2.318269400000000023e+05 -5.129653000000000240e+00 -2.137346000000000004e+02
2.318271400000000140e+05 -1.196432000000000073e+01 -3.590274999999999750e+02
2.318273399999999965e+05 -9.185624999999999929e+00 -5.314226999999999634e+02
2.318275400000000081e+05 -1.899087000000000103e+01 -7.038201000000000249e+02
2.318277399999999907e+05 -1.279725999999999964e+01 -5.866346999999999525e+02
2.318279400000000023e+05 -1.785989000000000004e+01 -5.427604000000000042e+02
2.318281400000000140e+05 -3.263311999999999813e+01 -5.681026000000000522e+02
2.318283399999999965e+05 -2.365905000000000058e+01 -6.249705999999999904e+02
2.318285400000000081e+05 -2.351105000000000089e+01 -6.179307999999999765e+02
2.318287399999999907e+05 -2.264406999999999925e+01 -6.064773999999999887e+02
2.318289400000000023e+05 -1.938594000000000150e+01 -5.913021999999999707e+02
2.318291400000000140e+05 -1.696424999999999983e+01 -6.095892000000000053e+02
2.318293399999999965e+05 -1.872576000000000107e+01 -6.142164000000000215e+02
2.318295400000000081e+05 -1.860244000000000142e+01 -6.086267000000000280e+02
2.318297399999999907e+05 -1.902683000000000035e+01 -6.148834000000000515e+02
2.318299400000000023e+05 -1.762461000000000055e+01 -6.166884000000000015e+02
2.318301400000000140e+05 -1.750685999999999964e+01 -6.117997000000000298e+02
2.318303399999999965e+05 -1.712262000000000128e+01 -6.127689000000000306e+02
2.318305400000000081e+05 -1.728213999999999828e+01 -6.154097000000000435e+02
2.318307399999999907e+05 -1.756963000000000008e+01 -6.164374000000000251e+02
2.318309400000000023e+05 -1.726029000000000124e+01 -6.216180000000000518e+02
2.318311400000000140e+05 -1.752446000000000126e+01 -6.225344000000000051e+02
2.318313399999999965e+05 -1.721270000000000167e+01 -6.179142000000000507e+02
2.318315400000000081e+05 -1.770279999999999987e+01 -6.178673000000000002e+02
2.318317399999999907e+05 -1.698682000000000158e+01 -6.178505999999999858e+02
2.318319400000000023e+05 -1.705114999999999981e+01 -6.229098000000000184e+02
2.318321400000000140e+05 -1.732931999999999917e+01 -6.217282000000000153e+02
2.318323399999999965e+05 -1.749853999999999843e+01 -6.207001999999999953e+02
2.318325400000000081e+05 -1.636573999999999884e+01 -6.224027999999999565e+02
2.318327399999999907e+05 -1.674866000000000099e+01 -6.230439999999999827e+02
2.318329400000000023e+05 -1.676114000000000104e+01 -6.195022999999999911e+02
2.318331400000000140e+05 -1.677812000000000126e+01 -6.218989000000000260e+02
2.318333399999999965e+05 -1.647785000000000011e+01 -6.215221000000000231e+02
2.318335400000000081e+05 -1.691742999999999952e+01 -6.276968000000000529e+02
2.318337399999999907e+05 -1.685220999999999947e+01 -6.210004999999999882e+02
2.318339400000000023e+05 -1.659213000000000093e+01 -6.244913000000000238e+02
2.318341400000000140e+05 -1.703440000000000154e+01 -6.201453999999999951e+02
2.318343399999999965e+05 -1.646478000000000108e+01 -6.242598000000000411e+02
2.318345400000000081e+05 -1.651238999999999990e+01 -6.253321999999999434e+02
2.318347399999999907e+05 -1.581281000000000070e+01 -6.248220000000000027e+02
2.318349400000000023e+05 -1.637180000000000035e+01 -6.229384999999999764e+02
2.318351400000000140e+05 -1.688408000000000087e+01 -6.216947999999999865e+02
2.318353399999999965e+05 -1.622353999999999985e+01 -6.208777000000000044e+02
2.318355400000000081e+05 -1.619981999999999900e+01 -6.195707999999999629e+02
2.318357399999999907e+05 -1.711334000000000088e+01 -6.252286000000000286e+02
2.318359400000000023e+05 -1.653413000000000110e+01 -6.257410999999999603e+02
2.318361400000000140e+05 -1.616545999999999950e+01 -6.210497000000000298e+02
2.318363399999999965e+05 -1.686418000000000106e+01 -6.218505999999999858e+02
2.318365400000000081e+05 -1.663557000000000130e+01 -6.247617999999999938e+02
2.318367399999999907e+05 -1.674866000000000099e+01 -6.230439999999999827e+02
2.318369400000000023e+05 -1.580371000000000059e+01 -6.246979999999999791e+02
2.318371400000000140e+05 -1.723275999999999897e+01 -6.247611000000000558e+02
2.318373399999999965e+05 -1.643544999999999945e+01 -6.222317000000000462e+02
2.318375400000000081e+05 -1.615449999999999875e+01 -6.246094000000000506e+02
2.318377399999999907e+05 -1.643325000000000102e+01 -6.239942999999999529e+02
2.318379400000000023e+05 -1.662742000000000075e+01 -6.254524999999999864e+02
