# Time finished:
# 2015-06-03 20.46.06
# Temp volt start:
# 1.0108218
# Temp volt stop:
# 1.0108218
# Approx start T:
# 86.502357611
# Approx stop T:
# 86.5362213826
# DC bias measured, messed up:
# 3.999564
# DC bias we asked for:
# 4
2.318211199999999953e+05 -1.472356000000000087e+01 8.825359000000000265e+01
2.318213200000000070e+05 -1.461585000000000001e+01 9.000670999999999822e+01
2.318215199999999895e+05 -1.512725999999999971e+01 8.624786000000000286e+01
2.318217200000000012e+05 -1.472247999999999912e+01 8.922625999999999635e+01
2.318219199999999837e+05 -1.480434999999999945e+01 8.790251000000000658e+01
2.318221199999999953e+05 -1.520262999999999920e+01 9.125784000000000162e+01
2.318223200000000070e+05 -1.483740000000000059e+01 8.787990999999999531e+01
2.318225199999999895e+05 -1.476335000000000086e+01 8.728167999999999438e+01
2.318227200000000012e+05 -1.444199000000000055e+01 8.542069999999999652e+01
2.318229199999999837e+05 -1.438096999999999959e+01 8.475329000000000690e+01
2.318231199999999953e+05 -1.474738999999999933e+01 8.546909999999999741e+01
2.318233200000000070e+05 -1.503933999999999926e+01 8.963730999999999938e+01
2.318235199999999895e+05 -1.447982999999999976e+01 9.057613000000000625e+01
2.318237200000000012e+05 -1.472893000000000008e+01 8.538017999999999574e+01
2.318239199999999837e+05 -1.499760000000000026e+01 8.558043999999999585e+01
2.318241199999999953e+05 -1.445566999999999958e+01 8.530782999999999561e+01
2.318243200000000070e+05 -1.473494999999999955e+01 8.655147999999999797e+01
2.318245199999999895e+05 -1.403747000000000078e+01 8.675969999999999516e+01
2.318247200000000012e+05 -1.386210999999999949e+01 8.465448999999999558e+01
2.318249199999999837e+05 -1.402161000000000080e+01 8.883769999999999811e+01
2.318251199999999953e+05 -1.385181000000000040e+01 8.359490999999999872e+01
2.318253200000000070e+05 -1.373919000000000068e+01 8.439276999999999873e+01
2.318255199999999895e+05 -1.370790000000000042e+01 8.727531000000000461e+01
2.318257200000000012e+05 -1.371978999999999971e+01 8.152398999999999774e+01
2.318259199999999837e+05 -1.426918000000000042e+01 8.333015000000000327e+01
2.318261199999999953e+05 -1.344008999999999965e+01 8.329404999999999859e+01
2.318263200000000070e+05 -1.355846000000000018e+01 8.531998000000000104e+01
2.318265199999999895e+05 -1.353058000000000050e+01 8.469322999999999979e+01
2.318267200000000012e+05 -1.302065999999999946e+01 8.411008999999999958e+01
2.318269199999999837e+05 -1.317933000000000021e+01 8.104662000000000432e+01
2.318271199999999953e+05 -1.279182999999999915e+01 8.114672000000000196e+01
2.318273200000000070e+05 -1.286325000000000074e+01 8.174822000000000344e+01
2.318275199999999895e+05 -1.237285999999999930e+01 7.914033000000000584e+01
2.318277200000000012e+05 -1.197236000000000011e+01 8.144585999999999615e+01
2.318279199999999837e+05 -1.141676000000000002e+01 7.747141000000000588e+01
2.318281199999999953e+05 -1.134910999999999959e+01 7.120475999999999317e+01
2.318283200000000070e+05 -1.086708999999999925e+01 7.410653999999999542e+01
2.318285199999999895e+05 -1.007287999999999961e+01 6.930522000000000560e+01
2.318287200000000012e+05 -9.335079999999999600e+00 6.639227999999999952e+01
2.318289199999999837e+05 -8.065020000000000522e+00 6.029977000000000231e+01
2.318291199999999953e+05 -6.731545999999999808e+00 5.159309999999999974e+01
2.318293200000000070e+05 -4.842925000000000146e+00 3.646544999999999703e+01
2.318295199999999895e+05 -2.929510000000000058e+00 1.178444999999999965e+01
2.318297200000000012e+05 -1.450617000000000045e+00 -3.075153999999999854e+01
2.318299199999999837e+05 -1.115601999999999983e+00 -9.506398000000000081e+01
2.318301199999999953e+05 -3.106374000000000191e+00 -1.767214999999999918e+02
2.318303200000000070e+05 -9.620639000000000607e+00 -2.875799999999999841e+02
2.318305199999999895e+05 -1.042380999999999958e+01 -1.133914999999999935e+02
2.318307200000000012e+05 -1.232620000000000005e+01 -2.597490999999999985e+02
2.318309199999999837e+05 -1.470914999999999928e+01 -1.653019999999999925e+02
2.318311199999999953e+05 -2.630771000000000015e+01 -3.341650999999999954e+02
2.318313200000000070e+05 -1.687031999999999954e+01 -2.684408000000000243e+02
2.318315199999999895e+05 -1.569449999999999967e+01 -2.503105999999999938e+02
2.318317200000000012e+05 -1.702704999999999913e+01 -2.487676999999999907e+02
2.318319199999999837e+05 -1.782287000000000177e+01 -2.528384000000000071e+02
2.318321199999999953e+05 -1.894923999999999964e+01 -2.565151000000000181e+02
2.318323200000000070e+05 -2.025422000000000011e+01 -2.481274999999999977e+02
2.318325199999999895e+05 -1.813062000000000040e+01 -2.438267999999999915e+02
2.318327200000000012e+05 -1.853605999999999909e+01 -2.586746999999999730e+02
2.318329199999999837e+05 -1.825084999999999980e+01 -2.481007999999999925e+02
2.318331199999999953e+05 -1.856644999999999968e+01 -2.567977000000000203e+02
2.318333200000000070e+05 -1.707798999999999978e+01 -2.570009000000000015e+02
2.318335199999999895e+05 -1.684667999999999921e+01 -2.587731999999999744e+02
2.318337200000000012e+05 -1.690594000000000108e+01 -2.569146000000000072e+02
2.318339199999999837e+05 -1.714868999999999843e+01 -2.590486000000000217e+02
2.318341199999999953e+05 -1.777352000000000132e+01 -2.618020000000000209e+02
2.318343200000000070e+05 -1.752652000000000143e+01 -2.604710999999999785e+02
2.318345199999999895e+05 -1.743880000000000052e+01 -2.605348000000000184e+02
2.318347200000000012e+05 -1.759684000000000026e+01 -2.574300000000000068e+02
2.318349199999999837e+05 -1.749212999999999951e+01 -2.587273999999999887e+02
2.318351199999999953e+05 -1.714654000000000167e+01 -2.600452000000000226e+02
2.318353200000000070e+05 -1.724455999999999989e+01 -2.595359000000000265e+02
2.318355199999999895e+05 -1.747635000000000005e+01 -2.615409999999999968e+02
2.318357200000000012e+05 -1.701999999999999957e+01 -2.613960999999999899e+02
2.318359199999999837e+05 -1.688316000000000017e+01 -2.606616999999999962e+02
2.318361199999999953e+05 -1.726335999999999871e+01 -2.566410000000000196e+02
2.318363200000000070e+05 -1.689358999999999966e+01 -2.590067000000000235e+02
2.318365199999999895e+05 -1.668027000000000015e+01 -2.622785999999999831e+02
2.318367200000000012e+05 -1.671731000000000122e+01 -2.576761000000000195e+02
2.318369199999999837e+05 -1.670991000000000071e+01 -2.614547000000000025e+02
2.318371199999999953e+05 -1.597038000000000046e+01 -2.603016000000000076e+02
2.318373200000000070e+05 -1.621819999999999951e+01 -2.616329999999999814e+02
2.318375199999999895e+05 -1.689904999999999902e+01 -2.635228999999999928e+02
2.318377200000000012e+05 -1.720348999999999862e+01 -2.690634000000000015e+02
2.318379199999999837e+05 -1.659562000000000026e+01 -2.605994999999999777e+02
2.318381199999999953e+05 -1.607675000000000054e+01 -2.645787000000000262e+02
2.318383200000000070e+05 -1.666522000000000148e+01 -2.626859000000000037e+02
2.318385199999999895e+05 -1.633693999999999846e+01 -2.634812999999999761e+02
2.318387200000000012e+05 -1.625666999999999973e+01 -2.616084999999999923e+02
2.318389199999999837e+05 -1.656382999999999939e+01 -2.651016999999999939e+02
2.318391199999999953e+05 -1.668796999999999997e+01 -2.613358000000000061e+02
2.318393200000000070e+05 -1.700138000000000105e+01 -2.633444000000000074e+02
2.318395199999999895e+05 -1.622995999999999839e+01 -2.647955000000000041e+02
2.318397200000000012e+05 -1.682137000000000171e+01 -2.640980999999999881e+02
2.318399199999999837e+05 -1.585934999999999917e+01 -2.603851000000000226e+02
2.318401199999999953e+05 -1.651443000000000083e+01 -2.635416000000000167e+02
2.318403200000000070e+05 -1.637217000000000056e+01 -2.666829999999999927e+02
2.318405199999999895e+05 -1.664166000000000167e+01 -2.645545999999999935e+02
2.318407200000000012e+05 -1.615436000000000050e+01 -2.648118999999999801e+02
2.318409199999999837e+05 -1.662239999999999895e+01 -2.646900999999999726e+02
2.318411199999999953e+05 -1.645618999999999943e+01 -2.636951999999999998e+02
