# Time finished:
# 2015-06-03 05.51.50
# Temp volt start:
# 1.0166844
# Temp volt stop:
# 1.0166844
# Approx start T:
# 83.1979422128
# Approx stop T:
# 83.2167792737
# DC bias measured, messed up:
# 3.999995
# DC bias we asked for:
# 4
2.318141300000000047e+05 -1.515264999999999951e+01 8.669499999999999318e+01
2.318143300000000163e+05 -1.486938999999999922e+01 8.624787999999999499e+01
2.318145299999999988e+05 -1.420503000000000071e+01 8.666974999999999341e+01
2.318147300000000105e+05 -1.461260000000000048e+01 8.591195999999999344e+01
2.318149299999999930e+05 -1.508305999999999969e+01 8.757348000000000354e+01
2.318151300000000047e+05 -1.454734999999999978e+01 8.791679000000000599e+01
2.318153300000000163e+05 -1.494932999999999979e+01 8.584851999999999350e+01
2.318155299999999988e+05 -1.506661000000000072e+01 8.482171999999999912e+01
2.318157300000000105e+05 -1.460857000000000028e+01 8.493330000000000268e+01
2.318159299999999930e+05 -1.440873999999999988e+01 8.991589000000000453e+01
2.318161300000000047e+05 -1.402505999999999986e+01 8.537685999999999353e+01
2.318163300000000163e+05 -1.480147999999999975e+01 8.708693999999999846e+01
2.318165299999999988e+05 -1.429608999999999952e+01 8.638725999999999772e+01
2.318167300000000105e+05 -1.464062999999999981e+01 8.413352999999999327e+01
2.318169299999999930e+05 -1.436341999999999963e+01 8.866803000000000168e+01
2.318171300000000047e+05 -1.426506000000000007e+01 8.735971999999999582e+01
2.318173300000000163e+05 -1.428918999999999961e+01 8.597664000000000328e+01
2.318175299999999988e+05 -1.442492000000000019e+01 8.841894999999999527e+01
2.318177300000000105e+05 -1.401102000000000025e+01 8.620843000000000700e+01
2.318179299999999930e+05 -1.411672000000000082e+01 8.694458000000000197e+01
2.318181300000000047e+05 -1.414705999999999975e+01 8.328766000000000247e+01
2.318183300000000163e+05 -1.404970999999999925e+01 8.443110000000000070e+01
2.318185299999999988e+05 -1.344888000000000083e+01 8.329549000000000092e+01
2.318187300000000105e+05 -1.365408000000000044e+01 8.580446000000000595e+01
2.318189299999999930e+05 -1.365246999999999922e+01 8.374953999999999610e+01
2.318191300000000047e+05 -1.353123000000000076e+01 8.485406000000000404e+01
2.318193300000000163e+05 -1.358643999999999963e+01 8.244982000000000255e+01
2.318195299999999988e+05 -1.380053000000000019e+01 8.428632000000000346e+01
2.318197300000000105e+05 -1.310759999999999970e+01 8.146318999999999733e+01
2.318199299999999930e+05 -1.351338999999999935e+01 8.196098000000000638e+01
2.318201300000000047e+05 -1.276507999999999932e+01 8.076314999999999600e+01
2.318203300000000163e+05 -1.283976000000000006e+01 8.092203999999999553e+01
2.318205299999999988e+05 -1.268473000000000006e+01 7.998646999999999707e+01
2.318207300000000105e+05 -1.219351999999999947e+01 7.819650000000000034e+01
2.318209299999999930e+05 -1.127645000000000053e+01 7.935875000000000057e+01
2.318211300000000047e+05 -1.104185000000000016e+01 7.373582000000000392e+01
2.318213300000000163e+05 -1.127571999999999974e+01 7.286485000000000412e+01
2.318215299999999988e+05 -1.021123000000000047e+01 7.007402000000000442e+01
2.318217300000000105e+05 -9.838725000000000165e+00 6.621117999999999881e+01
2.318219299999999930e+05 -8.361736000000000502e+00 6.217994999999999806e+01
2.318221300000000047e+05 -7.116919000000000217e+00 5.413756000000000057e+01
2.318223300000000163e+05 -5.675723999999999769e+00 4.369767000000000223e+01
2.318225299999999988e+05 -3.861333000000000126e+00 2.293731000000000009e+01
2.318227300000000105e+05 -1.915888999999999953e+00 -1.065788000000000046e+01
2.318229299999999930e+05 -9.832769999999999566e-01 -6.594066999999999723e+01
2.318231300000000047e+05 -1.717014999999999958e+00 -1.408719000000000108e+02
2.318233300000000163e+05 -6.453225999999999907e+00 -2.342623000000000104e+02
2.318235299999999988e+05 -1.187364999999999959e+01 -4.003444000000000074e+02
2.318237300000000105e+05 -9.696255999999999986e+00 -5.585154999999999745e+02
2.318239299999999930e+05 -2.058971999999999980e+01 -4.146170999999999935e+02
2.318241300000000047e+05 -1.409398000000000017e+01 -2.576634999999999991e+02
2.318243300000000163e+05 -1.541981000000000002e+01 -2.113727000000000089e+02
2.318245299999999988e+05 -2.062698999999999927e+01 -1.943046999999999969e+02
2.318247300000000105e+05 -2.291929000000000016e+01 -2.268848999999999876e+02
2.318249299999999930e+05 -2.217605999999999966e+01 -2.294056999999999960e+02
2.318251300000000047e+05 -1.977768000000000015e+01 -2.317470000000000141e+02
2.318253300000000163e+05 -1.715701999999999927e+01 -2.444857000000000085e+02
2.318255299999999988e+05 -1.776066000000000145e+01 -2.574578999999999951e+02
2.318257300000000105e+05 -1.960509000000000057e+01 -2.538671999999999969e+02
2.318259299999999930e+05 -1.732326000000000121e+01 -2.544490000000000123e+02
2.318261300000000047e+05 -1.837650000000000006e+01 -2.511135999999999910e+02
2.318263300000000163e+05 -1.839705000000000013e+01 -2.536728999999999985e+02
2.318265299999999988e+05 -1.746667000000000058e+01 -2.579150999999999954e+02
2.318267300000000105e+05 -1.719322000000000017e+01 -2.510247999999999990e+02
2.318269299999999930e+05 -1.795111999999999952e+01 -2.583767000000000280e+02
2.318271300000000047e+05 -1.747860999999999976e+01 -2.595812999999999988e+02
2.318273300000000163e+05 -1.721280000000000143e+01 -2.587631999999999834e+02
2.318275299999999988e+05 -1.762985000000000113e+01 -2.589922000000000253e+02
2.318277300000000105e+05 -1.699255000000000138e+01 -2.569451000000000249e+02
2.318279299999999930e+05 -1.702959999999999852e+01 -2.625312999999999874e+02
2.318281300000000047e+05 -1.681543999999999883e+01 -2.626356999999999857e+02
2.318283300000000163e+05 -1.661718000000000117e+01 -2.617671000000000276e+02
2.318285299999999988e+05 -1.692126999999999981e+01 -2.624368999999999801e+02
2.318287300000000105e+05 -1.682171999999999912e+01 -2.613652999999999906e+02
2.318289299999999930e+05 -1.718397999999999826e+01 -2.626027000000000271e+02
2.318291300000000047e+05 -1.636290999999999940e+01 -2.628394000000000119e+02
2.318293300000000163e+05 -1.691420000000000101e+01 -2.618743000000000052e+02
2.318295299999999988e+05 -1.654398000000000124e+01 -2.626220000000000141e+02
2.318297300000000105e+05 -1.748388999999999882e+01 -2.598835000000000264e+02
2.318299299999999930e+05 -1.704985999999999891e+01 -2.607900000000000205e+02
2.318301300000000047e+05 -1.644582000000000122e+01 -2.613278999999999996e+02
2.318303300000000163e+05 -1.666081000000000145e+01 -2.604979000000000156e+02
2.318305299999999988e+05 -1.684397999999999840e+01 -2.633213000000000079e+02
2.318307300000000105e+05 -1.653436999999999912e+01 -2.618125000000000000e+02
2.318309299999999930e+05 -1.663563999999999865e+01 -2.616177999999999884e+02
2.318311300000000047e+05 -1.653284999999999982e+01 -2.635756999999999834e+02
2.318313300000000163e+05 -1.685859999999999914e+01 -2.669680999999999926e+02
2.318315299999999988e+05 -1.713716000000000150e+01 -2.623308999999999855e+02
2.318317300000000105e+05 -1.693591999999999942e+01 -2.604442000000000235e+02
2.318319299999999930e+05 -1.641457000000000122e+01 -2.641512000000000171e+02
2.318321300000000047e+05 -1.640112999999999843e+01 -2.656204999999999927e+02
2.318323300000000163e+05 -1.645335999999999999e+01 -2.638718999999999824e+02
2.318325299999999988e+05 -1.682341999999999871e+01 -2.634673999999999978e+02
2.318327300000000105e+05 -1.600362000000000151e+01 -2.624848999999999819e+02
2.318329299999999930e+05 -1.670512000000000086e+01 -2.687590999999999894e+02
2.318331300000000047e+05 -1.664377999999999957e+01 -2.647683999999999855e+02
2.318333300000000163e+05 -1.646356000000000108e+01 -2.660151000000000181e+02
2.318335299999999988e+05 -1.586622999999999983e+01 -2.643030999999999722e+02
2.318337300000000105e+05 -1.697185999999999950e+01 -2.632728999999999928e+02
2.318339299999999930e+05 -1.629709000000000074e+01 -2.647148000000000252e+02
2.318341300000000047e+05 -1.631416000000000111e+01 -2.620684999999999718e+02
