# Time finished:
# 2015-06-04 09.07.50
# Temp volt start:
# 0.95315146
# Temp volt stop:
# 0.95315146
# Approx start T:
# 117.807677648
# Approx stop T:
# 117.873330656
# DC bias measured, messed up:
# 3.999355
# DC bias we asked for:
# 4
2.318794599999999919e+05 -1.497392999999999930e+01 9.094570000000000221e+01
2.318796600000000035e+05 -1.432518999999999920e+01 8.762738000000000227e+01
2.318798599999999860e+05 -1.482695000000000007e+01 8.811317999999999984e+01
2.318800599999999977e+05 -1.498906999999999989e+01 8.707787999999999329e+01
2.318802599999999802e+05 -1.442625999999999920e+01 9.065645999999999560e+01
2.318804599999999919e+05 -1.437892000000000081e+01 8.771322999999999581e+01
2.318806600000000035e+05 -1.460377000000000081e+01 8.813365000000000293e+01
2.318808599999999860e+05 -1.420514000000000010e+01 9.307663999999999760e+01
2.318810599999999977e+05 -1.452889000000000053e+01 8.492660999999999660e+01
2.318812599999999802e+05 -1.471161999999999992e+01 8.727200000000000557e+01
2.318814599999999919e+05 -1.469902000000000086e+01 9.080476000000000170e+01
2.318816600000000035e+05 -1.464691999999999972e+01 9.070489999999999498e+01
2.318818599999999860e+05 -1.443092000000000041e+01 8.922638000000000602e+01
2.318820599999999977e+05 -1.429446000000000083e+01 8.885307000000000244e+01
2.318822599999999802e+05 -1.462449999999999939e+01 8.721956000000000131e+01
2.318824599999999919e+05 -1.431767999999999930e+01 8.938536999999999466e+01
2.318826600000000035e+05 -1.384350000000000058e+01 8.752518000000000598e+01
2.318828599999999860e+05 -1.469664000000000037e+01 8.739424999999999955e+01
2.318830599999999977e+05 -1.381681999999999988e+01 8.517216999999999416e+01
2.318832599999999802e+05 -1.429977000000000054e+01 8.438163000000000125e+01
2.318834599999999919e+05 -1.391329999999999956e+01 8.695628999999999564e+01
2.318836600000000035e+05 -1.389573000000000036e+01 8.520145999999999731e+01
2.318838599999999860e+05 -1.369459999999999944e+01 8.456154999999999688e+01
2.318840599999999977e+05 -1.381169000000000047e+01 8.247262999999999522e+01
2.318842599999999802e+05 -1.411275000000000013e+01 8.349432000000000187e+01
2.318844599999999919e+05 -1.335889000000000060e+01 8.450414000000000669e+01
2.318846600000000035e+05 -1.354795999999999978e+01 8.249805000000000632e+01
2.318848599999999860e+05 -1.334890000000000043e+01 8.293989999999999441e+01
2.318850599999999977e+05 -1.339222000000000001e+01 8.466727000000000203e+01
2.318852599999999802e+05 -1.323507000000000033e+01 8.112378999999999962e+01
2.318854599999999919e+05 -1.303068999999999988e+01 8.073734000000000322e+01
2.318856600000000035e+05 -1.291043999999999947e+01 8.289029999999999632e+01
2.318858599999999860e+05 -1.228301000000000087e+01 8.352759000000000356e+01
2.318860599999999977e+05 -1.170140999999999920e+01 8.039421000000000106e+01
2.318862599999999802e+05 -1.106541999999999959e+01 7.607043000000000177e+01
2.318864599999999919e+05 -1.132497000000000043e+01 7.309387999999999863e+01
2.318866600000000035e+05 -1.053701000000000043e+01 7.319898000000000593e+01
2.318868599999999860e+05 -9.925976000000000354e+00 6.919289999999999452e+01
2.318870599999999977e+05 -8.731401999999999219e+00 6.529497000000000639e+01
2.318872599999999802e+05 -7.549139000000000266e+00 5.801800000000000068e+01
2.318874599999999919e+05 -5.804203000000000223e+00 4.732370999999999839e+01
2.318876600000000035e+05 -4.013485000000000191e+00 3.062453999999999965e+01
2.318878599999999860e+05 -2.135752999999999791e+00 1.409432999999999936e-01
2.318880599999999977e+05 -4.831116999999999773e-01 -4.992181999999999675e+01
2.318882599999999802e+05 -5.873793000000000486e-01 -1.228070000000000022e+02
2.318884599999999919e+05 -3.726952999999999960e+00 -2.129891000000000076e+02
2.318886600000000035e+05 -9.878621000000000762e+00 -3.551216999999999757e+02
2.318888599999999860e+05 -7.807161999999999935e+00 -5.258297000000000025e+02
2.318890599999999977e+05 -1.430267000000000088e+01 -6.964641000000000304e+02
2.318892599999999802e+05 -1.081351000000000084e+01 -5.822219999999999800e+02
2.318894599999999919e+05 -1.662698999999999927e+01 -5.150655000000000427e+02
2.318896600000000035e+05 -3.410023999999999944e+01 -3.610498999999999796e+02
2.318898599999999860e+05 -2.403413000000000110e+01 -2.970975000000000250e+02
2.318900599999999977e+05 -2.269962999999999909e+01 -2.868688999999999965e+02
2.318902599999999802e+05 -2.638890999999999920e+01 -2.472751000000000090e+02
2.318904599999999919e+05 -2.079708000000000112e+01 -2.237538000000000125e+02
2.318906600000000035e+05 -1.594388999999999967e+01 -2.388984000000000094e+02
2.318908599999999860e+05 -1.896539999999999893e+01 -2.644024000000000001e+02
2.318910599999999977e+05 -1.806991000000000014e+01 -2.378547000000000082e+02
2.318912599999999802e+05 -1.860869999999999891e+01 -2.575282000000000266e+02
2.318914599999999919e+05 -1.708561999999999870e+01 -2.558540999999999883e+02
2.318916600000000035e+05 -1.866024000000000171e+01 -2.508656000000000006e+02
2.318918599999999860e+05 -1.840521999999999991e+01 -2.550928000000000111e+02
2.318920599999999977e+05 -1.850378999999999863e+01 -2.588777000000000044e+02
2.318922599999999802e+05 -1.784881999999999991e+01 -2.533310999999999922e+02
2.318924599999999919e+05 -1.703870999999999825e+01 -2.584734000000000265e+02
2.318926600000000035e+05 -1.701380999999999943e+01 -2.565430999999999813e+02
2.318928599999999860e+05 -1.715537000000000134e+01 -2.566815000000000282e+02
2.318930599999999977e+05 -1.755480999999999980e+01 -2.597060000000000173e+02
2.318932599999999802e+05 -1.758624000000000009e+01 -2.567980999999999767e+02
2.318934599999999919e+05 -1.785085000000000122e+01 -2.633845999999999776e+02
2.318936600000000035e+05 -1.724454000000000065e+01 -2.584218000000000188e+02
2.318938599999999860e+05 -1.746873000000000076e+01 -2.589911000000000172e+02
2.318940599999999977e+05 -1.744766999999999868e+01 -2.619850999999999885e+02
2.318942599999999802e+05 -1.711032000000000153e+01 -2.567332000000000107e+02
2.318944599999999919e+05 -1.732955000000000112e+01 -2.580301000000000045e+02
2.318946600000000035e+05 -1.687173999999999907e+01 -2.637504999999999882e+02
2.318948599999999860e+05 -1.681961000000000084e+01 -2.629005000000000223e+02
2.318950599999999977e+05 -1.672458999999999918e+01 -2.645194999999999936e+02
2.318952599999999802e+05 -1.676026999999999845e+01 -2.601861999999999853e+02
2.318954599999999919e+05 -1.685767999999999844e+01 -2.647737000000000194e+02
2.318956600000000035e+05 -1.667961000000000027e+01 -2.642468999999999824e+02
2.318958599999999860e+05 -1.687997999999999976e+01 -2.649144000000000005e+02
2.318960599999999977e+05 -1.677429000000000059e+01 -2.610403999999999769e+02
2.318962599999999802e+05 -1.626822999999999908e+01 -2.613704999999999927e+02
2.318964599999999919e+05 -1.659813000000000116e+01 -2.651227000000000089e+02
2.318966600000000035e+05 -1.659976999999999947e+01 -2.653958000000000084e+02
2.318968599999999860e+05 -1.707956000000000074e+01 -2.621829000000000178e+02
2.318970599999999977e+05 -1.697300999999999860e+01 -2.660736999999999739e+02
2.318972599999999802e+05 -1.609972000000000136e+01 -2.652121999999999957e+02
2.318974599999999919e+05 -1.666447000000000145e+01 -2.609778999999999769e+02
2.318976600000000035e+05 -1.649839000000000055e+01 -2.613654999999999973e+02
2.318978599999999860e+05 -1.650008000000000052e+01 -2.631831999999999994e+02
2.318980599999999977e+05 -1.561670999999999943e+01 -2.635337000000000103e+02
2.318982599999999802e+05 -1.653385000000000105e+01 -2.652696000000000254e+02
2.318984599999999919e+05 -1.657219999999999871e+01 -2.620251999999999839e+02
2.318986600000000035e+05 -1.610100999999999871e+01 -2.657436999999999898e+02
2.318988599999999860e+05 -1.659378999999999849e+01 -2.621519000000000119e+02
2.318990599999999977e+05 -1.606272999999999840e+01 -2.662769999999999868e+02
2.318992599999999802e+05 -1.635123000000000104e+01 -2.631053999999999746e+02
2.318994599999999919e+05 -1.680969999999999942e+01 -2.620369000000000028e+02
