# Time finished:
# 2015-06-04 10.40.34
# Temp volt start:
# 0.93672058
# Temp volt stop:
# 0.93672058
# Approx start T:
# 126.360863962
# Approx stop T:
# 126.450819767
# DC bias measured, messed up:
# 3.999392
# DC bias we asked for:
# 4
2.318920899999999965e+05 -1.524196000000000062e+01 8.751003000000000043e+01
2.318922900000000081e+05 -1.490268999999999977e+01 9.015520999999999674e+01
2.318924899999999907e+05 -1.497157999999999944e+01 8.712354999999999450e+01
2.318926900000000023e+05 -1.448858000000000068e+01 9.172995000000000232e+01
2.318928899999999849e+05 -1.490399999999999991e+01 8.532563000000000386e+01
2.318930899999999965e+05 -1.468327999999999989e+01 8.743614999999999782e+01
2.318932900000000081e+05 -1.435422999999999938e+01 8.905983999999999412e+01
2.318934899999999907e+05 -1.467750000000000021e+01 8.968340000000000600e+01
2.318936900000000023e+05 -1.486894999999999989e+01 8.994948999999999728e+01
2.318938899999999849e+05 -1.446498000000000062e+01 8.648698000000000263e+01
2.318940899999999965e+05 -1.463479000000000063e+01 9.070266999999999769e+01
2.318942900000000081e+05 -1.437814000000000014e+01 8.623162000000000660e+01
2.318944899999999907e+05 -1.430621000000000009e+01 8.682380999999999460e+01
2.318946900000000023e+05 -1.466479999999999961e+01 8.632824999999999704e+01
2.318948899999999849e+05 -1.461613999999999969e+01 8.870991999999999678e+01
2.318950899999999965e+05 -1.440288999999999930e+01 8.500848000000000582e+01
2.318952900000000081e+05 -1.432422000000000040e+01 8.692036000000000229e+01
2.318954899999999907e+05 -1.431112000000000073e+01 8.961870999999999299e+01
2.318956900000000023e+05 -1.415921999999999947e+01 8.587769000000000119e+01
2.318958899999999849e+05 -1.398540000000000028e+01 8.591845999999999606e+01
2.318960899999999965e+05 -1.362780000000000058e+01 8.661602999999999497e+01
2.318962900000000081e+05 -1.382788000000000039e+01 8.441419000000000494e+01
2.318964899999999907e+05 -1.372392999999999930e+01 8.693555000000000632e+01
2.318966900000000023e+05 -1.368594000000000044e+01 8.151668999999999699e+01
2.318968899999999849e+05 -1.364437000000000033e+01 8.218455000000000155e+01
2.318970899999999965e+05 -1.377494000000000085e+01 8.140063999999999567e+01
2.318972900000000081e+05 -1.377258999999999922e+01 8.344992000000000587e+01
2.318974899999999907e+05 -1.401826999999999934e+01 8.158603999999999701e+01
2.318976900000000023e+05 -1.338728000000000051e+01 8.437041000000000679e+01
2.318978899999999849e+05 -1.292097000000000051e+01 8.206052999999999997e+01
2.318980899999999965e+05 -1.287719000000000058e+01 8.405576000000000647e+01
2.318982900000000081e+05 -1.291421000000000063e+01 8.095167999999999608e+01
2.318984899999999907e+05 -1.284229000000000021e+01 8.050244000000000710e+01
2.318986900000000023e+05 -1.237435999999999936e+01 8.161844000000000676e+01
2.318988899999999849e+05 -1.169195000000000029e+01 8.105277999999999849e+01
2.318990899999999965e+05 -1.119203000000000081e+01 7.657869999999999777e+01
2.318992900000000081e+05 -1.129465000000000074e+01 7.334187000000000012e+01
2.318994899999999907e+05 -1.047447000000000017e+01 7.265259000000000356e+01
2.318996900000000023e+05 -9.625009000000000370e+00 6.873498999999999626e+01
2.318998899999999849e+05 -9.099857999999999336e+00 6.617061999999999955e+01
2.319000899999999965e+05 -7.739348999999999812e+00 5.869042000000000314e+01
2.319002900000000081e+05 -6.305056999999999690e+00 4.904545999999999850e+01
2.319004899999999907e+05 -4.341402000000000427e+00 3.224414999999999765e+01
2.319006900000000023e+05 -2.355691999999999897e+00 5.425330999999999904e+00
2.319008899999999849e+05 -9.439374999999999849e-01 -4.121959999999999980e+01
2.319010899999999965e+05 -5.208441999999999794e-01 -1.107209000000000003e+02
2.319012900000000081e+05 -3.112391999999999825e+00 -1.974482000000000141e+02
2.319014899999999907e+05 -9.887650999999999968e+00 -3.260862999999999943e+02
2.319016900000000023e+05 -8.049300999999999817e+00 -5.022502000000000066e+02
2.319018899999999849e+05 -1.283788000000000018e+01 -6.588497999999999593e+02
2.319020899999999965e+05 -1.161464999999999925e+01 -5.555203000000000202e+02
2.319022900000000081e+05 -2.222601999999999833e+01 -4.741351999999999975e+02
2.319024899999999907e+05 -2.276034999999999897e+01 -3.129393999999999778e+02
2.319026900000000023e+05 -1.773238999999999876e+01 -2.808528000000000020e+02
2.319028899999999849e+05 -1.806229000000000084e+01 -2.695430000000000064e+02
2.319030899999999965e+05 -2.073304999999999865e+01 -2.761970999999999776e+02
2.319032900000000081e+05 -2.343264999999999887e+01 -2.477220000000000084e+02
2.319034899999999907e+05 -1.807991000000000170e+01 -2.323158999999999992e+02
2.319036900000000023e+05 -1.714017000000000124e+01 -2.555427999999999997e+02
2.319038899999999849e+05 -1.982582000000000022e+01 -2.458740999999999985e+02
2.319040899999999965e+05 -1.725928000000000040e+01 -2.573740999999999985e+02
2.319042900000000081e+05 -1.763153000000000148e+01 -2.467137999999999920e+02
2.319044899999999907e+05 -1.852367999999999881e+01 -2.553602999999999952e+02
2.319046900000000023e+05 -1.818909000000000020e+01 -2.556228000000000122e+02
2.319048899999999849e+05 -1.766522000000000148e+01 -2.566068000000000211e+02
2.319050899999999965e+05 -1.728504999999999825e+01 -2.626612000000000080e+02
2.319052900000000081e+05 -1.740867000000000075e+01 -2.599904999999999973e+02
2.319054899999999907e+05 -1.748060999999999865e+01 -2.544625000000000057e+02
2.319056900000000023e+05 -1.696427999999999869e+01 -2.542834000000000003e+02
2.319058899999999849e+05 -1.733136000000000010e+01 -2.574504000000000019e+02
2.319060899999999965e+05 -1.755600000000000094e+01 -2.579920000000000186e+02
2.319062900000000081e+05 -1.734519999999999840e+01 -2.591247000000000185e+02
2.319064899999999907e+05 -1.692699999999999960e+01 -2.628249000000000137e+02
2.319066900000000023e+05 -1.699512999999999963e+01 -2.586915999999999940e+02
2.319068899999999849e+05 -1.643374999999999986e+01 -2.626309999999999718e+02
2.319070899999999965e+05 -1.651669000000000054e+01 -2.568870999999999754e+02
2.319072900000000081e+05 -1.671640999999999977e+01 -2.542059999999999889e+02
2.319074899999999907e+05 -1.700076999999999927e+01 -2.635255999999999972e+02
2.319076900000000023e+05 -1.715508000000000166e+01 -2.633204000000000065e+02
2.319078899999999849e+05 -1.711737000000000108e+01 -2.642225999999999999e+02
2.319080899999999965e+05 -1.621135999999999910e+01 -2.628715000000000259e+02
2.319082900000000081e+05 -1.715932000000000102e+01 -2.639098999999999933e+02
2.319084899999999907e+05 -1.662154999999999916e+01 -2.608596000000000004e+02
2.319086900000000023e+05 -1.629664999999999964e+01 -2.633697000000000230e+02
2.319088899999999849e+05 -1.688215999999999894e+01 -2.609644999999999868e+02
2.319090899999999965e+05 -1.687074000000000140e+01 -2.590939999999999941e+02
2.319092900000000081e+05 -1.626097000000000037e+01 -2.619030999999999949e+02
2.319094899999999907e+05 -1.702158999999999978e+01 -2.633661999999999921e+02
2.319096900000000023e+05 -1.722024000000000044e+01 -2.611874000000000251e+02
2.319098899999999849e+05 -1.688989000000000118e+01 -2.615364999999999895e+02
2.319100899999999965e+05 -1.633295999999999992e+01 -2.588718999999999824e+02
2.319102900000000081e+05 -1.640175999999999945e+01 -2.616913000000000125e+02
2.319104899999999907e+05 -1.653297999999999845e+01 -2.621671000000000049e+02
2.319106900000000023e+05 -1.614555999999999969e+01 -2.650129999999999768e+02
2.319108899999999849e+05 -1.656174999999999997e+01 -2.628458999999999719e+02
2.319110899999999965e+05 -1.630828999999999951e+01 -2.624186000000000263e+02
2.319112900000000081e+05 -1.609057999999999922e+01 -2.667343000000000188e+02
2.319114899999999907e+05 -1.603687000000000040e+01 -2.635985999999999763e+02
2.319116900000000023e+05 -1.625482999999999834e+01 -2.601553000000000111e+02
2.319118899999999849e+05 -1.655980999999999881e+01 -2.663188999999999851e+02
2.319120899999999965e+05 -1.624155000000000015e+01 -2.620500000000000114e+02
