# Time finished:
# 2015-06-03 22.41.06
# Temp volt start:
# 1.0091028
# Temp volt stop:
# 1.0091028
# Approx start T:
# 87.4667457749
# Approx stop T:
# 87.4919082045
# DC bias measured, messed up:
# 3.999564
# DC bias we asked for:
# 4
2.318231000000000058e+05 -1.555447999999999986e+01 8.633557000000000414e+01
2.318233000000000175e+05 -1.478245000000000076e+01 8.647561000000000320e+01
2.318235000000000000e+05 -1.485568999999999917e+01 8.788102000000000658e+01
2.318237000000000116e+05 -1.431761000000000017e+01 8.619504000000000588e+01
2.318238999999999942e+05 -1.502759000000000000e+01 8.571956000000000131e+01
2.318241000000000058e+05 -1.468900000000000006e+01 8.677598999999999307e+01
2.318243000000000175e+05 -1.467683000000000071e+01 8.974859999999999616e+01
2.318245000000000000e+05 -1.506249000000000038e+01 8.568958999999999548e+01
2.318247000000000116e+05 -1.444201999999999941e+01 8.920232000000000028e+01
2.318248999999999942e+05 -1.451763000000000048e+01 8.744207000000000107e+01
2.318251000000000058e+05 -1.419339000000000084e+01 8.629506999999999550e+01
2.318253000000000175e+05 -1.489437000000000033e+01 8.955075999999999681e+01
2.318255000000000000e+05 -1.470994999999999919e+01 8.609743000000000279e+01
2.318257000000000116e+05 -1.407263999999999982e+01 8.752382000000000062e+01
2.318258999999999942e+05 -1.462777999999999956e+01 8.824018999999999835e+01
2.318261000000000058e+05 -1.462579999999999991e+01 8.374656000000000233e+01
2.318263000000000175e+05 -1.470158999999999949e+01 8.566179999999999950e+01
2.318265000000000000e+05 -1.414866999999999919e+01 8.643616000000000099e+01
2.318267000000000116e+05 -1.385407000000000011e+01 8.726091999999999871e+01
2.318268999999999942e+05 -1.392902999999999913e+01 8.478265000000000384e+01
2.318271000000000058e+05 -1.379795000000000016e+01 8.660250000000000625e+01
2.318273000000000175e+05 -1.375423999999999936e+01 8.515144999999999698e+01
2.318275000000000000e+05 -1.385633999999999943e+01 8.494826000000000477e+01
2.318277000000000116e+05 -1.353942999999999941e+01 8.630673000000000172e+01
2.318278999999999942e+05 -1.397202000000000055e+01 8.463794000000000040e+01
2.318281000000000058e+05 -1.327352999999999916e+01 8.189905000000000257e+01
2.318283000000000175e+05 -1.325576000000000043e+01 8.277589999999999293e+01
2.318285000000000000e+05 -1.321738999999999997e+01 8.403996999999999673e+01
2.318287000000000116e+05 -1.350360000000000049e+01 8.392937999999999477e+01
2.318288999999999942e+05 -1.291810000000000080e+01 7.933978000000000463e+01
2.318291000000000058e+05 -1.260768000000000022e+01 8.142244999999999777e+01
2.318293000000000175e+05 -1.289887000000000050e+01 8.256628000000000611e+01
2.318295000000000000e+05 -1.254673999999999978e+01 8.159601000000000681e+01
2.318297000000000116e+05 -1.164860000000000007e+01 7.999003999999999337e+01
2.318298999999999942e+05 -1.108276000000000039e+01 7.429268000000000427e+01
2.318301000000000058e+05 -1.107156999999999947e+01 7.178074999999999761e+01
2.318303000000000175e+05 -1.090950999999999915e+01 7.363267999999999347e+01
2.318305000000000000e+05 -9.893810999999999467e+00 6.911151999999999873e+01
2.318307000000000116e+05 -8.935354000000000241e+00 6.625042000000000542e+01
2.318308999999999942e+05 -7.793093999999999966e+00 5.770739999999999981e+01
2.318311000000000058e+05 -6.307559000000000360e+00 4.808303999999999689e+01
2.318313000000000175e+05 -4.599593999999999738e+00 3.318538000000000210e+01
2.318315000000000000e+05 -2.476561999999999930e+00 4.322250000000000369e+00
2.318317000000000116e+05 -1.235762999999999945e+00 -4.185710999999999871e+01
2.318318999999999942e+05 -1.082233000000000001e+00 -1.098541000000000025e+02
2.318321000000000058e+05 -3.879331000000000085e+00 -1.940535000000000139e+02
2.318323000000000175e+05 -1.129166000000000025e+01 -3.203736000000000104e+02
2.318325000000000000e+05 -9.629049999999999443e+00 -1.429978999999999871e+02
2.318327000000000116e+05 -1.417961000000000027e+01 -2.963374999999999773e+02
2.318328999999999942e+05 -1.292084999999999972e+01 -1.956852000000000089e+02
2.318331000000000058e+05 -2.536204999999999998e+01 -1.435815000000000055e+02
2.318333000000000175e+05 -2.296739000000000175e+01 -2.943102000000000089e+02
2.318335000000000000e+05 -1.938239000000000090e+01 -2.709948999999999728e+02
2.318337000000000116e+05 -1.897493000000000052e+01 -2.722447999999999979e+02
2.318338999999999942e+05 -2.050234999999999985e+01 -2.599977000000000089e+02
2.318341000000000058e+05 -2.132109000000000165e+01 -2.454526999999999930e+02
2.318343000000000175e+05 -1.725294999999999845e+01 -2.376613000000000113e+02
2.318345000000000000e+05 -1.724360000000000070e+01 -2.560640000000000214e+02
2.318347000000000116e+05 -1.932456000000000174e+01 -2.523214000000000112e+02
2.318348999999999942e+05 -1.823320999999999970e+01 -2.582601999999999975e+02
2.318351000000000058e+05 -1.775863999999999976e+01 -2.531651999999999987e+02
2.318353000000000175e+05 -1.860664999999999836e+01 -2.533246000000000038e+02
2.318355000000000000e+05 -1.755404000000000053e+01 -2.582991999999999848e+02
2.318357000000000116e+05 -1.858108999999999966e+01 -2.618858999999999924e+02
2.318358999999999942e+05 -1.803753999999999991e+01 -2.610516000000000076e+02
2.318361000000000058e+05 -1.804821000000000097e+01 -2.602361000000000217e+02
2.318363000000000175e+05 -1.796143999999999963e+01 -2.594974000000000274e+02
2.318365000000000000e+05 -1.738242999999999938e+01 -2.634202999999999975e+02
2.318367000000000116e+05 -1.764537999999999940e+01 -2.647010000000000218e+02
2.318368999999999942e+05 -1.752177000000000007e+01 -2.636720000000000255e+02
2.318371000000000058e+05 -1.721284999999999954e+01 -2.574440999999999917e+02
2.318373000000000175e+05 -1.731929999999999836e+01 -2.603233000000000175e+02
2.318375000000000000e+05 -1.746435999999999922e+01 -2.557867999999999995e+02
2.318377000000000116e+05 -1.667166999999999888e+01 -2.643809999999999718e+02
2.318378999999999942e+05 -1.717428999999999917e+01 -2.664221000000000004e+02
2.318381000000000058e+05 -1.650867999999999824e+01 -2.596816000000000031e+02
2.318383000000000175e+05 -1.669667000000000101e+01 -2.586877999999999815e+02
2.318385000000000000e+05 -1.699158999999999864e+01 -2.594159999999999968e+02
2.318387000000000116e+05 -1.689383000000000123e+01 -2.630475999999999885e+02
2.318388999999999942e+05 -1.668794000000000111e+01 -2.636895999999999844e+02
2.318391000000000058e+05 -1.682243000000000066e+01 -2.647615000000000123e+02
2.318393000000000175e+05 -1.639107999999999876e+01 -2.679246999999999730e+02
2.318395000000000000e+05 -1.767346999999999824e+01 -2.660880999999999972e+02
2.318397000000000116e+05 -1.655919000000000096e+01 -2.631911000000000058e+02
2.318398999999999942e+05 -1.629210000000000136e+01 -2.672563000000000102e+02
2.318401000000000058e+05 -1.647120999999999924e+01 -2.655165000000000077e+02
2.318403000000000175e+05 -1.672759999999999891e+01 -2.633985000000000127e+02
2.318405000000000000e+05 -1.633340000000000103e+01 -2.669909000000000106e+02
2.318407000000000116e+05 -1.628973999999999833e+01 -2.654101999999999748e+02
2.318408999999999942e+05 -1.669185999999999837e+01 -2.606410999999999945e+02
2.318411000000000058e+05 -1.661802000000000135e+01 -2.612440000000000282e+02
2.318413000000000175e+05 -1.638624000000000080e+01 -2.647305000000000064e+02
2.318415000000000000e+05 -1.641280000000000072e+01 -2.669920000000000186e+02
2.318417000000000116e+05 -1.706437000000000026e+01 -2.659943999999999846e+02
2.318418999999999942e+05 -1.634064000000000050e+01 -2.619560000000000173e+02
2.318421000000000058e+05 -1.696997000000000000e+01 -2.621557000000000244e+02
2.318423000000000175e+05 -1.654572999999999894e+01 -2.641462000000000216e+02
2.318425000000000000e+05 -1.625215000000000032e+01 -2.669914999999999736e+02
2.318427000000000116e+05 -1.646432000000000073e+01 -2.641718000000000188e+02
2.318428999999999942e+05 -1.690223999999999904e+01 -2.604884999999999877e+02
2.318431000000000058e+05 -1.613298999999999950e+01 -2.659526000000000181e+02
