# Time finished:
# 2015-06-03 10.19.01
# Temp volt start:
# 1.0102407
# Temp volt stop:
# 1.0102407
# Approx start T:
# 86.8285921944
# Approx stop T:
# 86.845147543
# DC bias measured, messed up:
# 3.999896
# DC bias we asked for:
# 4
2.318202999999999884e+05 -1.491178000000000026e+01 8.937524999999999409e+01
2.318205000000000000e+05 -1.478950000000000031e+01 9.102754000000000190e+01
2.318206999999999825e+05 -1.451355000000000040e+01 8.736199000000000581e+01
2.318208999999999942e+05 -1.479621000000000031e+01 8.808312999999999704e+01
2.318210999999999767e+05 -1.498152999999999935e+01 9.086939999999999884e+01
2.318212999999999884e+05 -1.430713000000000079e+01 8.782770999999999617e+01
2.318215000000000000e+05 -1.433522999999999925e+01 8.565470000000000539e+01
2.318216999999999825e+05 -1.450651000000000046e+01 8.792497000000000185e+01
2.318218999999999942e+05 -1.464333000000000062e+01 8.604676000000000613e+01
2.318220999999999767e+05 -1.397001000000000026e+01 8.887135000000000673e+01
2.318222999999999884e+05 -1.424554000000000009e+01 8.925861000000000445e+01
2.318225000000000000e+05 -1.467745999999999995e+01 8.601901999999999759e+01
2.318226999999999825e+05 -1.433741000000000021e+01 8.759829999999999472e+01
2.318228999999999942e+05 -1.455978999999999957e+01 8.523094000000000392e+01
2.318230999999999767e+05 -1.424235000000000007e+01 8.904882999999999527e+01
2.318232999999999884e+05 -1.448577000000000048e+01 8.881516000000000588e+01
2.318235000000000000e+05 -1.421950000000000003e+01 8.639288999999999419e+01
2.318236999999999825e+05 -1.448982999999999954e+01 8.683754999999999313e+01
2.318238999999999942e+05 -1.432661000000000051e+01 8.522740000000000293e+01
2.318240999999999767e+05 -1.432596999999999987e+01 8.447181999999999391e+01
2.318242999999999884e+05 -1.353940000000000055e+01 8.445139000000000351e+01
2.318245000000000000e+05 -1.367910999999999966e+01 8.460090999999999894e+01
2.318246999999999825e+05 -1.372767999999999944e+01 8.344011999999999318e+01
2.318248999999999942e+05 -1.367121000000000031e+01 8.490922000000000480e+01
2.318250999999999767e+05 -1.396668000000000021e+01 7.916170999999999935e+01
2.318252999999999884e+05 -1.393464999999999954e+01 8.194625000000000625e+01
2.318255000000000000e+05 -1.350192000000000014e+01 8.704242000000000701e+01
2.318256999999999825e+05 -1.312303999999999959e+01 8.030272999999999683e+01
2.318258999999999942e+05 -1.316619999999999990e+01 8.206037000000000603e+01
2.318260999999999767e+05 -1.309876000000000040e+01 8.177079999999999416e+01
2.318262999999999884e+05 -1.270599999999999952e+01 8.055997999999999593e+01
2.318265000000000000e+05 -1.263190999999999953e+01 8.354645999999999617e+01
2.318266999999999825e+05 -1.249568999999999974e+01 7.926603000000000065e+01
2.318268999999999942e+05 -1.159839999999999982e+01 7.937830999999999904e+01
2.318270999999999767e+05 -1.100040000000000084e+01 7.523382999999999754e+01
2.318272999999999884e+05 -1.117802000000000007e+01 7.254795000000000016e+01
2.318275000000000000e+05 -1.034280000000000044e+01 7.345390000000000441e+01
2.318276999999999825e+05 -9.738811000000000107e+00 6.668063999999999680e+01
2.318278999999999942e+05 -8.613891999999999882e+00 6.487425000000000352e+01
2.318280999999999767e+05 -7.511257999999999768e+00 5.628349999999999653e+01
2.318282999999999884e+05 -6.059952000000000005e+00 4.501984000000000208e+01
2.318285000000000000e+05 -4.161220000000000141e+00 2.757573000000000008e+01
2.318286999999999825e+05 -2.290147000000000155e+00 -4.557538000000000089e+00
2.318288999999999942e+05 -1.022486999999999924e+00 -5.553455000000000297e+01
2.318290999999999767e+05 -1.499691000000000107e+00 -1.280962000000000103e+02
2.318292999999999884e+05 -5.238997000000000348e+00 -2.177013000000000034e+02
2.318295000000000000e+05 -1.200261000000000067e+01 -3.674323999999999728e+02
2.318296999999999825e+05 -9.318186999999999998e+00 -5.376023999999999887e+02
2.318298999999999942e+05 -1.887730000000000175e+01 -7.138015000000000327e+02
2.318300999999999767e+05 -1.287401000000000018e+01 -5.947708000000000084e+02
2.318302999999999884e+05 -1.687187000000000126e+01 -5.493029999999999973e+02
2.318305000000000000e+05 -2.915230000000000032e+01 -5.584978999999999587e+02
2.318306999999999825e+05 -2.781243999999999872e+01 -6.241621999999999844e+02
2.318308999999999942e+05 -2.528243000000000151e+01 -6.053853000000000293e+02
2.318310999999999767e+05 -2.234991000000000128e+01 -5.979565000000000055e+02
2.318312999999999884e+05 -1.786974999999999980e+01 -5.955069999999999482e+02
2.318315000000000000e+05 -1.749296000000000006e+01 -6.147213000000000420e+02
2.318316999999999825e+05 -1.866091000000000122e+01 -6.153170999999999822e+02
2.318318999999999942e+05 -1.819049000000000049e+01 -6.124950000000000045e+02
2.318320999999999767e+05 -1.892539000000000016e+01 -6.140261000000000422e+02
2.318322999999999884e+05 -1.733353999999999928e+01 -6.195493999999999915e+02
2.318325000000000000e+05 -1.701631000000000071e+01 -6.137229999999999563e+02
2.318326999999999825e+05 -1.710698000000000008e+01 -6.158508000000000493e+02
2.318328999999999942e+05 -1.763867000000000118e+01 -6.208792999999999438e+02
2.318330999999999767e+05 -1.712415000000000020e+01 -6.206165999999999485e+02
2.318332999999999884e+05 -1.759366999999999948e+01 -6.164891999999999825e+02
2.318335000000000000e+05 -1.716740000000000066e+01 -6.192410999999999603e+02
2.318336999999999825e+05 -1.765935999999999950e+01 -6.146431000000000040e+02
2.318338999999999942e+05 -1.728321000000000041e+01 -6.192883000000000493e+02
2.318340999999999767e+05 -1.671024999999999849e+01 -6.167681000000000040e+02
2.318342999999999884e+05 -1.678226000000000084e+01 -6.214207999999999856e+02
2.318345000000000000e+05 -1.691874999999999929e+01 -6.203260000000000218e+02
2.318346999999999825e+05 -1.723160999999999987e+01 -6.190335999999999785e+02
2.318348999999999942e+05 -1.665484999999999971e+01 -6.215023999999999660e+02
2.318350999999999767e+05 -1.679083999999999932e+01 -6.244193999999999960e+02
2.318352999999999884e+05 -1.737446999999999875e+01 -6.248690000000000282e+02
2.318355000000000000e+05 -1.671925999999999846e+01 -6.234439999999999600e+02
2.318356999999999825e+05 -1.676491000000000042e+01 -6.202930999999999813e+02
2.318358999999999942e+05 -1.749311000000000149e+01 -6.223701999999999543e+02
2.318360999999999767e+05 -1.666111000000000075e+01 -6.205096999999999525e+02
2.318362999999999884e+05 -1.671179000000000059e+01 -6.261277000000000044e+02
2.318365000000000000e+05 -1.656710999999999956e+01 -6.230842999999999847e+02
2.318366999999999825e+05 -1.654035999999999973e+01 -6.255864000000000260e+02
2.318368999999999942e+05 -1.715277000000000029e+01 -6.226801000000000386e+02
2.318370999999999767e+05 -1.634868000000000166e+01 -6.220866999999999507e+02
2.318372999999999884e+05 -1.674917999999999907e+01 -6.247073000000000320e+02
2.318375000000000000e+05 -1.631428000000000011e+01 -6.270979999999999563e+02
2.318376999999999825e+05 -1.660531999999999897e+01 -6.257145000000000437e+02
2.318378999999999942e+05 -1.681726000000000099e+01 -6.208256000000000085e+02
2.318380999999999767e+05 -1.709908000000000072e+01 -6.243357999999999493e+02
2.318382999999999884e+05 -1.583646000000000065e+01 -6.257998999999999796e+02
2.318385000000000000e+05 -1.660912000000000077e+01 -6.212509000000000015e+02
2.318386999999999825e+05 -1.683820000000000050e+01 -6.252567999999999984e+02
2.318388999999999942e+05 -1.631858000000000075e+01 -6.231839999999999691e+02
2.318390999999999767e+05 -1.668153999999999826e+01 -6.240208000000000084e+02
2.318392999999999884e+05 -1.618128000000000100e+01 -6.236393000000000484e+02
2.318395000000000000e+05 -1.649388000000000076e+01 -6.244872000000000298e+02
2.318396999999999825e+05 -1.609244999999999948e+01 -6.269580999999999449e+02
2.318398999999999942e+05 -1.724486999999999881e+01 -6.185598999999999705e+02
2.318400999999999767e+05 -1.624283000000000143e+01 -6.183695999999999913e+02
2.318402999999999884e+05 -1.686606000000000094e+01 -6.229556999999999789e+02
