# Time finished:
# 2015-06-01 20.45.18
# Temp volt start:
# 0.80290935
# Temp volt stop:
# 0.80290935
# Approx start T:
# 191.381425089
# Approx stop T:
# 190.989283872
# DC bias measured, messed up:
# 8.001232
# DC bias we asked for:
# 8
2.319060700000000070e+05 -1.204890999999999934e+01 8.665922999999999377e+01
2.319062700000000186e+05 -1.311292000000000080e+01 8.365179000000000542e+01
2.319064700000000012e+05 -1.347579999999999956e+01 8.964601999999999293e+01
2.319066700000000128e+05 -1.232592999999999961e+01 8.158426000000000045e+01
2.319068699999999953e+05 -1.203842999999999996e+01 8.287845000000000084e+01
2.319070700000000070e+05 -1.230569999999999986e+01 8.239386000000000365e+01
2.319072700000000186e+05 -1.227208000000000077e+01 8.086236999999999853e+01
2.319074700000000012e+05 -1.318154000000000003e+01 8.245042999999999722e+01
2.319076700000000128e+05 -1.216005999999999965e+01 8.122934999999999661e+01
2.319078699999999953e+05 -1.124961000000000055e+01 8.186951000000000533e+01
2.319080700000000070e+05 -1.187393999999999927e+01 8.796017000000000507e+01
2.319082700000000186e+05 -1.307002999999999915e+01 7.562067999999999302e+01
2.319084700000000012e+05 -1.295242999999999967e+01 8.181474000000000046e+01
2.319086700000000128e+05 -1.083815000000000062e+01 8.621819000000000699e+01
2.319088699999999953e+05 -1.351562999999999981e+01 8.366454000000000235e+01
2.319090700000000070e+05 -1.213931000000000004e+01 8.202290999999999599e+01
2.319092700000000186e+05 -1.125830999999999982e+01 8.232903000000000304e+01
2.319094700000000012e+05 -1.138424999999999976e+01 8.340483000000000402e+01
2.319096700000000128e+05 -1.008749000000000073e+01 7.902488999999999919e+01
2.319098699999999953e+05 -1.161636999999999986e+01 7.590088000000000079e+01
2.319100700000000070e+05 -1.057642000000000060e+01 7.312337999999999738e+01
2.319102700000000186e+05 -1.074159000000000042e+01 7.726712999999999454e+01
2.319104700000000012e+05 -1.083167000000000080e+01 8.025710999999999729e+01
2.319106700000000128e+05 -1.112583000000000055e+01 7.551425000000000409e+01
2.319108699999999953e+05 -1.103354000000000035e+01 7.888679999999999382e+01
2.319110700000000070e+05 -1.047762999999999955e+01 7.830342000000000269e+01
2.319112700000000186e+05 -1.065845999999999982e+01 7.341080999999999790e+01
2.319114700000000012e+05 -1.031340999999999930e+01 8.040458999999999889e+01
2.319116700000000128e+05 -1.018127999999999922e+01 7.703737999999999886e+01
2.319118699999999953e+05 -1.024704000000000015e+01 7.460854999999999393e+01
2.319120700000000070e+05 -9.946946000000000510e+00 7.350986000000000331e+01
2.319122700000000186e+05 -9.051417999999999964e+00 7.105810999999999922e+01
2.319124700000000012e+05 -9.611074999999999591e+00 6.729407999999999390e+01
2.319126700000000128e+05 -9.340267000000000763e+00 7.349917999999999552e+01
2.319128699999999953e+05 -7.908656999999999826e+00 6.932819999999999538e+01
2.319130700000000070e+05 -7.765880000000000116e+00 7.082050999999999874e+01
2.319132700000000186e+05 -7.603572999999999915e+00 6.797324999999999307e+01
2.319134700000000012e+05 -7.684548000000000378e+00 6.290370999999999668e+01
2.319136700000000128e+05 -6.909461000000000297e+00 6.825279999999999347e+01
2.319138699999999953e+05 -5.837874000000000230e+00 6.393169999999999931e+01
2.319140700000000070e+05 -5.253440000000000332e+00 6.162554999999999694e+01
2.319142700000000186e+05 -4.553722999999999743e+00 5.828898000000000224e+01
2.319144700000000012e+05 -3.004995999999999778e+00 5.403882000000000119e+01
2.319146700000000128e+05 -2.255911000000000222e+00 5.107056000000000040e+01
2.319148699999999953e+05 -1.606200000000000072e+00 4.698393999999999693e+01
2.319150700000000070e+05 1.310755000000000114e-01 4.055393999999999721e+01
2.319152700000000186e+05 1.626870999999999956e+00 2.903408999999999907e+01
2.319154700000000012e+05 3.207262000000000057e+00 1.725988999999999862e+01
2.319156700000000128e+05 4.965461000000000347e+00 -1.292326000000000086e+00
2.319158699999999953e+05 6.158611999999999753e+00 -2.766974000000000089e+01
2.319160700000000070e+05 6.382348000000000354e+00 -6.073288999999999760e+01
2.319162700000000186e+05 4.395907000000000231e+00 -9.965897999999999968e+01
2.319164700000000012e+05 -1.516947000000000045e+00 -1.291116000000000099e+02
2.319166700000000128e+05 -5.872365000000000279e+00 -1.048135999999999939e+02
2.319168699999999953e+05 -5.838394000000000084e+00 -1.232999999999999972e+02
2.319170700000000070e+05 -9.377314999999999401e+00 -1.196782999999999930e+02
2.319172700000000186e+05 -1.082155999999999985e+01 -1.316502000000000123e+02
2.319174700000000012e+05 -1.174258000000000024e+01 -1.298780999999999892e+02
2.319176700000000128e+05 -1.288705000000000034e+01 -1.330817000000000121e+02
2.319178699999999953e+05 -1.382637000000000072e+01 -1.275969999999999942e+02
2.319180700000000070e+05 -1.457731000000000066e+01 -1.388696999999999946e+02
2.319182700000000186e+05 -1.735364999999999824e+01 -1.403055999999999983e+02
2.319184700000000012e+05 -1.509040000000000070e+01 -1.467609999999999957e+02
2.319186700000000128e+05 -1.599836999999999954e+01 -1.492203000000000088e+02
2.319188699999999953e+05 -1.801583000000000112e+01 -1.622392000000000110e+02
2.319190700000000070e+05 -1.862244000000000099e+01 -1.670509999999999877e+02
2.319192700000000186e+05 -1.718044000000000082e+01 -1.809626000000000090e+02
2.319194700000000012e+05 -1.760360000000000014e+01 -1.906060999999999979e+02
2.319196700000000128e+05 -1.907043000000000177e+01 -1.851393999999999949e+02
2.319198699999999953e+05 -1.864487000000000094e+01 -1.746578000000000088e+02
2.319200700000000070e+05 -2.017630000000000123e+01 -1.845465000000000089e+02
2.319202700000000186e+05 -1.940803999999999974e+01 -2.055570999999999913e+02
2.319204700000000012e+05 -1.875596000000000174e+01 -2.078282000000000096e+02
2.319206700000000128e+05 -1.981888999999999967e+01 -1.969288999999999987e+02
2.319208699999999953e+05 -1.973616000000000170e+01 -2.066142999999999859e+02
2.319210700000000070e+05 -2.074214999999999876e+01 -2.211732000000000085e+02
2.319212700000000186e+05 -2.031454000000000093e+01 -2.213445000000000107e+02
2.319214700000000012e+05 -1.977953000000000117e+01 -2.276508000000000038e+02
2.319216700000000128e+05 -1.952875999999999834e+01 -2.258913000000000011e+02
2.319218699999999953e+05 -2.128793999999999897e+01 -2.115057999999999936e+02
2.319220700000000070e+05 -1.994210999999999956e+01 -2.420859000000000094e+02
2.319222700000000186e+05 -1.920362000000000080e+01 -2.406513999999999953e+02
2.319224700000000012e+05 -1.796809000000000012e+01 -2.356701999999999941e+02
2.319226700000000128e+05 -1.978751000000000104e+01 -2.259107999999999947e+02
2.319228699999999953e+05 -1.985057000000000116e+01 -2.409813000000000045e+02
2.319230700000000070e+05 -1.879146000000000072e+01 -2.234885999999999910e+02
2.319232700000000186e+05 -1.911229000000000156e+01 -2.306634999999999991e+02
2.319234700000000012e+05 -1.915290999999999855e+01 -2.266457000000000050e+02
2.319236700000000128e+05 -1.925237999999999872e+01 -2.424430999999999869e+02
2.319238699999999953e+05 -1.864042999999999850e+01 -2.303697999999999979e+02
2.319240700000000070e+05 -1.883265000000000100e+01 -2.328379999999999939e+02
2.319242700000000186e+05 -1.957922999999999902e+01 -2.485790000000000077e+02
2.319244700000000012e+05 -1.915317999999999898e+01 -2.258606000000000051e+02
2.319246700000000128e+05 -1.795601999999999876e+01 -2.313879000000000019e+02
2.319248699999999953e+05 -1.917638000000000176e+01 -2.439976000000000056e+02
2.319250700000000070e+05 -1.718541000000000096e+01 -2.495879999999999939e+02
2.319252700000000186e+05 -1.888504999999999967e+01 -2.392663000000000011e+02
2.319254700000000012e+05 -1.626307999999999865e+01 -2.414677000000000078e+02
2.319256700000000128e+05 -1.832610999999999990e+01 -2.437150000000000034e+02
2.319258699999999953e+05 -1.930451000000000050e+01 -2.505112000000000023e+02
2.319260700000000070e+05 -1.813320999999999827e+01 -2.471014000000000124e+02
