# Time finished:
# 2015-06-03 07.49.09
# Temp volt start:
# 1.0130873
# Temp volt stop:
# 1.0130873
# Approx start T:
# 85.2282575823
# Approx stop T:
# 85.3011832468
# DC bias measured, messed up:
# 3.999983
# DC bias we asked for:
# 4
2.318171199999999953e+05 -1.532704999999999984e+01 8.828887000000000285e+01
2.318173200000000070e+05 -1.473443999999999932e+01 8.804582999999999515e+01
2.318175199999999895e+05 -1.444581999999999944e+01 8.811001000000000261e+01
2.318177200000000012e+05 -1.483358999999999916e+01 8.648793000000000575e+01
2.318179199999999837e+05 -1.508018999999999998e+01 8.629361000000000104e+01
2.318181199999999953e+05 -1.504510999999999932e+01 8.869608999999999810e+01
2.318183200000000070e+05 -1.435073000000000043e+01 8.619274000000000058e+01
2.318185199999999895e+05 -1.463984999999999914e+01 8.856270000000000664e+01
2.318187200000000012e+05 -1.475844000000000023e+01 8.838181000000000154e+01
2.318189199999999837e+05 -1.452197999999999922e+01 8.549486000000000274e+01
2.318191199999999953e+05 -1.448278999999999961e+01 8.608624000000000365e+01
2.318193200000000070e+05 -1.461139999999999972e+01 8.902769999999999584e+01
2.318195199999999895e+05 -1.425891000000000020e+01 8.886838000000000193e+01
2.318197200000000012e+05 -1.431939999999999991e+01 8.468793999999999755e+01
2.318199199999999837e+05 -1.418093000000000004e+01 8.922899999999999920e+01
2.318201199999999953e+05 -1.442658999999999914e+01 8.291087000000000273e+01
2.318203200000000070e+05 -1.419940000000000069e+01 8.696854000000000440e+01
2.318205199999999895e+05 -1.425333000000000006e+01 8.724945999999999913e+01
2.318207200000000012e+05 -1.400463000000000058e+01 8.689231999999999800e+01
2.318209199999999837e+05 -1.429565000000000019e+01 8.438260999999999967e+01
2.318211199999999953e+05 -1.392310999999999943e+01 8.590503999999999962e+01
2.318213200000000070e+05 -1.362904999999999944e+01 8.392132999999999754e+01
2.318215199999999895e+05 -1.373446000000000033e+01 8.442246000000000095e+01
2.318217200000000012e+05 -1.394187999999999938e+01 8.525539000000000556e+01
2.318219199999999837e+05 -1.369891999999999932e+01 8.302640999999999849e+01
2.318221199999999953e+05 -1.378675999999999924e+01 8.467856000000000449e+01
2.318223200000000070e+05 -1.347236999999999973e+01 8.577876999999999441e+01
2.318225199999999895e+05 -1.335889000000000060e+01 8.183902000000000498e+01
2.318227200000000012e+05 -1.299055000000000071e+01 8.136420999999999992e+01
2.318229199999999837e+05 -1.308539999999999992e+01 8.257618999999999687e+01
2.318231199999999953e+05 -1.281188000000000038e+01 8.030191000000000656e+01
2.318233200000000070e+05 -1.271301000000000059e+01 8.155724999999999625e+01
2.318235199999999895e+05 -1.245831000000000088e+01 8.270148000000000366e+01
2.318237200000000012e+05 -1.194298999999999999e+01 8.213657000000000608e+01
2.318239199999999837e+05 -1.135327000000000019e+01 7.900041000000000224e+01
2.318241199999999953e+05 -1.091038999999999959e+01 7.289659000000000333e+01
2.318243200000000070e+05 -1.073080000000000034e+01 7.325390000000000157e+01
2.318245199999999895e+05 -9.838274999999999437e+00 6.986938000000000670e+01
2.318247200000000012e+05 -9.264573999999999643e+00 6.651027999999999452e+01
2.318249199999999837e+05 -8.030827999999999633e+00 6.018500999999999834e+01
2.318251199999999953e+05 -6.501373000000000069e+00 5.081130999999999887e+01
2.318253200000000070e+05 -4.964432999999999652e+00 3.729704000000000264e+01
2.318255199999999895e+05 -2.927153000000000116e+00 1.164264999999999972e+01
2.318257200000000012e+05 -1.418992999999999949e+00 -2.947393999999999892e+01
2.318259199999999837e+05 -1.001181000000000099e+00 -9.101358999999999355e+01
2.318261199999999953e+05 -2.838188999999999851e+00 -1.715092999999999961e+02
2.318263200000000070e+05 -8.867672000000000665e+00 -2.844791999999999916e+02
2.318265199999999895e+05 -1.037621000000000038e+01 -1.053349000000000046e+02
2.318267200000000012e+05 -1.128301000000000087e+01 -2.514790999999999883e+02
2.318269199999999837e+05 -1.479446000000000083e+01 -1.553319999999999936e+02
2.318271199999999953e+05 -2.434252000000000038e+01 -3.215935999999999808e+02
2.318273200000000070e+05 -1.615973999999999933e+01 -2.672162000000000148e+02
2.318275199999999895e+05 -1.605304999999999893e+01 -2.445164000000000044e+02
2.318277200000000012e+05 -1.714867999999999881e+01 -2.442837000000000103e+02
2.318279199999999837e+05 -1.794894999999999996e+01 -2.526562999999999874e+02
2.318281199999999953e+05 -1.976855000000000118e+01 -2.532684000000000140e+02
2.318283200000000070e+05 -2.022122999999999848e+01 -2.478345999999999947e+02
2.318285199999999895e+05 -1.841762999999999906e+01 -2.456244000000000085e+02
2.318287200000000012e+05 -1.844212999999999880e+01 -2.546821999999999946e+02
2.318289199999999837e+05 -1.809972000000000136e+01 -2.489085000000000036e+02
2.318291199999999953e+05 -1.837080999999999875e+01 -2.549593999999999880e+02
2.318293200000000070e+05 -1.765870999999999924e+01 -2.544403000000000077e+02
2.318295199999999895e+05 -1.762999999999999901e+01 -2.543188000000000102e+02
2.318297200000000012e+05 -1.733880999999999872e+01 -2.523659000000000106e+02
2.318299199999999837e+05 -1.752601999999999904e+01 -2.565495999999999981e+02
2.318301199999999953e+05 -1.689824000000000126e+01 -2.606653999999999769e+02
2.318303200000000070e+05 -1.686495999999999995e+01 -2.589293999999999869e+02
2.318305199999999895e+05 -1.757223000000000113e+01 -2.595283000000000015e+02
2.318307200000000012e+05 -1.760692999999999842e+01 -2.588586999999999989e+02
2.318309199999999837e+05 -1.719472999999999985e+01 -2.595353999999999814e+02
2.318311199999999953e+05 -1.707354000000000127e+01 -2.591877000000000066e+02
2.318313200000000070e+05 -1.655262000000000100e+01 -2.586428999999999974e+02
2.318315199999999895e+05 -1.706468999999999880e+01 -2.612907999999999902e+02
2.318317200000000012e+05 -1.677296000000000120e+01 -2.629198000000000093e+02
2.318319199999999837e+05 -1.677640999999999849e+01 -2.613267999999999915e+02
2.318321199999999953e+05 -1.707301000000000002e+01 -2.591859999999999786e+02
2.318323200000000070e+05 -1.668504000000000076e+01 -2.577925999999999931e+02
2.318325199999999895e+05 -1.625545999999999935e+01 -2.595980999999999881e+02
2.318327200000000012e+05 -1.700893999999999906e+01 -2.583484000000000265e+02
2.318329199999999837e+05 -1.651517000000000124e+01 -2.630337000000000103e+02
2.318331199999999953e+05 -1.682217999999999947e+01 -2.615896999999999935e+02
2.318333200000000070e+05 -1.676707999999999998e+01 -2.650835999999999899e+02
2.318335199999999895e+05 -1.617699999999999960e+01 -2.651995999999999754e+02
2.318337200000000012e+05 -1.695642000000000138e+01 -2.601782999999999788e+02
2.318339199999999837e+05 -1.651254000000000133e+01 -2.627525999999999726e+02
2.318341199999999953e+05 -1.623294999999999888e+01 -2.594800999999999931e+02
2.318343200000000070e+05 -1.671941999999999950e+01 -2.642334999999999923e+02
2.318345199999999895e+05 -1.701150000000000162e+01 -2.651838999999999942e+02
2.318347200000000012e+05 -1.627803000000000111e+01 -2.597180999999999926e+02
2.318349199999999837e+05 -1.661691000000000074e+01 -2.652567000000000235e+02
2.318351199999999953e+05 -1.720409000000000077e+01 -2.634805999999999813e+02
2.318353200000000070e+05 -1.680243000000000109e+01 -2.617432000000000016e+02
2.318355199999999895e+05 -1.644632999999999967e+01 -2.652859000000000265e+02
2.318357200000000012e+05 -1.617999000000000009e+01 -2.670779999999999745e+02
2.318359199999999837e+05 -1.595900999999999925e+01 -2.669386999999999830e+02
2.318361199999999953e+05 -1.611120000000000019e+01 -2.642717000000000098e+02
2.318363200000000070e+05 -1.627787999999999968e+01 -2.647656999999999812e+02
2.318365199999999895e+05 -1.659784000000000148e+01 -2.670932999999999993e+02
2.318367200000000012e+05 -1.648763999999999896e+01 -2.649934000000000083e+02
2.318369199999999837e+05 -1.575705999999999918e+01 -2.624467000000000212e+02
2.318371199999999953e+05 -1.626181000000000054e+01 -2.659922000000000253e+02
