# Time finished:
# 2015-06-04 15.08.56
# Temp volt start:
# 0.88544999
# Temp volt stop:
# 0.88544999
# Approx start T:
# 152.153165873
# Approx stop T:
# 152.273654926
# DC bias measured, messed up:
# 3.999281
# DC bias we asked for:
# 4
2.319191900000000023e+05 -1.519278000000000084e+01 8.811262000000000683e+01
2.319193900000000140e+05 -1.457873999999999981e+01 8.796070000000000277e+01
2.319195899999999965e+05 -1.506694000000000067e+01 9.264553999999999689e+01
2.319197900000000081e+05 -1.452369000000000021e+01 8.968905999999999779e+01
2.319199899999999907e+05 -1.506854000000000049e+01 8.820028000000000645e+01
2.319201900000000023e+05 -1.456148999999999916e+01 8.767441999999999780e+01
2.319203900000000140e+05 -1.436585000000000001e+01 8.877338000000000306e+01
2.319205899999999965e+05 -1.454702999999999946e+01 8.668529999999999802e+01
2.319207900000000081e+05 -1.439789999999999992e+01 8.679137000000000057e+01
2.319209899999999907e+05 -1.417444000000000059e+01 8.666401000000000465e+01
2.319211900000000023e+05 -1.480280999999999914e+01 8.731551000000000329e+01
2.319213900000000140e+05 -1.456947000000000081e+01 8.957246000000000663e+01
2.319215899999999965e+05 -1.454974999999999952e+01 8.687994999999999379e+01
2.319217900000000081e+05 -1.462984999999999935e+01 8.712442000000000064e+01
2.319219899999999907e+05 -1.452374000000000009e+01 8.819528999999999996e+01
2.319221900000000023e+05 -1.393460999999999927e+01 8.608902000000000498e+01
2.319223900000000140e+05 -1.434193999999999924e+01 8.614488000000000056e+01
2.319225899999999965e+05 -1.470129999999999981e+01 8.513604999999999734e+01
2.319227900000000081e+05 -1.407032000000000060e+01 8.976373999999999853e+01
2.319229899999999907e+05 -1.369247000000000014e+01 8.845920999999999879e+01
2.319231900000000023e+05 -1.387283000000000044e+01 8.446577000000000623e+01
2.319233900000000140e+05 -1.394091000000000058e+01 8.729671000000000447e+01
2.319235899999999965e+05 -1.364470000000000027e+01 8.368652000000000157e+01
2.319237900000000081e+05 -1.389649000000000001e+01 8.490878999999999621e+01
2.319239899999999907e+05 -1.340344999999999942e+01 8.439245999999999981e+01
2.319241900000000023e+05 -1.389596000000000053e+01 8.425394000000000005e+01
2.319243900000000140e+05 -1.365968999999999944e+01 8.631020999999999788e+01
2.319245899999999965e+05 -1.345654000000000039e+01 8.326836000000000126e+01
2.319247900000000081e+05 -1.348521999999999998e+01 8.386271999999999593e+01
2.319249899999999907e+05 -1.350445000000000029e+01 8.303252999999999417e+01
2.319251900000000023e+05 -1.303613000000000000e+01 8.152575000000000216e+01
2.319253900000000140e+05 -1.313837000000000010e+01 8.491173999999999467e+01
2.319255899999999965e+05 -1.269214000000000020e+01 8.033436000000000377e+01
2.319257900000000081e+05 -1.210945000000000071e+01 8.476358999999999355e+01
2.319259899999999907e+05 -1.172372000000000014e+01 8.000257000000000573e+01
2.319261900000000023e+05 -1.147943000000000069e+01 7.617641000000000417e+01
2.319263900000000140e+05 -1.107277000000000022e+01 7.311011999999999489e+01
2.319265899999999965e+05 -1.063508999999999993e+01 7.190019999999999811e+01
2.319267900000000081e+05 -9.837194000000000216e+00 6.725036000000000058e+01
2.319269899999999907e+05 -9.293798000000000670e+00 6.620965999999999951e+01
2.319271900000000023e+05 -7.990808000000000355e+00 5.932274999999999920e+01
2.319273900000000140e+05 -6.659570000000000434e+00 4.846614000000000289e+01
2.319275899999999965e+05 -4.992403000000000368e+00 3.152583999999999875e+01
2.319277900000000081e+05 -3.349375000000000213e+00 5.562870000000000203e+00
2.319279899999999907e+05 -2.127006999999999870e+00 -3.893834999999999980e+01
2.319281900000000023e+05 -2.379105000000000025e+00 -1.030397999999999996e+02
2.319283900000000140e+05 -5.494138000000000410e+00 -1.797463999999999942e+02
2.319285899999999965e+05 -1.459999999999999964e+01 -2.936372000000000071e+02
2.319287900000000081e+05 -1.271843999999999930e+01 -1.338753000000000100e+02
2.319289899999999907e+05 -1.699287999999999954e+01 -2.599273000000000025e+02
2.319291900000000023e+05 -1.685257000000000005e+01 -1.893651999999999873e+02
2.319293900000000140e+05 -2.899589999999999890e+01 -2.189628999999999905e+02
2.319295899999999965e+05 -2.031463000000000108e+01 -2.572217999999999734e+02
2.319297900000000081e+05 -1.870573999999999870e+01 -2.529812000000000012e+02
2.319299899999999907e+05 -1.917252999999999830e+01 -2.537659999999999911e+02
2.319301900000000023e+05 -1.961430999999999969e+01 -2.532479999999999905e+02
2.319303900000000140e+05 -1.946550999999999831e+01 -2.459502999999999986e+02
2.319305899999999965e+05 -1.868573999999999913e+01 -2.479984000000000037e+02
2.319307900000000081e+05 -1.806251999999999924e+01 -2.493548999999999864e+02
2.319309899999999907e+05 -1.844040000000000035e+01 -2.501762999999999977e+02
2.319311900000000023e+05 -1.761864999999999881e+01 -2.528999000000000024e+02
2.319313900000000140e+05 -1.775524000000000058e+01 -2.529755999999999858e+02
2.319315899999999965e+05 -1.782236999999999938e+01 -2.518103999999999871e+02
2.319317900000000081e+05 -1.773768000000000100e+01 -2.565321999999999889e+02
2.319319899999999907e+05 -1.743550000000000111e+01 -2.566073000000000093e+02
2.319321900000000023e+05 -1.782386999999999944e+01 -2.564250000000000114e+02
2.319323900000000140e+05 -1.732206000000000046e+01 -2.611723000000000070e+02
2.319325899999999965e+05 -1.722385999999999839e+01 -2.582320000000000277e+02
2.319327900000000081e+05 -1.741876999999999853e+01 -2.606906000000000176e+02
2.319329899999999907e+05 -1.641165000000000163e+01 -2.612508000000000266e+02
2.319331900000000023e+05 -1.715334999999999965e+01 -2.597950000000000159e+02
2.319333900000000140e+05 -1.687067000000000050e+01 -2.623813000000000102e+02
2.319335899999999965e+05 -1.704983999999999966e+01 -2.578695999999999913e+02
2.319337900000000081e+05 -1.713476999999999961e+01 -2.599485000000000241e+02
2.319339899999999907e+05 -1.738109000000000037e+01 -2.609981000000000222e+02
2.319341900000000023e+05 -1.724391999999999925e+01 -2.602735999999999876e+02
2.319343900000000140e+05 -1.692503999999999920e+01 -2.577398000000000025e+02
2.319345899999999965e+05 -1.705337000000000103e+01 -2.571977999999999724e+02
2.319347900000000081e+05 -1.656683999999999912e+01 -2.630452000000000226e+02
2.319349899999999907e+05 -1.644025999999999854e+01 -2.637205999999999904e+02
2.319351900000000023e+05 -1.664960999999999913e+01 -2.595629999999999882e+02
2.319353900000000140e+05 -1.623359999999999914e+01 -2.634298999999999751e+02
2.319355899999999965e+05 -1.628460000000000107e+01 -2.603593000000000188e+02
2.319357900000000081e+05 -1.666015000000000157e+01 -2.652905000000000086e+02
2.319359899999999907e+05 -1.688475000000000037e+01 -2.619830999999999790e+02
2.319361900000000023e+05 -1.614157000000000153e+01 -2.617893000000000256e+02
2.319363900000000140e+05 -1.657753999999999905e+01 -2.642950999999999908e+02
2.319365899999999965e+05 -1.633080999999999960e+01 -2.640047999999999888e+02
2.319367900000000081e+05 -1.625916000000000139e+01 -2.574388000000000147e+02
2.319369899999999907e+05 -1.620466000000000051e+01 -2.644091999999999985e+02
2.319371900000000023e+05 -1.629403999999999897e+01 -2.640176999999999907e+02
2.319373900000000140e+05 -1.632093000000000060e+01 -2.562554999999999836e+02
2.319375899999999965e+05 -1.674090999999999951e+01 -2.668109999999999786e+02
2.319377900000000081e+05 -1.623434999999999917e+01 -2.618559000000000196e+02
2.319379899999999907e+05 -1.697063999999999950e+01 -2.624646000000000186e+02
2.319381900000000023e+05 -1.612221999999999866e+01 -2.586752999999999929e+02
2.319383900000000140e+05 -1.609850000000000136e+01 -2.613387000000000171e+02
2.319385899999999965e+05 -1.603966000000000136e+01 -2.623261999999999716e+02
2.319387900000000081e+05 -1.624944999999999951e+01 -2.668202999999999747e+02
2.319389899999999907e+05 -1.656128000000000000e+01 -2.646827000000000112e+02
2.319391900000000023e+05 -1.649017999999999873e+01 -2.659420000000000073e+02
