# Time finished:
# 2015-06-04 04.53.50
# Temp volt start:
# 0.98569918
# Temp volt stop:
# 0.98569918
# Approx start T:
# 100.399033945
# Approx stop T:
# 100.433879725
# DC bias measured, messed up:
# 3.999465
# DC bias we asked for:
# 4
2.318470799999999872e+05 -1.463870000000000005e+01 9.213409000000000049e+01
2.318472799999999988e+05 -1.474163000000000068e+01 8.984208999999999889e+01
2.318474799999999814e+05 -1.450595999999999997e+01 8.674898000000000309e+01
2.318476799999999930e+05 -1.446388999999999925e+01 8.710079000000000349e+01
2.318478799999999756e+05 -1.478805000000000014e+01 8.686276999999999759e+01
2.318480799999999872e+05 -1.459947000000000017e+01 8.861990000000000123e+01
2.318482799999999988e+05 -1.475031000000000070e+01 8.765980999999999312e+01
2.318484799999999814e+05 -1.472644999999999982e+01 8.538374000000000308e+01
2.318486799999999930e+05 -1.409243999999999986e+01 8.848206999999999312e+01
2.318488799999999756e+05 -1.437524999999999942e+01 8.570129000000000019e+01
2.318490799999999872e+05 -1.415854000000000035e+01 9.038248000000000104e+01
2.318492799999999988e+05 -1.476986999999999917e+01 8.677481000000000222e+01
2.318494799999999814e+05 -1.434573999999999927e+01 8.760468000000000188e+01
2.318496799999999930e+05 -1.473587999999999987e+01 8.504403999999999542e+01
2.318498799999999756e+05 -1.448497000000000057e+01 8.644904999999999973e+01
2.318500799999999872e+05 -1.443168999999999969e+01 8.807671999999999457e+01
2.318502799999999988e+05 -1.428270999999999979e+01 8.764772999999999570e+01
2.318504799999999814e+05 -1.431221999999999994e+01 8.575458999999999321e+01
2.318506799999999930e+05 -1.410131999999999941e+01 8.614436000000000604e+01
2.318508799999999756e+05 -1.389724999999999966e+01 8.511575999999999453e+01
2.318510799999999872e+05 -1.386814999999999998e+01 8.673131999999999664e+01
2.318512799999999988e+05 -1.410646000000000022e+01 8.562855999999999312e+01
2.318514799999999814e+05 -1.348006999999999955e+01 8.492986000000000502e+01
2.318516799999999930e+05 -1.385135000000000005e+01 8.216576000000000590e+01
2.318518799999999756e+05 -1.359478999999999971e+01 8.366142000000000678e+01
2.318520799999999872e+05 -1.398681999999999981e+01 8.158853000000000577e+01
2.318522799999999988e+05 -1.387982000000000049e+01 8.113226000000000226e+01
2.318524799999999814e+05 -1.325672999999999924e+01 8.450002999999999531e+01
2.318526799999999930e+05 -1.354307000000000016e+01 8.391152999999999906e+01
2.318528799999999756e+05 -1.323117000000000054e+01 8.108880999999999517e+01
2.318530799999999872e+05 -1.289366000000000057e+01 8.057438999999999396e+01
2.318532799999999988e+05 -1.284054000000000073e+01 8.020644000000000062e+01
2.318534799999999814e+05 -1.242140999999999984e+01 8.074869999999999948e+01
2.318536799999999930e+05 -1.167497999999999969e+01 8.172271999999999537e+01
2.318538799999999756e+05 -1.116247000000000078e+01 7.653757000000000232e+01
2.318540799999999872e+05 -1.094210999999999956e+01 7.289806000000000097e+01
2.318542799999999988e+05 -1.078725999999999985e+01 7.415212999999999965e+01
2.318544799999999814e+05 -9.527722000000000691e+00 6.938155999999999324e+01
2.318546799999999930e+05 -9.074821999999999278e+00 6.572745999999999356e+01
2.318548799999999756e+05 -8.141310000000000713e+00 6.049857000000000085e+01
2.318550799999999872e+05 -6.507520000000000415e+00 5.190807999999999822e+01
2.318552799999999988e+05 -4.679661000000000293e+00 3.582836000000000354e+01
2.318554799999999814e+05 -2.748028999999999833e+00 9.987693000000000154e+00
2.318556799999999930e+05 -1.061733999999999956e+00 -3.323881999999999692e+01
2.318558799999999756e+05 -6.761751000000000289e-01 -1.000066000000000059e+02
2.318560799999999872e+05 -2.841394000000000197e+00 -1.843694000000000131e+02
2.318562799999999988e+05 -9.143902999999999892e+00 -3.015294000000000096e+02
2.318564799999999814e+05 -8.977778000000000702e+00 -4.813184999999999718e+02
2.318566799999999930e+05 -1.143626000000000076e+01 -6.326953999999999496e+02
2.318568799999999756e+05 -1.293215000000000003e+01 -5.260153999999999996e+02
2.318570799999999872e+05 -2.635769000000000162e+01 -3.904687000000000126e+02
2.318572799999999988e+05 -1.641208999999999918e+01 -2.811843000000000075e+02
2.318574799999999814e+05 -1.562190000000000012e+01 -2.589451999999999998e+02
2.318576799999999930e+05 -1.619291000000000125e+01 -2.545013999999999896e+02
2.318578799999999756e+05 -1.790774000000000044e+01 -2.570774999999999864e+02
2.318580799999999872e+05 -2.014386000000000010e+01 -2.672717999999999847e+02
2.318582799999999988e+05 -2.117210000000000036e+01 -2.386752999999999929e+02
2.318584799999999814e+05 -1.664361999999999853e+01 -2.532822999999999922e+02
2.318586799999999930e+05 -1.818599000000000032e+01 -2.556142999999999859e+02
2.318588799999999756e+05 -1.787034999999999840e+01 -2.521784000000000106e+02
2.318590799999999872e+05 -1.882370999999999839e+01 -2.552900999999999954e+02
2.318592799999999988e+05 -1.795740999999999943e+01 -2.581356999999999857e+02
2.318594799999999814e+05 -1.730205000000000126e+01 -2.510012999999999863e+02
2.318596799999999930e+05 -1.810632999999999981e+01 -2.594418000000000006e+02
2.318598799999999756e+05 -1.755496000000000123e+01 -2.580708999999999946e+02
2.318600799999999872e+05 -1.728218000000000032e+01 -2.562717999999999847e+02
2.318602799999999988e+05 -1.773808000000000007e+01 -2.589696999999999889e+02
2.318604799999999814e+05 -1.744645999999999830e+01 -2.583249000000000137e+02
2.318606799999999930e+05 -1.711396999999999835e+01 -2.595076999999999998e+02
2.318608799999999756e+05 -1.754463000000000150e+01 -2.567112000000000194e+02
2.318610799999999872e+05 -1.704801000000000144e+01 -2.622687000000000239e+02
2.318612799999999988e+05 -1.771052999999999855e+01 -2.577543000000000006e+02
2.318614799999999814e+05 -1.713081000000000031e+01 -2.619361000000000104e+02
2.318616799999999930e+05 -1.682074000000000069e+01 -2.587674000000000092e+02
2.318618799999999756e+05 -1.729413999999999874e+01 -2.609692000000000007e+02
2.318620799999999872e+05 -1.699462000000000117e+01 -2.632823999999999955e+02
2.318622799999999988e+05 -1.730058999999999969e+01 -2.589042999999999779e+02
2.318624799999999814e+05 -1.678848999999999947e+01 -2.639119000000000028e+02
2.318626799999999930e+05 -1.668171999999999855e+01 -2.635369000000000028e+02
2.318628799999999756e+05 -1.617370999999999981e+01 -2.665369000000000028e+02
2.318630799999999872e+05 -1.709131999999999962e+01 -2.622438999999999965e+02
2.318632799999999988e+05 -1.604335999999999984e+01 -2.616080000000000041e+02
2.318634799999999814e+05 -1.676427999999999940e+01 -2.635074000000000183e+02
2.318636799999999930e+05 -1.634572000000000003e+01 -2.648349999999999795e+02
2.318638799999999756e+05 -1.655687999999999960e+01 -2.633118999999999801e+02
2.318640799999999872e+05 -1.670720000000000027e+01 -2.642085999999999899e+02
2.318642799999999988e+05 -1.628555000000000064e+01 -2.608145999999999844e+02
2.318644799999999814e+05 -1.614311000000000007e+01 -2.605258000000000038e+02
2.318646799999999930e+05 -1.666234999999999999e+01 -2.636791000000000054e+02
2.318648799999999756e+05 -1.653985000000000127e+01 -2.637259999999999991e+02
2.318650799999999872e+05 -1.665747000000000000e+01 -2.631417000000000144e+02
2.318652799999999988e+05 -1.695656999999999925e+01 -2.638609000000000151e+02
2.318654799999999814e+05 -1.629147000000000034e+01 -2.670575000000000045e+02
2.318656799999999930e+05 -1.614468000000000103e+01 -2.638562000000000012e+02
2.318658799999999756e+05 -1.694446999999999903e+01 -2.656854999999999905e+02
2.318660799999999872e+05 -1.622539000000000087e+01 -2.621460999999999899e+02
2.318662799999999988e+05 -1.665174000000000021e+01 -2.626005000000000109e+02
2.318664799999999814e+05 -1.649959000000000131e+01 -2.617364000000000033e+02
2.318666799999999930e+05 -1.669424000000000063e+01 -2.673491000000000213e+02
2.318668799999999756e+05 -1.634813000000000116e+01 -2.653548000000000116e+02
2.318670799999999872e+05 -1.682594999999999885e+01 -2.633482000000000198e+02
