# Time finished:
# 2015-06-02 21.07.55
# Temp volt start:
# 1.1033446
# Temp volt stop:
# 1.1033446
# Approx start T:
# 31.3203760309
# Approx stop T:
# 31.6610807152
# DC bias measured, messed up:
# 4.00029
# DC bias we asked for:
# 4
2.317243599999999860e+05 -1.427321000000000062e+01 9.018025000000000091e+01
2.317245599999999977e+05 -1.346659999999999968e+01 8.439919000000000437e+01
2.317247599999999802e+05 -1.458862000000000059e+01 8.123955999999999733e+01
2.317249599999999919e+05 -1.562867999999999924e+01 9.366550999999999760e+01
2.317251599999999744e+05 -1.356398000000000081e+01 9.349980999999999653e+01
2.317253599999999860e+05 -1.455846000000000018e+01 8.899148999999999887e+01
2.317255599999999977e+05 -1.414362000000000030e+01 9.433699000000000012e+01
2.317257599999999802e+05 -1.573776999999999937e+01 8.763168000000000291e+01
2.317259599999999919e+05 -1.411780000000000079e+01 8.467548999999999637e+01
2.317261599999999744e+05 -1.363493000000000066e+01 9.101266999999999996e+01
2.317263599999999860e+05 -1.370509000000000022e+01 9.577159000000000333e+01
2.317265599999999977e+05 -1.354299999999999926e+01 9.436265000000000214e+01
2.317267599999999802e+05 -1.342594000000000065e+01 9.532348000000000354e+01
2.317269599999999919e+05 -1.341041000000000061e+01 9.081385000000000218e+01
2.317271599999999744e+05 -1.488503000000000043e+01 8.405740000000000123e+01
2.317273599999999860e+05 -1.548387999999999920e+01 9.087823000000000206e+01
2.317275599999999977e+05 -1.359273999999999916e+01 9.027634000000000469e+01
2.317277599999999802e+05 -1.491455999999999982e+01 9.519429999999999836e+01
2.317279599999999919e+05 -1.431309000000000076e+01 8.188912999999999442e+01
2.317281599999999744e+05 -1.373085000000000022e+01 9.111554999999999893e+01
2.317283599999999860e+05 -1.349736000000000047e+01 9.582815999999999690e+01
2.317285599999999977e+05 -1.408730000000000082e+01 8.906534999999999513e+01
2.317287599999999802e+05 -1.414464000000000077e+01 9.406273000000000195e+01
2.317289599999999919e+05 -1.317446999999999946e+01 8.873489999999999611e+01
2.317291599999999744e+05 -1.330874000000000024e+01 8.951480999999999710e+01
2.317293599999999860e+05 -1.337007999999999974e+01 8.413733999999999469e+01
2.317295599999999977e+05 -1.452215999999999951e+01 8.956556999999999391e+01
2.317297599999999802e+05 -1.266737999999999964e+01 9.054160000000000252e+01
2.317299599999999919e+05 -1.389872000000000085e+01 8.566595999999999833e+01
2.317301599999999744e+05 -1.257718000000000025e+01 8.434476999999999691e+01
2.317303599999999860e+05 -1.255757000000000012e+01 8.680781000000000347e+01
2.317305599999999977e+05 -1.302247000000000021e+01 8.577402999999999622e+01
2.317307599999999802e+05 -1.352895999999999965e+01 8.646320000000000050e+01
2.317309599999999919e+05 -1.244003999999999976e+01 8.678270000000000550e+01
2.317311599999999744e+05 -1.218903000000000070e+01 8.642432999999999765e+01
2.317313599999999860e+05 -1.097474000000000061e+01 8.319127000000000294e+01
2.317315599999999977e+05 -1.076898000000000089e+01 7.473158999999999708e+01
2.317317599999999802e+05 -1.136569000000000074e+01 7.511943999999999733e+01
2.317319599999999919e+05 -9.802241999999999678e+00 7.485026999999999475e+01
2.317321599999999744e+05 -9.675283999999999551e+00 6.929617000000000360e+01
2.317323599999999860e+05 -7.771606000000000236e+00 6.577674000000000376e+01
2.317325599999999977e+05 -6.521374999999999922e+00 6.042985999999999791e+01
2.317327599999999802e+05 -5.102541000000000437e+00 4.934080999999999761e+01
2.317329599999999919e+05 -2.761550000000000171e+00 2.924212999999999951e+01
2.317331599999999744e+05 4.753577999999999970e-02 -6.263427000000000078e+00
2.317333599999999860e+05 2.059508000000000116e+00 -6.654090999999999667e+01
2.317335599999999977e+05 2.681487999999999872e+00 -1.543452000000000055e+02
2.317337599999999802e+05 5.950499000000000205e-01 -2.645167999999999893e+02
2.317339599999999919e+05 -9.177471999999999852e-01 -4.235459999999999923e+02
2.317341599999999744e+05 -2.448821999999999943e-01 -5.953337000000000216e+02
2.317343599999999860e+05 -2.683111999999999941e+00 -4.542760999999999854e+02
2.317345599999999977e+05 -3.242471000000000103e+00 -3.214836999999999989e+02
2.317347599999999802e+05 -2.522022000000000208e+00 -2.421003000000000043e+02
2.317349599999999919e+05 -3.605938999999999783e+00 -1.959676000000000045e+02
2.317351599999999744e+05 -5.049305000000000376e+00 -1.767426000000000101e+02
2.317353599999999860e+05 -5.822809000000000346e+00 -1.876261000000000081e+02
2.317355599999999977e+05 -5.996379000000000126e+00 -2.202111999999999910e+02
2.317357599999999802e+05 -6.755861000000000338e+00 -2.801070000000000277e+02
2.317359599999999919e+05 -1.316821999999999981e+01 -3.789128000000000043e+02
2.317361599999999744e+05 -9.409378999999999493e+00 -5.566613999999999578e+02
2.317363599999999860e+05 -1.129573000000000071e+01 -6.800929999999999609e+02
2.317365599999999977e+05 -1.006897000000000020e+01 -5.734189999999999827e+02
2.317367599999999802e+05 -2.452448000000000050e+01 -4.256404999999999745e+02
2.317369599999999919e+05 -1.297694000000000081e+01 -3.042400000000000091e+02
2.317371599999999744e+05 -1.115770000000000017e+01 -2.701105000000000018e+02
2.317373599999999860e+05 -1.127386000000000088e+01 -2.585219999999999914e+02
2.317375599999999977e+05 -1.188653000000000048e+01 -2.626216000000000008e+02
2.317377599999999802e+05 -1.318937999999999988e+01 -2.801435000000000173e+02
2.317379599999999919e+05 -1.932457000000000136e+01 -3.018700000000000045e+02
2.317381599999999744e+05 -1.831645999999999930e+01 -2.181765000000000043e+02
2.317383599999999860e+05 -1.333026000000000089e+01 -2.622907000000000153e+02
2.317385599999999977e+05 -2.186790999999999840e+01 -2.411251000000000033e+02
2.317387599999999802e+05 -1.420584999999999987e+01 -2.663179999999999836e+02
2.317389599999999919e+05 -1.606859000000000037e+01 -2.411399999999999864e+02
2.317391599999999744e+05 -1.922710999999999970e+01 -2.551495999999999924e+02
2.317393599999999860e+05 -1.808963999999999928e+01 -2.673183999999999969e+02
2.317395599999999977e+05 -1.759320999999999913e+01 -2.692816000000000258e+02
2.317397599999999802e+05 -1.801764999999999972e+01 -2.698020000000000209e+02
2.317399599999999919e+05 -1.701521999999999935e+01 -2.576795999999999935e+02
2.317401599999999744e+05 -1.705016000000000176e+01 -2.475064000000000135e+02
2.317403599999999860e+05 -1.549761999999999951e+01 -2.602937999999999761e+02
2.317405599999999977e+05 -1.757263999999999982e+01 -2.566480000000000246e+02
2.317407599999999802e+05 -1.584041999999999994e+01 -2.572552000000000021e+02
2.317409599999999919e+05 -1.629538000000000153e+01 -2.562028000000000247e+02
2.317411599999999744e+05 -1.648852000000000118e+01 -2.585865000000000009e+02
2.317413599999999860e+05 -1.564497000000000071e+01 -2.563573000000000093e+02
2.317415599999999977e+05 -1.636130999999999958e+01 -2.638645999999999958e+02
2.317417599999999802e+05 -1.662274999999999991e+01 -2.598806999999999903e+02
2.317419599999999919e+05 -1.634569000000000116e+01 -2.606225000000000023e+02
2.317421599999999744e+05 -1.593857000000000035e+01 -2.605892999999999802e+02
2.317423599999999860e+05 -1.633873000000000175e+01 -2.618265999999999849e+02
2.317425599999999977e+05 -1.624557000000000073e+01 -2.554019999999999868e+02
2.317427599999999802e+05 -1.514766999999999975e+01 -2.614639999999999986e+02
2.317429599999999919e+05 -1.642494999999999905e+01 -2.570822000000000003e+02
2.317431599999999744e+05 -1.695283999999999835e+01 -2.545852999999999895e+02
2.317433599999999860e+05 -1.661212000000000089e+01 -2.607710999999999899e+02
2.317435599999999977e+05 -1.605707999999999913e+01 -2.639793999999999983e+02
2.317437599999999802e+05 -1.668205999999999989e+01 -2.601866999999999734e+02
2.317439599999999919e+05 -1.618987999999999872e+01 -2.592207000000000221e+02
2.317441599999999744e+05 -1.649339000000000155e+01 -2.639911000000000172e+02
2.317443599999999860e+05 -1.608887999999999963e+01 -2.623057999999999765e+02
