# Time finished:
# 2015-06-02 07.54.37
# Temp volt start:
# 1.0180147
# Temp volt stop:
# 1.0180147
# Approx start T:
# 82.4447840306
# Approx stop T:
# 82.4265950149
# DC bias measured, messed up:
# 8.001035
# DC bias we asked for:
# 8
2.317995100000000093e+05 -1.340521999999999991e+01 8.449106999999999346e+01
2.317997100000000210e+05 -1.238945999999999970e+01 8.515761000000000536e+01
2.317999100000000035e+05 -1.308647999999999989e+01 8.337402000000000157e+01
2.318001100000000151e+05 -1.291586000000000034e+01 8.463866000000000156e+01
2.318003099999999977e+05 -1.304338000000000086e+01 8.703260000000000218e+01
2.318005100000000093e+05 -1.204847999999999963e+01 7.983012999999999693e+01
2.318007100000000210e+05 -1.225662999999999947e+01 7.326391999999999882e+01
2.318009100000000035e+05 -1.230401999999999951e+01 9.224130999999999858e+01
2.318011100000000151e+05 -1.176383000000000045e+01 8.216800000000000637e+01
2.318013099999999977e+05 -1.168563999999999936e+01 7.802165999999999713e+01
2.318015100000000093e+05 -1.189184999999999981e+01 8.421217000000000041e+01
2.318017100000000210e+05 -1.286196999999999946e+01 8.584216000000000690e+01
2.318019100000000035e+05 -1.239240999999999993e+01 8.889355000000000473e+01
2.318021100000000151e+05 -1.233221999999999952e+01 7.541488999999999976e+01
2.318023099999999977e+05 -1.228362000000000087e+01 7.776424000000000092e+01
2.318025100000000093e+05 -1.131113999999999997e+01 8.338604999999999734e+01
2.318027100000000210e+05 -1.124953999999999965e+01 7.712766000000000588e+01
2.318029100000000035e+05 -1.104030999999999985e+01 8.125130000000000052e+01
2.318031100000000151e+05 -1.139067999999999969e+01 7.494732999999999379e+01
2.318033099999999977e+05 -1.201502999999999943e+01 8.092755999999999972e+01
2.318035100000000093e+05 -1.027388000000000012e+01 7.641891999999999996e+01
2.318037100000000210e+05 -1.032835999999999999e+01 8.466067999999999927e+01
2.318039100000000035e+05 -1.125106000000000073e+01 7.712863000000000113e+01
2.318041100000000151e+05 -1.012927000000000000e+01 7.004416999999999405e+01
2.318043099999999977e+05 -9.699092999999999520e+00 6.947172000000000480e+01
2.318045100000000093e+05 -9.412397999999999598e+00 7.499672999999999945e+01
2.318047100000000210e+05 -8.995582000000000633e+00 7.244538000000000011e+01
2.318049100000000035e+05 -9.815784000000000731e+00 7.441138999999999726e+01
2.318051100000000151e+05 -1.052229999999999954e+01 6.669463000000000363e+01
2.318053099999999977e+05 -9.139735999999999194e+00 6.924447000000000685e+01
2.318055100000000093e+05 -8.271746000000000265e+00 7.434986999999999568e+01
2.318057100000000210e+05 -7.882442000000000171e+00 7.241197999999999979e+01
2.318059100000000035e+05 -7.855271000000000114e+00 7.013475999999999999e+01
2.318061100000000151e+05 -7.718130000000000379e+00 6.556483000000000061e+01
2.318063099999999977e+05 -6.598498000000000197e+00 7.346940999999999633e+01
2.318065100000000093e+05 -5.372728999999999644e+00 6.923694000000000415e+01
2.318067100000000210e+05 -3.999155000000000015e+00 6.922578000000000031e+01
2.318069100000000035e+05 -4.178536000000000250e+00 5.638040999999999769e+01
2.318071100000000151e+05 -2.661977999999999955e+00 6.194816000000000145e+01
2.318073099999999977e+05 -1.533328000000000024e+00 5.517685000000000173e+01
2.318075100000000093e+05 -1.015833000000000014e-01 5.264629000000000048e+01
2.318077100000000210e+05 1.883235999999999910e+00 4.694563000000000130e+01
2.318079100000000035e+05 3.840288000000000146e+00 3.836623999999999768e+01
2.318081100000000151e+05 6.409837999999999703e+00 2.252590000000000003e+01
2.318083099999999977e+05 9.181965999999999184e+00 -2.123711000000000126e+00
2.318085100000000093e+05 1.129771999999999998e+01 -3.645620000000000260e+01
2.318087100000000210e+05 1.212904999999999944e+01 -8.665126999999999668e+01
2.318089100000000035e+05 9.890478999999999132e+00 -1.563985000000000127e+02
2.318091100000000151e+05 3.395669000000000048e-01 -2.829461999999999762e+02
2.318093099999999977e+05 4.658939000000000163e+00 -4.625181000000000040e+02
2.318095100000000093e+05 -5.516786999999999885e+00 -6.232451999999999543e+02
2.318097100000000210e+05 -2.381394000000000011e-01 -5.029320999999999913e+02
2.318099100000000035e+05 -5.072371999999999659e+00 -4.448829999999999814e+02
2.318101100000000151e+05 -2.007062000000000168e+01 -3.813994000000000142e+02
2.318103099999999977e+05 -3.134741000000000000e+01 -2.629565000000000055e+02
2.318105100000000093e+05 -2.080079999999999885e+01 -1.790220999999999947e+02
2.318107100000000210e+05 -2.241548999999999836e+01 -7.978367000000000075e+01
2.318109100000000035e+05 -1.404491999999999940e+01 -1.243941999999999979e+02
2.318111100000000151e+05 -1.245495000000000019e+01 -1.503097999999999956e+02
2.318113099999999977e+05 -1.772323000000000093e+01 -1.913011999999999944e+02
2.318115100000000093e+05 -1.660774999999999935e+01 -1.637548999999999921e+02
2.318117100000000210e+05 -1.719971999999999923e+01 -1.842684000000000140e+02
2.318119100000000035e+05 -1.938089000000000084e+01 -1.896748000000000047e+02
2.318121100000000151e+05 -2.073985000000000056e+01 -1.908117000000000019e+02
2.318123099999999977e+05 -2.046711000000000169e+01 -1.953819000000000017e+02
2.318125100000000093e+05 -1.980840999999999852e+01 -1.785593000000000075e+02
2.318127100000000210e+05 -1.995025000000000048e+01 -1.793737999999999886e+02
2.318129100000000035e+05 -1.677501000000000175e+01 -1.986510000000000105e+02
2.318131100000000151e+05 -2.241657999999999973e+01 -2.229052000000000078e+02
2.318133099999999977e+05 -1.976531999999999911e+01 -1.952969999999999970e+02
2.318135100000000093e+05 -1.611424999999999841e+01 -2.097838000000000136e+02
2.318137100000000210e+05 -1.579320000000000057e+01 -2.063089999999999975e+02
2.318139100000000035e+05 -2.042063999999999879e+01 -2.031860000000000070e+02
2.318141100000000151e+05 -2.383269999999999911e+01 -1.815529999999999973e+02
2.318143099999999977e+05 -2.046815000000000140e+01 -2.074134999999999991e+02
2.318145100000000093e+05 -2.137765999999999877e+01 -2.000585000000000093e+02
2.318147100000000210e+05 -1.597237999999999936e+01 -2.199348999999999990e+02
2.318149100000000035e+05 -2.073141000000000034e+01 -2.362855999999999881e+02
2.318151100000000151e+05 -1.927111000000000018e+01 -2.256283999999999992e+02
2.318153099999999977e+05 -1.982538999999999874e+01 -2.291870000000000118e+02
2.318155100000000093e+05 -1.823809999999999931e+01 -2.331629000000000076e+02
2.318157100000000210e+05 -2.478217000000000070e+01 -2.505781000000000063e+02
2.318159100000000035e+05 -1.718045000000000044e+01 -2.399973999999999990e+02
2.318161100000000151e+05 -1.856961000000000084e+01 -2.322716000000000065e+02
2.318163099999999977e+05 -2.163307000000000002e+01 -2.124398999999999944e+02
2.318165100000000093e+05 -2.073323999999999856e+01 -2.477051999999999907e+02
2.318167100000000210e+05 -2.147382999999999953e+01 -2.249542999999999893e+02
2.318169100000000035e+05 -2.145790999999999826e+01 -2.234472000000000094e+02
2.318171100000000151e+05 -1.734779999999999944e+01 -2.392675999999999874e+02
2.318173099999999977e+05 -2.113644000000000034e+01 -2.441110999999999933e+02
2.318175100000000093e+05 -2.261136000000000124e+01 -2.193382000000000005e+02
2.318177100000000210e+05 -1.904410999999999987e+01 -2.070107999999999890e+02
2.318179100000000035e+05 -1.870170999999999850e+01 -2.213764999999999930e+02
2.318181100000000151e+05 -2.086591999999999913e+01 -2.639916000000000054e+02
2.318183099999999977e+05 -1.991432000000000002e+01 -2.368029999999999973e+02
2.318185100000000093e+05 -1.580358999999999980e+01 -2.446663000000000068e+02
2.318187100000000210e+05 -1.765204999999999913e+01 -2.308867999999999938e+02
2.318189100000000035e+05 -1.817025999999999897e+01 -2.457479999999999905e+02
2.318191100000000151e+05 -1.771057000000000059e+01 -2.417648000000000081e+02
2.318193099999999977e+05 -1.754097000000000151e+01 -2.375723000000000127e+02
2.318195100000000093e+05 -1.642378000000000071e+01 -2.304757999999999925e+02
