# Time finished:
# 2015-06-03 06.49.14
# Temp volt start:
# 1.0152592
# Temp volt stop:
# 1.0152592
# Approx start T:
# 84.0034505865
# Approx stop T:
# 84.0244566049
# DC bias measured, messed up:
# 3.999946
# DC bias we asked for:
# 4
2.318158299999999872e+05 -1.476898000000000089e+01 8.801085000000000491e+01
2.318160299999999988e+05 -1.523174000000000028e+01 9.022024000000000399e+01
2.318162299999999814e+05 -1.435277999999999921e+01 8.579918999999999585e+01
2.318164299999999930e+05 -1.483714999999999939e+01 8.412528000000000361e+01
2.318166299999999756e+05 -1.478491999999999962e+01 8.485433000000000447e+01
2.318168299999999872e+05 -1.480119000000000007e+01 8.755904999999999916e+01
2.318170299999999988e+05 -1.470674999999999955e+01 8.951135999999999626e+01
2.318172299999999814e+05 -1.486247000000000007e+01 8.524348000000000525e+01
2.318174299999999930e+05 -1.443014999999999937e+01 8.735962000000000671e+01
2.318176299999999756e+05 -1.420608999999999966e+01 8.655998999999999910e+01
2.318178299999999872e+05 -1.493942000000000014e+01 8.562788000000000466e+01
2.318180299999999988e+05 -1.482906000000000013e+01 8.526932999999999652e+01
2.318182299999999814e+05 -1.421744999999999948e+01 8.834497000000000355e+01
2.318184299999999930e+05 -1.418200000000000038e+01 8.699976999999999805e+01
2.318186299999999756e+05 -1.403942999999999941e+01 8.699724000000000501e+01
2.318188299999999872e+05 -1.441438999999999915e+01 8.477618999999999971e+01
2.318190299999999988e+05 -1.398652000000000051e+01 8.435697000000000401e+01
2.318192299999999814e+05 -1.414349999999999952e+01 8.660783000000000698e+01
2.318194299999999930e+05 -1.400005999999999950e+01 8.423990999999999474e+01
2.318196299999999756e+05 -1.417853000000000030e+01 8.511030999999999835e+01
2.318198299999999872e+05 -1.386233999999999966e+01 8.203083999999999776e+01
2.318200299999999988e+05 -1.388862999999999914e+01 8.353798999999999353e+01
2.318202299999999814e+05 -1.383205000000000062e+01 8.257384000000000412e+01
2.318204299999999930e+05 -1.348924000000000056e+01 8.455283000000000015e+01
2.318206299999999756e+05 -1.393687000000000076e+01 8.737809000000000026e+01
2.318208299999999872e+05 -1.363560999999999979e+01 8.321932999999999936e+01
2.318210299999999988e+05 -1.391001999999999938e+01 8.258615000000000350e+01
2.318212299999999814e+05 -1.343562000000000012e+01 8.149375000000000568e+01
2.318214299999999930e+05 -1.300442999999999927e+01 8.029309999999999548e+01
2.318216299999999756e+05 -1.331691999999999965e+01 8.145983999999999980e+01
2.318218299999999872e+05 -1.317539000000000016e+01 8.307823000000000491e+01
2.318220299999999988e+05 -1.267023000000000010e+01 8.070085000000000264e+01
2.318222299999999814e+05 -1.233563000000000009e+01 8.031152000000000157e+01
2.318224299999999930e+05 -1.149981999999999971e+01 7.970711000000000013e+01
2.318226299999999756e+05 -1.096019000000000077e+01 7.483948999999999785e+01
2.318228299999999872e+05 -1.072752000000000017e+01 7.244084999999999752e+01
2.318230299999999988e+05 -1.035272999999999932e+01 7.406901000000000579e+01
2.318232299999999814e+05 -9.710043999999999897e+00 6.753697999999999979e+01
2.318234299999999930e+05 -8.492022000000000403e+00 6.190364000000000289e+01
2.318236299999999756e+05 -7.443177999999999628e+00 5.445658000000000243e+01
2.318238299999999872e+05 -5.851626000000000438e+00 4.342163000000000039e+01
2.318240299999999988e+05 -3.807828999999999908e+00 2.352559000000000111e+01
2.318242299999999814e+05 -2.036782999999999788e+00 -1.039602000000000004e+01
2.318244299999999930e+05 -8.899084000000000438e-01 -6.330870999999999782e+01
2.318246299999999756e+05 -1.713427999999999951e+00 -1.384140999999999906e+02
2.318248299999999872e+05 -6.080035999999999774e+00 -2.304603999999999928e+02
2.318250299999999988e+05 -1.215624000000000038e+01 -3.925294999999999845e+02
2.318252299999999814e+05 -9.540433000000000163e+00 -5.545517999999999574e+02
2.318254299999999930e+05 -2.020471999999999824e+01 -3.905056999999999903e+02
2.318256299999999756e+05 -1.389578999999999986e+01 -2.529261999999999944e+02
2.318258299999999872e+05 -1.605714000000000041e+01 -2.056454999999999984e+02
2.318260299999999988e+05 -2.166496000000000066e+01 -1.999505000000000052e+02
2.318262299999999814e+05 -2.509386999999999901e+01 -2.171420999999999992e+02
2.318264299999999930e+05 -2.287060999999999922e+01 -2.302862000000000080e+02
2.318266299999999756e+05 -2.044488000000000127e+01 -2.368838000000000079e+02
2.318268299999999872e+05 -1.815062999999999960e+01 -2.415785999999999945e+02
2.318270299999999988e+05 -1.816431000000000040e+01 -2.533049000000000035e+02
2.318272299999999814e+05 -1.938502000000000081e+01 -2.498250999999999920e+02
2.318274299999999930e+05 -1.708980999999999995e+01 -2.497647000000000048e+02
2.318276299999999756e+05 -1.809683000000000064e+01 -2.535730000000000075e+02
2.318278299999999872e+05 -1.829654999999999987e+01 -2.541204999999999927e+02
2.318280299999999988e+05 -1.804354999999999976e+01 -2.549939999999999998e+02
2.318282299999999814e+05 -1.770154000000000138e+01 -2.551354000000000042e+02
2.318284299999999930e+05 -1.716903999999999897e+01 -2.553877999999999986e+02
2.318286299999999756e+05 -1.703146999999999878e+01 -2.577791000000000281e+02
2.318288299999999872e+05 -1.704569000000000045e+01 -2.606985000000000241e+02
2.318290299999999988e+05 -1.719442000000000093e+01 -2.637060000000000173e+02
2.318292299999999814e+05 -1.750517999999999930e+01 -2.585086000000000013e+02
2.318294299999999930e+05 -1.801631000000000071e+01 -2.614442000000000235e+02
2.318296299999999756e+05 -1.703571000000000168e+01 -2.601227000000000089e+02
2.318298299999999872e+05 -1.685170000000000101e+01 -2.625480999999999767e+02
2.318300299999999988e+05 -1.769622000000000028e+01 -2.611662999999999784e+02
2.318302299999999814e+05 -1.743334000000000117e+01 -2.608779999999999859e+02
2.318304299999999930e+05 -1.710939000000000121e+01 -2.643249999999999886e+02
2.318306299999999756e+05 -1.749074999999999847e+01 -2.579085999999999785e+02
2.318308299999999872e+05 -1.635247000000000028e+01 -2.613052999999999884e+02
2.318310299999999988e+05 -1.639389999999999858e+01 -2.600599000000000274e+02
2.318312299999999814e+05 -1.674023000000000039e+01 -2.606286000000000058e+02
2.318314299999999930e+05 -1.642971000000000004e+01 -2.609839999999999804e+02
2.318316299999999756e+05 -1.704200000000000159e+01 -2.642013999999999783e+02
2.318318299999999872e+05 -1.633224999999999838e+01 -2.629311000000000149e+02
2.318320299999999988e+05 -1.717164999999999964e+01 -2.616464000000000283e+02
2.318322299999999814e+05 -1.597803000000000040e+01 -2.593401999999999816e+02
2.318324299999999930e+05 -1.721914999999999907e+01 -2.619155000000000086e+02
2.318326299999999756e+05 -1.646418999999999855e+01 -2.619118000000000279e+02
2.318328299999999872e+05 -1.690788999999999831e+01 -2.617991999999999848e+02
2.318330299999999988e+05 -1.682900000000000063e+01 -2.651136000000000195e+02
2.318332299999999814e+05 -1.599408000000000030e+01 -2.629481000000000108e+02
2.318334299999999930e+05 -1.639264999999999972e+01 -2.666773999999999774e+02
2.318336299999999756e+05 -1.705489999999999995e+01 -2.612801999999999794e+02
2.318338299999999872e+05 -1.683827000000000140e+01 -2.632608000000000175e+02
2.318340299999999988e+05 -1.645123999999999853e+01 -2.651861000000000104e+02
2.318342299999999814e+05 -1.636473000000000155e+01 -2.643924999999999841e+02
2.318344299999999930e+05 -1.653348000000000084e+01 -2.651698999999999842e+02
2.318346299999999756e+05 -1.617858999999999980e+01 -2.637860999999999763e+02
2.318348299999999872e+05 -1.626228000000000051e+01 -2.642873999999999910e+02
2.318350299999999988e+05 -1.598048000000000002e+01 -2.635951999999999771e+02
2.318352299999999814e+05 -1.637283000000000044e+01 -2.668097999999999956e+02
2.318354299999999930e+05 -1.587753000000000014e+01 -2.664315000000000282e+02
2.318356299999999756e+05 -1.618383000000000038e+01 -2.608818999999999733e+02
2.318358299999999872e+05 -1.659739000000000075e+01 -2.655715999999999894e+02
