# Time finished:
# 2015-06-01 22.29.59
# Temp volt start:
# 0.89279068
# Temp volt stop:
# 0.89279068
# Approx start T:
# 148.537107759
# Approx stop T:
# 148.265185716
# DC bias measured, messed up:
# 8.001269
# DC bias we asked for:
# 8
2.319030199999999895e+05 -1.335171000000000063e+01 7.912528000000000361e+01
2.319032200000000012e+05 -1.251937000000000033e+01 8.174003000000000441e+01
2.319034199999999837e+05 -1.159002000000000088e+01 8.363290999999999542e+01
2.319036199999999953e+05 -1.171133000000000024e+01 8.124093999999999482e+01
2.319038199999999779e+05 -1.087622000000000000e+01 8.085481000000000051e+01
2.319040199999999895e+05 -1.375653999999999932e+01 7.313254000000000588e+01
2.319042200000000012e+05 -1.272019000000000055e+01 8.426125000000000398e+01
2.319044199999999837e+05 -1.272766999999999982e+01 7.241228999999999871e+01
2.319046199999999953e+05 -1.141529000000000060e+01 7.685859999999999559e+01
2.319048199999999779e+05 -1.102203000000000088e+01 7.256431999999999505e+01
2.319050199999999895e+05 -1.141372999999999927e+01 8.142651999999999646e+01
2.319052200000000012e+05 -1.322696000000000005e+01 8.207698000000000604e+01
2.319054199999999837e+05 -1.168875000000000064e+01 6.925606000000000506e+01
2.319056199999999953e+05 -1.054447000000000045e+01 8.287863000000000113e+01
2.319058199999999779e+05 -1.169994999999999941e+01 8.058043999999999585e+01
2.319060199999999895e+05 -1.072372999999999976e+01 8.007197999999999638e+01
2.319062200000000012e+05 -1.084089999999999954e+01 7.287012000000000000e+01
2.319064199999999837e+05 -1.120742000000000083e+01 8.505321999999999605e+01
2.319066199999999953e+05 -1.052275000000000027e+01 8.843792000000000542e+01
2.319068199999999779e+05 -1.064695000000000036e+01 8.074880000000000280e+01
2.319070199999999895e+05 -1.017976999999999954e+01 7.596990999999999872e+01
2.319072200000000012e+05 -1.042983000000000082e+01 7.415834999999999866e+01
2.319074199999999837e+05 -9.754524999999999224e+00 7.596895999999999560e+01
2.319076199999999953e+05 -1.026969000000000065e+01 7.026518000000000086e+01
2.319078199999999779e+05 -8.946391999999999456e+00 7.221818000000000382e+01
2.319080199999999895e+05 -1.079349000000000025e+01 7.170176999999999623e+01
2.319082200000000012e+05 -8.414032000000000622e+00 7.029421999999999571e+01
2.319084199999999837e+05 -9.365123999999999782e+00 7.646267000000000280e+01
2.319086199999999953e+05 -8.700188999999999950e+00 7.847923000000000116e+01
2.319088199999999779e+05 -8.480783000000000627e+00 6.795144999999999413e+01
2.319090199999999895e+05 -8.562960000000000349e+00 7.385784999999999911e+01
2.319092200000000012e+05 -7.944563999999999737e+00 6.801072999999999524e+01
2.319094199999999837e+05 -6.980201000000000100e+00 7.253645000000000209e+01
2.319096199999999953e+05 -7.044964000000000226e+00 7.180722000000000094e+01
2.319098199999999779e+05 -4.969492999999999938e+00 7.294114999999999327e+01
2.319100199999999895e+05 -3.772425999999999835e+00 6.408203000000000316e+01
2.319102200000000012e+05 -3.927960000000000118e+00 5.875585999999999842e+01
2.319104199999999837e+05 -3.128303999999999974e+00 6.076218000000000075e+01
2.319106199999999953e+05 -1.345048999999999939e+00 5.502367000000000274e+01
2.319108199999999779e+05 -4.643777000000000044e-01 5.192157000000000266e+01
2.319110199999999895e+05 1.275597000000000092e+00 4.589929999999999666e+01
2.319112200000000012e+05 3.769884999999999931e+00 3.740630999999999773e+01
2.319114199999999837e+05 6.143887000000000320e+00 2.116461999999999932e+01
2.319116199999999953e+05 8.620478000000000307e+00 -1.491767000000000065e+00
2.319118199999999779e+05 1.071860000000000035e+01 -3.635533999999999821e+01
2.319120199999999895e+05 1.156442000000000014e+01 -8.477106000000000563e+01
2.319122200000000012e+05 8.937981999999999871e+00 -1.507632000000000119e+02
2.319124199999999837e+05 -2.748261999999999983e+00 -2.692663999999999760e+02
2.319126199999999953e+05 2.901625000000000121e+00 -1.009877999999999929e+02
2.319128199999999779e+05 -8.886656000000000333e+00 -2.480067999999999984e+02
2.319130199999999895e+05 -2.388961999999999808e+00 -1.411271000000000129e+02
2.319132200000000012e+05 -6.671372999999999998e+00 -8.537982999999999834e+01
2.319134199999999837e+05 -1.755177000000000120e+01 -9.732832000000000505e+01
2.319136199999999953e+05 -2.456799000000000177e+01 -1.568126000000000033e+02
2.319138199999999779e+05 -2.632841000000000165e+01 -1.168764000000000038e+02
2.319140199999999895e+05 -1.717158999999999835e+01 -1.139436000000000035e+02
2.319142200000000012e+05 -1.232471999999999923e+01 -1.316065999999999860e+02
2.319144199999999837e+05 -1.252598000000000056e+01 -1.624285000000000139e+02
2.319146199999999953e+05 -1.798584999999999923e+01 -1.608052000000000135e+02
2.319148199999999779e+05 -1.813601999999999848e+01 -1.656221999999999923e+02
2.319150199999999895e+05 -1.668842000000000070e+01 -1.601494999999999891e+02
2.319152200000000012e+05 -1.873536999999999964e+01 -2.059241000000000099e+02
2.319154199999999837e+05 -1.865061000000000035e+01 -1.699465999999999894e+02
2.319156199999999953e+05 -1.952159999999999940e+01 -1.901682000000000130e+02
2.319158199999999779e+05 -1.891075999999999979e+01 -2.006767999999999859e+02
2.319160199999999895e+05 -2.141210999999999842e+01 -2.069978000000000122e+02
2.319162200000000012e+05 -1.993874999999999886e+01 -1.940258000000000038e+02
2.319164199999999837e+05 -1.558990999999999971e+01 -1.874384000000000015e+02
2.319166199999999953e+05 -1.809949999999999903e+01 -2.064616000000000042e+02
2.319168199999999779e+05 -1.764746999999999844e+01 -2.095831000000000017e+02
2.319170199999999895e+05 -2.015947999999999851e+01 -2.176315999999999917e+02
2.319172200000000012e+05 -2.143795000000000073e+01 -2.189765999999999906e+02
2.319174199999999837e+05 -2.003001000000000076e+01 -2.202939000000000078e+02
2.319176199999999953e+05 -2.144838999999999984e+01 -2.516803999999999917e+02
2.319178199999999779e+05 -1.995182000000000144e+01 -2.077372000000000014e+02
2.319180199999999895e+05 -1.784274999999999878e+01 -2.190595999999999890e+02
2.319182200000000012e+05 -2.005318000000000112e+01 -2.339370000000000118e+02
2.319184199999999837e+05 -2.068047999999999931e+01 -2.250651000000000010e+02
2.319186199999999953e+05 -2.028712000000000160e+01 -2.251722000000000037e+02
2.319188199999999779e+05 -2.165528000000000119e+01 -2.522841999999999985e+02
2.319190199999999895e+05 -1.786234999999999928e+01 -2.200055999999999869e+02
2.319192200000000012e+05 -1.979423999999999850e+01 -2.373795000000000073e+02
2.319194199999999837e+05 -1.910444999999999993e+01 -2.366340999999999894e+02
2.319196199999999953e+05 -1.871189000000000036e+01 -2.287797999999999945e+02
2.319198199999999779e+05 -1.805487000000000108e+01 -2.436767999999999859e+02
2.319200199999999895e+05 -1.695301999999999865e+01 -2.480699999999999932e+02
2.319202200000000012e+05 -2.085444999999999993e+01 -2.331613999999999862e+02
2.319204199999999837e+05 -2.110110999999999848e+01 -2.291167000000000087e+02
2.319206199999999953e+05 -1.832929000000000030e+01 -2.348437999999999874e+02
2.319208199999999779e+05 -1.834025000000000105e+01 -2.529151999999999987e+02
2.319210199999999895e+05 -2.028566999999999965e+01 -2.251753999999999962e+02
2.319212200000000012e+05 -2.041514000000000095e+01 -2.420778999999999996e+02
2.319214199999999837e+05 -1.944095000000000084e+01 -2.465228999999999928e+02
2.319216199999999953e+05 -1.849521000000000015e+01 -2.477922000000000082e+02
2.319218199999999779e+05 -1.913986999999999838e+01 -2.648134000000000015e+02
2.319220199999999895e+05 -1.505178000000000083e+01 -2.552190999999999974e+02
2.319222200000000012e+05 -1.663989000000000118e+01 -2.509386000000000081e+02
2.319224199999999837e+05 -1.690568999999999988e+01 -2.488731999999999971e+02
2.319226199999999953e+05 -1.619230999999999909e+01 -2.316901000000000010e+02
2.319228199999999779e+05 -1.859747000000000128e+01 -2.458331000000000017e+02
2.319230199999999895e+05 -1.777242999999999995e+01 -2.431359999999999957e+02
