# Time finished:
# 2015-06-03 23.13.36
# Temp volt start:
# 1.0083241
# Temp volt stop:
# 1.0083241
# Approx start T:
# 87.9029414046
# Approx stop T:
# 87.9007578211
# DC bias measured, messed up:
# 3.999502
# DC bias we asked for:
# 4
2.318239500000000116e+05 -1.503106999999999971e+01 9.085818000000000438e+01
2.318241500000000233e+05 -1.456832999999999956e+01 8.854661000000000115e+01
2.318243500000000058e+05 -1.460127999999999915e+01 8.853499999999999659e+01
2.318245500000000175e+05 -1.521836000000000055e+01 9.025399000000000171e+01
2.318247500000000000e+05 -1.545562999999999931e+01 9.192931000000000097e+01
2.318249500000000116e+05 -1.467292999999999914e+01 9.117757000000000289e+01
2.318251500000000233e+05 -1.399057999999999957e+01 8.547082000000000335e+01
2.318253500000000058e+05 -1.441393000000000058e+01 8.884363000000000454e+01
2.318255500000000175e+05 -1.471504000000000012e+01 8.545591000000000292e+01
2.318257500000000000e+05 -1.434246000000000087e+01 8.805642000000000280e+01
2.318259500000000116e+05 -1.487484000000000073e+01 8.948776999999999759e+01
2.318261500000000233e+05 -1.391516000000000020e+01 8.544217000000000439e+01
2.318263500000000058e+05 -1.488484000000000052e+01 8.651806000000000552e+01
2.318265500000000175e+05 -1.480677000000000021e+01 8.592628000000000554e+01
2.318267500000000000e+05 -1.435538000000000025e+01 8.680647999999999342e+01
2.318269500000000116e+05 -1.440218999999999916e+01 8.593663999999999703e+01
2.318271500000000233e+05 -1.379756000000000071e+01 8.942615999999999588e+01
2.318273500000000058e+05 -1.433329999999999949e+01 8.744450000000000500e+01
2.318275500000000175e+05 -1.417908000000000079e+01 8.571352000000000260e+01
2.318277500000000000e+05 -1.395184000000000069e+01 8.371844000000000108e+01
2.318279500000000116e+05 -1.422737000000000052e+01 8.433905000000000030e+01
2.318281500000000233e+05 -1.426204000000000072e+01 8.687436999999999898e+01
2.318283500000000058e+05 -1.369340000000000046e+01 8.351041999999999632e+01
2.318285500000000175e+05 -1.360523000000000060e+01 8.608843000000000245e+01
2.318287500000000000e+05 -1.425932000000000066e+01 8.099038000000000181e+01
2.318289500000000116e+05 -1.390358999999999945e+01 8.247907999999999618e+01
2.318291500000000233e+05 -1.328392999999999979e+01 8.433047999999999433e+01
2.318293500000000058e+05 -1.343868999999999936e+01 8.077290000000000703e+01
2.318295500000000175e+05 -1.332917999999999914e+01 8.279815999999999576e+01
2.318297500000000000e+05 -1.303631999999999991e+01 8.179061000000000092e+01
2.318299500000000116e+05 -1.335637999999999970e+01 8.089151999999999987e+01
2.318301500000000233e+05 -1.281215000000000082e+01 8.243594000000000221e+01
2.318303500000000058e+05 -1.229100999999999999e+01 8.364381000000000199e+01
2.318305500000000175e+05 -1.156874000000000002e+01 8.182653999999999428e+01
2.318307500000000000e+05 -1.117661000000000016e+01 7.814910000000000423e+01
2.318309500000000116e+05 -1.095637999999999934e+01 7.246569999999999823e+01
2.318311500000000233e+05 -1.053678999999999988e+01 7.340858000000000061e+01
2.318313500000000058e+05 -9.742067000000000476e+00 6.948972999999999445e+01
2.318315500000000175e+05 -9.238080000000000069e+00 6.567256000000000427e+01
2.318317500000000000e+05 -7.926673000000000080e+00 5.731636000000000308e+01
2.318319500000000116e+05 -6.445138000000000034e+00 4.833997999999999706e+01
2.318321500000000233e+05 -4.569239999999999746e+00 3.286643999999999721e+01
2.318323500000000058e+05 -2.745868000000000198e+00 6.300667999999999935e+00
2.318325500000000175e+05 -1.168371999999999966e+00 -4.058829999999999671e+01
2.318327500000000000e+05 -1.145802999999999905e+00 -1.087343999999999937e+02
2.318329500000000116e+05 -3.730958000000000219e+00 -1.938762999999999863e+02
2.318331500000000233e+05 -1.090338999999999992e+01 -3.203467999999999734e+02
2.318333500000000058e+05 -9.549224999999999852e+00 -4.995396999999999821e+02
2.318335500000000175e+05 -1.399245999999999945e+01 -6.534184000000000196e+02
2.318337500000000000e+05 -1.310946000000000033e+01 -5.539195999999999458e+02
2.318339500000000116e+05 -2.596070999999999884e+01 -4.824341999999999757e+02
2.318341500000000233e+05 -2.129266000000000147e+01 -6.489518000000000484e+02
2.318343500000000058e+05 -1.808566000000000074e+01 -6.281639000000000124e+02
2.318345500000000175e+05 -1.835565000000000069e+01 -6.270601000000000340e+02
2.318347500000000000e+05 -2.022617999999999938e+01 -6.266933000000000220e+02
2.318349500000000116e+05 -2.133458999999999861e+01 -6.122446999999999662e+02
2.318351500000000233e+05 -1.848132000000000019e+01 -5.980333000000000538e+02
2.318353500000000058e+05 -1.715147999999999939e+01 -6.160294000000000096e+02
2.318355500000000175e+05 -1.929288000000000025e+01 -6.138721000000000458e+02
2.318357500000000000e+05 -1.828282000000000096e+01 -6.173003999999999678e+02
2.318359500000000116e+05 -1.734626000000000090e+01 -6.144433999999999969e+02
2.318361500000000233e+05 -1.821953999999999851e+01 -6.159021999999999935e+02
2.318363500000000058e+05 -1.802077999999999847e+01 -6.150315000000000509e+02
2.318365500000000175e+05 -1.761887000000000114e+01 -6.166435999999999922e+02
2.318367500000000000e+05 -1.773956000000000088e+01 -6.198831000000000131e+02
2.318369500000000116e+05 -1.745232000000000028e+01 -6.192213000000000420e+02
2.318371500000000233e+05 -1.740475999999999956e+01 -6.202957000000000107e+02
2.318373500000000058e+05 -1.690790000000000148e+01 -6.192718999999999596e+02
2.318375500000000175e+05 -1.701335999999999871e+01 -6.173381000000000540e+02
2.318377500000000000e+05 -1.755173999999999879e+01 -6.176281000000000176e+02
2.318379500000000116e+05 -1.676123000000000118e+01 -6.183033000000000357e+02
2.318381500000000233e+05 -1.729624000000000095e+01 -6.218301000000000158e+02
2.318383500000000058e+05 -1.677306000000000097e+01 -6.188411999999999580e+02
2.318385500000000175e+05 -1.735542999999999836e+01 -6.213573999999999842e+02
2.318387500000000000e+05 -1.705790999999999968e+01 -6.192785999999999831e+02
2.318389500000000116e+05 -1.641205000000000069e+01 -6.229738999999999578e+02
2.318391500000000233e+05 -1.712700999999999851e+01 -6.222106999999999744e+02
2.318393500000000058e+05 -1.685809000000000069e+01 -6.259323000000000548e+02
2.318395500000000175e+05 -1.682285999999999859e+01 -6.203096000000000458e+02
2.318397500000000000e+05 -1.653179000000000087e+01 -6.229193000000000211e+02
2.318399500000000116e+05 -1.675612999999999886e+01 -6.229525999999999613e+02
2.318401500000000233e+05 -1.654333000000000098e+01 -6.207852000000000317e+02
2.318403500000000058e+05 -1.636690000000000111e+01 -6.210394000000000005e+02
2.318405500000000175e+05 -1.645914000000000144e+01 -6.237391000000000076e+02
2.318407500000000000e+05 -1.655187000000000097e+01 -6.213125999999999749e+02
2.318409500000000116e+05 -1.703875000000000028e+01 -6.240838999999999714e+02
2.318411500000000233e+05 -1.673162999999999911e+01 -6.251310999999999467e+02
2.318413500000000058e+05 -1.648218999999999923e+01 -6.241250999999999749e+02
2.318415500000000175e+05 -1.648912999999999940e+01 -6.226716999999999871e+02
2.318417500000000000e+05 -1.635416000000000025e+01 -6.214358999999999469e+02
2.318419500000000116e+05 -1.646916999999999831e+01 -6.253124000000000251e+02
2.318421500000000233e+05 -1.649878999999999962e+01 -6.237223999999999933e+02
2.318423500000000058e+05 -1.673095999999999961e+01 -6.210588000000000193e+02
2.318425500000000175e+05 -1.660274000000000072e+01 -6.220837999999999965e+02
2.318427500000000000e+05 -1.620768999999999949e+01 -6.242116999999999507e+02
2.318429500000000116e+05 -1.640274000000000143e+01 -6.241535999999999831e+02
2.318431500000000233e+05 -1.604358999999999824e+01 -6.258931999999999789e+02
2.318433500000000058e+05 -1.645211000000000112e+01 -6.259756999999999607e+02
2.318435500000000175e+05 -1.669388999999999967e+01 -6.275659000000000560e+02
2.318437500000000000e+05 -1.632805000000000106e+01 -6.224892999999999574e+02
2.318439500000000116e+05 -1.653687000000000040e+01 -6.234460000000000264e+02
