# Time finished:
# 2015-06-02 04.23.04
# Temp volt start:
# 1.005058
# Temp volt stop:
# 1.005058
# Approx start T:
# 89.727962436
# Approx stop T:
# 89.6786063903
# DC bias measured, messed up:
# 8.001158
# DC bias we asked for:
# 8
2.318139400000000023e+05 -1.390484000000000009e+01 7.652608999999999639e+01
2.318141400000000140e+05 -1.428866000000000014e+01 7.508431000000000211e+01
2.318143399999999965e+05 -1.312524999999999942e+01 8.489861000000000502e+01
2.318145400000000081e+05 -1.193407999999999980e+01 7.903978999999999644e+01
2.318147399999999907e+05 -1.295785000000000053e+01 8.088952000000000453e+01
2.318149400000000023e+05 -1.420878000000000085e+01 7.711442999999999870e+01
2.318151400000000140e+05 -1.098396999999999935e+01 8.760621000000000436e+01
2.318153399999999965e+05 -1.125334999999999930e+01 9.160133000000000436e+01
2.318155400000000081e+05 -1.201332000000000022e+01 8.008008999999999844e+01
2.318157399999999907e+05 -1.147128000000000014e+01 7.980683000000000504e+01
2.318159400000000023e+05 -1.420748999999999995e+01 8.040421000000000618e+01
2.318161400000000140e+05 -1.168546000000000085e+01 7.250906999999999414e+01
2.318163399999999965e+05 -1.058779000000000003e+01 7.613491000000000497e+01
2.318165400000000081e+05 -1.225874999999999915e+01 8.136642000000000507e+01
2.318167399999999907e+05 -1.127185000000000059e+01 7.590797000000000594e+01
2.318169400000000023e+05 -1.093220999999999954e+01 8.536507000000000289e+01
2.318171400000000140e+05 -9.867673999999999168e+00 7.643832999999999345e+01
2.318173399999999965e+05 -1.191975000000000051e+01 7.832184999999999775e+01
2.318175400000000081e+05 -1.103284000000000020e+01 8.791935999999999751e+01
2.318177399999999907e+05 -9.142386999999999375e+00 7.913464000000000453e+01
2.318179400000000023e+05 -1.025709999999999944e+01 8.252138999999999669e+01
2.318181400000000140e+05 -9.224636999999999531e+00 8.144053999999999860e+01
2.318183399999999965e+05 -9.367724000000000828e+00 8.025951000000000590e+01
2.318185400000000081e+05 -1.005452999999999975e+01 8.085769000000000517e+01
2.318187399999999907e+05 -8.786490999999999829e+00 7.360022999999999627e+01
2.318189400000000023e+05 -9.367584000000000799e+00 6.904308000000000334e+01
2.318191400000000140e+05 -9.781287999999999982e+00 7.367445999999999628e+01
2.318193399999999965e+05 -9.547437000000000396e+00 7.319991000000000270e+01
2.318195400000000081e+05 -8.632198000000000704e+00 7.585056000000000154e+01
2.318197399999999907e+05 -9.485348999999999364e+00 7.383955000000000268e+01
2.318199400000000023e+05 -8.390672999999999604e+00 6.597651999999999362e+01
2.318201400000000140e+05 -8.100165999999999755e+00 7.321687000000000012e+01
2.318203399999999965e+05 -7.996963000000000044e+00 6.838066999999999496e+01
2.318205400000000081e+05 -6.807794999999999597e+00 6.664786999999999750e+01
2.318207399999999907e+05 -5.933271999999999657e+00 7.297888000000000375e+01
2.318209400000000023e+05 -4.194926999999999850e+00 7.160307000000000244e+01
2.318211400000000140e+05 -3.385114000000000178e+00 5.813201999999999714e+01
2.318213399999999965e+05 -4.161825999999999581e+00 6.100451999999999941e+01
2.318215400000000081e+05 -2.142704999999999860e+00 5.727631000000000228e+01
2.318217399999999907e+05 -7.193515000000000326e-01 5.549909000000000248e+01
2.318219400000000023e+05 1.014053000000000093e+00 4.816398999999999830e+01
2.318221400000000140e+05 3.033015999999999934e+00 4.260072999999999865e+01
2.318223399999999965e+05 5.363383999999999929e+00 2.981281999999999854e+01
2.318225400000000081e+05 8.105389000000000621e+00 9.286965999999999610e+00
2.318227399999999907e+05 1.055967000000000056e+01 -2.113745000000000118e+01
2.318229400000000023e+05 1.225830999999999982e+01 -6.462402000000000157e+01
2.318231400000000140e+05 1.150393000000000043e+01 -1.267934000000000054e+02
2.318233399999999965e+05 5.102395999999999709e+00 -2.184196000000000026e+02
2.318235400000000081e+05 3.256406000000000134e+00 -5.209219000000000221e+01
2.318237399999999907e+05 2.114840000000000053e+00 -1.863841999999999928e+02
2.318239400000000023e+05 -3.099145999999999845e-01 -8.144948999999999728e+01
2.318241400000000140e+05 -1.160426000000000002e+01 6.722132999999999470e+01
2.318243399999999965e+05 -6.031242999999999910e+00 1.692949000000000126e+02
2.318245400000000081e+05 -6.986304999999999765e+00 1.957887000000000057e+02
2.318247399999999907e+05 -7.653764999999999930e+00 2.043171000000000106e+02
2.318249400000000023e+05 -1.000483000000000011e+01 1.954044000000000096e+02
2.318251400000000140e+05 -1.283361999999999981e+01 1.918646999999999991e+02
2.318253399999999965e+05 -1.770450999999999908e+01 2.110366999999999962e+02
2.318255400000000081e+05 -1.574291000000000018e+01 2.092779999999999916e+02
2.318257399999999907e+05 -1.749725000000000108e+01 1.742276999999999987e+02
2.318259400000000023e+05 -1.523304000000000080e+01 1.907472999999999956e+02
2.318261400000000140e+05 -1.792001000000000133e+01 1.526317999999999984e+02
2.318263399999999965e+05 -1.533980000000000032e+01 1.700313999999999908e+02
2.318265400000000081e+05 -1.805606999999999829e+01 1.894151999999999987e+02
2.318267399999999907e+05 -1.696145999999999887e+01 1.666776000000000124e+02
2.318269400000000023e+05 -1.758108000000000004e+01 1.721503999999999905e+02
2.318271400000000140e+05 -1.891977999999999938e+01 1.656581999999999937e+02
2.318273399999999965e+05 -2.410217000000000098e+01 1.696767000000000110e+02
2.318275400000000081e+05 -2.076454999999999984e+01 1.629291000000000054e+02
2.318277399999999907e+05 -1.985896999999999935e+01 1.540147000000000048e+02
2.318279400000000023e+05 -2.245227999999999824e+01 1.547223999999999933e+02
2.318281400000000140e+05 -1.950769999999999982e+01 1.368250999999999920e+02
2.318283399999999965e+05 -1.987596999999999881e+01 1.499955999999999960e+02
2.318285400000000081e+05 -1.882911000000000001e+01 1.319749999999999943e+02
2.318287399999999907e+05 -1.610848999999999975e+01 1.592677999999999940e+02
2.318289400000000023e+05 -2.361075999999999908e+01 1.497925999999999931e+02
2.318291400000000140e+05 -2.304578000000000060e+01 1.626117999999999881e+02
2.318293399999999965e+05 -1.935648000000000124e+01 1.319591000000000065e+02
2.318295400000000081e+05 -1.642679000000000045e+01 1.430947999999999922e+02
2.318297399999999907e+05 -2.180208999999999975e+01 1.383122999999999934e+02
2.318299400000000023e+05 -1.822254999999999825e+01 1.500603999999999871e+02
2.318301400000000140e+05 -1.799596000000000018e+01 1.278759000000000015e+02
2.318303399999999965e+05 -1.874057000000000173e+01 1.138787999999999982e+02
2.318305400000000081e+05 -1.739573999999999998e+01 1.534162000000000035e+02
2.318307399999999907e+05 -1.846976000000000084e+01 1.276542000000000030e+02
2.318309400000000023e+05 -1.672624000000000066e+01 1.319807999999999879e+02
2.318311400000000140e+05 -2.010475999999999885e+01 1.293766999999999996e+02
2.318313399999999965e+05 -1.802843000000000018e+01 1.076834000000000060e+02
2.318315400000000081e+05 -1.777096999999999838e+01 9.331419999999999959e+01
2.318317399999999907e+05 -1.989877999999999858e+01 1.281623999999999910e+02
2.318319400000000023e+05 -1.981152000000000157e+01 1.408060999999999865e+02
2.318321400000000140e+05 -2.091414999999999935e+01 1.276812999999999931e+02
2.318323399999999965e+05 -2.072360000000000113e+01 1.333651999999999873e+02
2.318325400000000081e+05 -1.839920000000000044e+01 1.234017000000000053e+02
2.318327399999999907e+05 -1.712977000000000061e+01 1.301235000000000070e+02
2.318329400000000023e+05 -1.992981999999999942e+01 9.969019000000000119e+01
2.318331400000000140e+05 -1.801455999999999946e+01 1.299379999999999882e+02
2.318333399999999965e+05 -1.669819000000000031e+01 1.275686000000000035e+02
2.318335400000000081e+05 -1.629090000000000060e+01 1.140819000000000045e+02
2.318337399999999907e+05 -1.702800999999999831e+01 1.094780999999999977e+02
2.318339400000000023e+05 -1.828171000000000035e+01 1.256290000000000049e+02
