# Time finished:
# 2015-06-01 21.17.43
# Temp volt start:
# 0.83540105
# Temp volt stop:
# 0.83540105
# Approx start T:
# 176.221790316
# Approx stop T:
# 175.856461707
# DC bias measured, messed up:
# 8.001318
# DC bias we asked for:
# 8
2.319120000000000000e+05 -1.315173000000000059e+01 8.192346999999999468e+01
2.319122000000000116e+05 -1.281201000000000079e+01 7.642816000000000543e+01
2.319123999999999942e+05 -1.280175999999999981e+01 9.296913999999999589e+01
2.319126000000000058e+05 -1.303947999999999929e+01 7.907583999999999946e+01
2.319127999999999884e+05 -1.200525000000000020e+01 7.902419000000000437e+01
2.319130000000000000e+05 -1.213399000000000072e+01 9.002827000000000623e+01
2.319132000000000116e+05 -1.257159000000000049e+01 8.516064000000000078e+01
2.319133999999999942e+05 -1.291597999999999935e+01 8.662641999999999598e+01
2.319136000000000058e+05 -1.139681999999999995e+01 7.722619000000000256e+01
2.319137999999999884e+05 -1.115578000000000003e+01 8.545937999999999590e+01
2.319140000000000000e+05 -1.301764000000000010e+01 8.788315000000000055e+01
2.319142000000000116e+05 -1.273541999999999952e+01 8.320372000000000412e+01
2.319143999999999942e+05 -1.203813000000000066e+01 7.573610999999999649e+01
2.319146000000000058e+05 -1.143589000000000055e+01 8.019248000000000332e+01
2.319147999999999884e+05 -1.129775000000000063e+01 8.380656000000000461e+01
2.319150000000000000e+05 -1.165258000000000038e+01 7.603257000000000687e+01
2.319152000000000116e+05 -1.193412999999999968e+01 8.170064999999999600e+01
2.319153999999999942e+05 -1.145994999999999919e+01 7.659004000000000190e+01
2.319156000000000058e+05 -1.152567999999999948e+01 7.872466000000000008e+01
2.319157999999999884e+05 -1.158174999999999955e+01 7.527885000000000559e+01
2.319160000000000000e+05 -1.167187999999999981e+01 7.798105999999999938e+01
2.319162000000000116e+05 -1.028710000000000058e+01 7.280437999999999477e+01
2.319163999999999942e+05 -1.063866999999999940e+01 7.212668999999999642e+01
2.319166000000000058e+05 -1.076417000000000002e+01 7.625754000000000588e+01
2.319167999999999884e+05 -1.206701999999999941e+01 7.299327999999999861e+01
2.319170000000000000e+05 -1.031794000000000011e+01 7.448148000000000479e+01
2.319172000000000116e+05 -9.822577000000000780e+00 7.667457000000000278e+01
2.319173999999999942e+05 -9.506838999999999373e+00 7.288611000000000217e+01
2.319176000000000058e+05 -9.725745999999999114e+00 7.013522000000000389e+01
2.319177999999999884e+05 -9.449614000000000402e+00 7.476578000000000657e+01
2.319180000000000000e+05 -9.268363000000000795e+00 7.721698000000000661e+01
2.319182000000000116e+05 -9.426047000000000509e+00 7.258772999999999342e+01
2.319183999999999942e+05 -8.442202999999999236e+00 7.575454999999999472e+01
2.319186000000000058e+05 -8.311631999999999465e+00 7.458553000000000566e+01
2.319187999999999884e+05 -7.875873999999999597e+00 7.177174999999999727e+01
2.319190000000000000e+05 -7.488874000000000031e+00 6.964762000000000342e+01
2.319192000000000116e+05 -6.531287999999999982e+00 7.333496999999999844e+01
2.319193999999999942e+05 -6.040639999999999787e+00 6.702087000000000216e+01
2.319196000000000058e+05 -5.340844999999999843e+00 6.373519000000000290e+01
2.319197999999999884e+05 -4.423046000000000255e+00 5.901109000000000293e+01
2.319200000000000000e+05 -3.403147999999999840e+00 5.682630999999999943e+01
2.319202000000000116e+05 -2.493619999999999948e+00 5.399058000000000135e+01
2.319203999999999942e+05 -1.154927000000000037e+00 4.970745999999999754e+01
2.319206000000000058e+05 1.922907000000000088e-01 4.364802999999999855e+01
2.319207999999999884e+05 2.061297999999999853e+00 3.559239999999999782e+01
2.319210000000000000e+05 3.965863999999999834e+00 2.236696999999999846e+01
2.319212000000000116e+05 5.936073999999999629e+00 2.731414000000000009e+00
2.319213999999999942e+05 7.791878999999999778e+00 -2.399659000000000120e+01
2.319216000000000058e+05 8.489855999999999625e+00 -6.180073999999999756e+01
2.319217999999999884e+05 6.902978000000000058e+00 -1.072751999999999981e+02
2.319220000000000000e+05 -4.192795000000000272e-01 -1.581483000000000061e+02
2.319222000000000116e+05 -6.785258999999999929e+00 -8.734811000000000547e+01
2.319223999999999942e+05 -4.443524000000000029e+00 -1.364913999999999987e+02
2.319226000000000058e+05 -8.241122999999999976e+00 -1.178783999999999992e+02
2.319227999999999884e+05 -1.076599000000000039e+01 -1.329559000000000140e+02
2.319230000000000000e+05 -1.076762000000000086e+01 -1.333190999999999917e+02
2.319232000000000116e+05 -1.242586000000000013e+01 -1.352863999999999862e+02
2.319233999999999942e+05 -1.437186999999999948e+01 -1.388212000000000046e+02
2.319236000000000058e+05 -1.648036000000000101e+01 -1.375189000000000021e+02
2.319237999999999884e+05 -1.420576999999999934e+01 -1.445677000000000021e+02
2.319240000000000000e+05 -1.614017000000000124e+01 -1.520899000000000001e+02
2.319242000000000116e+05 -1.980409999999999826e+01 -1.654055999999999926e+02
2.319243999999999942e+05 -1.741517999999999944e+01 -1.708885999999999967e+02
2.319246000000000058e+05 -1.677715999999999852e+01 -1.741533000000000015e+02
2.319247999999999884e+05 -1.755120000000000147e+01 -1.827710999999999899e+02
2.319250000000000000e+05 -2.013421999999999912e+01 -1.826167000000000087e+02
2.319252000000000116e+05 -1.803135999999999939e+01 -1.759533000000000129e+02
2.319253999999999942e+05 -1.966311999999999927e+01 -1.706545000000000130e+02
2.319256000000000058e+05 -2.052039999999999864e+01 -1.990963999999999885e+02
2.319257999999999884e+05 -2.140568999999999988e+01 -2.165015999999999963e+02
2.319260000000000000e+05 -2.275094999999999956e+01 -1.951822999999999979e+02
2.319262000000000116e+05 -2.216603999999999886e+01 -2.060531000000000006e+02
2.319263999999999942e+05 -1.832085000000000008e+01 -1.999601000000000113e+02
2.319266000000000058e+05 -2.202339999999999876e+01 -2.118075000000000045e+02
2.319267999999999884e+05 -1.988340000000000174e+01 -2.000332999999999970e+02
2.319270000000000000e+05 -1.733661999999999992e+01 -2.029441999999999950e+02
2.319272000000000116e+05 -1.857013999999999854e+01 -2.287460000000000093e+02
2.319273999999999942e+05 -2.384187000000000012e+01 -2.261476000000000113e+02
2.319276000000000058e+05 -1.740494999999999948e+01 -2.329903999999999940e+02
2.319277999999999884e+05 -1.668169999999999931e+01 -2.233523000000000138e+02
2.319280000000000000e+05 -2.055787000000000120e+01 -2.473370999999999924e+02
2.319282000000000116e+05 -1.922032000000000096e+01 -2.205354000000000099e+02
2.319283999999999942e+05 -1.876032000000000011e+01 -2.341503999999999905e+02
2.319286000000000058e+05 -1.841735999999999862e+01 -2.488941000000000088e+02
2.319287999999999884e+05 -1.899170000000000158e+01 -2.437163999999999930e+02
2.319290000000000000e+05 -2.433566000000000074e+01 -2.278205000000000098e+02
2.319292000000000116e+05 -1.791204000000000107e+01 -2.309833999999999889e+02
2.319293999999999942e+05 -1.778184999999999860e+01 -2.316922999999999888e+02
2.319296000000000058e+05 -1.800156000000000134e+01 -2.443278999999999996e+02
2.319297999999999884e+05 -1.870196999999999932e+01 -2.287821000000000140e+02
2.319300000000000000e+05 -1.720859000000000094e+01 -2.365775999999999897e+02
2.319302000000000116e+05 -1.761340999999999823e+01 -2.467886000000000024e+02
2.319303999999999942e+05 -1.826413000000000153e+01 -2.530893000000000086e+02
2.319306000000000058e+05 -2.000833000000000084e+01 -2.449068000000000040e+02
2.319307999999999884e+05 -1.831756000000000029e+01 -2.253102000000000089e+02
2.319310000000000000e+05 -1.658257000000000048e+01 -2.282250999999999976e+02
2.319312000000000116e+05 -1.700261000000000067e+01 -2.423129999999999882e+02
2.319313999999999942e+05 -1.812049000000000021e+01 -2.445853999999999928e+02
2.319316000000000058e+05 -1.969924999999999926e+01 -2.271282999999999959e+02
2.319317999999999884e+05 -1.707713999999999999e+01 -2.371677999999999997e+02
2.319320000000000000e+05 -2.212584000000000017e+01 -2.503728000000000122e+02
