# Time finished:
# 2015-06-04 01.56.05
# Temp volt start:
# 1.0014481
# Temp volt stop:
# 1.0014481
# Approx start T:
# 91.7366745074
# Approx stop T:
# 91.753053491
# DC bias measured, messed up:
# 3.999441
# DC bias we asked for:
# 4
2.318315199999999895e+05 -1.463957000000000086e+01 8.966181000000000267e+01
2.318317200000000012e+05 -1.469448000000000043e+01 8.739238000000000284e+01
2.318319199999999837e+05 -1.520772000000000013e+01 8.942780999999999381e+01
2.318321199999999953e+05 -1.467032000000000025e+01 8.516261000000000081e+01
2.318323199999999779e+05 -1.494932000000000016e+01 8.899123000000000161e+01
2.318325199999999895e+05 -1.444577999999999918e+01 8.778164999999999907e+01
2.318327200000000012e+05 -1.439919000000000082e+01 9.081277000000000044e+01
2.318329199999999837e+05 -1.461511999999999922e+01 8.735268000000000654e+01
2.318331199999999953e+05 -1.452458000000000027e+01 8.898942999999999870e+01
2.318333199999999779e+05 -1.468538000000000032e+01 8.890967999999999449e+01
2.318335199999999895e+05 -1.446498000000000062e+01 8.692861999999999512e+01
2.318337200000000012e+05 -1.491108000000000011e+01 8.637201000000000306e+01
2.318339199999999837e+05 -1.459739000000000075e+01 8.630181000000000324e+01
2.318341199999999953e+05 -1.422927999999999926e+01 8.791661000000000570e+01
2.318343199999999779e+05 -1.447409999999999997e+01 8.755295999999999879e+01
2.318345199999999895e+05 -1.460310999999999915e+01 8.576206000000000529e+01
2.318347200000000012e+05 -1.417352999999999952e+01 8.245772999999999797e+01
2.318349199999999837e+05 -1.417204000000000086e+01 8.633253999999999451e+01
2.318351199999999953e+05 -1.415513999999999939e+01 8.411563999999999908e+01
2.318353199999999779e+05 -1.413541000000000025e+01 8.453692999999999813e+01
2.318355199999999895e+05 -1.410101000000000049e+01 8.507725999999999544e+01
2.318357200000000012e+05 -1.355015000000000036e+01 8.492255000000000109e+01
2.318359199999999837e+05 -1.359421999999999997e+01 8.268188000000000670e+01
2.318361199999999953e+05 -1.359295000000000009e+01 8.430218000000000700e+01
2.318363199999999779e+05 -1.399526999999999965e+01 8.267817999999999756e+01
2.318365199999999895e+05 -1.338424999999999976e+01 8.656838999999999373e+01
2.318367200000000012e+05 -1.352167999999999992e+01 8.173008000000000095e+01
2.318369199999999837e+05 -1.375858000000000025e+01 8.228303999999999974e+01
2.318371199999999953e+05 -1.312467999999999968e+01 8.415514000000000294e+01
2.318373199999999779e+05 -1.317902999999999913e+01 8.209149999999999636e+01
2.318375199999999895e+05 -1.326887999999999934e+01 8.095405999999999835e+01
2.318377200000000012e+05 -1.295698999999999934e+01 7.995824000000000353e+01
2.318379199999999837e+05 -1.287851999999999997e+01 8.300775000000000148e+01
2.318381199999999953e+05 -1.181631999999999927e+01 8.318610999999999933e+01
2.318383199999999779e+05 -1.130115999999999943e+01 7.769956000000000529e+01
2.318385199999999895e+05 -1.106300000000000061e+01 7.370237000000000194e+01
2.318387200000000012e+05 -1.120851000000000042e+01 7.259678999999999860e+01
2.318389199999999837e+05 -1.017267999999999972e+01 7.156704999999999472e+01
2.318391199999999953e+05 -9.672477999999999909e+00 6.533668000000000120e+01
2.318393199999999779e+05 -8.394728999999999886e+00 6.151429999999999865e+01
2.318395199999999895e+05 -7.164886000000000088e+00 5.479234999999999900e+01
2.318397200000000012e+05 -5.282093999999999845e+00 4.137395999999999674e+01
2.318399199999999837e+05 -3.506085999999999814e+00 1.973546999999999940e+01
2.318401199999999953e+05 -1.701335000000000042e+00 -1.825772999999999868e+01
2.318403199999999779e+05 -8.064848999999999490e-01 -7.796362000000000592e+01
2.318405199999999895e+05 -1.962488999999999928e+00 -1.566759000000000128e+02
2.318407200000000012e+05 -7.587550000000000239e+00 -2.546359999999999957e+02
2.318409199999999837e+05 -1.121754999999999924e+01 -4.302164999999999964e+02
2.318411199999999953e+05 -9.787715000000000387e+00 -5.844555000000000291e+02
2.318413199999999779e+05 -1.771291000000000082e+01 -4.679169999999999732e+02
2.318415199999999895e+05 -1.577529000000000003e+01 -6.417671000000000276e+02
2.318417200000000012e+05 -1.479423000000000066e+01 -5.907617999999999938e+02
2.318419199999999837e+05 -1.688183000000000078e+01 -5.715354999999999563e+02
2.318421199999999953e+05 -1.887987000000000037e+01 -5.831707000000000107e+02
2.318423199999999779e+05 -1.930450000000000088e+01 -5.909996999999999616e+02
2.318425199999999895e+05 -1.780261000000000138e+01 -5.974686000000000377e+02
2.318427200000000012e+05 -1.832397999999999882e+01 -6.083672000000000253e+02
2.318429199999999837e+05 -1.948707999999999885e+01 -6.156825999999999794e+02
2.318431199999999953e+05 -1.844978000000000051e+01 -6.077507000000000517e+02
2.318433199999999779e+05 -1.848509999999999920e+01 -6.113026999999999589e+02
2.318435199999999895e+05 -1.775234000000000023e+01 -6.079805000000000064e+02
2.318437200000000012e+05 -1.739720000000000155e+01 -6.126991000000000440e+02
2.318439199999999837e+05 -1.721915999999999869e+01 -6.188117999999999483e+02
2.318441199999999953e+05 -1.797381999999999991e+01 -6.177826000000000022e+02
2.318443199999999779e+05 -1.732282999999999973e+01 -6.195909000000000333e+02
2.318445199999999895e+05 -1.796165999999999840e+01 -6.207745999999999640e+02
2.318447200000000012e+05 -1.800801999999999836e+01 -6.270162000000000262e+02
2.318449199999999837e+05 -1.772487999999999886e+01 -6.206298000000000457e+02
2.318451199999999953e+05 -1.741481999999999886e+01 -6.159661999999999580e+02
2.318453199999999779e+05 -1.691210999999999842e+01 -6.222857000000000198e+02
2.318455199999999895e+05 -1.715803000000000011e+01 -6.180084000000000515e+02
2.318457200000000012e+05 -1.715250999999999948e+01 -6.187363000000000284e+02
2.318459199999999837e+05 -1.699577999999999989e+01 -6.222401999999999589e+02
2.318461199999999953e+05 -1.713128999999999991e+01 -6.211676999999999680e+02
2.318463199999999779e+05 -1.653130000000000166e+01 -6.231339000000000397e+02
2.318465199999999895e+05 -1.676939000000000135e+01 -6.209903000000000475e+02
2.318467200000000012e+05 -1.696461000000000041e+01 -6.233672000000000253e+02
2.318469199999999837e+05 -1.675128000000000128e+01 -6.211394999999999982e+02
2.318471199999999953e+05 -1.701876999999999995e+01 -6.208236000000000558e+02
2.318473199999999779e+05 -1.686957999999999913e+01 -6.223048000000000002e+02
2.318475199999999895e+05 -1.670112999999999914e+01 -6.241403000000000247e+02
2.318477200000000012e+05 -1.647456999999999994e+01 -6.235507999999999811e+02
2.318479199999999837e+05 -1.603866000000000014e+01 -6.253247999999999820e+02
2.318481199999999953e+05 -1.606989000000000090e+01 -6.240678000000000338e+02
2.318483199999999779e+05 -1.677085999999999899e+01 -6.261572999999999638e+02
2.318485199999999895e+05 -1.636174000000000106e+01 -6.243685000000000400e+02
2.318487200000000012e+05 -1.643943000000000154e+01 -6.206729000000000269e+02
2.318489199999999837e+05 -1.649381999999999948e+01 -6.234059999999999491e+02
2.318491199999999953e+05 -1.634648999999999930e+01 -6.225584999999999809e+02
2.318493199999999779e+05 -1.702310999999999908e+01 -6.211019999999999754e+02
2.318495199999999895e+05 -1.694031999999999982e+01 -6.229595000000000482e+02
2.318497200000000012e+05 -1.597948000000000057e+01 -6.247177000000000362e+02
2.318499199999999837e+05 -1.658568999999999960e+01 -6.252368000000000166e+02
2.318501199999999953e+05 -1.714159000000000077e+01 -6.241512000000000171e+02
2.318503199999999779e+05 -1.664592999999999989e+01 -6.250959000000000287e+02
2.318505199999999895e+05 -1.630717999999999890e+01 -6.225815000000000055e+02
2.318507200000000012e+05 -1.693493000000000137e+01 -6.280855999999999995e+02
2.318509199999999837e+05 -1.639600000000000080e+01 -6.235779999999999745e+02
2.318511199999999953e+05 -1.609813000000000116e+01 -6.264474000000000160e+02
2.318513199999999779e+05 -1.596565000000000012e+01 -6.273205000000000382e+02
2.318515199999999895e+05 -1.666769999999999996e+01 -6.276378999999999451e+02
