# Time finished:
# 2015-06-02 04.52.56
# Temp volt start:
# 1.0085384
# Temp volt stop:
# 1.0085384
# Approx start T:
# 87.7829408467
# Approx stop T:
# 87.7161233517
# DC bias measured, messed up:
# 8.001183
# DC bias we asked for:
# 8
2.318100700000000070e+05 -1.456897000000000020e+01 8.407510000000000616e+01
2.318102700000000186e+05 -1.195288000000000039e+01 7.939562999999999704e+01
2.318104700000000012e+05 -1.317483000000000004e+01 9.849105000000000132e+01
2.318106700000000128e+05 -1.224690000000000012e+01 8.091167000000000087e+01
2.318108699999999953e+05 -1.208780999999999928e+01 7.178033000000000641e+01
2.318110700000000070e+05 -1.336405000000000065e+01 8.207992000000000132e+01
2.318112700000000186e+05 -1.255039000000000016e+01 9.213938000000000272e+01
2.318114700000000012e+05 -1.280401999999999951e+01 8.618738999999999351e+01
2.318116700000000128e+05 -1.242444000000000059e+01 7.859940000000000282e+01
2.318118699999999953e+05 -1.221570000000000000e+01 7.519762000000000057e+01
2.318120700000000070e+05 -1.102192999999999934e+01 8.331965999999999894e+01
2.318122700000000186e+05 -1.170137000000000072e+01 9.168948000000000320e+01
2.318124700000000012e+05 -1.099694000000000038e+01 8.147520000000000095e+01
2.318126700000000128e+05 -1.109215999999999980e+01 8.734283999999999537e+01
2.318128699999999953e+05 -1.105414000000000030e+01 7.579903000000000191e+01
2.318130700000000070e+05 -1.229747000000000057e+01 7.798434000000000310e+01
2.318132700000000186e+05 -1.116432000000000002e+01 7.208789000000000158e+01
2.318134700000000012e+05 -1.019767000000000046e+01 7.945351999999999748e+01
2.318136700000000128e+05 -1.174986999999999959e+01 8.262672000000000594e+01
2.318138699999999953e+05 -1.099863000000000035e+01 7.711704000000000292e+01
2.318140700000000070e+05 -1.108863000000000021e+01 8.671359999999999957e+01
2.318142700000000186e+05 -1.210144000000000020e+01 7.891787999999999670e+01
2.318144700000000012e+05 -1.228434999999999988e+01 7.979973999999999990e+01
2.318146700000000128e+05 -1.041102000000000061e+01 7.748726999999999521e+01
2.318148699999999953e+05 -1.037153999999999954e+01 8.189687999999999590e+01
2.318150700000000070e+05 -9.880053999999999448e+00 7.422620000000000573e+01
2.318152700000000186e+05 -1.052618000000000009e+01 8.061552000000000362e+01
2.318154700000000012e+05 -1.010289000000000037e+01 7.330877999999999872e+01
2.318156700000000128e+05 -9.480816000000000798e+00 7.348797999999999320e+01
2.318158699999999953e+05 -9.634634000000000142e+00 6.940431999999999846e+01
2.318160700000000070e+05 -8.815359000000000833e+00 6.905679000000000656e+01
2.318162700000000186e+05 -8.849009000000000569e+00 7.423072000000000514e+01
2.318164700000000012e+05 -7.826152999999999693e+00 7.526655999999999835e+01
2.318166700000000128e+05 -6.916717000000000226e+00 7.132796000000000447e+01
2.318168699999999953e+05 -7.791854999999999976e+00 7.093637999999999977e+01
2.318170700000000070e+05 -7.325774000000000008e+00 7.222663000000000011e+01
2.318172700000000186e+05 -6.867110000000000269e+00 6.963129000000000701e+01
2.318174700000000012e+05 -4.873390999999999806e+00 7.382837000000000671e+01
2.318176700000000128e+05 -3.648613999999999802e+00 6.000932999999999851e+01
2.318178699999999953e+05 -3.512258999999999798e+00 5.912863000000000113e+01
2.318180700000000070e+05 -2.237401000000000195e+00 6.128159999999999741e+01
2.318182700000000186e+05 -1.305374999999999952e+00 5.412964999999999804e+01
2.318184700000000012e+05 5.155404000000000098e-01 5.327615000000000123e+01
2.318186700000000128e+05 2.279533999999999949e+00 4.459944999999999737e+01
2.318188699999999953e+05 4.695115999999999623e+00 3.379549999999999699e+01
2.318190700000000070e+05 7.155997000000000163e+00 1.651501999999999981e+01
2.318192700000000186e+05 9.705037000000000802e+00 -9.281731999999999871e+00
2.318194700000000012e+05 1.179779000000000089e+01 -4.807016000000000133e+01
2.318196700000000128e+05 1.215105999999999931e+01 -1.028349999999999937e+02
2.318198699999999953e+05 8.270993000000000706e+00 -1.784059000000000026e+02
2.318200700000000070e+05 -3.204544000000000142e-02 -3.454854000000000269e+02
2.318202700000000186e+05 4.498349000000000153e+00 -4.966383000000000152e+02
2.318204700000000012e+05 -5.788542999999999772e+00 -3.589343000000000075e+02
2.318206700000000128e+05 -2.535204999999999931e+00 -1.874339999999999975e+02
2.318208699999999953e+05 -2.920624999999999805e+00 -1.274629999999999939e+02
2.318210700000000070e+05 -6.734771000000000285e+00 -9.700092999999999677e+01
2.318212700000000186e+05 -1.048249000000000031e+01 -8.066523999999999717e+01
2.318214700000000012e+05 -1.123686000000000007e+01 -1.060870000000000033e+02
2.318216700000000128e+05 -1.114272000000000062e+01 -1.246869999999999976e+02
2.318218699999999953e+05 -9.796091000000000548e+00 -1.586168000000000120e+02
2.318220700000000070e+05 -1.750205000000000055e+01 -1.998585999999999956e+02
2.318222700000000186e+05 -1.728118999999999872e+01 -1.286478999999999928e+02
2.318224700000000012e+05 -1.566652999999999984e+01 -1.889950000000000045e+02
2.318226700000000128e+05 -2.071680999999999884e+01 -1.624300000000000068e+02
2.318228699999999953e+05 -1.932167000000000101e+01 -2.139027000000000100e+02
2.318230700000000070e+05 -1.888530000000000086e+01 -1.834216999999999871e+02
2.318232700000000186e+05 -1.806914000000000087e+01 -1.882218000000000018e+02
2.318234700000000012e+05 -2.210275000000000034e+01 -1.926624999999999943e+02
2.318236700000000128e+05 -2.170480999999999838e+01 -2.201702999999999975e+02
2.318238699999999953e+05 -1.973280000000000101e+01 -2.069585999999999899e+02
2.318240700000000070e+05 -1.906102999999999881e+01 -1.976476999999999862e+02
2.318242700000000186e+05 -2.116282999999999959e+01 -1.916305999999999869e+02
2.318244700000000012e+05 -1.948873999999999995e+01 -2.136176000000000101e+02
2.318246700000000128e+05 -1.881107000000000085e+01 -2.068525999999999954e+02
2.318248699999999953e+05 -1.866808999999999941e+01 -1.954288999999999987e+02
2.318250700000000070e+05 -2.071552000000000149e+01 -2.028845000000000027e+02
2.318252700000000186e+05 -2.497280999999999906e+01 -2.189153000000000020e+02
2.318254700000000012e+05 -1.848292999999999964e+01 -2.411913000000000125e+02
2.318256700000000128e+05 -1.679222000000000037e+01 -2.208423999999999978e+02
2.318258699999999953e+05 -2.070213999999999999e+01 -2.290003000000000100e+02
2.318260700000000070e+05 -2.068408000000000158e+01 -2.316473000000000013e+02
2.318262700000000186e+05 -1.927691000000000088e+01 -2.425192999999999870e+02
2.318264700000000012e+05 -1.704524999999999935e+01 -2.491401999999999930e+02
2.318266700000000128e+05 -1.808852999999999867e+01 -2.316048999999999864e+02
2.318268699999999953e+05 -1.803966000000000136e+01 -2.405020000000000095e+02
2.318270700000000070e+05 -1.942636999999999858e+01 -2.172571000000000083e+02
2.318272700000000186e+05 -1.736821000000000126e+01 -2.509867999999999881e+02
2.318274700000000012e+05 -1.821779000000000082e+01 -2.114547000000000025e+02
2.318276700000000128e+05 -1.847721999999999909e+01 -2.193962999999999965e+02
2.318278699999999953e+05 -1.593782000000000032e+01 -2.497562000000000069e+02
2.318280700000000070e+05 -1.908040000000000092e+01 -2.467856999999999914e+02
2.318282700000000186e+05 -2.000084999999999980e+01 -2.586220999999999890e+02
2.318284700000000012e+05 -1.750104999999999933e+01 -2.322709000000000117e+02
2.318286700000000128e+05 -2.033005999999999958e+01 -2.392215999999999951e+02
2.318288699999999953e+05 -1.742280999999999835e+01 -2.583081999999999994e+02
2.318290700000000070e+05 -2.155529999999999902e+01 -2.502728999999999928e+02
2.318292700000000186e+05 -1.950190999999999875e+01 -2.490263999999999953e+02
2.318294700000000012e+05 -1.836709000000000103e+01 -2.399696999999999889e+02
2.318296700000000128e+05 -2.042841999999999913e+01 -2.501821999999999946e+02
2.318298699999999953e+05 -1.872081000000000017e+01 -2.297769000000000119e+02
2.318300700000000070e+05 -1.861448999999999998e+01 -2.584400999999999726e+02
