# Time finished:
# 2015-06-04 06.02.30
# Temp volt start:
# 0.97952839
# Temp volt stop:
# 0.97952839
# Approx start T:
# 103.749476343
# Approx stop T:
# 103.79749891
# DC bias measured, messed up:
# 3.999465
# DC bias we asked for:
# 4
2.318547399999999907e+05 -1.468416999999999994e+01 8.931092999999999904e+01
2.318549400000000023e+05 -1.484720000000000084e+01 8.936462000000000216e+01
2.318551399999999849e+05 -1.479903999999999975e+01 8.821488999999999692e+01
2.318553399999999965e+05 -1.488871999999999929e+01 8.982403999999999655e+01
2.318555399999999790e+05 -1.509933999999999976e+01 8.901269999999999527e+01
2.318557399999999907e+05 -1.458125000000000071e+01 9.109067000000000291e+01
2.318559400000000023e+05 -1.425374000000000052e+01 8.874351000000000056e+01
2.318561399999999849e+05 -1.428789000000000087e+01 8.872718000000000416e+01
2.318563399999999965e+05 -1.473516000000000048e+01 8.871890000000000498e+01
2.318565399999999790e+05 -1.428031999999999968e+01 8.316406000000000631e+01
2.318567399999999907e+05 -1.454935000000000045e+01 8.423077000000000680e+01
2.318569400000000023e+05 -1.484811999999999976e+01 8.569845999999999719e+01
2.318571399999999849e+05 -1.461938999999999922e+01 8.785773000000000366e+01
2.318573399999999965e+05 -1.403128000000000064e+01 8.810452999999999690e+01
2.318575399999999790e+05 -1.481437999999999988e+01 8.678978999999999644e+01
2.318577399999999907e+05 -1.487312000000000012e+01 8.231895000000000095e+01
2.318579400000000023e+05 -1.418047999999999931e+01 8.813017999999999574e+01
2.318581399999999849e+05 -1.446598000000000006e+01 8.602271000000000356e+01
2.318583399999999965e+05 -1.391546999999999912e+01 8.689861000000000502e+01
2.318585399999999790e+05 -1.401978000000000080e+01 8.476896999999999593e+01
2.318587399999999907e+05 -1.360679999999999978e+01 8.567978999999999701e+01
2.318589400000000023e+05 -1.396494999999999997e+01 8.524765999999999622e+01
2.318591399999999849e+05 -1.396967000000000070e+01 8.470614999999999384e+01
2.318593399999999965e+05 -1.389574999999999960e+01 8.091240999999999417e+01
2.318595399999999790e+05 -1.446657000000000082e+01 8.305643000000000598e+01
2.318597399999999907e+05 -1.401474999999999937e+01 8.455531000000000574e+01
2.318599400000000023e+05 -1.396650999999999954e+01 8.157693999999999335e+01
2.318601399999999849e+05 -1.289520000000000088e+01 8.247088999999999714e+01
2.318603399999999965e+05 -1.349721000000000082e+01 8.424352000000000373e+01
2.318605399999999790e+05 -1.323765999999999998e+01 8.152786000000000399e+01
2.318607399999999907e+05 -1.336026999999999987e+01 8.105298000000000513e+01
2.318609400000000023e+05 -1.274567000000000050e+01 8.133858999999999639e+01
2.318611399999999849e+05 -1.242478999999999978e+01 8.059166000000000452e+01
2.318613399999999965e+05 -1.227352999999999916e+01 8.099062000000000694e+01
2.318615399999999790e+05 -1.190410999999999930e+01 7.823086999999999591e+01
2.318617399999999907e+05 -1.113334000000000046e+01 7.521875000000000000e+01
2.318619400000000023e+05 -1.140623000000000076e+01 7.302512000000000114e+01
2.318621399999999849e+05 -1.056969999999999921e+01 7.533060000000000400e+01
2.318623399999999965e+05 -9.797382000000000701e+00 6.822786999999999580e+01
2.318625399999999790e+05 -8.753270999999999802e+00 6.589019000000000403e+01
2.318627399999999907e+05 -7.608037999999999634e+00 5.749891999999999825e+01
2.318629400000000023e+05 -5.862843999999999944e+00 4.678166000000000224e+01
2.318631399999999849e+05 -4.143595999999999613e+00 2.961233999999999966e+01
2.318633399999999965e+05 -2.065662999999999805e+00 1.540181999999999940e-01
2.318635399999999790e+05 -5.910385999999999695e-01 -4.833854000000000184e+01
2.318637399999999907e+05 -7.501965999999999912e-01 -1.209889000000000010e+02
2.318639400000000023e+05 -3.714545999999999903e+00 -2.091430000000000007e+02
2.318641399999999849e+05 -9.870305999999999358e+00 -3.482660999999999945e+02
2.318643399999999965e+05 -8.019372000000000611e+00 -5.219741999999999962e+02
2.318645399999999790e+05 -1.502726999999999968e+01 -6.898973999999999478e+02
2.318647399999999907e+05 -1.145523999999999987e+01 -5.806031000000000404e+02
2.318649400000000023e+05 -1.774747999999999948e+01 -5.156968000000000529e+02
2.318651399999999849e+05 -3.403898000000000224e+01 -3.697291000000000167e+02
2.318653399999999965e+05 -2.303247999999999962e+01 -3.018523000000000138e+02
2.318655399999999790e+05 -2.304247000000000156e+01 -2.826806000000000267e+02
2.318657399999999907e+05 -2.511109000000000080e+01 -2.531638000000000090e+02
2.318659400000000023e+05 -1.986194000000000059e+01 -2.208486000000000047e+02
2.318661399999999849e+05 -1.666168000000000049e+01 -2.386160000000000139e+02
2.318663399999999965e+05 -1.804758999999999958e+01 -2.599094999999999800e+02
2.318665399999999790e+05 -1.815571999999999875e+01 -2.429536999999999978e+02
2.318667399999999907e+05 -1.836016000000000048e+01 -2.635579000000000178e+02
2.318669400000000023e+05 -1.745703999999999922e+01 -2.553636999999999944e+02
2.318671399999999849e+05 -1.893744999999999834e+01 -2.494960000000000093e+02
2.318673399999999965e+05 -1.781767999999999930e+01 -2.575763999999999783e+02
2.318675399999999790e+05 -1.799318999999999846e+01 -2.554918000000000120e+02
2.318677399999999907e+05 -1.778337000000000145e+01 -2.609463999999999828e+02
2.318679400000000023e+05 -1.825451999999999941e+01 -2.572769000000000119e+02
2.318681399999999849e+05 -1.767995000000000161e+01 -2.606849000000000274e+02
2.318683399999999965e+05 -1.786345999999999989e+01 -2.554912999999999954e+02
2.318685399999999790e+05 -1.696543000000000134e+01 -2.594990999999999985e+02
2.318687399999999907e+05 -1.731946999999999903e+01 -2.574522999999999797e+02
2.318689400000000023e+05 -1.750410000000000110e+01 -2.552992999999999881e+02
2.318691399999999849e+05 -1.662509999999999977e+01 -2.606535000000000082e+02
2.318693399999999965e+05 -1.633100999999999914e+01 -2.629580000000000268e+02
2.318695399999999790e+05 -1.698441000000000045e+01 -2.593306999999999789e+02
2.318697399999999907e+05 -1.738173000000000101e+01 -2.580244999999999891e+02
2.318699400000000023e+05 -1.654507999999999868e+01 -2.628648000000000025e+02
2.318701399999999849e+05 -1.704917999999999978e+01 -2.618740000000000236e+02
2.318703399999999965e+05 -1.599141000000000012e+01 -2.648539000000000101e+02
2.318705399999999790e+05 -1.700281999999999982e+01 -2.641696999999999775e+02
2.318707399999999907e+05 -1.693696999999999875e+01 -2.620842999999999847e+02
2.318709400000000023e+05 -1.653430000000000177e+01 -2.641576000000000022e+02
2.318711399999999849e+05 -1.675379999999999825e+01 -2.640946999999999889e+02
2.318713399999999965e+05 -1.683314000000000021e+01 -2.628820999999999799e+02
2.318715399999999790e+05 -1.709838999999999842e+01 -2.647479999999999905e+02
2.318717399999999907e+05 -1.684983000000000075e+01 -2.594433999999999969e+02
2.318719400000000023e+05 -1.655638000000000076e+01 -2.592599000000000160e+02
2.318721399999999849e+05 -1.669328000000000145e+01 -2.607536999999999807e+02
2.318723399999999965e+05 -1.700456000000000145e+01 -2.644728999999999814e+02
2.318725399999999790e+05 -1.688399000000000072e+01 -2.634590999999999781e+02
2.318727399999999907e+05 -1.667618999999999829e+01 -2.628068000000000097e+02
2.318729400000000023e+05 -1.658590999999999838e+01 -2.661587999999999852e+02
2.318731399999999849e+05 -1.613892999999999844e+01 -2.626320999999999799e+02
2.318733399999999965e+05 -1.648076000000000008e+01 -2.611836999999999875e+02
2.318735399999999790e+05 -1.630695000000000050e+01 -2.610120000000000005e+02
2.318737399999999907e+05 -1.585302000000000078e+01 -2.658102000000000089e+02
2.318739400000000023e+05 -1.619748999999999839e+01 -2.648081000000000245e+02
2.318741399999999849e+05 -1.593432999999999922e+01 -2.660692000000000235e+02
2.318743399999999965e+05 -1.619470000000000098e+01 -2.642604000000000042e+02
2.318745399999999790e+05 -1.611132999999999882e+01 -2.642803000000000111e+02
2.318747399999999907e+05 -1.603678000000000026e+01 -2.664648000000000252e+02
