# Time finished:
# 2015-06-02 00.09.40
# Temp volt start:
# 0.94628566
# Temp volt stop:
# 0.94628566
# Approx start T:
# 121.400022963
# Approx stop T:
# 121.255636485
# DC bias measured, messed up:
# 8.00122
# DC bias we asked for:
# 8
2.318711000000000058e+05 -1.160426999999999964e+01 8.643940999999999519e+01
2.318713000000000175e+05 -1.366202999999999967e+01 7.569952000000000680e+01
2.318715000000000000e+05 -1.417685999999999957e+01 8.449642000000000053e+01
2.318717000000000116e+05 -1.167315999999999931e+01 8.053933000000000675e+01
2.318718999999999942e+05 -1.274329999999999963e+01 7.976855000000000473e+01
2.318721000000000058e+05 -1.330250000000000021e+01 7.795217999999999847e+01
2.318723000000000175e+05 -1.129871999999999943e+01 8.113982000000000028e+01
2.318725000000000000e+05 -1.132391999999999932e+01 7.935942000000000007e+01
2.318727000000000116e+05 -1.211049000000000042e+01 8.996357000000000426e+01
2.318728999999999942e+05 -1.084538000000000046e+01 7.700612999999999886e+01
2.318731000000000058e+05 -1.212630000000000052e+01 8.606087999999999738e+01
2.318733000000000175e+05 -1.157273999999999958e+01 7.800790999999999542e+01
2.318735000000000000e+05 -1.004909999999999926e+01 8.155210999999999899e+01
2.318737000000000116e+05 -1.172685000000000066e+01 8.012024999999999864e+01
2.318738999999999942e+05 -1.317048999999999914e+01 8.206194000000000699e+01
2.318741000000000058e+05 -1.039704000000000050e+01 8.294234000000000151e+01
2.318743000000000175e+05 -1.127744999999999997e+01 8.434569999999999368e+01
2.318745000000000000e+05 -1.194109000000000087e+01 7.141747999999999763e+01
2.318747000000000116e+05 -1.035984000000000016e+01 7.752367999999999881e+01
2.318748999999999942e+05 -1.040818999999999939e+01 9.287002999999999986e+01
2.318751000000000058e+05 -1.224707000000000079e+01 8.686799999999999500e+01
2.318753000000000175e+05 -1.106550999999999974e+01 7.989430000000000121e+01
2.318755000000000000e+05 -9.401115000000000776e+00 6.909608000000000061e+01
2.318757000000000116e+05 -1.003335000000000043e+01 8.494374999999999432e+01
2.318758999999999942e+05 -1.059395999999999916e+01 7.926055999999999813e+01
2.318761000000000058e+05 -9.739166000000000878e+00 6.840370000000000061e+01
2.318763000000000175e+05 -1.062757000000000041e+01 7.322759999999999536e+01
2.318765000000000000e+05 -9.568421999999999983e+00 6.784730000000000416e+01
2.318767000000000116e+05 -9.026161000000000101e+00 6.614307999999999765e+01
2.318768999999999942e+05 -7.677344999999999864e+00 6.817977000000000487e+01
2.318771000000000058e+05 -8.159311000000000647e+00 6.788415999999999428e+01
2.318773000000000175e+05 -8.049628999999999479e+00 7.141446999999999434e+01
2.318775000000000000e+05 -7.073966999999999672e+00 7.772057999999999822e+01
2.318777000000000116e+05 -7.686866000000000199e+00 7.084765000000000157e+01
2.318778999999999942e+05 -5.492141000000000162e+00 7.159672999999999377e+01
2.318781000000000058e+05 -5.267693999999999654e+00 6.735698999999999614e+01
2.318783000000000175e+05 -3.089643999999999835e+00 6.491433999999999571e+01
2.318785000000000000e+05 -3.322718000000000060e+00 6.211789000000000271e+01
2.318787000000000116e+05 -2.195825999999999834e+00 6.063000000000000256e+01
2.318788999999999942e+05 -1.057822000000000040e+00 5.707918999999999699e+01
2.318791000000000058e+05 2.994846999999999926e-01 5.220678999999999803e+01
2.318793000000000175e+05 2.315955999999999904e+00 4.283874000000000137e+01
2.318795000000000000e+05 4.604816999999999716e+00 3.316534999999999656e+01
2.318797000000000116e+05 7.500659999999999883e+00 1.626492000000000004e+01
2.318798999999999942e+05 1.021358999999999995e+01 -1.120686000000000071e+01
2.318801000000000058e+05 1.225198999999999927e+01 -5.189883999999999986e+01
2.318803000000000175e+05 1.246052000000000071e+01 -1.099749000000000052e+02
2.318805000000000000e+05 8.358525000000000205e+00 -1.914508999999999901e+02
2.318807000000000116e+05 2.641964999999999897e+00 -3.662217999999999734e+02
2.318808999999999942e+05 4.978615999999999708e+00 -5.121219999999999573e+02
2.318811000000000058e+05 -1.643958999999999948e+00 -3.860190000000000055e+02
2.318813000000000175e+05 -2.616792999999999925e+00 -2.196534000000000049e+02
2.318815000000000000e+05 -2.030619000000000174e+00 -1.535326000000000022e+02
2.318817000000000116e+05 -3.435500000000000220e+00 -1.154000999999999948e+02
2.318818999999999942e+05 -7.214128999999999792e+00 -1.101520000000000010e+02
2.318821000000000058e+05 -7.708193999999999768e+00 -1.153622000000000014e+02
2.318823000000000175e+05 -9.574424000000000490e+00 -1.513617999999999881e+02
2.318825000000000000e+05 -1.050784999999999947e+01 -1.812747999999999990e+02
2.318827000000000116e+05 -2.266743999999999915e+01 -1.675860000000000127e+02
2.318828999999999942e+05 -1.337485999999999997e+01 -1.685146000000000015e+02
2.318831000000000058e+05 -1.741244999999999976e+01 -1.835363999999999862e+02
2.318833000000000175e+05 -1.630046000000000106e+01 -1.538643999999999892e+02
2.318835000000000000e+05 -1.656465000000000032e+01 -1.796418999999999926e+02
2.318837000000000116e+05 -2.417820000000000036e+01 -2.129036000000000115e+02
2.318838999999999942e+05 -1.972917999999999950e+01 -2.096655000000000086e+02
2.318841000000000058e+05 -1.775362000000000151e+01 -1.963081999999999994e+02
2.318843000000000175e+05 -1.861752999999999858e+01 -2.045595000000000141e+02
2.318845000000000000e+05 -2.383113000000000170e+01 -1.895517000000000110e+02
2.318847000000000116e+05 -2.141138000000000119e+01 -2.172255999999999858e+02
2.318848999999999942e+05 -1.795255999999999830e+01 -2.165906999999999982e+02
2.318851000000000058e+05 -1.903022999999999954e+01 -2.019724999999999966e+02
2.318853000000000175e+05 -1.937668999999999997e+01 -2.157104999999999961e+02
2.318855000000000000e+05 -1.525447999999999915e+01 -2.040809000000000140e+02
2.318857000000000116e+05 -2.229214999999999947e+01 -2.356462999999999965e+02
2.318858999999999942e+05 -2.086483000000000132e+01 -2.270129000000000019e+02
2.318861000000000058e+05 -1.877130999999999972e+01 -2.214089999999999918e+02
2.318863000000000175e+05 -2.066242000000000090e+01 -2.026389000000000067e+02
2.318865000000000000e+05 -1.897312000000000154e+01 -2.224526999999999930e+02
2.318867000000000116e+05 -2.076144000000000034e+01 -2.195579999999999927e+02
2.318868999999999942e+05 -2.154876000000000147e+01 -2.236410999999999945e+02
2.318871000000000058e+05 -1.811903999999999826e+01 -1.960621999999999900e+02
2.318873000000000175e+05 -1.716628000000000043e+01 -2.094738999999999862e+02
2.318875000000000000e+05 -2.061596000000000117e+01 -2.241206999999999994e+02
2.318877000000000116e+05 -1.821831999999999852e+01 -2.104539000000000044e+02
2.318878999999999942e+05 -2.037956000000000145e+01 -2.228207999999999913e+02
2.318881000000000058e+05 -2.086446000000000112e+01 -2.550894000000000119e+02
2.318883000000000175e+05 -1.897015000000000029e+01 -2.224741999999999962e+02
2.318885000000000000e+05 -2.117156999999999911e+01 -2.459790999999999883e+02
2.318887000000000116e+05 -1.998766000000000176e+01 -2.538805999999999869e+02
2.318888999999999942e+05 -1.941453999999999880e+01 -2.400943000000000040e+02
2.318891000000000058e+05 -1.865782000000000096e+01 -2.273585999999999956e+02
2.318893000000000175e+05 -1.816508999999999929e+01 -2.476611000000000047e+02
2.318895000000000000e+05 -1.714979999999999905e+01 -2.506990000000000123e+02
2.318897000000000116e+05 -1.901908999999999850e+01 -2.273057000000000016e+02
2.318898999999999942e+05 -1.984277000000000157e+01 -2.177381000000000029e+02
2.318901000000000058e+05 -1.687640999999999991e+01 -2.499817999999999927e+02
2.318903000000000175e+05 -1.768145000000000167e+01 -2.433258999999999901e+02
2.318905000000000000e+05 -1.760682999999999865e+01 -2.410524000000000058e+02
2.318907000000000116e+05 -2.147037999999999869e+01 -2.449211999999999989e+02
2.318908999999999942e+05 -1.791666000000000025e+01 -2.415341999999999985e+02
2.318911000000000058e+05 -1.627225999999999928e+01 -2.356431000000000040e+02
