# Time finished:
# 2015-06-03 06.51.44
# Temp volt start:
# 1.0152425
# Temp volt stop:
# 1.0152425
# Approx start T:
# 84.0128808273
# Approx stop T:
# 84.0512773998
# DC bias measured, messed up:
# 3.999909
# DC bias we asked for:
# 4
2.318157900000000081e+05 -1.482212999999999958e+01 8.817029999999999745e+01
2.318159900000000198e+05 -1.470682000000000045e+01 8.956883999999999446e+01
2.318161900000000023e+05 -1.443477000000000032e+01 8.862081999999999482e+01
2.318163900000000140e+05 -1.490146999999999977e+01 8.554357000000000255e+01
2.318165899999999965e+05 -1.518609999999999971e+01 8.785840000000000316e+01
2.318167900000000081e+05 -1.464307999999999943e+01 8.959801000000000215e+01
2.318169900000000198e+05 -1.500276000000000032e+01 8.854003000000000156e+01
2.318171900000000023e+05 -1.477731999999999957e+01 8.610205999999999449e+01
2.318173900000000140e+05 -1.453342999999999918e+01 8.738271000000000299e+01
2.318175899999999965e+05 -1.430619000000000085e+01 8.847893999999999437e+01
2.318177900000000081e+05 -1.487707999999999942e+01 8.804250000000000398e+01
2.318179900000000198e+05 -1.424527999999999928e+01 8.494944999999999879e+01
2.318181900000000023e+05 -1.501919000000000004e+01 8.532693000000000438e+01
2.318183900000000140e+05 -1.423278999999999961e+01 8.904081999999999653e+01
2.318185899999999965e+05 -1.442337999999999987e+01 8.660067999999999699e+01
2.318187900000000081e+05 -1.424548000000000059e+01 8.872241999999999962e+01
2.318189900000000198e+05 -1.447624000000000066e+01 8.515877000000000407e+01
2.318191900000000023e+05 -1.417267000000000010e+01 8.387269999999999470e+01
2.318193900000000140e+05 -1.338034000000000034e+01 8.488465999999999667e+01
2.318195899999999965e+05 -1.379851000000000028e+01 8.666436000000000206e+01
2.318197900000000081e+05 -1.401542000000000066e+01 8.599105000000000132e+01
2.318199900000000198e+05 -1.350609999999999999e+01 8.534220999999999435e+01
2.318201900000000023e+05 -1.366751000000000005e+01 8.459703000000000372e+01
2.318203900000000140e+05 -1.376387000000000072e+01 8.490040999999999372e+01
2.318205899999999965e+05 -1.392149000000000036e+01 8.515699999999999648e+01
2.318207900000000081e+05 -1.353106000000000009e+01 8.512608000000000175e+01
2.318209900000000198e+05 -1.360777999999999999e+01 8.230567000000000633e+01
2.318211900000000023e+05 -1.396879000000000026e+01 8.327710999999999331e+01
2.318213900000000140e+05 -1.324680000000000035e+01 8.604493999999999687e+01
2.318215899999999965e+05 -1.341220999999999997e+01 8.082089999999999463e+01
2.318217900000000081e+05 -1.262994999999999912e+01 8.172687999999999420e+01
2.318219900000000198e+05 -1.282726000000000077e+01 8.244701000000000590e+01
2.318221900000000023e+05 -1.225667999999999935e+01 8.280176000000000158e+01
2.318223900000000140e+05 -1.170284999999999975e+01 7.795892999999999518e+01
2.318225899999999965e+05 -1.109767000000000081e+01 7.554760000000000275e+01
2.318227900000000081e+05 -1.060504000000000069e+01 7.489745000000000630e+01
2.318229900000000198e+05 -1.068298000000000059e+01 7.363185000000000002e+01
2.318231900000000023e+05 -9.768280000000000740e+00 7.008356999999999459e+01
2.318233900000000140e+05 -9.143477000000000743e+00 6.436305000000000121e+01
2.318235899999999965e+05 -8.034926000000000457e+00 5.972202000000000055e+01
2.318237900000000081e+05 -6.545239999999999725e+00 5.080919999999999703e+01
2.318239900000000198e+05 -4.829024000000000427e+00 3.479234000000000293e+01
2.318241900000000023e+05 -2.874038000000000093e+00 8.043599999999999639e+00
2.318243900000000140e+05 -1.268686999999999898e+00 -3.484741000000000355e+01
2.318245899999999965e+05 -1.006235999999999908e+00 -9.936311000000000604e+01
2.318247900000000081e+05 -3.466310000000000002e+00 -1.820130000000000052e+02
2.318249900000000198e+05 -1.029570999999999970e+01 -2.980360999999999763e+02
2.318251900000000023e+05 -9.934502999999999417e+00 -1.223508999999999958e+02
2.318253900000000140e+05 -1.296695000000000064e+01 -2.675144000000000233e+02
2.318255899999999965e+05 -1.409892999999999930e+01 -1.759793999999999983e+02
2.318257900000000081e+05 -3.445470999999999862e+01 -1.523226000000000013e+01
2.318259900000000198e+05 -1.747097000000000122e+01 8.011391000000000417e+01
2.318261900000000023e+05 -1.678707999999999956e+01 1.021564999999999941e+02
2.318263900000000140e+05 -1.776644999999999897e+01 1.053037999999999954e+02
2.318265899999999965e+05 -1.846311000000000035e+01 1.018538999999999959e+02
2.318267900000000081e+05 -2.024177999999999855e+01 1.087506000000000057e+02
2.318269900000000198e+05 -1.975516999999999967e+01 1.198562000000000012e+02
2.318271900000000023e+05 -1.743094999999999928e+01 1.046905000000000001e+02
2.318273900000000140e+05 -1.895655000000000001e+01 9.804214000000000340e+01
2.318275899999999965e+05 -1.772504999999999953e+01 1.078053000000000026e+02
2.318277900000000081e+05 -1.874615000000000009e+01 1.032146000000000043e+02
2.318279900000000198e+05 -1.858135000000000048e+01 1.059912999999999954e+02
2.318281900000000023e+05 -1.742066000000000159e+01 1.034535999999999945e+02
2.318283900000000140e+05 -1.761351000000000155e+01 1.022866000000000071e+02
2.318285899999999965e+05 -1.795463000000000164e+01 1.039509999999999934e+02
2.318287900000000081e+05 -1.752393000000000001e+01 1.011235000000000070e+02
2.318289900000000198e+05 -1.755359999999999943e+01 9.793271000000000015e+01
2.318291900000000023e+05 -1.764123000000000019e+01 1.010742000000000047e+02
2.318293900000000140e+05 -1.755618000000000123e+01 1.043965000000000032e+02
2.318295899999999965e+05 -1.686041000000000167e+01 1.049548000000000059e+02
2.318297900000000081e+05 -1.718421000000000021e+01 1.019973999999999990e+02
2.318299900000000198e+05 -1.702488999999999919e+01 9.707583999999999946e+01
2.318301900000000023e+05 -1.717663999999999902e+01 1.002223000000000042e+02
2.318303900000000140e+05 -1.665530000000000044e+01 1.003640000000000043e+02
2.318305899999999965e+05 -1.686974999999999980e+01 9.743223999999999307e+01
2.318307900000000081e+05 -1.671398999999999901e+01 9.805033000000000243e+01
2.318309900000000198e+05 -1.686620999999999881e+01 9.926756000000000313e+01
2.318311900000000023e+05 -1.621436999999999884e+01 9.359641000000000588e+01
2.318313900000000140e+05 -1.708435000000000059e+01 9.753585999999999956e+01
2.318315899999999965e+05 -1.674456999999999951e+01 1.001598000000000042e+02
2.318317900000000081e+05 -1.712611000000000061e+01 9.538098999999999705e+01
2.318319900000000198e+05 -1.638671000000000078e+01 9.560120000000000573e+01
2.318321900000000023e+05 -1.655206000000000088e+01 9.769046000000000163e+01
2.318323900000000140e+05 -1.623197000000000045e+01 9.451463999999999999e+01
2.318325899999999965e+05 -1.627413999999999916e+01 9.373051999999999850e+01
2.318327900000000081e+05 -1.676623999999999981e+01 9.724062999999999590e+01
2.318329900000000198e+05 -1.701113000000000142e+01 9.821681999999999846e+01
2.318331900000000023e+05 -1.670219000000000165e+01 9.417695000000000505e+01
2.318333900000000140e+05 -1.686289000000000016e+01 9.587781999999999982e+01
2.318335899999999965e+05 -1.658040000000000092e+01 9.702281000000000688e+01
2.318337900000000081e+05 -1.681796999999999898e+01 9.614355000000000473e+01
2.318339900000000198e+05 -1.686286000000000129e+01 9.587971000000000288e+01
2.318341900000000023e+05 -1.672278000000000020e+01 9.403728999999999871e+01
2.318343900000000140e+05 -1.629053000000000040e+01 9.742370999999999981e+01
2.318345899999999965e+05 -1.666488999999999976e+01 9.857676999999999623e+01
2.318347900000000081e+05 -1.686113999999999891e+01 9.616128000000000497e+01
2.318349900000000198e+05 -1.637346000000000146e+01 9.360537999999999670e+01
2.318351900000000023e+05 -1.617673999999999879e+01 9.854062999999999306e+01
2.318353900000000140e+05 -1.675913999999999859e+01 9.542856000000000449e+01
2.318355899999999965e+05 -1.616895999999999844e+01 9.762358999999999298e+01
2.318357900000000081e+05 -1.696434999999999960e+01 9.662138000000000204e+01
