# Time finished:
# 2015-06-03 09.49.04
# Temp volt start:
# 1.0108475
# Temp volt stop:
# 1.0108475
# Approx start T:
# 86.4879240304
# Approx stop T:
# 86.5412193055
# DC bias measured, messed up:
# 3.999823
# DC bias we asked for:
# 4
2.318197300000000105e+05 -1.450647000000000020e+01 8.842728999999999928e+01
2.318199300000000221e+05 -1.515900000000000070e+01 8.936893000000000598e+01
2.318201300000000047e+05 -1.419251000000000040e+01 9.203285999999999945e+01
2.318203300000000163e+05 -1.508788000000000018e+01 8.756328999999999496e+01
2.318205299999999988e+05 -1.483915999999999968e+01 8.719724999999999682e+01
2.318207300000000105e+05 -1.470504000000000033e+01 8.781001000000000545e+01
2.318209300000000221e+05 -1.488678999999999952e+01 8.822324999999999307e+01
2.318211300000000047e+05 -1.430869999999999997e+01 8.805353999999999814e+01
2.318213300000000163e+05 -1.389573000000000036e+01 8.621179999999999666e+01
2.318215299999999988e+05 -1.434913000000000061e+01 8.523041000000000622e+01
2.318217300000000105e+05 -1.403181000000000012e+01 8.504152999999999452e+01
2.318219300000000221e+05 -1.449752999999999936e+01 8.743493999999999744e+01
2.318221300000000047e+05 -1.460707000000000022e+01 8.653365999999999758e+01
2.318223300000000163e+05 -1.444053000000000075e+01 8.676491000000000042e+01
2.318225299999999988e+05 -1.456470000000000020e+01 8.779556999999999789e+01
2.318227300000000105e+05 -1.432792000000000066e+01 8.253755999999999915e+01
2.318229300000000221e+05 -1.448673999999999928e+01 8.448874999999999602e+01
2.318231300000000047e+05 -1.436152000000000051e+01 8.441530000000000200e+01
2.318233300000000163e+05 -1.409735000000000049e+01 8.691956000000000415e+01
2.318235299999999988e+05 -1.386655000000000015e+01 8.794192999999999927e+01
2.318237300000000105e+05 -1.430906000000000056e+01 8.805580000000000496e+01
2.318239300000000221e+05 -1.400646000000000058e+01 8.593021000000000242e+01
2.318241300000000047e+05 -1.347339999999999982e+01 8.319382000000000232e+01
2.318243300000000163e+05 -1.387040000000000006e+01 8.376400999999999897e+01
2.318245299999999988e+05 -1.365770999999999979e+01 8.091800999999999533e+01
2.318247300000000105e+05 -1.374044999999999916e+01 8.493788000000000693e+01
2.318249300000000221e+05 -1.337879000000000040e+01 8.140451000000000192e+01
2.318251300000000047e+05 -1.350057999999999936e+01 8.316510999999999854e+01
2.318253300000000163e+05 -1.296631999999999962e+01 8.153028999999999371e+01
2.318255299999999988e+05 -1.347067999999999977e+01 7.924788999999999817e+01
2.318257300000000105e+05 -1.299713000000000029e+01 8.009471999999999525e+01
2.318259300000000221e+05 -1.274222999999999928e+01 8.141620000000000346e+01
2.318261300000000047e+05 -1.277759999999999962e+01 8.212900999999999385e+01
2.318263300000000163e+05 -1.192539999999999978e+01 7.848641999999999541e+01
2.318265299999999988e+05 -1.115000999999999998e+01 7.513021999999999423e+01
2.318267300000000105e+05 -1.117323000000000022e+01 7.347182999999999709e+01
2.318269300000000221e+05 -1.035011000000000081e+01 7.260827000000000453e+01
2.318271300000000047e+05 -9.753292999999999324e+00 6.692396999999999707e+01
2.318273300000000163e+05 -8.806637000000000270e+00 6.432452000000000680e+01
2.318275299999999988e+05 -7.700099999999999945e+00 5.597460000000000235e+01
2.318277300000000105e+05 -6.191244000000000192e+00 4.561417000000000144e+01
2.318279300000000221e+05 -4.164794999999999803e+00 2.819403000000000148e+01
2.318281300000000047e+05 -2.501304999999999890e+00 -2.875335999999999892e+00
2.318283300000000163e+05 -1.080791000000000057e+00 -5.435755999999999943e+01
2.318285299999999988e+05 -1.572975000000000012e+00 -1.277228999999999957e+02
2.318287300000000105e+05 -5.347247000000000305e+00 -2.160020000000000095e+02
2.318289300000000221e+05 -1.253411999999999971e+01 -3.625880000000000223e+02
2.318291300000000047e+05 -9.409997999999999863e+00 -5.327535000000000309e+02
2.318293300000000163e+05 -1.858418999999999954e+01 -6.982613999999999805e+02
2.318295299999999988e+05 -1.308547000000000082e+01 -5.877761000000000422e+02
2.318297300000000105e+05 -1.845818999999999832e+01 -5.432450999999999794e+02
2.318299300000000221e+05 -3.264016999999999769e+01 -5.628907000000000380e+02
2.318301300000000047e+05 -2.383980000000000032e+01 -6.374211000000000240e+02
2.318303300000000163e+05 -2.335998999999999981e+01 -6.162653000000000247e+02
2.318305299999999988e+05 -2.405988999999999933e+01 -6.065262000000000171e+02
2.318307300000000105e+05 -1.866473999999999833e+01 -5.963976999999999862e+02
2.318309300000000221e+05 -1.789796000000000120e+01 -6.049456000000000131e+02
2.318311300000000047e+05 -1.855436999999999870e+01 -6.200684999999999718e+02
2.318313300000000163e+05 -1.769324999999999903e+01 -6.021557999999999993e+02
2.318315299999999988e+05 -1.780280000000000129e+01 -6.179394999999999527e+02
2.318317300000000105e+05 -1.800223000000000084e+01 -6.112259000000000242e+02
2.318319300000000221e+05 -1.798025000000000162e+01 -6.159134999999999991e+02
2.318321300000000047e+05 -1.783618999999999843e+01 -6.142768999999999551e+02
2.318323300000000163e+05 -1.836317000000000021e+01 -6.202152999999999565e+02
2.318325299999999988e+05 -1.764573000000000036e+01 -6.189738999999999578e+02
2.318327300000000105e+05 -1.737343999999999866e+01 -6.159403999999999542e+02
2.318329300000000221e+05 -1.722157999999999944e+01 -6.206020999999999503e+02
2.318331300000000047e+05 -1.741028999999999982e+01 -6.218869999999999436e+02
2.318333300000000163e+05 -1.723840999999999823e+01 -6.182107999999999493e+02
2.318335299999999988e+05 -1.775827999999999918e+01 -6.190196999999999434e+02
2.318337300000000105e+05 -1.674796999999999869e+01 -6.205331999999999653e+02
2.318339300000000221e+05 -1.754119000000000028e+01 -6.181983999999999924e+02
2.318341300000000047e+05 -1.695504999999999995e+01 -6.246843000000000075e+02
2.318343300000000163e+05 -1.672090999999999994e+01 -6.213348999999999478e+02
2.318345299999999988e+05 -1.714480000000000004e+01 -6.227150000000000318e+02
2.318347300000000105e+05 -1.658950000000000102e+01 -6.218035999999999603e+02
2.318349300000000221e+05 -1.620202000000000098e+01 -6.215284000000000333e+02
2.318351300000000047e+05 -1.717714000000000141e+01 -6.218744000000000369e+02
2.318353300000000163e+05 -1.667918999999999841e+01 -6.227971000000000004e+02
2.318355299999999988e+05 -1.620461999999999847e+01 -6.233740000000000236e+02
2.318357300000000105e+05 -1.710894000000000048e+01 -6.232831999999999653e+02
2.318359300000000221e+05 -1.667745000000000033e+01 -6.211009999999999991e+02
2.318361300000000047e+05 -1.658204999999999885e+01 -6.212925000000000182e+02
2.318363300000000163e+05 -1.671856000000000009e+01 -6.257844000000000051e+02
2.318365299999999988e+05 -1.669369000000000014e+01 -6.246158000000000357e+02
2.318367300000000105e+05 -1.665848000000000084e+01 -6.189016000000000304e+02
2.318369300000000221e+05 -1.661246999999999829e+01 -6.195892999999999802e+02
2.318371300000000047e+05 -1.670672000000000068e+01 -6.217413000000000238e+02
2.318373300000000163e+05 -1.669622000000000028e+01 -6.251362000000000307e+02
2.318375299999999988e+05 -1.650572000000000017e+01 -6.201893999999999778e+02
2.318377300000000105e+05 -1.660517000000000110e+01 -6.233499000000000478e+02
2.318379300000000221e+05 -1.644896999999999920e+01 -6.215042999999999438e+02
2.318381300000000047e+05 -1.633083999999999847e+01 -6.278197999999999865e+02
2.318383300000000163e+05 -1.634168000000000021e+01 -6.220666999999999689e+02
2.318385299999999988e+05 -1.623768000000000100e+01 -6.267003999999999451e+02
2.318387300000000105e+05 -1.627545999999999893e+01 -6.264506999999999834e+02
2.318389300000000221e+05 -1.646435999999999922e+01 -6.256865999999999985e+02
2.318391300000000047e+05 -1.633504999999999896e+01 -6.232015000000000100e+02
2.318393300000000163e+05 -1.636419000000000068e+01 -6.245648999999999660e+02
2.318395299999999988e+05 -1.630987000000000009e+01 -6.225852999999999611e+02
2.318397300000000105e+05 -1.644173999999999936e+01 -6.248022999999999456e+02
