# Time finished:
# 2015-06-03 07.11.42
# Temp volt start:
# 1.0144164
# Temp volt stop:
# 1.0144164
# Approx start T:
# 84.4791240356
# Approx stop T:
# 84.4509180384
# DC bias measured, messed up:
# 3.999909
# DC bias we asked for:
# 4
2.318163699999999953e+05 -1.472532999999999959e+01 8.824765999999999622e+01
2.318165700000000070e+05 -1.458811999999999998e+01 8.909291000000000338e+01
2.318167699999999895e+05 -1.431858000000000075e+01 8.817211000000000354e+01
2.318169700000000012e+05 -1.455603999999999942e+01 8.770810000000000173e+01
2.318171699999999837e+05 -1.428777000000000008e+01 8.819271999999999423e+01
2.318173699999999953e+05 -1.459300999999999959e+01 8.692370999999999981e+01
2.318175700000000070e+05 -1.483801000000000059e+01 8.887306999999999846e+01
2.318177699999999895e+05 -1.453087000000000018e+01 9.353864000000000090e+01
2.318179700000000012e+05 -1.473250999999999955e+01 8.726899000000000228e+01
2.318181699999999837e+05 -1.460103999999999935e+01 8.407430999999999699e+01
2.318183699999999953e+05 -1.425027000000000044e+01 8.894814999999999827e+01
2.318185700000000070e+05 -1.477219000000000015e+01 8.768319999999999936e+01
2.318187699999999895e+05 -1.462628999999999913e+01 8.689923000000000286e+01
2.318189700000000012e+05 -1.472035999999999945e+01 8.760442000000000462e+01
2.318191699999999837e+05 -1.451055999999999990e+01 8.687703000000000486e+01
2.318193699999999953e+05 -1.401132999999999917e+01 8.855326999999999771e+01
2.318195700000000070e+05 -1.443859999999999921e+01 9.023911999999999978e+01
2.318197699999999895e+05 -1.432780999999999949e+01 8.499969000000000108e+01
2.318199700000000012e+05 -1.433159000000000027e+01 8.594838000000000022e+01
2.318201699999999837e+05 -1.438496999999999915e+01 8.622033999999999310e+01
2.318203699999999953e+05 -1.402720000000000056e+01 8.497041000000000111e+01
2.318205700000000070e+05 -1.403181999999999974e+01 8.517092999999999847e+01
2.318207699999999895e+05 -1.394500000000000028e+01 8.474246999999999730e+01
2.318209700000000012e+05 -1.368970000000000020e+01 8.251331000000000415e+01
2.318211699999999837e+05 -1.400319999999999965e+01 8.222433999999999799e+01
2.318213699999999953e+05 -1.348245999999999967e+01 8.422432000000000585e+01
2.318215700000000070e+05 -1.336013999999999946e+01 8.139329999999999643e+01
2.318217699999999895e+05 -1.339935000000000009e+01 8.172178999999999860e+01
2.318219700000000012e+05 -1.258156999999999925e+01 8.372826000000000590e+01
2.318221699999999837e+05 -1.278720999999999997e+01 8.152752999999999872e+01
2.318223699999999953e+05 -1.232307999999999915e+01 8.112479000000000440e+01
2.318225700000000070e+05 -1.251416000000000039e+01 7.909936999999999330e+01
2.318227699999999895e+05 -1.182873000000000019e+01 8.027087000000000216e+01
2.318229700000000012e+05 -1.148100999999999949e+01 7.837720000000000198e+01
2.318231699999999837e+05 -1.094604999999999961e+01 7.325831999999999766e+01
2.318233699999999953e+05 -1.089375000000000071e+01 7.442660999999999660e+01
2.318235700000000070e+05 -1.018712000000000018e+01 7.193685000000000684e+01
2.318237699999999895e+05 -9.451200000000000045e+00 6.630683999999999401e+01
2.318239700000000012e+05 -8.303210999999999231e+00 6.423483000000000231e+01
2.318241699999999837e+05 -7.202579000000000065e+00 5.450835000000000008e+01
2.318243699999999953e+05 -5.503705000000000069e+00 4.234801999999999822e+01
2.318245700000000070e+05 -3.517638999999999960e+00 2.016160999999999959e+01
2.318247699999999895e+05 -1.879888999999999921e+00 -1.558047999999999966e+01
2.318249700000000012e+05 -9.852321000000000550e-01 -7.306951999999999714e+01
2.318251699999999837e+05 -2.115661999999999932e+00 -1.490434999999999945e+02
2.318253699999999953e+05 -7.084273999999999738e+00 -2.445677000000000021e+02
2.318255700000000070e+05 -1.173128999999999955e+01 -4.156859999999999786e+02
2.318257699999999895e+05 -9.978032999999999930e+00 -5.718310000000000173e+02
2.318259700000000012e+05 -1.965119999999999933e+01 -4.504660000000000082e+02
2.318261699999999837e+05 -1.572118000000000038e+01 -2.740749000000000137e+02
2.318263699999999953e+05 -1.449994000000000050e+01 -2.237536000000000058e+02
2.318265700000000070e+05 -1.763637999999999906e+01 -2.099588999999999999e+02
2.318267699999999895e+05 -1.970251999999999981e+01 -2.123634000000000128e+02
2.318269700000000012e+05 -1.940791000000000111e+01 -2.341336000000000013e+02
2.318271699999999837e+05 -1.946845000000000070e+01 -2.369867000000000132e+02
2.318273699999999953e+05 -1.820374999999999943e+01 -2.497993999999999915e+02
2.318275700000000070e+05 -1.897794000000000025e+01 -2.535699999999999932e+02
2.318277699999999895e+05 -1.852625000000000099e+01 -2.477005000000000052e+02
2.318279700000000012e+05 -1.828539999999999921e+01 -2.487649000000000115e+02
2.318281699999999837e+05 -1.817723000000000155e+01 -2.550852999999999895e+02
2.318283699999999953e+05 -1.836449999999999960e+01 -2.561908000000000243e+02
2.318285700000000070e+05 -1.811890999999999963e+01 -2.526633999999999958e+02
2.318287699999999895e+05 -1.713469999999999871e+01 -2.552425000000000068e+02
2.318289700000000012e+05 -1.680206000000000088e+01 -2.583713999999999942e+02
2.318291699999999837e+05 -1.772222000000000008e+01 -2.547392999999999859e+02
2.318293699999999953e+05 -1.746412000000000120e+01 -2.621030999999999835e+02
2.318295700000000070e+05 -1.748175000000000168e+01 -2.639076999999999771e+02
2.318297699999999895e+05 -1.789586999999999861e+01 -2.596347000000000094e+02
2.318299700000000012e+05 -1.759967999999999932e+01 -2.570923999999999978e+02
2.318301699999999837e+05 -1.719901000000000124e+01 -2.596016999999999939e+02
2.318303699999999953e+05 -1.731227000000000160e+01 -2.596548999999999978e+02
2.318305700000000070e+05 -1.696019000000000077e+01 -2.627950000000000159e+02
2.318307699999999895e+05 -1.729670000000000130e+01 -2.614549000000000092e+02
2.318309700000000012e+05 -1.722003000000000128e+01 -2.681009000000000242e+02
2.318311699999999837e+05 -1.746217000000000041e+01 -2.643741999999999734e+02
2.318313699999999953e+05 -1.684594999999999843e+01 -2.645332000000000221e+02
2.318315700000000070e+05 -1.733134000000000086e+01 -2.594884000000000128e+02
2.318317699999999895e+05 -1.681609999999999872e+01 -2.601929000000000087e+02
2.318319700000000012e+05 -1.674368000000000123e+01 -2.652540999999999940e+02
2.318321699999999837e+05 -1.679907000000000039e+01 -2.618858999999999924e+02
2.318323699999999953e+05 -1.694378999999999991e+01 -2.600937999999999874e+02
2.318325700000000070e+05 -1.602879000000000076e+01 -2.606347000000000094e+02
2.318327699999999895e+05 -1.632219999999999871e+01 -2.617515999999999963e+02
2.318329700000000012e+05 -1.668371000000000137e+01 -2.665009999999999764e+02
2.318331699999999837e+05 -1.685203999999999880e+01 -2.627069999999999936e+02
2.318333699999999953e+05 -1.657584999999999908e+01 -2.685486000000000217e+02
2.318335700000000070e+05 -1.606326999999999927e+01 -2.603509999999999991e+02
2.318337699999999895e+05 -1.657602999999999938e+01 -2.650088999999999828e+02
2.318339700000000012e+05 -1.626129999999999853e+01 -2.592785999999999831e+02
2.318341699999999837e+05 -1.640534999999999854e+01 -2.605009000000000015e+02
2.318343699999999953e+05 -1.658912000000000120e+01 -2.637791000000000281e+02
2.318345700000000070e+05 -1.612856999999999985e+01 -2.621216000000000008e+02
2.318347699999999895e+05 -1.712735999999999947e+01 -2.621356000000000108e+02
2.318349700000000012e+05 -1.638402999999999921e+01 -2.618485999999999763e+02
2.318351699999999837e+05 -1.638244999999999862e+01 -2.635822000000000003e+02
2.318353699999999953e+05 -1.595735999999999954e+01 -2.647484999999999786e+02
2.318355700000000070e+05 -1.621572000000000102e+01 -2.658659999999999854e+02
2.318357699999999895e+05 -1.639614999999999867e+01 -2.667785000000000082e+02
2.318359700000000012e+05 -1.682873000000000019e+01 -2.652368999999999915e+02
2.318361699999999837e+05 -1.666250000000000142e+01 -2.660889999999999986e+02
2.318363699999999953e+05 -1.632377999999999929e+01 -2.584248000000000047e+02
