# Time finished:
# 2015-06-03 22.51.06
# Temp volt start:
# 1.0088347
# Temp volt stop:
# 1.0088347
# Approx start T:
# 87.6169712835
# Approx stop T:
# 87.6162429685
# DC bias measured, messed up:
# 3.999515
# DC bias we asked for:
# 4
2.318235000000000000e+05 -1.513471000000000011e+01 9.067821999999999605e+01
2.318237000000000116e+05 -1.435721999999999987e+01 8.745924999999999727e+01
2.318238999999999942e+05 -1.479889999999999972e+01 8.502682000000000073e+01
2.318241000000000058e+05 -1.450779999999999959e+01 8.890258000000000038e+01
2.318242999999999884e+05 -1.468748000000000076e+01 8.847874000000000194e+01
2.318245000000000000e+05 -1.522781999999999947e+01 8.723704999999999643e+01
2.318247000000000116e+05 -1.451064000000000043e+01 8.573391999999999769e+01
2.318248999999999942e+05 -1.443848999999999982e+01 8.850016999999999712e+01
2.318251000000000058e+05 -1.426746999999999943e+01 8.678771000000000413e+01
2.318252999999999884e+05 -1.402519000000000027e+01 8.871178000000000452e+01
2.318255000000000000e+05 -1.504424000000000028e+01 8.968001999999999896e+01
2.318257000000000116e+05 -1.468465999999999916e+01 8.703557000000000698e+01
2.318258999999999942e+05 -1.454385000000000083e+01 8.493331999999999482e+01
2.318261000000000058e+05 -1.437127000000000088e+01 8.616913999999999874e+01
2.318262999999999884e+05 -1.433155000000000001e+01 8.502119000000000426e+01
2.318265000000000000e+05 -1.458543000000000056e+01 8.831149999999999523e+01
2.318267000000000116e+05 -1.430152999999999963e+01 8.793262000000000000e+01
2.318268999999999942e+05 -1.374836999999999954e+01 8.754896999999999707e+01
2.318271000000000058e+05 -1.415577000000000041e+01 8.508180000000000121e+01
2.318272999999999884e+05 -1.396167999999999942e+01 8.184180000000000632e+01
2.318275000000000000e+05 -1.428179000000000087e+01 8.496043000000000234e+01
2.318277000000000116e+05 -1.377427999999999919e+01 8.289771000000000356e+01
2.318278999999999942e+05 -1.375234000000000023e+01 8.382661000000000229e+01
2.318281000000000058e+05 -1.396659000000000006e+01 8.255942000000000291e+01
2.318282999999999884e+05 -1.385092000000000034e+01 8.290537999999999386e+01
2.318285000000000000e+05 -1.351685999999999943e+01 8.545055000000000689e+01
2.318287000000000116e+05 -1.362900999999999918e+01 8.376224999999999454e+01
2.318288999999999942e+05 -1.341314999999999991e+01 8.048122999999999649e+01
2.318291000000000058e+05 -1.302352999999999916e+01 8.291085999999999956e+01
2.318292999999999884e+05 -1.308071999999999946e+01 7.897360999999999365e+01
2.318295000000000000e+05 -1.254812000000000083e+01 8.213054999999999950e+01
2.318297000000000116e+05 -1.255466000000000015e+01 7.909964999999999691e+01
2.318298999999999942e+05 -1.193889000000000067e+01 7.940937999999999874e+01
2.318301000000000058e+05 -1.134890000000000043e+01 7.665009000000000583e+01
2.318302999999999884e+05 -1.114371000000000045e+01 7.301102000000000203e+01
2.318305000000000000e+05 -1.116557000000000066e+01 7.319285000000000707e+01
2.318307000000000116e+05 -9.957769000000000759e+00 7.023461000000000354e+01
2.318308999999999942e+05 -9.758881000000000583e+00 6.415990999999999644e+01
2.318311000000000058e+05 -8.087167000000000883e+00 5.813824000000000325e+01
2.318312999999999884e+05 -6.779925000000000423e+00 5.175484000000000151e+01
2.318315000000000000e+05 -4.977305000000000312e+00 3.735401000000000238e+01
2.318317000000000116e+05 -3.029357000000000077e+00 1.257951000000000086e+01
2.318318999999999942e+05 -1.468404000000000043e+00 -2.888177999999999912e+01
2.318321000000000058e+05 -9.307724000000000553e-01 -9.252764000000000522e+01
2.318322999999999884e+05 -2.853790000000000049e+00 -1.730228999999999928e+02
2.318325000000000000e+05 -9.088501000000000829e+00 -2.840459000000000174e+02
2.318327000000000116e+05 -1.032893999999999934e+01 -1.065518000000000001e+02
2.318328999999999942e+05 -1.161584000000000039e+01 -2.558461000000000070e+02
2.318331000000000058e+05 -1.457948999999999984e+01 -1.574293999999999869e+02
2.318332999999999884e+05 -2.292289999999999850e+01 -3.352751000000000090e+02
2.318335000000000000e+05 -1.666684000000000054e+01 -2.693401000000000067e+02
2.318337000000000116e+05 -1.572991999999999990e+01 -2.507478000000000122e+02
2.318338999999999942e+05 -1.630036000000000129e+01 -2.436312000000000069e+02
2.318341000000000058e+05 -1.806246000000000151e+01 -2.517438999999999965e+02
2.318342999999999884e+05 -1.909082000000000079e+01 -2.537789999999999964e+02
2.318345000000000000e+05 -1.954461999999999833e+01 -2.484070000000000107e+02
2.318347000000000116e+05 -1.754219000000000150e+01 -2.426762999999999977e+02
2.318348999999999942e+05 -1.774731999999999843e+01 -2.563369000000000142e+02
2.318351000000000058e+05 -1.784447000000000116e+01 -2.532829000000000121e+02
2.318352999999999884e+05 -1.815027999999999864e+01 -2.548186000000000035e+02
2.318355000000000000e+05 -1.806352000000000046e+01 -2.552728999999999928e+02
2.318357000000000116e+05 -1.769898999999999845e+01 -2.571956000000000131e+02
2.318358999999999942e+05 -1.796766999999999825e+01 -2.593414000000000215e+02
2.318361000000000058e+05 -1.698181999999999903e+01 -2.572436999999999898e+02
2.318362999999999884e+05 -1.726233999999999824e+01 -2.585844000000000165e+02
2.318365000000000000e+05 -1.700422999999999973e+01 -2.591259999999999764e+02
2.318367000000000116e+05 -1.738286000000000087e+01 -2.599927000000000135e+02
2.318368999999999942e+05 -1.738211000000000084e+01 -2.557187999999999874e+02
2.318371000000000058e+05 -1.692662999999999940e+01 -2.564422000000000139e+02
2.318372999999999884e+05 -1.648250000000000171e+01 -2.575265999999999735e+02
2.318375000000000000e+05 -1.725254999999999939e+01 -2.611535000000000082e+02
2.318377000000000116e+05 -1.749947999999999837e+01 -2.594452999999999747e+02
2.318378999999999942e+05 -1.668350999999999829e+01 -2.612420000000000186e+02
2.318381000000000058e+05 -1.709692000000000078e+01 -2.630160000000000196e+02
2.318382999999999884e+05 -1.645550000000000068e+01 -2.630283000000000015e+02
2.318385000000000000e+05 -1.677852999999999994e+01 -2.638643999999999892e+02
2.318387000000000116e+05 -1.676871999999999829e+01 -2.662631000000000085e+02
2.318388999999999942e+05 -1.717516000000000176e+01 -2.643086999999999875e+02
2.318391000000000058e+05 -1.671462000000000003e+01 -2.593931999999999789e+02
2.318392999999999884e+05 -1.660465999999999909e+01 -2.633722000000000207e+02
2.318395000000000000e+05 -1.683001000000000147e+01 -2.652653999999999996e+02
2.318397000000000116e+05 -1.735570999999999842e+01 -2.619920999999999935e+02
2.318398999999999942e+05 -1.611405999999999850e+01 -2.633102000000000089e+02
2.318401000000000058e+05 -1.678394000000000119e+01 -2.623070000000000164e+02
2.318402999999999884e+05 -1.724074999999999847e+01 -2.592126000000000090e+02
2.318405000000000000e+05 -1.678599000000000174e+01 -2.649893000000000143e+02
2.318407000000000116e+05 -1.673823000000000150e+01 -2.595104000000000042e+02
2.318408999999999942e+05 -1.667667000000000144e+01 -2.645989999999999895e+02
2.318411000000000058e+05 -1.707950999999999908e+01 -2.615634000000000015e+02
2.318412999999999884e+05 -1.692808000000000135e+01 -2.636660999999999717e+02
2.318415000000000000e+05 -1.650928000000000040e+01 -2.623188999999999851e+02
2.318417000000000116e+05 -1.612098999999999904e+01 -2.621270999999999844e+02
2.318418999999999942e+05 -1.662871000000000166e+01 -2.637769999999999868e+02
2.318421000000000058e+05 -1.660949000000000098e+01 -2.639248000000000047e+02
2.318422999999999884e+05 -1.589808000000000021e+01 -2.632719000000000165e+02
2.318425000000000000e+05 -1.689176000000000144e+01 -2.648251000000000204e+02
2.318427000000000116e+05 -1.610808000000000106e+01 -2.652705000000000268e+02
2.318428999999999942e+05 -1.582060000000000066e+01 -2.669689999999999941e+02
2.318431000000000058e+05 -1.661119000000000057e+01 -2.621202999999999861e+02
2.318432999999999884e+05 -1.634628000000000014e+01 -2.646868000000000052e+02
2.318435000000000000e+05 -1.602450999999999937e+01 -2.623086999999999875e+02
