# Time finished:
# 2015-06-03 23.16.06
# Temp volt start:
# 1.0082484
# Temp volt stop:
# 1.0082484
# Approx start T:
# 87.9453232559
# Approx stop T:
# 87.952489152
# DC bias measured, messed up:
# 3.999552
# DC bias we asked for:
# 4
2.318241799999999930e+05 -1.525685999999999964e+01 8.564302999999999599e+01
2.318243800000000047e+05 -1.459322000000000052e+01 8.599766999999999939e+01
2.318245799999999872e+05 -1.489981000000000044e+01 8.882943000000000211e+01
2.318247799999999988e+05 -1.468008999999999986e+01 8.979751000000000261e+01
2.318249799999999814e+05 -1.447738999999999976e+01 8.882482000000000255e+01
2.318251799999999930e+05 -1.470874000000000059e+01 8.795739000000000374e+01
2.318253800000000047e+05 -1.464931999999999945e+01 8.724402999999999508e+01
2.318255799999999872e+05 -1.450221999999999944e+01 8.818403999999999598e+01
2.318257799999999988e+05 -1.422308999999999912e+01 8.986490000000000578e+01
2.318259799999999814e+05 -1.448432000000000031e+01 8.693479000000000667e+01
2.318261799999999930e+05 -1.443509000000000064e+01 8.686507000000000289e+01
2.318263800000000047e+05 -1.404068999999999967e+01 8.993546000000000618e+01
2.318265799999999872e+05 -1.441409999999999947e+01 8.751027999999999452e+01
2.318267799999999988e+05 -1.493905999999999956e+01 8.582519000000000631e+01
2.318269799999999814e+05 -1.407452999999999932e+01 8.157081999999999766e+01
2.318271799999999930e+05 -1.401021000000000072e+01 8.736351999999999407e+01
2.318273800000000047e+05 -1.461736999999999931e+01 8.726883999999999730e+01
2.318275799999999872e+05 -1.399726000000000070e+01 8.657747999999999422e+01
2.318277799999999988e+05 -1.405044000000000004e+01 8.703871999999999787e+01
2.318279799999999814e+05 -1.385787999999999975e+01 8.482074000000000069e+01
2.318281799999999930e+05 -1.400628000000000029e+01 8.347590999999999894e+01
2.318283800000000047e+05 -1.377373000000000047e+01 8.577660000000000196e+01
2.318285799999999872e+05 -1.435875000000000057e+01 8.390137000000000000e+01
2.318287799999999988e+05 -1.355475999999999992e+01 8.500691000000000486e+01
2.318289799999999814e+05 -1.377790000000000070e+01 8.176560000000000628e+01
2.318291799999999930e+05 -1.348371999999999993e+01 8.082000999999999635e+01
2.318293800000000047e+05 -1.398074000000000083e+01 8.149711999999999534e+01
2.318295799999999872e+05 -1.299470999999999954e+01 8.132457999999999743e+01
2.318297799999999988e+05 -1.314685000000000059e+01 8.092529000000000394e+01
2.318299799999999814e+05 -1.306841999999999970e+01 8.149196999999999491e+01
2.318301799999999930e+05 -1.274657999999999980e+01 8.392377999999999361e+01
2.318303800000000047e+05 -1.245653000000000077e+01 8.144841999999999871e+01
2.318305799999999872e+05 -1.193673000000000073e+01 8.006654000000000337e+01
2.318307799999999988e+05 -1.152790000000000070e+01 7.567090000000000316e+01
2.318309799999999814e+05 -1.108239000000000019e+01 7.351751000000000147e+01
2.318311799999999930e+05 -1.088972000000000051e+01 7.499021000000000470e+01
2.318313800000000047e+05 -9.651896999999999949e+00 7.009553999999999974e+01
2.318315799999999872e+05 -9.170344000000000051e+00 6.680732999999999322e+01
2.318317799999999988e+05 -8.117993000000000237e+00 6.145027000000000328e+01
2.318319799999999814e+05 -6.800713000000000008e+00 5.177790000000000248e+01
2.318321799999999930e+05 -5.053369000000000000e+00 3.793536999999999892e+01
2.318323800000000047e+05 -3.072607000000000088e+00 1.268984000000000023e+01
2.318325799999999872e+05 -1.452302999999999900e+00 -2.914987999999999957e+01
2.318327799999999988e+05 -9.624850999999999823e-01 -9.264069000000000642e+01
2.318329799999999814e+05 -2.845673000000000119e+00 -1.728274999999999864e+02
2.318331799999999930e+05 -9.269097999999999615e+00 -2.853136000000000081e+02
2.318333800000000047e+05 -1.033770999999999951e+01 -1.057647999999999939e+02
2.318335799999999872e+05 -1.154046999999999912e+01 -2.527344999999999970e+02
2.318337799999999988e+05 -1.453425000000000011e+01 -1.547870000000000061e+02
2.318339799999999814e+05 -2.376014999999999944e+01 -3.153235000000000241e+02
2.318341799999999930e+05 -1.603105000000000047e+01 -2.636286000000000058e+02
2.318343800000000047e+05 -1.557963999999999949e+01 -2.442432000000000016e+02
2.318345799999999872e+05 -1.698827999999999960e+01 -2.380699999999999932e+02
2.318347799999999988e+05 -1.800112000000000023e+01 -2.470583000000000027e+02
2.318349799999999814e+05 -1.925420000000000087e+01 -2.561381000000000085e+02
2.318351799999999930e+05 -1.964974000000000132e+01 -2.467670999999999992e+02
2.318353800000000047e+05 -1.821868999999999872e+01 -2.515954000000000121e+02
2.318355799999999872e+05 -1.795091999999999999e+01 -2.576485999999999876e+02
2.318357799999999988e+05 -1.750663000000000125e+01 -2.488213000000000079e+02
2.318359799999999814e+05 -1.872077000000000169e+01 -2.547024999999999864e+02
2.318361799999999930e+05 -1.669744999999999990e+01 -2.545123000000000104e+02
2.318363800000000047e+05 -1.695633000000000123e+01 -2.594957999999999743e+02
2.318365799999999872e+05 -1.746765999999999863e+01 -2.569551999999999907e+02
2.318367799999999988e+05 -1.787367000000000061e+01 -2.556916999999999973e+02
2.318369799999999814e+05 -1.769414000000000087e+01 -2.599037000000000148e+02
2.318371799999999930e+05 -1.809185000000000088e+01 -2.629196000000000026e+02
2.318373800000000047e+05 -1.783233999999999853e+01 -2.597905000000000086e+02
2.318375799999999872e+05 -1.708230000000000004e+01 -2.583890999999999849e+02
2.318377799999999988e+05 -1.703442000000000078e+01 -2.591453000000000202e+02
2.318379799999999814e+05 -1.676413000000000153e+01 -2.604787999999999784e+02
2.318381799999999930e+05 -1.718625000000000114e+01 -2.617386999999999944e+02
2.318383800000000047e+05 -1.702671000000000134e+01 -2.598577000000000226e+02
2.318385799999999872e+05 -1.705039999999999978e+01 -2.612506000000000199e+02
2.318387799999999988e+05 -1.726390999999999920e+01 -2.627013000000000034e+02
2.318389799999999814e+05 -1.713082999999999956e+01 -2.651800000000000068e+02
2.318391799999999930e+05 -1.676426999999999978e+01 -2.637509000000000015e+02
2.318393800000000047e+05 -1.691956000000000060e+01 -2.610584000000000060e+02
2.318395799999999872e+05 -1.712766999999999840e+01 -2.621965999999999894e+02
2.318397799999999988e+05 -1.714029999999999987e+01 -2.633254999999999768e+02
2.318399799999999814e+05 -1.657762999999999920e+01 -2.634202000000000226e+02
2.318401799999999930e+05 -1.689022999999999897e+01 -2.619121999999999844e+02
2.318403800000000047e+05 -1.654519000000000162e+01 -2.622373000000000047e+02
2.318405799999999872e+05 -1.727310999999999908e+01 -2.616897000000000162e+02
2.318407799999999988e+05 -1.589509999999999934e+01 -2.668784999999999741e+02
2.318409799999999814e+05 -1.640866000000000113e+01 -2.649257999999999811e+02
2.318411799999999930e+05 -1.654833999999999961e+01 -2.625029999999999859e+02
2.318413800000000047e+05 -1.676944999999999908e+01 -2.622520000000000095e+02
2.318415799999999872e+05 -1.645862999999999943e+01 -2.593842000000000212e+02
2.318417799999999988e+05 -1.681867000000000090e+01 -2.600260999999999854e+02
2.318419799999999814e+05 -1.614526000000000039e+01 -2.605428999999999746e+02
2.318421799999999930e+05 -1.617560999999999893e+01 -2.652244999999999777e+02
2.318423800000000047e+05 -1.659618000000000038e+01 -2.632744000000000142e+02
2.318425799999999872e+05 -1.658861999999999881e+01 -2.650126999999999953e+02
2.318427799999999988e+05 -1.618843999999999994e+01 -2.640781999999999812e+02
2.318429799999999814e+05 -1.638297999999999988e+01 -2.640138000000000034e+02
2.318431799999999930e+05 -1.598651000000000089e+01 -2.679981999999999971e+02
2.318433800000000047e+05 -1.635409999999999897e+01 -2.671378000000000270e+02
2.318435799999999872e+05 -1.703200999999999965e+01 -2.632341999999999871e+02
2.318437799999999988e+05 -1.693978999999999857e+01 -2.650745000000000005e+02
2.318439799999999814e+05 -1.674245000000000161e+01 -2.636236999999999853e+02
2.318441799999999930e+05 -1.577826999999999913e+01 -2.626274000000000228e+02
