# Time finished:
# 2015-06-02 22.22.43
# Temp volt start:
# 1.058871
# Temp volt stop:
# 1.058871
# Approx start T:
# 58.6835695838
# Approx stop T:
# 58.781602469
# DC bias measured, messed up:
# 4.00018
# DC bias we asked for:
# 4
2.317670299999999988e+05 -1.462918999999999947e+01 8.782604000000000610e+01
2.317672300000000105e+05 -1.477571999999999974e+01 8.588227000000000544e+01
2.317674299999999930e+05 -1.477533999999999992e+01 8.797903999999999769e+01
2.317676300000000047e+05 -1.507774000000000036e+01 8.659260000000000446e+01
2.317678299999999872e+05 -1.484004000000000012e+01 8.747832999999999970e+01
2.317680299999999988e+05 -1.434206999999999965e+01 8.890250000000000341e+01
2.317682300000000105e+05 -1.472502000000000066e+01 8.686226000000000624e+01
2.317684299999999930e+05 -1.513474000000000075e+01 8.933767000000000280e+01
2.317686300000000047e+05 -1.497503999999999991e+01 8.976534999999999798e+01
2.317688299999999872e+05 -1.449878999999999962e+01 8.792682000000000642e+01
2.317690299999999988e+05 -1.440691999999999950e+01 8.742417000000000371e+01
2.317692300000000105e+05 -1.470442000000000071e+01 8.490729000000000326e+01
2.317694299999999930e+05 -1.463217999999999996e+01 8.761229000000000156e+01
2.317696300000000047e+05 -1.444295999999999935e+01 8.481929999999999836e+01
2.317698299999999872e+05 -1.476171000000000078e+01 8.961410999999999660e+01
2.317700299999999988e+05 -1.390114999999999945e+01 8.501103999999999417e+01
2.317702300000000105e+05 -1.398555999999999955e+01 8.599553000000000225e+01
2.317704299999999930e+05 -1.419035000000000046e+01 8.647468999999999539e+01
2.317706300000000047e+05 -1.469730999999999987e+01 8.860707999999999629e+01
2.317708299999999872e+05 -1.431893999999999956e+01 8.460676999999999737e+01
2.317710299999999988e+05 -1.396735999999999933e+01 8.590564999999999429e+01
2.317712300000000105e+05 -1.406659999999999933e+01 8.796741000000000099e+01
2.317714299999999930e+05 -1.416512999999999955e+01 8.692386000000000479e+01
2.317716300000000047e+05 -1.349291999999999980e+01 8.305662999999999840e+01
2.317718299999999872e+05 -1.317872999999999983e+01 8.264600000000000080e+01
2.317720299999999988e+05 -1.381944999999999979e+01 8.424477000000000260e+01
2.317722300000000105e+05 -1.392632000000000048e+01 8.168622999999999479e+01
2.317724299999999930e+05 -1.322565999999999953e+01 8.219024000000000285e+01
2.317726300000000047e+05 -1.351923000000000030e+01 8.476042999999999950e+01
2.317728299999999872e+05 -1.347608999999999924e+01 8.247665000000000646e+01
2.317730299999999988e+05 -1.313197000000000081e+01 8.308948999999999785e+01
2.317732300000000105e+05 -1.321959000000000017e+01 8.151528999999999314e+01
2.317734299999999930e+05 -1.255143999999999949e+01 8.375284999999999513e+01
2.317736300000000047e+05 -1.233999999999999986e+01 7.997109000000000378e+01
2.317738299999999872e+05 -1.187448000000000015e+01 8.186033999999999367e+01
2.317740299999999988e+05 -1.129068999999999967e+01 7.839404000000000394e+01
2.317742300000000105e+05 -1.101664000000000065e+01 7.167589999999999861e+01
2.317744299999999930e+05 -1.051922000000000068e+01 7.458957999999999799e+01
2.317746300000000047e+05 -9.845368999999999815e+00 6.857209000000000287e+01
2.317748299999999872e+05 -9.065239999999999299e+00 6.818869999999999720e+01
2.317750299999999988e+05 -7.936016000000000403e+00 6.043079999999999785e+01
2.317752300000000105e+05 -6.248321999999999932e+00 5.145154999999999745e+01
2.317754299999999930e+05 -4.606467999999999563e+00 3.639415000000000333e+01
2.317756300000000047e+05 -2.497199000000000169e+00 1.111100000000000065e+01
2.317758299999999872e+05 -7.520392999999999661e-01 -3.128522999999999854e+01
2.317760299999999988e+05 -1.490076999999999929e-01 -9.825607999999999720e+01
2.317762300000000105e+05 -1.790440000000000031e+00 -1.834824999999999875e+02
2.317764299999999930e+05 -7.680646000000000306e+00 -2.994121000000000095e+02
2.317766300000000047e+05 -7.817008000000000401e+00 -4.769395000000000095e+02
2.317768299999999872e+05 -9.576510000000000744e+00 -6.333627000000000180e+02
2.317770299999999988e+05 -1.138526000000000060e+01 -5.235218999999999596e+02
2.317772300000000105e+05 -2.056396000000000157e+01 -3.760849999999999795e+02
2.317774299999999930e+05 -1.522964999999999947e+01 -2.822237999999999829e+02
2.317776300000000047e+05 -1.436013999999999946e+01 -2.564834000000000174e+02
2.317778299999999872e+05 -1.535905999999999949e+01 -2.526689000000000078e+02
2.317780299999999988e+05 -1.686457000000000050e+01 -2.573349999999999795e+02
2.317782300000000105e+05 -1.996389999999999887e+01 -2.701655000000000086e+02
2.317784299999999930e+05 -2.100573999999999941e+01 -2.423526999999999987e+02
2.317786300000000047e+05 -1.780651999999999902e+01 -2.397219000000000051e+02
2.317788299999999872e+05 -1.803135999999999939e+01 -2.600443000000000211e+02
2.317790299999999988e+05 -1.753748999999999825e+01 -2.456442000000000121e+02
2.317792300000000105e+05 -1.878042999999999907e+01 -2.513804000000000087e+02
2.317794299999999930e+05 -1.813943000000000083e+01 -2.603043999999999869e+02
2.317796300000000047e+05 -1.723686000000000007e+01 -2.510833000000000084e+02
2.317798299999999872e+05 -1.758997000000000099e+01 -2.592561000000000035e+02
2.317800299999999988e+05 -1.789865999999999957e+01 -2.564630999999999972e+02
2.317802300000000105e+05 -1.791865999999999914e+01 -2.562651999999999930e+02
2.317804299999999930e+05 -1.753171000000000035e+01 -2.567364000000000033e+02
2.317806300000000047e+05 -1.826871999999999829e+01 -2.619483999999999924e+02
2.317808299999999872e+05 -1.742041000000000039e+01 -2.592443999999999846e+02
2.317810299999999988e+05 -1.673846999999999952e+01 -2.559987000000000137e+02
2.317812300000000105e+05 -1.735841999999999885e+01 -2.597685999999999922e+02
2.317814299999999930e+05 -1.748364000000000118e+01 -2.615763000000000034e+02
2.317816300000000047e+05 -1.688288999999999973e+01 -2.571655999999999835e+02
2.317818299999999872e+05 -1.670402999999999949e+01 -2.580937000000000126e+02
2.317820299999999988e+05 -1.684722000000000008e+01 -2.609096999999999866e+02
2.317822300000000105e+05 -1.655294999999999916e+01 -2.603969000000000165e+02
2.317824299999999930e+05 -1.626340000000000074e+01 -2.586673999999999864e+02
2.317826300000000047e+05 -1.725620999999999938e+01 -2.652538000000000125e+02
2.317828299999999872e+05 -1.651300000000000168e+01 -2.643980000000000246e+02
2.317830299999999988e+05 -1.649212999999999951e+01 -2.621370999999999754e+02
2.317832300000000105e+05 -1.664473999999999876e+01 -2.646435000000000173e+02
2.317834299999999930e+05 -1.641366000000000014e+01 -2.659569000000000187e+02
2.317836300000000047e+05 -1.728083000000000169e+01 -2.607651000000000181e+02
2.317838299999999872e+05 -1.617411999999999850e+01 -2.575163999999999760e+02
2.317840299999999988e+05 -1.633677000000000135e+01 -2.602730999999999995e+02
2.317842300000000105e+05 -1.628960999999999970e+01 -2.612769999999999868e+02
2.317844299999999930e+05 -1.675150999999999968e+01 -2.641829999999999927e+02
2.317846300000000047e+05 -1.636883999999999872e+01 -2.651288999999999874e+02
2.317848299999999872e+05 -1.671203999999999823e+01 -2.650600000000000023e+02
2.317850299999999988e+05 -1.706480000000000175e+01 -2.640835999999999899e+02
2.317852300000000105e+05 -1.653545000000000087e+01 -2.645312000000000126e+02
2.317854299999999930e+05 -1.665870999999999924e+01 -2.601689000000000078e+02
2.317856300000000047e+05 -1.641076999999999941e+01 -2.651186999999999898e+02
2.317858299999999872e+05 -1.684027999999999992e+01 -2.619497000000000071e+02
2.317860299999999988e+05 -1.725910000000000011e+01 -2.664904000000000224e+02
2.317862300000000105e+05 -1.685377000000000081e+01 -2.631186999999999898e+02
2.317864299999999930e+05 -1.658192999999999984e+01 -2.685061999999999784e+02
2.317866300000000047e+05 -1.602374999999999972e+01 -2.630495999999999981e+02
2.317868299999999872e+05 -1.614152999999999949e+01 -2.655767999999999915e+02
2.317870299999999988e+05 -1.589099000000000039e+01 -2.640316000000000258e+02
