# Time finished:
# 2015-06-02 01.19.28
# Temp volt start:
# 0.97025371
# Temp volt stop:
# 0.97025371
# Approx start T:
# 108.740437958
# Approx stop T:
# 108.609522646
# DC bias measured, messed up:
# 8.001269
# DC bias we asked for:
# 8
2.318500299999999988e+05 -1.281413000000000046e+01 7.333491999999999678e+01
2.318502300000000105e+05 -1.370195000000000007e+01 8.436109999999999332e+01
2.318504299999999930e+05 -1.404137000000000057e+01 8.929070000000000107e+01
2.318506300000000047e+05 -1.186457000000000050e+01 8.130181000000000324e+01
2.318508299999999872e+05 -1.277547999999999995e+01 7.384356999999999971e+01
2.318510299999999988e+05 -1.166289000000000087e+01 7.897924000000000433e+01
2.318512300000000105e+05 -1.223249999999999993e+01 8.476995999999999754e+01
2.318514299999999930e+05 -1.105696000000000012e+01 7.951397000000000048e+01
2.318516300000000047e+05 -1.233665000000000056e+01 8.323511000000000593e+01
2.318518299999999872e+05 -1.214390000000000036e+01 7.628583999999999321e+01
2.318520299999999988e+05 -1.183966999999999992e+01 8.381577000000000055e+01
2.318522300000000105e+05 -1.080831000000000053e+01 9.176201000000000363e+01
2.318524299999999930e+05 -1.220893000000000050e+01 7.656704000000000576e+01
2.318526300000000047e+05 -1.251975000000000016e+01 8.007519999999999527e+01
2.318528299999999872e+05 -1.242553000000000019e+01 7.823484000000000549e+01
2.318530299999999988e+05 -1.170542999999999978e+01 6.814372000000000185e+01
2.318532300000000105e+05 -1.156678999999999924e+01 8.287292999999999665e+01
2.318534299999999930e+05 -1.158957999999999977e+01 8.632590000000000430e+01
2.318536300000000047e+05 -1.216743999999999915e+01 7.511939999999999884e+01
2.318538299999999872e+05 -1.074704000000000015e+01 7.374232000000000653e+01
2.318540299999999988e+05 -1.111222000000000065e+01 7.980498000000000047e+01
2.318542300000000105e+05 -9.521387000000000711e+00 7.496235000000000070e+01
2.318544299999999930e+05 -9.925064000000000775e+00 7.290823000000000320e+01
2.318546300000000047e+05 -1.025642000000000031e+01 6.894432999999999367e+01
2.318548299999999872e+05 -8.658635999999999555e+00 7.433944999999999936e+01
2.318550299999999988e+05 -9.531942000000000803e+00 7.409717000000000553e+01
2.318552300000000105e+05 -9.040921000000000873e+00 7.822244000000000597e+01
2.318554299999999930e+05 -8.092700000000000671e+00 7.515778000000000247e+01
2.318556300000000047e+05 -9.054785000000000750e+00 7.135374000000000194e+01
2.318558299999999872e+05 -7.774010999999999783e+00 7.309416000000000224e+01
2.318560299999999988e+05 -8.257443000000000310e+00 6.709461000000000297e+01
2.318562300000000105e+05 -7.809467999999999854e+00 6.575817000000000689e+01
2.318564299999999930e+05 -8.507431999999999661e+00 7.333992999999999540e+01
2.318566300000000047e+05 -7.325998000000000232e+00 7.204609000000000663e+01
2.318568299999999872e+05 -5.554192999999999714e+00 7.327192999999999756e+01
2.318570299999999988e+05 -4.678872000000000142e+00 7.381252999999999531e+01
2.318572300000000105e+05 -3.930416999999999828e+00 6.550426000000000215e+01
2.318574299999999930e+05 -3.230459999999999887e+00 6.238770999999999844e+01
2.318576300000000047e+05 -1.959991000000000039e+00 5.850739999999999696e+01
2.318578299999999872e+05 -1.069965999999999973e+00 5.627105999999999852e+01
2.318580299999999988e+05 1.187756000000000034e+00 5.078963000000000250e+01
2.318582300000000105e+05 2.814303999999999917e+00 4.377360999999999791e+01
2.318584299999999930e+05 5.384651999999999994e+00 3.129319999999999879e+01
2.318586300000000047e+05 8.081744000000000483e+00 1.278284999999999982e+01
2.318588299999999872e+05 1.071787999999999919e+01 -1.843945000000000078e+01
2.318590299999999988e+05 1.241990000000000016e+01 -6.257567000000000235e+01
2.318592300000000105e+05 1.207030999999999921e+01 -1.243018000000000001e+02
2.318594299999999930e+05 6.356574000000000169e+00 -2.140044000000000040e+02
2.318596300000000047e+05 3.950070000000000192e+00 -4.029451000000000249e+01
2.318598299999999872e+05 3.497160000000000046e+00 -1.828011999999999944e+02
2.318600299999999988e+05 3.739648999999999890e-01 -7.289967000000000041e+01
2.318602300000000105e+05 -7.224567999999999657e+00 7.799163000000000068e+01
2.318604299999999930e+05 -4.723296000000000383e+00 1.658317999999999870e+02
2.318606300000000047e+05 -4.675051999999999985e+00 1.982009999999999934e+02
2.318608299999999872e+05 -6.911150000000000126e+00 2.067258999999999958e+02
2.318610299999999988e+05 -8.849693000000000254e+00 2.065153999999999996e+02
2.318612300000000105e+05 -1.165360000000000085e+01 1.825910000000000082e+02
2.318614299999999930e+05 -1.956575000000000131e+01 1.718161000000000058e+02
2.318616300000000047e+05 -1.543149000000000015e+01 2.159225999999999885e+02
2.318618299999999872e+05 -1.643497999999999948e+01 1.764151999999999987e+02
2.318620299999999988e+05 -1.688758999999999943e+01 2.129941000000000031e+02
2.318622300000000105e+05 -2.179822000000000060e+01 1.714171000000000049e+02
2.318624299999999930e+05 -1.656161000000000172e+01 1.969869999999999948e+02
2.318626300000000047e+05 -1.760332000000000008e+01 1.790855999999999995e+02
2.318628299999999872e+05 -1.826627999999999830e+01 1.680321999999999889e+02
2.318630299999999988e+05 -1.948901000000000039e+01 1.380732000000000141e+02
2.318632300000000105e+05 -2.253528000000000020e+01 1.647479999999999905e+02
2.318634299999999930e+05 -2.127721000000000018e+01 1.598983000000000061e+02
2.318636300000000047e+05 -1.730042999999999864e+01 1.770157000000000096e+02
2.318638299999999872e+05 -2.426143000000000072e+01 1.404376000000000033e+02
2.318640299999999988e+05 -2.221465999999999852e+01 1.541312000000000069e+02
2.318642300000000105e+05 -2.136685999999999908e+01 1.619501999999999953e+02
2.318644299999999930e+05 -1.970569000000000059e+01 1.445457000000000107e+02
2.318646300000000047e+05 -2.208581999999999823e+01 1.352941999999999894e+02
2.318648299999999872e+05 -2.267596999999999952e+01 1.443722999999999956e+02
2.318650299999999988e+05 -1.969546000000000063e+01 1.270434999999999945e+02
2.318652300000000105e+05 -1.928947000000000145e+01 1.391383999999999901e+02
2.318654299999999930e+05 -2.169297999999999860e+01 1.061546000000000021e+02
2.318656300000000047e+05 -2.005709999999999837e+01 1.384927000000000135e+02
2.318658299999999872e+05 -2.047605000000000075e+01 1.265699000000000041e+02
2.318660299999999988e+05 -1.523254000000000019e+01 1.282989000000000033e+02
2.318662300000000105e+05 -2.124260999999999910e+01 1.215828000000000060e+02
2.318664299999999930e+05 -2.043029999999999902e+01 1.401305000000000121e+02
2.318666300000000047e+05 -1.679119000000000028e+01 1.248944000000000045e+02
2.318668299999999872e+05 -1.909423999999999921e+01 1.179715999999999951e+02
2.318670299999999988e+05 -1.852789999999999893e+01 1.132346000000000004e+02
2.318672300000000105e+05 -2.102343000000000117e+01 1.218375999999999948e+02
2.318674299999999930e+05 -1.761482000000000170e+01 1.023868999999999971e+02
2.318676300000000047e+05 -1.922807999999999851e+01 1.128348000000000013e+02
2.318678299999999872e+05 -2.156595000000000084e+01 1.258541000000000025e+02
2.318680299999999988e+05 -2.225816999999999979e+01 1.236570999999999998e+02
2.318682300000000105e+05 -1.899936999999999898e+01 1.308710000000000093e+02
2.318684299999999930e+05 -1.919709999999999894e+01 1.012576999999999998e+02
2.318686300000000047e+05 -2.051285000000000025e+01 1.306628000000000043e+02
2.318688299999999872e+05 -2.060067000000000093e+01 1.223225999999999942e+02
2.318690299999999988e+05 -1.828028000000000119e+01 1.256728999999999985e+02
2.318692300000000105e+05 -1.826821999999999946e+01 1.149072000000000031e+02
2.318694299999999930e+05 -1.953701999999999828e+01 1.332403999999999940e+02
2.318696300000000047e+05 -2.169109999999999872e+01 1.210120000000000005e+02
2.318698299999999872e+05 -1.562828000000000017e+01 1.113692000000000064e+02
2.318700299999999988e+05 -1.763213000000000008e+01 1.241668999999999983e+02
