# Time finished:
# 2015-06-04 00.11.06
# Temp volt start:
# 1.0065179
# Temp volt stop:
# 1.0065179
# Approx start T:
# 88.9131027337
# Approx stop T:
# 88.9331581145
# DC bias measured, messed up:
# 3.999552
# DC bias we asked for:
# 4
2.318260700000000070e+05 -1.524244999999999983e+01 8.890340999999999383e+01
2.318262700000000186e+05 -1.460633999999999943e+01 8.875615999999999417e+01
2.318264700000000012e+05 -1.450380999999999965e+01 8.635948000000000491e+01
2.318266700000000128e+05 -1.486761000000000088e+01 8.874626999999999555e+01
2.318268699999999953e+05 -1.433338999999999963e+01 8.824572000000000571e+01
2.318270700000000070e+05 -1.460919999999999952e+01 8.876175999999999533e+01
2.318272700000000186e+05 -1.495226000000000077e+01 8.835245999999999356e+01
2.318274700000000012e+05 -1.475901999999999958e+01 8.834887999999999408e+01
2.318276700000000128e+05 -1.471887000000000079e+01 8.585114000000000090e+01
2.318278699999999953e+05 -1.487049999999999983e+01 8.897816000000000258e+01
2.318280700000000070e+05 -1.424831999999999965e+01 8.796944999999999482e+01
2.318282700000000186e+05 -1.428658000000000072e+01 8.544468999999999426e+01
2.318284700000000012e+05 -1.422096999999999944e+01 8.626276000000000010e+01
2.318286700000000128e+05 -1.449358999999999931e+01 8.492574000000000467e+01
2.318288699999999953e+05 -1.457909000000000077e+01 8.777248000000000161e+01
2.318290700000000070e+05 -1.443676999999999921e+01 8.542273000000000138e+01
2.318292700000000186e+05 -1.436575999999999986e+01 8.449103999999999814e+01
2.318294700000000012e+05 -1.437927999999999962e+01 8.789458999999999378e+01
2.318296700000000128e+05 -1.392853999999999992e+01 8.951449999999999818e+01
2.318298699999999953e+05 -1.396892000000000067e+01 8.666912999999999556e+01
2.318300700000000070e+05 -1.380021999999999949e+01 8.524842999999999904e+01
2.318302700000000186e+05 -1.407775999999999961e+01 8.648148000000000479e+01
2.318304700000000012e+05 -1.385281999999999947e+01 8.478624999999999545e+01
2.318306700000000128e+05 -1.411204000000000036e+01 8.570405999999999835e+01
2.318308699999999953e+05 -1.391285000000000061e+01 8.273105999999999938e+01
2.318310700000000070e+05 -1.369519999999999982e+01 8.175830999999999449e+01
2.318312700000000186e+05 -1.336367000000000083e+01 8.248529000000000622e+01
2.318314700000000012e+05 -1.368183999999999934e+01 8.136509999999999820e+01
2.318316700000000128e+05 -1.280953000000000053e+01 8.398414999999999964e+01
2.318318699999999953e+05 -1.309070999999999962e+01 8.128072000000000230e+01
2.318320700000000070e+05 -1.319693000000000005e+01 8.093949000000000638e+01
2.318322700000000186e+05 -1.284107999999999983e+01 7.946708999999999889e+01
2.318324700000000012e+05 -1.207640999999999920e+01 8.098332999999999515e+01
2.318326700000000128e+05 -1.124643000000000015e+01 7.779879999999999995e+01
2.318328699999999953e+05 -1.092794999999999916e+01 7.406367000000000189e+01
2.318330700000000070e+05 -1.088577000000000083e+01 7.221632999999999925e+01
2.318332700000000186e+05 -1.008507999999999960e+01 7.171970000000000312e+01
2.318334700000000012e+05 -9.488362999999999658e+00 6.856091000000000690e+01
2.318336700000000128e+05 -8.400603000000000264e+00 6.331792999999999694e+01
2.318338699999999953e+05 -7.099844000000000044e+00 5.593012000000000228e+01
2.318340700000000070e+05 -5.573968999999999951e+00 4.168556999999999846e+01
2.318342700000000186e+05 -3.551111000000000129e+00 2.106390999999999991e+01
2.318344700000000012e+05 -1.875947999999999949e+00 -1.372735999999999912e+01
2.318346700000000128e+05 -9.273019000000000123e-01 -7.011942000000000519e+01
2.318348699999999953e+05 -1.858578000000000063e+00 -1.457343999999999937e+02
2.318350700000000070e+05 -6.759278000000000119e+00 -2.409784999999999968e+02
2.318352700000000186e+05 -1.147405000000000008e+01 -4.111875999999999749e+02
2.318354700000000012e+05 -9.567800999999999334e+00 -5.675773000000000366e+02
2.318356700000000128e+05 -2.010682999999999865e+01 -4.347157000000000266e+02
2.318358699999999953e+05 -1.462914999999999921e+01 -2.687656000000000063e+02
2.318360700000000070e+05 -1.462686000000000064e+01 -2.197827000000000055e+02
2.318362700000000186e+05 -1.862349999999999994e+01 -2.028591000000000122e+02
2.318364700000000012e+05 -2.095589000000000013e+01 -2.162406000000000006e+02
2.318366700000000128e+05 -2.071068999999999960e+01 -2.273075000000000045e+02
2.318368699999999953e+05 -1.865589999999999904e+01 -2.356388000000000034e+02
2.318370700000000070e+05 -1.787508000000000052e+01 -2.521414000000000044e+02
2.318372700000000186e+05 -1.869401999999999830e+01 -2.567377000000000180e+02
2.318374700000000012e+05 -1.855649000000000015e+01 -2.505421000000000049e+02
2.318376700000000128e+05 -1.756475000000000009e+01 -2.562212000000000103e+02
2.318378699999999953e+05 -1.783387000000000100e+01 -2.530517000000000110e+02
2.318380700000000070e+05 -1.790461000000000169e+01 -2.536103999999999985e+02
2.318382700000000186e+05 -1.758635999999999910e+01 -2.590788999999999760e+02
2.318384700000000012e+05 -1.768648999999999916e+01 -2.546015999999999906e+02
2.318386700000000128e+05 -1.699903000000000119e+01 -2.570477000000000203e+02
2.318388699999999953e+05 -1.798743999999999943e+01 -2.561904000000000110e+02
2.318390700000000070e+05 -1.805039000000000016e+01 -2.636761999999999944e+02
2.318392700000000186e+05 -1.816798999999999964e+01 -2.581949999999999932e+02
2.318394700000000012e+05 -1.691669999999999874e+01 -2.605400000000000205e+02
2.318396700000000128e+05 -1.717434000000000083e+01 -2.576118999999999915e+02
2.318398699999999953e+05 -1.703494999999999848e+01 -2.609017000000000053e+02
2.318400700000000070e+05 -1.683953999999999951e+01 -2.630758999999999901e+02
2.318402700000000186e+05 -1.707507999999999981e+01 -2.605742999999999938e+02
2.318404700000000012e+05 -1.677066999999999908e+01 -2.597794999999999845e+02
2.318406700000000128e+05 -1.703997999999999990e+01 -2.598539000000000101e+02
2.318408699999999953e+05 -1.690599999999999881e+01 -2.553723999999999990e+02
2.318410700000000070e+05 -1.707886999999999844e+01 -2.595267000000000053e+02
2.318412700000000186e+05 -1.699977000000000160e+01 -2.615278999999999883e+02
2.318414700000000012e+05 -1.712459000000000131e+01 -2.584268000000000143e+02
2.318416700000000128e+05 -1.653334999999999866e+01 -2.610978999999999814e+02
2.318418699999999953e+05 -1.698320999999999970e+01 -2.619787000000000035e+02
2.318420700000000070e+05 -1.648364000000000118e+01 -2.621147000000000276e+02
2.318422700000000186e+05 -1.679411999999999949e+01 -2.612144000000000119e+02
2.318424700000000012e+05 -1.650569000000000131e+01 -2.606979000000000042e+02
2.318426700000000128e+05 -1.683627999999999858e+01 -2.664187999999999761e+02
2.318428699999999953e+05 -1.704365999999999914e+01 -2.614956999999999994e+02
2.318430700000000070e+05 -1.671593000000000018e+01 -2.582352000000000203e+02
2.318432700000000186e+05 -1.689828999999999937e+01 -2.623183999999999969e+02
2.318434700000000012e+05 -1.615313000000000088e+01 -2.645731999999999857e+02
2.318436700000000128e+05 -1.642182999999999993e+01 -2.646388000000000034e+02
2.318438699999999953e+05 -1.598409999999999975e+01 -2.635615000000000236e+02
2.318440700000000070e+05 -1.580115999999999943e+01 -2.629864999999999782e+02
2.318442700000000186e+05 -1.678957000000000122e+01 -2.652656000000000063e+02
2.318444700000000012e+05 -1.646608000000000160e+01 -2.649041000000000281e+02
2.318446700000000128e+05 -1.636194000000000059e+01 -2.650683999999999969e+02
2.318448699999999953e+05 -1.652989000000000175e+01 -2.650305999999999926e+02
2.318450700000000070e+05 -1.685987000000000080e+01 -2.629225000000000136e+02
2.318452700000000186e+05 -1.624644999999999939e+01 -2.633253000000000270e+02
2.318454700000000012e+05 -1.660968000000000089e+01 -2.641648000000000138e+02
2.318456700000000128e+05 -1.642267999999999972e+01 -2.646365000000000123e+02
2.318458699999999953e+05 -1.664545999999999992e+01 -2.614492999999999938e+02
2.318460700000000070e+05 -1.630914999999999893e+01 -2.634375999999999749e+02
