# Time finished:
# 2015-06-03 17.38.34
# Temp volt start:
# 1.0119879
# Temp volt stop:
# 1.0119879
# Approx start T:
# 85.8469956072
# Approx stop T:
# 85.8657236454
# DC bias measured, messed up:
# 3.999527
# DC bias we asked for:
# 4
2.318200000000000000e+05 -1.520196999999999932e+01 8.812301999999999680e+01
2.318202000000000116e+05 -1.496545000000000059e+01 8.849617000000000644e+01
2.318203999999999942e+05 -1.437743000000000038e+01 8.519159999999999400e+01
2.318206000000000058e+05 -1.477884000000000064e+01 8.726724000000000103e+01
2.318207999999999884e+05 -1.488360999999999912e+01 8.741794000000000153e+01
2.318210000000000000e+05 -1.443022999999999989e+01 8.973957000000000050e+01
2.318212000000000116e+05 -1.456000000000000050e+01 8.611464999999999748e+01
2.318213999999999942e+05 -1.449117000000000033e+01 8.928977000000000430e+01
2.318216000000000058e+05 -1.416441999999999979e+01 8.746487999999999374e+01
2.318217999999999884e+05 -1.485368000000000066e+01 8.766467000000000098e+01
2.318220000000000000e+05 -1.396031999999999940e+01 8.638185000000000002e+01
2.318222000000000116e+05 -1.397221000000000046e+01 8.809994000000000369e+01
2.318223999999999942e+05 -1.420963000000000065e+01 8.733419999999999561e+01
2.318226000000000058e+05 -1.429734999999999978e+01 8.916705000000000325e+01
2.318227999999999884e+05 -1.462561999999999962e+01 8.606189000000000533e+01
2.318230000000000000e+05 -1.423447999999999958e+01 8.522236999999999796e+01
2.318232000000000116e+05 -1.446725999999999956e+01 8.736966999999999928e+01
2.318233999999999942e+05 -1.414690000000000047e+01 8.550997999999999877e+01
2.318236000000000058e+05 -1.407531999999999961e+01 8.443898000000000081e+01
2.318237999999999884e+05 -1.392286000000000001e+01 8.600509999999999877e+01
2.318240000000000000e+05 -1.425198999999999927e+01 8.698449999999999704e+01
2.318242000000000116e+05 -1.400990000000000002e+01 8.572995000000000232e+01
2.318243999999999942e+05 -1.404133000000000031e+01 8.497817999999999472e+01
2.318246000000000058e+05 -1.418215999999999966e+01 8.661812000000000467e+01
2.318247999999999884e+05 -1.363240000000000052e+01 8.506768999999999892e+01
2.318250000000000000e+05 -1.325609000000000037e+01 8.183279000000000281e+01
2.318252000000000116e+05 -1.359476000000000084e+01 8.187004000000000303e+01
2.318253999999999942e+05 -1.297624000000000066e+01 8.338604999999999734e+01
2.318256000000000058e+05 -1.320137000000000072e+01 8.237623000000000673e+01
2.318257999999999884e+05 -1.324619999999999997e+01 8.194341000000000008e+01
2.318260000000000000e+05 -1.286414000000000080e+01 8.016200999999999510e+01
2.318262000000000116e+05 -1.267456999999999923e+01 7.910590000000000543e+01
2.318263999999999942e+05 -1.169781000000000049e+01 8.110442000000000462e+01
2.318266000000000058e+05 -1.160870000000000068e+01 7.743058000000000618e+01
2.318267999999999884e+05 -1.095457999999999998e+01 7.177688999999999453e+01
2.318270000000000000e+05 -1.093374999999999986e+01 7.183176000000000272e+01
2.318272000000000116e+05 -1.009606999999999921e+01 7.111287000000000091e+01
2.318273999999999942e+05 -9.536882000000000303e+00 6.606592999999999449e+01
2.318276000000000058e+05 -8.212585999999999942e+00 6.172099999999999653e+01
2.318277999999999884e+05 -6.820859999999999701e+00 5.485873999999999739e+01
2.318280000000000000e+05 -5.461661000000000321e+00 4.019695999999999714e+01
2.318282000000000116e+05 -3.493233000000000033e+00 1.957695000000000007e+01
2.318283999999999942e+05 -1.698611000000000093e+00 -1.900202000000000169e+01
2.318286000000000058e+05 -8.665667999999999704e-01 -7.724249000000000365e+01
2.318287999999999884e+05 -2.181095000000000006e+00 -1.562531999999999925e+02
2.318290000000000000e+05 -7.702301000000000286e+00 -2.537564999999999884e+02
2.318292000000000116e+05 -1.116305999999999976e+01 -4.311915000000000191e+02
2.318293999999999942e+05 -9.967323000000000377e+00 -5.830247000000000526e+02
2.318296000000000058e+05 -1.820338999999999885e+01 -4.712201000000000022e+02
2.318297999999999884e+05 -1.672978000000000165e+01 -6.450240000000000009e+02
2.318300000000000000e+05 -1.500306999999999924e+01 -5.989697999999999638e+02
2.318302000000000116e+05 -1.695183000000000106e+01 -5.802531999999999925e+02
2.318303999999999942e+05 -1.864219999999999899e+01 -5.887046000000000276e+02
2.318306000000000058e+05 -1.879334000000000060e+01 -5.933609999999999900e+02
2.318307999999999884e+05 -1.728022999999999954e+01 -6.012174999999999727e+02
2.318310000000000000e+05 -1.781551999999999936e+01 -6.133914999999999509e+02
2.318312000000000116e+05 -1.943499999999999872e+01 -6.081811999999999898e+02
2.318313999999999942e+05 -1.829104999999999848e+01 -6.148338999999999714e+02
2.318316000000000058e+05 -1.895634000000000086e+01 -6.166028999999999769e+02
2.318317999999999884e+05 -1.787146999999999863e+01 -6.176527999999999565e+02
2.318320000000000000e+05 -1.845572999999999908e+01 -6.135573000000000548e+02
2.318322000000000116e+05 -1.780098999999999876e+01 -6.143790000000000191e+02
2.318323999999999942e+05 -1.698414000000000001e+01 -6.181231000000000222e+02
2.318326000000000058e+05 -1.719478000000000151e+01 -6.176082000000000107e+02
2.318327999999999884e+05 -1.722737000000000052e+01 -6.190560000000000400e+02
2.318330000000000000e+05 -1.751945999999999870e+01 -6.233636000000000195e+02
2.318332000000000116e+05 -1.800234000000000023e+01 -6.179998000000000502e+02
2.318333999999999942e+05 -1.763149999999999906e+01 -6.197716000000000349e+02
2.318336000000000058e+05 -1.735896999999999935e+01 -6.199903000000000475e+02
2.318337999999999884e+05 -1.776170000000000115e+01 -6.204498999999999569e+02
2.318340000000000000e+05 -1.689209999999999923e+01 -6.199216000000000122e+02
2.318342000000000116e+05 -1.665444000000000102e+01 -6.209402999999999793e+02
2.318343999999999942e+05 -1.760511999999999944e+01 -6.227164999999999964e+02
2.318346000000000058e+05 -1.729703999999999908e+01 -6.218220999999999776e+02
2.318347999999999884e+05 -1.743158000000000030e+01 -6.217476000000000340e+02
2.318350000000000000e+05 -1.688748000000000005e+01 -6.186453999999999951e+02
2.318352000000000116e+05 -1.725266999999999840e+01 -6.218472000000000435e+02
2.318353999999999942e+05 -1.708259999999999934e+01 -6.196259999999999764e+02
2.318356000000000058e+05 -1.686409000000000091e+01 -6.185275000000000318e+02
2.318357999999999884e+05 -1.613253999999999877e+01 -6.201169999999999618e+02
2.318360000000000000e+05 -1.671545000000000059e+01 -6.246439000000000306e+02
2.318362000000000116e+05 -1.668784000000000134e+01 -6.236833000000000311e+02
2.318363999999999942e+05 -1.632707999999999871e+01 -6.248733999999999469e+02
2.318366000000000058e+05 -1.658643999999999963e+01 -6.205766999999999598e+02
2.318367999999999884e+05 -1.665863999999999834e+01 -6.258958000000000084e+02
2.318370000000000000e+05 -1.682611999999999952e+01 -6.258749000000000251e+02
2.318372000000000116e+05 -1.656953999999999994e+01 -6.245411000000000286e+02
2.318373999999999942e+05 -1.661809999999999832e+01 -6.267205999999999904e+02
2.318376000000000058e+05 -1.660941000000000045e+01 -6.222083999999999833e+02
2.318377999999999884e+05 -1.662143000000000015e+01 -6.215105999999999540e+02
2.318380000000000000e+05 -1.609468999999999994e+01 -6.229945000000000164e+02
2.318382000000000116e+05 -1.670107000000000141e+01 -6.267196999999999889e+02
2.318383999999999942e+05 -1.603410999999999831e+01 -6.255751999999999953e+02
2.318386000000000058e+05 -1.659926000000000101e+01 -6.231707000000000107e+02
2.318387999999999884e+05 -1.631460999999999828e+01 -6.215678000000000338e+02
2.318390000000000000e+05 -1.653524000000000171e+01 -6.264506999999999834e+02
2.318392000000000116e+05 -1.666756000000000171e+01 -6.238293999999999642e+02
2.318393999999999942e+05 -1.654932000000000158e+01 -6.246903999999999542e+02
2.318396000000000058e+05 -1.631944000000000017e+01 -6.194389999999999645e+02
2.318397999999999884e+05 -1.607314999999999827e+01 -6.281436999999999671e+02
2.318400000000000000e+05 -1.628969999999999985e+01 -6.254074000000000524e+02
