# Time finished:
# 2015-06-04 12.20.49
# Temp volt start:
# 0.91779988
# Temp volt stop:
# 0.91779988
# Approx start T:
# 136.030020465
# Approx stop T:
# 136.104770666
# DC bias measured, messed up:
# 3.999379
# DC bias we asked for:
# 4
2.319048099999999977e+05 -1.465451000000000015e+01 9.176973999999999876e+01
2.319050100000000093e+05 -1.474249999999999972e+01 8.846133000000000379e+01
2.319052099999999919e+05 -1.493821999999999939e+01 8.835634000000000299e+01
2.319054100000000035e+05 -1.478473999999999933e+01 8.790733000000000175e+01
2.319056099999999860e+05 -1.442337999999999987e+01 8.822822999999999638e+01
2.319058099999999977e+05 -1.479878000000000071e+01 9.079652000000000100e+01
2.319060100000000093e+05 -1.475855999999999923e+01 8.717224000000000217e+01
2.319062099999999919e+05 -1.472953000000000046e+01 8.740891000000000588e+01
2.319064100000000035e+05 -1.459919000000000011e+01 8.634095000000000653e+01
2.319066099999999860e+05 -1.478115999999999985e+01 9.047839999999999350e+01
2.319068099999999977e+05 -1.452901999999999916e+01 8.785802999999999940e+01
2.319070100000000093e+05 -1.410784999999999911e+01 8.443112000000000705e+01
2.319072099999999919e+05 -1.452328999999999937e+01 8.858693999999999846e+01
2.319074100000000035e+05 -1.426824000000000048e+01 8.812048000000000059e+01
2.319076099999999860e+05 -1.458031000000000077e+01 8.276596000000000686e+01
2.319078099999999977e+05 -1.419331000000000031e+01 8.826295000000000357e+01
2.319080100000000093e+05 -1.427055000000000007e+01 8.832113999999999976e+01
2.319082099999999919e+05 -1.410581999999999958e+01 8.742141999999999769e+01
2.319084100000000035e+05 -1.379209999999999958e+01 8.820036000000000342e+01
2.319086099999999860e+05 -1.423431000000000068e+01 8.226448000000000604e+01
2.319088099999999977e+05 -1.385543999999999976e+01 8.662448999999999444e+01
2.319090100000000093e+05 -1.383169000000000004e+01 8.296384000000000469e+01
2.319092099999999919e+05 -1.366459000000000046e+01 8.382331000000000643e+01
2.319094100000000035e+05 -1.367793999999999954e+01 8.323591000000000406e+01
2.319096099999999860e+05 -1.418266999999999989e+01 8.018945999999999685e+01
2.319098099999999977e+05 -1.332933000000000057e+01 8.400409999999999400e+01
2.319100100000000093e+05 -1.367439000000000071e+01 8.209672999999999377e+01
2.319102099999999919e+05 -1.312676000000000087e+01 8.260886000000000706e+01
2.319104100000000035e+05 -1.312686000000000064e+01 8.126057000000000130e+01
2.319106099999999860e+05 -1.310435999999999979e+01 8.326323999999999614e+01
2.319108099999999977e+05 -1.283844999999999992e+01 8.191637000000000057e+01
2.319110100000000093e+05 -1.246094000000000079e+01 8.182262000000000057e+01
2.319112099999999919e+05 -1.183256000000000085e+01 8.123149999999999693e+01
2.319114100000000035e+05 -1.118737999999999921e+01 7.746012000000000342e+01
2.319116099999999860e+05 -1.137426999999999921e+01 7.514369999999999550e+01
2.319118099999999977e+05 -1.041563999999999979e+01 7.314951000000000647e+01
2.319120100000000093e+05 -9.788800999999999419e+00 6.839175000000000182e+01
2.319122099999999919e+05 -8.976088999999999984e+00 6.627794000000000096e+01
2.319124100000000035e+05 -8.369044999999999845e+00 5.937218000000000018e+01
2.319126099999999860e+05 -6.605750999999999706e+00 5.014710999999999785e+01
2.319128099999999977e+05 -4.840244000000000213e+00 3.521217999999999648e+01
2.319130100000000093e+05 -2.810397000000000034e+00 7.595301000000000080e+00
2.319132099999999919e+05 -1.223209999999999908e+00 -3.656933999999999685e+01
2.319134100000000035e+05 -1.039153999999999911e+00 -1.038750000000000000e+02
2.319136099999999860e+05 -3.561709000000000014e+00 -1.872456999999999994e+02
2.319138099999999977e+05 -1.055935999999999986e+01 -3.044789999999999850e+02
2.319140100000000093e+05 -9.582171999999999912e+00 -1.280880999999999972e+02
2.319142099999999919e+05 -1.257230000000000025e+01 -2.759714000000000169e+02
2.319144100000000035e+05 -1.311529999999999951e+01 -1.800037000000000091e+02
2.319146099999999860e+05 -3.123610000000000042e+01 -3.063042000000000087e+01
2.319148099999999977e+05 -1.901403000000000176e+01 7.867440999999999462e+01
2.319150100000000093e+05 -1.628783999999999921e+01 1.010298999999999978e+02
2.319152099999999919e+05 -1.689403000000000077e+01 9.981121000000000265e+01
2.319154100000000035e+05 -1.876586999999999961e+01 9.511641000000000190e+01
2.319156099999999860e+05 -2.157074000000000069e+01 1.054856000000000051e+02
2.319158099999999977e+05 -1.979832999999999998e+01 1.235704000000000065e+02
2.319160100000000093e+05 -1.686599999999999966e+01 1.096343999999999994e+02
2.319162099999999919e+05 -1.886779999999999902e+01 1.081234000000000037e+02
2.319164100000000035e+05 -1.751161000000000101e+01 1.039917999999999978e+02
2.319166099999999860e+05 -1.809568000000000154e+01 1.039538000000000011e+02
2.319168099999999977e+05 -1.766501999999999839e+01 1.025216999999999956e+02
2.319170100000000093e+05 -1.759818999999999889e+01 1.056069999999999993e+02
2.319172099999999919e+05 -1.812932999999999950e+01 1.027210000000000036e+02
2.319174100000000035e+05 -1.723835000000000051e+01 9.950603999999999871e+01
2.319176099999999860e+05 -1.730161999999999978e+01 1.027219000000000051e+02
2.319178099999999977e+05 -1.799033000000000015e+01 1.003840000000000003e+02
2.319180100000000093e+05 -1.776073999999999842e+01 1.001962999999999937e+02
2.319182099999999919e+05 -1.740858000000000061e+01 1.009390999999999963e+02
2.319184100000000035e+05 -1.741717999999999833e+01 1.041714000000000055e+02
2.319186099999999860e+05 -1.774837000000000131e+01 9.807171999999999912e+01
2.319188099999999977e+05 -1.740698000000000079e+01 1.037167000000000030e+02
2.319190100000000093e+05 -1.703866999999999976e+01 1.010362999999999971e+02
2.319192099999999919e+05 -1.729137000000000057e+01 9.711154999999999404e+01
2.319194100000000035e+05 -1.747622000000000142e+01 9.821738000000000568e+01
2.319196099999999860e+05 -1.708761000000000152e+01 9.953632000000000346e+01
2.319198099999999977e+05 -1.722022000000000119e+01 9.509778000000000020e+01
2.319200100000000093e+05 -1.674809000000000125e+01 9.862202000000000623e+01
2.319202099999999919e+05 -1.730500999999999934e+01 9.940722999999999843e+01
2.319204100000000035e+05 -1.693092000000000041e+01 9.709194999999999709e+01
2.319206099999999860e+05 -1.698590000000000089e+01 9.780396000000000356e+01
2.319208099999999977e+05 -1.678660999999999959e+01 9.716128000000000497e+01
2.319210100000000093e+05 -1.653992999999999824e+01 9.902203000000000088e+01
2.319212099999999919e+05 -1.650503000000000142e+01 9.873382999999999754e+01
2.319214100000000035e+05 -1.672600999999999871e+01 9.874223999999999535e+01
2.319216099999999860e+05 -1.722207999999999828e+01 9.481002999999999759e+01
2.319218099999999977e+05 -1.637361999999999895e+01 9.826539999999999964e+01
2.319220100000000093e+05 -1.689245000000000019e+01 9.857746000000000208e+01
2.319222099999999919e+05 -1.669743000000000066e+01 9.565579999999999927e+01
2.319224100000000035e+05 -1.657824000000000098e+01 1.030236000000000018e+02
2.319226099999999860e+05 -1.682692000000000121e+01 9.271865999999999985e+01
2.319228099999999977e+05 -1.660386000000000095e+01 9.721067999999999643e+01
2.319230100000000093e+05 -1.653409999999999869e+01 9.613551999999999964e+01
2.319232099999999919e+05 -1.602498999999999896e+01 9.362766000000000588e+01
2.319234100000000035e+05 -1.660050000000000026e+01 9.497072000000000003e+01
2.319236099999999860e+05 -1.694398999999999944e+01 9.778203999999999496e+01
2.319238099999999977e+05 -1.606042000000000058e+01 9.461856000000000222e+01
2.319240100000000093e+05 -1.651561999999999841e+01 9.795623999999999398e+01
2.319242099999999919e+05 -1.594366999999999912e+01 9.765730000000000643e+01
2.319244100000000035e+05 -1.629977999999999838e+01 9.797153000000000134e+01
2.319246099999999860e+05 -1.673947000000000074e+01 9.539816999999999325e+01
2.319248099999999977e+05 -1.663404999999999845e+01 9.801870999999999867e+01
