# Time finished:
# 2015-06-02 10.09.06
# Temp volt start:
# 1.0192424
# Temp volt stop:
# 1.0192424
# Approx start T:
# 81.7486072868
# Approx stop T:
# 81.7427620897
# DC bias measured, messed up:
# 8.001072
# DC bias we asked for:
# 8
2.317977500000000000e+05 -1.351698999999999984e+01 7.594871000000000549e+01
2.317979500000000116e+05 -1.329068999999999967e+01 8.989806000000000097e+01
2.317981499999999942e+05 -1.301248000000000005e+01 8.159284999999999854e+01
2.317983500000000058e+05 -1.252805000000000035e+01 8.187857999999999947e+01
2.317985499999999884e+05 -1.000929000000000002e+01 8.373501000000000261e+01
2.317987500000000000e+05 -1.181880999999999915e+01 7.099349999999999739e+01
2.317989500000000116e+05 -1.286302000000000056e+01 8.775158000000000413e+01
2.317991499999999942e+05 -1.188255999999999979e+01 8.801771999999999707e+01
2.317993500000000058e+05 -1.201473999999999975e+01 8.182008000000000436e+01
2.317995499999999884e+05 -1.267545999999999928e+01 7.704386999999999830e+01
2.317997500000000000e+05 -1.108991999999999933e+01 7.434519000000000233e+01
2.317999500000000116e+05 -1.079334000000000060e+01 8.375136999999999432e+01
2.318001499999999942e+05 -1.137481999999999971e+01 8.219013999999999953e+01
2.318003500000000058e+05 -1.170964999999999989e+01 8.976632999999999640e+01
2.318005499999999884e+05 -1.177262999999999948e+01 7.257532999999999390e+01
2.318007500000000000e+05 -1.234087000000000067e+01 8.085084999999999411e+01
2.318009500000000116e+05 -1.034165999999999919e+01 7.694250999999999863e+01
2.318011499999999942e+05 -1.105344999999999978e+01 8.103932000000000357e+01
2.318013500000000058e+05 -1.051919999999999966e+01 8.632280000000000086e+01
2.318015499999999884e+05 -1.144669999999999987e+01 8.007013999999999498e+01
2.318017500000000000e+05 -1.065867000000000075e+01 8.537393000000000143e+01
2.318019500000000116e+05 -1.082968999999999937e+01 9.109547999999999490e+01
2.318021499999999942e+05 -9.321144999999999570e+00 7.804444999999999766e+01
2.318023500000000058e+05 -1.128598000000000035e+01 7.127667999999999893e+01
2.318025499999999884e+05 -9.374299000000000603e+00 7.191823999999999728e+01
2.318027500000000000e+05 -1.011533999999999978e+01 7.055119999999999436e+01
2.318029500000000116e+05 -8.792887000000000342e+00 6.275084999999999980e+01
2.318031499999999942e+05 -9.786666999999999561e+00 6.940236000000000161e+01
2.318033500000000058e+05 -9.119894999999999641e+00 7.665681999999999618e+01
2.318035499999999884e+05 -7.800432999999999950e+00 7.307916000000000167e+01
2.318037500000000000e+05 -9.079202999999999690e+00 6.999326000000000647e+01
2.318039500000000116e+05 -7.159154000000000018e+00 6.996045999999999765e+01
2.318041499999999942e+05 -7.891764000000000223e+00 6.792565000000000452e+01
2.318043500000000058e+05 -7.342195000000000249e+00 6.958522000000000673e+01
2.318045499999999884e+05 -6.649291999999999980e+00 7.802554000000000656e+01
2.318047500000000000e+05 -4.802627000000000201e+00 6.910983000000000231e+01
2.318049500000000116e+05 -3.819493000000000027e+00 6.381900000000000261e+01
2.318051499999999942e+05 -4.240192000000000405e+00 5.756752000000000180e+01
2.318053500000000058e+05 -2.843456000000000206e+00 6.254055999999999926e+01
2.318055499999999884e+05 -1.431670999999999916e+00 5.552454000000000178e+01
2.318057500000000000e+05 3.526902000000000093e-01 5.030299000000000120e+01
2.318059500000000116e+05 2.123207999999999984e+00 4.529572999999999894e+01
2.318061499999999942e+05 4.220781999999999812e+00 3.401579000000000264e+01
2.318063500000000058e+05 7.010612000000000066e+00 1.778543000000000163e+01
2.318065499999999884e+05 9.642248000000000374e+00 -7.616913000000000267e+00
2.318067500000000000e+05 1.167182000000000031e+01 -4.533993999999999858e+01
2.318069500000000116e+05 1.202139000000000024e+01 -9.831186999999999898e+01
2.318071499999999942e+05 8.671153000000000333e+00 -1.725290999999999997e+02
2.318073500000000058e+05 -5.258460999999999830e-01 -3.283070999999999913e+02
2.318075499999999884e+05 4.365155999999999814e+00 -4.864350000000000023e+02
2.318077500000000000e+05 -8.187269000000000574e+00 -3.356440000000000055e+02
2.318079500000000116e+05 -1.511428999999999911e+00 -1.714105999999999881e+02
2.318081499999999942e+05 -2.874954999999999927e+00 -1.132847000000000008e+02
2.318083500000000058e+05 -9.185758999999999119e+00 -8.216818999999999562e+01
2.318085499999999884e+05 -1.451952999999999960e+01 -6.999497999999999820e+01
2.318087500000000000e+05 -1.338508000000000031e+01 -8.142037999999999442e+01
2.318089500000000116e+05 -1.157314000000000043e+01 -1.053285999999999945e+02
2.318091499999999942e+05 -1.183915000000000006e+01 -1.456824000000000012e+02
2.318093500000000058e+05 -1.363199999999999967e+01 -1.839363999999999919e+02
2.318095499999999884e+05 -2.231184000000000012e+01 -1.570286999999999864e+02
2.318097500000000000e+05 -1.560707999999999984e+01 -1.730606999999999971e+02
2.318099500000000116e+05 -1.850278000000000134e+01 -1.457359999999999900e+02
2.318101499999999942e+05 -1.942097000000000051e+01 -1.916795999999999935e+02
2.318103500000000058e+05 -1.735125000000000028e+01 -1.946447000000000003e+02
2.318105499999999884e+05 -1.759453999999999851e+01 -1.725636000000000081e+02
2.318107500000000000e+05 -1.906343999999999994e+01 -2.015073999999999899e+02
2.318109500000000116e+05 -2.089761000000000024e+01 -1.995537999999999954e+02
2.318111499999999942e+05 -1.985222999999999871e+01 -2.164976000000000056e+02
2.318113500000000058e+05 -2.200420000000000087e+01 -2.247901999999999987e+02
2.318115499999999884e+05 -2.076427999999999940e+01 -2.195241000000000042e+02
2.318117500000000000e+05 -2.145832000000000050e+01 -2.203569999999999993e+02
2.318119500000000116e+05 -1.920569000000000059e+01 -2.100002000000000066e+02
2.318121499999999942e+05 -1.915495999999999910e+01 -2.185992999999999995e+02
2.318123500000000058e+05 -2.028918000000000177e+01 -1.954892999999999859e+02
2.318125499999999884e+05 -2.024062999999999946e+01 -2.032864999999999895e+02
2.318127500000000000e+05 -2.138701000000000008e+01 -2.110870999999999924e+02
2.318129500000000116e+05 -2.058207000000000164e+01 -2.350152999999999963e+02
2.318131499999999942e+05 -1.856603000000000137e+01 -2.313557999999999879e+02
2.318133500000000058e+05 -1.858461000000000141e+01 -2.169699999999999989e+02
2.318135499999999884e+05 -2.234075999999999951e+01 -2.400365999999999929e+02
2.318137500000000000e+05 -1.827536999999999878e+01 -2.431262000000000114e+02
2.318139500000000116e+05 -1.824054999999999893e+01 -2.312365000000000066e+02
2.318141499999999942e+05 -2.059577000000000169e+01 -2.508891000000000133e+02
2.318143500000000058e+05 -1.773928000000000083e+01 -2.442758000000000038e+02
2.318145499999999884e+05 -2.179692999999999969e+01 -2.409302000000000135e+02
2.318147500000000000e+05 -2.035638000000000147e+01 -2.087702999999999918e+02
2.318149500000000116e+05 -1.955328000000000088e+01 -2.468797000000000139e+02
2.318151499999999942e+05 -1.815956999999999866e+01 -2.364720000000000084e+02
2.318153500000000058e+05 -1.895251000000000019e+01 -2.384755000000000109e+02
2.318155499999999884e+05 -1.712639000000000067e+01 -2.500327000000000055e+02
2.318157500000000000e+05 -1.898048999999999964e+01 -2.530718999999999994e+02
2.318159500000000116e+05 -2.014753999999999934e+01 -2.427185000000000059e+02
2.318161499999999942e+05 -2.081165000000000020e+01 -2.629356000000000222e+02
2.318163500000000058e+05 -1.903396000000000043e+01 -2.103562000000000012e+02
2.318165499999999884e+05 -1.961362000000000094e+01 -2.457273999999999887e+02
2.318167500000000000e+05 -2.272923000000000116e+01 -2.351794999999999902e+02
2.318169500000000116e+05 -1.710791000000000039e+01 -2.411953000000000031e+02
2.318171499999999942e+05 -2.125632999999999839e+01 -2.340810999999999922e+02
2.318173500000000058e+05 -1.670365999999999929e+01 -2.406009999999999991e+02
2.318175499999999884e+05 -2.390797999999999845e+01 -2.445886000000000138e+02
2.318177500000000000e+05 -1.815808000000000177e+01 -2.364891000000000076e+02
