# Time finished:
# 2015-06-03 09.24.05
# Temp volt start:
# 1.0111567
# Temp volt stop:
# 1.0111567
# Approx start T:
# 86.3142360294
# Approx stop T:
# 86.3517654179
# DC bias measured, messed up:
# 3.999872
# DC bias we asked for:
# 4
2.318192799999999988e+05 -1.534726999999999997e+01 8.849451000000000533e+01
2.318194800000000105e+05 -1.494692000000000043e+01 9.077441000000000315e+01
2.318196799999999930e+05 -1.458492999999999995e+01 8.989471000000000345e+01
2.318198800000000047e+05 -1.452382000000000062e+01 8.752568999999999733e+01
2.318200799999999872e+05 -1.464301000000000030e+01 9.086957999999999913e+01
2.318202799999999988e+05 -1.436881999999999948e+01 8.944830000000000325e+01
2.318204800000000105e+05 -1.478621000000000052e+01 8.453200999999999965e+01
2.318206799999999930e+05 -1.462870000000000026e+01 8.911364000000000374e+01
2.318208800000000047e+05 -1.422115999999999936e+01 8.688482999999999379e+01
2.318210799999999872e+05 -1.457010999999999967e+01 8.837345999999999435e+01
2.318212799999999988e+05 -1.453899999999999970e+01 8.642512000000000683e+01
2.318214800000000105e+05 -1.410619999999999941e+01 8.665591000000000577e+01
2.318216799999999930e+05 -1.443430999999999997e+01 8.455348999999999648e+01
2.318218800000000047e+05 -1.422180000000000000e+01 8.687954999999999472e+01
2.318220799999999872e+05 -1.463757999999999981e+01 8.998802000000000589e+01
2.318222799999999988e+05 -1.490011999999999937e+01 8.670386999999999489e+01
2.318224800000000105e+05 -1.450909000000000049e+01 8.764561999999999387e+01
2.318226799999999930e+05 -1.436139000000000010e+01 9.041285999999999490e+01
2.318228800000000047e+05 -1.438706999999999958e+01 8.622200999999999738e+01
2.318230799999999872e+05 -1.413988999999999940e+01 8.442749000000000592e+01
2.318232799999999988e+05 -1.400209000000000081e+01 8.611560000000000059e+01
2.318234800000000105e+05 -1.390437000000000012e+01 8.384771000000000640e+01
2.318236799999999930e+05 -1.354702999999999946e+01 8.354125000000000512e+01
2.318238800000000047e+05 -1.349867000000000061e+01 8.231483000000000061e+01
2.318240799999999872e+05 -1.403231000000000073e+01 8.391223999999999705e+01
2.318242799999999988e+05 -1.305648000000000053e+01 8.165691999999999950e+01
2.318244800000000105e+05 -1.336527000000000065e+01 8.336205999999999960e+01
2.318246799999999930e+05 -1.346374999999999922e+01 8.168259999999999366e+01
2.318248800000000047e+05 -1.325042000000000009e+01 8.396777000000000157e+01
2.318250799999999872e+05 -1.313028000000000084e+01 8.041897000000000162e+01
2.318252799999999988e+05 -1.278579000000000043e+01 8.065707999999999345e+01
2.318254800000000105e+05 -1.269069999999999965e+01 7.880754000000000303e+01
2.318256799999999930e+05 -1.216074000000000055e+01 7.993729000000000440e+01
2.318258800000000047e+05 -1.163167999999999935e+01 8.161526999999999532e+01
2.318260799999999872e+05 -1.136717999999999940e+01 7.438200999999999397e+01
2.318262799999999988e+05 -1.089453999999999922e+01 7.390691999999999950e+01
2.318264800000000105e+05 -1.066233000000000075e+01 7.124486000000000274e+01
2.318266799999999930e+05 -1.003613000000000000e+01 6.878105999999999653e+01
2.318268800000000047e+05 -8.751305999999999585e+00 6.545537000000000205e+01
2.318270799999999872e+05 -7.699336999999999875e+00 5.799551000000000300e+01
2.318272799999999988e+05 -6.045461999999999669e+00 4.673286000000000229e+01
2.318274800000000105e+05 -4.370950999999999809e+00 2.878601000000000099e+01
2.318276799999999930e+05 -2.439242999999999828e+00 -8.142258999999999469e-01
2.318278800000000047e+05 -1.068513999999999964e+00 -5.005292000000000030e+01
2.318280799999999872e+05 -1.258304000000000089e+00 -1.207022000000000048e+02
2.318282799999999988e+05 -4.805161000000000016e+00 -2.072069999999999936e+02
2.318284800000000105e+05 -1.194026000000000032e+01 -3.489422999999999888e+02
2.318286799999999930e+05 -9.186412000000000688e+00 -5.235534999999999854e+02
2.318288800000000047e+05 -1.746781000000000006e+01 -6.801423999999999523e+02
2.318290799999999872e+05 -1.262936000000000014e+01 -5.805986000000000331e+02
2.318292799999999988e+05 -1.933451000000000164e+01 -5.314092000000000553e+02
2.318294800000000105e+05 -3.212160000000000082e+01 -6.192732999999999493e+02
2.318296799999999930e+05 -2.206325000000000003e+01 -6.334456000000000131e+02
2.318298800000000047e+05 -2.166367999999999938e+01 -6.358889000000000351e+02
2.318300799999999872e+05 -2.378960000000000008e+01 -6.100661000000000058e+02
2.318302799999999988e+05 -1.978131000000000128e+01 -5.864954000000000178e+02
2.318304800000000105e+05 -1.735389999999999944e+01 -6.062734000000000378e+02
2.318306799999999930e+05 -1.937037000000000120e+01 -6.162157999999999447e+02
2.318308800000000047e+05 -1.822343000000000046e+01 -6.082720000000000482e+02
2.318310799999999872e+05 -1.827019999999999911e+01 -6.161155999999999722e+02
2.318312799999999988e+05 -1.794782999999999973e+01 -6.163431000000000495e+02
2.318314800000000105e+05 -1.798683000000000121e+01 -6.151404999999999745e+02
2.318316799999999930e+05 -1.752139000000000024e+01 -6.176201999999999543e+02
2.318318800000000047e+05 -1.744169000000000125e+01 -6.172423999999999751e+02
2.318320799999999872e+05 -1.782263999999999982e+01 -6.193859999999999673e+02
2.318322799999999988e+05 -1.755508000000000024e+01 -6.191413999999999760e+02
2.318324800000000105e+05 -1.701239999999999952e+01 -6.182907999999999902e+02
2.318326799999999930e+05 -1.748312999999999917e+01 -6.179702999999999520e+02
2.318328800000000047e+05 -1.816039999999999921e+01 -6.202557000000000471e+02
2.318330799999999872e+05 -1.735798000000000130e+01 -6.211285000000000309e+02
2.318332799999999988e+05 -1.805602999999999980e+01 -6.200041999999999689e+02
2.318334800000000105e+05 -1.702250000000000085e+01 -6.211970999999999776e+02
2.318336799999999930e+05 -1.690969000000000122e+01 -6.227028999999999996e+02
2.318338800000000047e+05 -1.689470000000000027e+01 -6.189804000000000315e+02
2.318340799999999872e+05 -1.710995000000000132e+01 -6.211389000000000351e+02
2.318342799999999988e+05 -1.686383999999999972e+01 -6.208644000000000460e+02
2.318344800000000105e+05 -1.749065999999999832e+01 -6.274683999999999742e+02
2.318346799999999930e+05 -1.694787000000000177e+01 -6.248405000000000200e+02
2.318348800000000047e+05 -1.726380999999999943e+01 -6.208898000000000366e+02
2.318350799999999872e+05 -1.655048999999999992e+01 -6.212145000000000437e+02
2.318352799999999988e+05 -1.616995999999999967e+01 -6.203958999999999833e+02
2.318354800000000105e+05 -1.622792000000000101e+01 -6.234008999999999787e+02
2.318356799999999930e+05 -1.679080000000000084e+01 -6.238841999999999643e+02
2.318358800000000047e+05 -1.711584999999999823e+01 -6.201073000000000093e+02
2.318360799999999872e+05 -1.653838000000000008e+01 -6.239638999999999669e+02
2.318362799999999988e+05 -1.635339000000000098e+01 -6.238886999999999716e+02
2.318364800000000105e+05 -1.679078000000000159e+01 -6.238834000000000515e+02
2.318366799999999930e+05 -1.660795999999999850e+01 -6.251887000000000398e+02
2.318368800000000047e+05 -1.633686000000000149e+01 -6.190637000000000398e+02
2.318370799999999872e+05 -1.683106000000000080e+01 -6.208961000000000467e+02
2.318372799999999988e+05 -1.683125000000000071e+01 -6.196149000000000342e+02
2.318374800000000105e+05 -1.695685999999999893e+01 -6.245493000000000166e+02
2.318376799999999930e+05 -1.664221999999999824e+01 -6.267033000000000129e+02
2.318378800000000047e+05 -1.689406999999999925e+01 -6.249960999999999558e+02
2.318380799999999872e+05 -1.694093000000000160e+01 -6.264165000000000418e+02
2.318382799999999988e+05 -1.700365000000000038e+01 -6.223707000000000562e+02
2.318384800000000105e+05 -1.650985999999999976e+01 -6.242490000000000236e+02
2.318386799999999930e+05 -1.643405999999999878e+01 -6.258934000000000424e+02
2.318388800000000047e+05 -1.626660000000000039e+01 -6.245801000000000158e+02
2.318390799999999872e+05 -1.630592000000000041e+01 -6.243076999999999543e+02
2.318392799999999988e+05 -1.653265999999999991e+01 -6.176450999999999567e+02
