# Time finished:
# 2015-06-02 00.04.41
# Temp volt start:
# 0.94415786
# Temp volt stop:
# 0.94415786
# Approx start T:
# 122.507952305
# Approx stop T:
# 122.30537799
# DC bias measured, messed up:
# 8.00122
# DC bias we asked for:
# 8
2.318726900000000023e+05 -1.330002999999999957e+01 6.869214999999999804e+01
2.318728900000000140e+05 -1.270634000000000086e+01 8.598529000000000622e+01
2.318730899999999965e+05 -1.236359999999999992e+01 8.529471999999999809e+01
2.318732900000000081e+05 -1.270955000000000013e+01 8.829886999999999375e+01
2.318734899999999907e+05 -1.294026999999999994e+01 8.518363999999999692e+01
2.318736900000000023e+05 -1.203004999999999924e+01 8.465273999999999432e+01
2.318738900000000140e+05 -1.189076000000000022e+01 7.872706999999999766e+01
2.318740899999999965e+05 -1.254110000000000014e+01 8.070816999999999553e+01
2.318742900000000081e+05 -1.239558000000000071e+01 9.160572000000000514e+01
2.318744899999999907e+05 -1.275747999999999927e+01 7.977524999999999977e+01
2.318746900000000023e+05 -1.133625999999999934e+01 7.557504000000000133e+01
2.318748900000000140e+05 -1.071198000000000050e+01 7.978972000000000264e+01
2.318750899999999965e+05 -1.214518999999999949e+01 8.607264999999999588e+01
2.318752900000000081e+05 -1.059575000000000067e+01 8.535625000000000284e+01
2.318754899999999907e+05 -1.149466999999999928e+01 7.977737999999999374e+01
2.318756900000000023e+05 -1.209952000000000005e+01 8.104849000000000103e+01
2.318758900000000140e+05 -1.108610000000000007e+01 9.871307000000000187e+01
2.318760899999999965e+05 -1.064539000000000080e+01 8.684787000000000035e+01
2.318762900000000081e+05 -1.064489000000000019e+01 7.523859000000000208e+01
2.318764899999999907e+05 -1.040358999999999945e+01 7.827863999999999578e+01
2.318766900000000023e+05 -9.961356000000000321e+00 7.387385999999999342e+01
2.318768900000000140e+05 -1.106105999999999945e+01 8.460625000000000284e+01
2.318770899999999965e+05 -1.069323999999999941e+01 8.134644000000000119e+01
2.318772900000000081e+05 -9.999477999999999867e+00 7.638737000000000421e+01
2.318774899999999907e+05 -9.981168999999999514e+00 7.726206000000000529e+01
2.318776900000000023e+05 -8.840559999999999974e+00 7.447964000000000340e+01
2.318778900000000140e+05 -1.088579999999999970e+01 7.267295000000000016e+01
2.318780899999999965e+05 -9.640055000000000263e+00 7.572105000000000530e+01
2.318782900000000081e+05 -8.215602999999999767e+00 7.088788999999999874e+01
2.318784899999999907e+05 -8.419204999999999828e+00 7.317098000000000013e+01
2.318786900000000023e+05 -7.771416999999999575e+00 6.830245999999999640e+01
2.318788900000000140e+05 -8.785436999999999941e+00 6.717269000000000290e+01
2.318790899999999965e+05 -6.577619999999999578e+00 7.098868000000000222e+01
2.318792900000000081e+05 -7.664702000000000126e+00 7.457036999999999694e+01
2.318794899999999907e+05 -6.594856000000000051e+00 7.293805999999999301e+01
2.318796900000000023e+05 -5.607459000000000415e+00 7.204815000000000680e+01
2.318798900000000140e+05 -3.790157999999999916e+00 6.557380999999999460e+01
2.318800899999999965e+05 -3.435340000000000060e+00 5.921314999999999884e+01
2.318802900000000081e+05 -2.796003999999999934e+00 6.217708999999999975e+01
2.318804899999999907e+05 -1.522116999999999942e+00 5.393195999999999657e+01
2.318806900000000023e+05 5.268020000000000341e-02 5.284631000000000256e+01
2.318808900000000140e+05 1.736113999999999935e+00 4.897834999999999894e+01
2.318810899999999965e+05 4.119233000000000366e+00 3.839282000000000039e+01
2.318812900000000081e+05 6.668749000000000038e+00 2.117520000000000024e+01
2.318814899999999907e+05 9.634897999999999740e+00 -2.846481999999999957e+00
2.318816900000000023e+05 1.185025000000000084e+01 -3.965755999999999659e+01
2.318818900000000140e+05 1.269497999999999927e+01 -9.379018999999999551e+01
2.318820899999999965e+05 9.912069000000000685e+00 -1.680193999999999903e+02
2.318822900000000081e+05 1.655505999999999922e+00 -3.110887999999999920e+02
2.318824899999999907e+05 5.675811999999999635e+00 -4.791906999999999925e+02
2.318826900000000023e+05 -3.429164000000000101e+00 -3.088641000000000076e+02
2.318828900000000140e+05 6.342425000000000423e-01 -1.692321000000000026e+02
2.318830899999999965e+05 -1.860033000000000047e+00 -1.039544999999999959e+02
2.318832900000000081e+05 -8.623018000000000072e+00 -5.982459000000000060e+01
2.318834899999999907e+05 -1.165163000000000082e+01 -4.928468000000000160e+01
2.318836900000000023e+05 -1.452480000000000082e+01 -5.863629000000000246e+01
2.318838900000000140e+05 -1.192445999999999984e+01 -9.531575999999999738e+01
2.318840899999999965e+05 -1.025506000000000029e+01 -1.440127999999999986e+02
2.318842900000000081e+05 -1.251129000000000069e+01 -1.783266999999999882e+02
2.318844899999999907e+05 -2.276738999999999891e+01 -1.128259999999999934e+02
2.318846900000000023e+05 -1.423249000000000031e+01 -1.814747999999999877e+02
2.318848900000000140e+05 -1.886995999999999896e+01 -1.569902999999999906e+02
2.318850899999999965e+05 -1.978801999999999950e+01 -1.968948000000000036e+02
2.318852900000000081e+05 -1.626838000000000051e+01 -1.968765999999999963e+02
2.318854899999999907e+05 -1.830871000000000137e+01 -1.872444000000000131e+02
2.318856900000000023e+05 -1.861222000000000065e+01 -1.760033999999999992e+02
2.318858900000000140e+05 -2.000537999999999883e+01 -1.945031999999999925e+02
2.318860899999999965e+05 -1.625921999999999912e+01 -2.179812000000000012e+02
2.318862900000000081e+05 -1.794197000000000131e+01 -2.021699999999999875e+02
2.318864899999999907e+05 -2.168572999999999951e+01 -2.186357999999999890e+02
2.318866900000000023e+05 -1.787509999999999977e+01 -2.239056999999999960e+02
2.318868900000000140e+05 -2.047687000000000168e+01 -2.060498000000000047e+02
2.318870899999999965e+05 -2.029297000000000040e+01 -2.265398000000000138e+02
2.318872900000000081e+05 -2.230249999999999844e+01 -2.146057999999999879e+02
2.318874899999999907e+05 -1.965155999999999992e+01 -2.205751999999999953e+02
2.318876900000000023e+05 -2.041104999999999947e+01 -2.199036999999999864e+02
2.318878900000000140e+05 -1.715006999999999948e+01 -2.233086999999999875e+02
2.318880899999999965e+05 -2.003183999999999898e+01 -2.138146000000000129e+02
2.318882900000000081e+05 -1.918349999999999866e+01 -2.266979000000000042e+02
2.318884899999999907e+05 -1.745514000000000010e+01 -2.287864999999999895e+02
2.318886900000000023e+05 -1.898692000000000135e+01 -2.233662999999999954e+02
2.318888900000000140e+05 -1.913598999999999961e+01 -2.104895999999999958e+02
2.318890899999999965e+05 -2.242426000000000030e+01 -2.020193999999999903e+02
2.318892900000000081e+05 -1.953238999999999947e+01 -2.254750999999999976e+02
2.318894899999999907e+05 -1.819459000000000160e+01 -2.299053999999999860e+02
2.318896900000000023e+05 -2.021600000000000108e+01 -2.356115000000000066e+02
2.318898900000000140e+05 -2.350294999999999845e+01 -2.004498000000000104e+02
2.318900899999999965e+05 -1.740371000000000024e+01 -2.156220999999999890e+02
2.318902900000000081e+05 -1.764889000000000152e+01 -2.142762999999999920e+02
2.318904899999999907e+05 -1.793823000000000079e+01 -2.418928999999999974e+02
2.318906900000000023e+05 -1.816604999999999848e+01 -2.227314000000000078e+02
2.318908900000000140e+05 -2.025915000000000177e+01 -2.226599999999999966e+02
2.318910899999999965e+05 -1.716031999999999869e+01 -2.314857000000000085e+02
2.318912900000000081e+05 -1.864330999999999960e+01 -2.332301999999999964e+02
2.318914899999999907e+05 -1.850569000000000131e+01 -2.246726999999999919e+02
2.318916900000000023e+05 -2.065972999999999971e+01 -2.415611000000000104e+02
2.318918900000000140e+05 -1.819999999999999929e+01 -2.268183999999999969e+02
2.318920899999999965e+05 -1.774159999999999826e+01 -2.385834000000000117e+02
2.318922900000000081e+05 -1.676173000000000002e+01 -2.454553999999999974e+02
2.318924899999999907e+05 -1.917062999999999917e+01 -2.312826000000000022e+02
2.318926900000000023e+05 -1.733861999999999881e+01 -2.506800000000000068e+02
