# Time finished:
# 2015-06-03 02.02.11
# Temp volt start:
# 1.0265533
# Temp volt stop:
# 1.0265533
# Approx start T:
# 77.5807082683
# Approx stop T:
# 77.61008757
# DC bias measured, messed up:
# 4.000081
# DC bias we asked for:
# 4
2.318031700000000128e+05 -1.546718000000000082e+01 8.711216000000000292e+01
2.318033700000000244e+05 -1.459164999999999957e+01 8.983889999999999532e+01
2.318035700000000070e+05 -1.443032000000000004e+01 8.949115999999999360e+01
2.318037700000000186e+05 -1.482276000000000060e+01 8.735326000000000590e+01
2.318039700000000012e+05 -1.443692000000000064e+01 9.011168999999999585e+01
2.318041700000000128e+05 -1.416924000000000028e+01 8.728239999999999554e+01
2.318043700000000244e+05 -1.464377999999999957e+01 8.736970999999999776e+01
2.318045700000000070e+05 -1.423262000000000072e+01 8.988316000000000372e+01
2.318047700000000186e+05 -1.433191000000000059e+01 8.520910000000000650e+01
2.318049700000000012e+05 -1.467503999999999920e+01 8.638504000000000360e+01
2.318051700000000128e+05 -1.441868999999999978e+01 8.731629999999999825e+01
2.318053700000000244e+05 -1.477407000000000004e+01 8.477975999999999601e+01
2.318055700000000070e+05 -1.438081000000000031e+01 8.526653000000000304e+01
2.318057700000000186e+05 -1.458802999999999983e+01 8.921384000000000469e+01
2.318059700000000012e+05 -1.464038000000000039e+01 8.469691000000000258e+01
2.318061700000000128e+05 -1.428861000000000026e+01 8.925149999999999295e+01
2.318063700000000244e+05 -1.424529000000000067e+01 8.825063000000000102e+01
2.318065700000000070e+05 -1.404889999999999972e+01 8.737224000000000501e+01
2.318067700000000186e+05 -1.410879000000000083e+01 8.642476999999999521e+01
2.318069700000000012e+05 -1.438978999999999964e+01 8.494053999999999860e+01
2.318071700000000128e+05 -1.405231000000000030e+01 8.666244000000000369e+01
2.318073700000000244e+05 -1.395208000000000048e+01 8.615073999999999899e+01
2.318075700000000070e+05 -1.350960000000000072e+01 8.594410999999999490e+01
2.318077700000000186e+05 -1.372222000000000008e+01 8.739351000000000624e+01
2.318079700000000012e+05 -1.369406000000000034e+01 8.385665000000000191e+01
2.318081700000000128e+05 -1.340204999999999913e+01 8.267852000000000601e+01
2.318083700000000244e+05 -1.371721999999999930e+01 8.364002999999999588e+01
2.318085700000000070e+05 -1.313298999999999950e+01 8.209735999999999478e+01
2.318087700000000186e+05 -1.326083999999999996e+01 8.127808000000000277e+01
2.318089700000000012e+05 -1.326101000000000063e+01 8.266674000000000433e+01
2.318091700000000128e+05 -1.293543000000000021e+01 7.948847999999999558e+01
2.318093700000000244e+05 -1.276089999999999947e+01 8.065331999999999368e+01
2.318095700000000070e+05 -1.180541000000000018e+01 8.175923000000000229e+01
2.318097700000000186e+05 -1.165273999999999965e+01 8.034302999999999884e+01
2.318099700000000012e+05 -1.109619999999999962e+01 7.463491999999999393e+01
2.318101700000000128e+05 -1.064673999999999943e+01 7.426632999999999640e+01
2.318103700000000244e+05 -1.009190000000000076e+01 7.187436999999999898e+01
2.318105700000000070e+05 -9.827773000000000536e+00 6.633607999999999549e+01
2.318107700000000186e+05 -8.730437999999999477e+00 6.477850999999999715e+01
2.318109700000000012e+05 -7.522230000000000416e+00 5.906560000000000343e+01
2.318111700000000128e+05 -6.079711999999999783e+00 4.659924999999999784e+01
2.318113700000000244e+05 -4.171372999999999998e+00 2.709619000000000000e+01
2.318115700000000070e+05 -2.435299999999999798e+00 -3.033821999999999797e+00
2.318117700000000186e+05 -1.100092999999999988e+00 -5.328144000000000347e+01
2.318119700000000012e+05 -1.389202999999999966e+00 -1.249769000000000005e+02
2.318121700000000128e+05 -5.194765000000000299e+00 -2.129611999999999910e+02
2.318123700000000244e+05 -1.240901999999999994e+01 -3.572357000000000085e+02
2.318125700000000070e+05 -9.375318000000000040e+00 -5.296305999999999585e+02
2.318127700000000186e+05 -1.772098000000000084e+01 -6.936195999999999913e+02
2.318129700000000012e+05 -1.317196999999999996e+01 -5.840737000000000307e+02
2.318131700000000128e+05 -1.846294999999999931e+01 -5.384752999999999474e+02
2.318133700000000244e+05 -2.990065999999999846e+01 -6.011965000000000146e+02
2.318135700000000070e+05 -2.495899000000000001e+01 -6.339991999999999734e+02
2.318137700000000186e+05 -2.249912000000000134e+01 -6.245593999999999824e+02
2.318139700000000012e+05 -2.277993999999999986e+01 -6.020335000000000036e+02
2.318141700000000128e+05 -2.051549999999999940e+01 -5.969144999999999754e+02
2.318143700000000244e+05 -1.748684000000000083e+01 -6.066384000000000469e+02
2.318145700000000070e+05 -1.854403999999999897e+01 -6.179637999999999920e+02
2.318147700000000186e+05 -1.789505000000000123e+01 -6.089076000000000022e+02
2.318149700000000012e+05 -1.814260000000000161e+01 -6.169122999999999593e+02
2.318151700000000128e+05 -1.756981999999999999e+01 -6.158773999999999660e+02
2.318153700000000244e+05 -1.756109999999999971e+01 -6.155842000000000098e+02
2.318155700000000070e+05 -1.779279000000000011e+01 -6.115126999999999953e+02
2.318157700000000186e+05 -1.784873999999999938e+01 -6.150481999999999516e+02
2.318159700000000012e+05 -1.826054999999999851e+01 -6.200342000000000553e+02
2.318161700000000128e+05 -1.767444000000000059e+01 -6.192527000000000044e+02
2.318163700000000244e+05 -1.811889000000000038e+01 -6.178985999999999876e+02
2.318165700000000070e+05 -1.767671999999999954e+01 -6.206173000000000002e+02
2.318167700000000186e+05 -1.701488000000000156e+01 -6.195150999999999613e+02
2.318169700000000012e+05 -1.749616999999999933e+01 -6.223728999999999587e+02
2.318171700000000128e+05 -1.713637999999999906e+01 -6.238251000000000204e+02
2.318173700000000244e+05 -1.700646000000000058e+01 -6.202245000000000346e+02
2.318175700000000070e+05 -1.723757000000000161e+01 -6.212002999999999702e+02
2.318177700000000186e+05 -1.689000000000000057e+01 -6.208632999999999811e+02
2.318179700000000012e+05 -1.733960000000000079e+01 -6.223042000000000371e+02
2.318181700000000128e+05 -1.690024000000000015e+01 -6.234836999999999989e+02
2.318183700000000244e+05 -1.701445999999999970e+01 -6.223209000000000515e+02
2.318185700000000070e+05 -1.681073999999999913e+01 -6.211920999999999822e+02
2.318187700000000186e+05 -1.707657999999999987e+01 -6.205960000000000036e+02
2.318189700000000012e+05 -1.683746999999999971e+01 -6.191108000000000402e+02
2.318191700000000128e+05 -1.706901999999999830e+01 -6.234230000000000018e+02
2.318193700000000244e+05 -1.644485999999999848e+01 -6.211536999999999580e+02
2.318195700000000070e+05 -1.595514999999999972e+01 -6.197156999999999698e+02
2.318197700000000186e+05 -1.645874999999999844e+01 -6.222009000000000469e+02
2.318199700000000012e+05 -1.650486000000000075e+01 -6.265250999999999522e+02
2.318201700000000128e+05 -1.654088000000000136e+01 -6.224216000000000122e+02
2.318203700000000244e+05 -1.635488000000000142e+01 -6.218631000000000313e+02
2.318205700000000070e+05 -1.680674000000000134e+01 -6.280217000000000098e+02
2.318207700000000186e+05 -1.641096999999999895e+01 -6.234006000000000540e+02
2.318209700000000012e+05 -1.656066999999999823e+01 -6.247993999999999915e+02
2.318211700000000128e+05 -1.656227000000000160e+01 -6.253311999999999671e+02
2.318213700000000244e+05 -1.633637999999999835e+01 -6.239438000000000102e+02
2.318215700000000070e+05 -1.676201000000000008e+01 -6.244855999999999767e+02
2.318217700000000186e+05 -1.702119000000000071e+01 -6.228789000000000442e+02
2.318219700000000012e+05 -1.652217999999999876e+01 -6.225606999999999971e+02
2.318221700000000128e+05 -1.594196999999999953e+01 -6.254202000000000226e+02
2.318223700000000244e+05 -1.646475999999999829e+01 -6.262617000000000189e+02
2.318225700000000070e+05 -1.704918999999999940e+01 -6.297427999999999884e+02
2.318227700000000186e+05 -1.618900999999999968e+01 -6.255153000000000247e+02
2.318229700000000012e+05 -1.578420999999999985e+01 -6.237471000000000458e+02
2.318231700000000128e+05 -1.596273000000000053e+01 -6.262872999999999593e+02
