# Time finished:
# 2015-06-02 19.00.49
# Temp volt start:
# 1.4383774
# Temp volt stop:
# 1.4383774
# Approx start T:
# -243.01811642
# Approx stop T:
# -240.343444039
# DC bias measured, messed up:
# 4.000303
# DC bias we asked for:
# 4
2.317049800000000105e+05 -1.322588000000000008e+01 2.994113000000000113e+01
2.317051800000000221e+05 -1.063366000000000078e+01 4.583117000000000019e+01
2.317053800000000047e+05 -1.001441999999999943e+01 4.717578000000000316e+01
2.317055800000000163e+05 -1.206603999999999921e+01 2.600776000000000110e+01
2.317057799999999988e+05 -2.400319000000000003e+01 -7.186583000000000254e+01
2.317059800000000105e+05 -9.270561999999999969e+00 -2.197812000000000126e+02
2.317061800000000221e+05 -7.453287999999999691e+00 -2.972995999999999981e+02
2.317063800000000047e+05 -1.485124000000000066e+01 -1.595415999999999883e+02
2.317065800000000163e+05 -7.007665000000000255e+00 -3.012518000000000029e+02
2.317067799999999988e+05 -7.540498999999999619e+00 -2.209054999999999893e+02
2.317069800000000105e+05 -1.714639000000000024e+01 -1.151924999999999955e+02
2.317071800000000221e+05 -1.145692000000000021e+01 1.996213999999999933e+00
2.317073800000000047e+05 -8.661982000000000070e+00 2.088992999999999967e+01
2.317075800000000163e+05 -9.097300999999999860e+00 1.499173000000000044e+01
2.317077799999999988e+05 -1.232365000000000066e+01 -2.422462000000000160e+01
2.317079800000000105e+05 -1.220482999999999940e+01 -1.607669999999999959e+02
2.317081800000000221e+05 -5.085077000000000069e+00 -2.511627000000000010e+02
2.317083800000000047e+05 -8.305054999999999410e+00 -3.444968000000000075e+02
2.317085800000000163e+05 -6.565209000000000295e+00 -2.186912000000000091e+02
2.317087799999999988e+05 -9.329425000000000523e+00 -3.683297000000000025e+02
2.317089800000000105e+05 -4.078921000000000241e+00 -2.786505999999999972e+02
2.317091800000000221e+05 -6.042335999999999707e+00 -2.216776999999999873e+02
2.317093800000000047e+05 -1.009736000000000011e+01 -1.766724000000000103e+02
2.317095800000000163e+05 -1.288250999999999991e+01 -1.552100000000000080e+02
2.317097799999999988e+05 -1.033759000000000050e+01 -1.770464000000000055e+02
2.317099800000000105e+05 -5.617441999999999602e+00 -2.208141999999999996e+02
2.317101800000000221e+05 -2.944306000000000090e+00 -2.763163000000000125e+02
2.317103800000000047e+05 -7.255482999999999905e+00 -3.524044000000000096e+02
2.317105800000000163e+05 -6.529550999999999661e+00 -2.169499000000000137e+02
2.317107799999999988e+05 -4.173830999999999847e+00 -3.309379999999999882e+02
2.317109800000000105e+05 -3.511283999999999850e+00 -2.524687999999999874e+02
2.317111800000000221e+05 -3.018286000000000158e+01 -4.067289000000000101e+02
2.317113800000000047e+05 -3.364402000000000115e+00 -3.436113000000000284e+02
2.317115800000000163e+05 6.672422000000000075e-01 -3.358048999999999751e+02
2.317117799999999988e+05 2.970464000000000215e+00 -3.576942000000000235e+02
2.317119800000000105e+05 4.928881999999999763e+00 -4.119633000000000038e+02
2.317121800000000221e+05 6.113806000000000296e+00 -5.028947000000000003e+02
2.317123800000000047e+05 5.249623999999999846e+00 -6.198699000000000296e+02
2.317125800000000163e+05 4.555398000000000280e+00 -7.779832999999999856e+02
2.317127799999999988e+05 5.201558999999999600e+00 -6.029906999999999471e+02
2.317129800000000105e+05 4.394657999999999731e+00 -4.675837999999999965e+02
2.317131800000000221e+05 4.106986000000000026e+00 -3.538587999999999738e+02
2.317133800000000047e+05 4.572312000000000154e+00 -2.801241999999999734e+02
2.317135800000000163e+05 4.505760000000000431e+00 -2.418997999999999990e+02
2.317137799999999988e+05 4.300966999999999985e+00 -2.339853999999999985e+02
2.317139800000000105e+05 3.985613999999999990e+00 -2.563682999999999765e+02
2.317141800000000221e+05 3.324288999999999827e+00 -3.091643000000000256e+02
2.317143800000000047e+05 1.952825000000000033e+00 -4.015208000000000084e+02
2.317145800000000163e+05 2.597332000000000196e+00 -5.322727999999999611e+02
2.317147799999999988e+05 2.336803999999999881e+00 -6.774337000000000444e+02
2.317149800000000105e+05 1.682914000000000021e+00 -5.179071000000000140e+02
2.317151800000000221e+05 1.026634000000000047e+00 -3.676863000000000170e+02
2.317153800000000047e+05 1.961203999999999947e+00 -2.671351000000000226e+02
2.317155800000000163e+05 1.120632000000000073e+00 -2.016376999999999953e+02
2.317157799999999988e+05 2.961776999999999882e-01 -1.640628000000000100e+02
2.317159800000000105e+05 -5.078620999999999830e-01 -1.595250000000000057e+02
2.317161800000000221e+05 -3.354849999999999777e-01 -1.871408000000000129e+02
2.317163800000000047e+05 8.444667999999999619e-02 -2.406699999999999875e+02
2.317165800000000163e+05 -1.226547999999999972e+00 -3.234469000000000278e+02
2.317167799999999988e+05 -3.742319999999999869e+00 -4.647019000000000233e+02
2.317169800000000105e+05 -1.346638000000000002e+00 -6.185268999999999551e+02
2.317171800000000221e+05 -5.132697000000000287e+00 -4.545081999999999880e+02
2.317173800000000047e+05 -2.741255999999999915e+00 -3.079266999999999825e+02
2.317175800000000163e+05 -2.979019000000000084e+00 -2.230886000000000138e+02
2.317177799999999988e+05 -5.560139999999999638e+00 -1.636951999999999998e+02
2.317179800000000105e+05 -8.289474000000000231e+00 -1.272642000000000024e+02
2.317181800000000221e+05 -9.047447000000000017e+00 -1.266616999999999962e+02
2.317183800000000047e+05 -7.671801000000000315e+00 -1.644391999999999996e+02
2.317185800000000163e+05 -6.056460000000000399e+00 -2.225407999999999902e+02
2.317187799999999988e+05 -6.708910999999999625e+00 -2.939046000000000163e+02
2.317189800000000105e+05 -1.557679000000000080e+01 -4.446109999999999900e+02
2.317191800000000221e+05 -7.189693000000000112e+00 -6.103900999999999613e+02
2.317193800000000047e+05 -1.857874999999999943e+01 -4.493586000000000240e+02
2.317195800000000163e+05 -9.542258999999999602e+00 -2.914905999999999722e+02
2.317197799999999988e+05 -9.673781999999999215e+00 -2.370309000000000026e+02
2.317199800000000105e+05 -1.377764999999999951e+01 -2.056442999999999870e+02
2.317201800000000221e+05 -1.829523999999999972e+01 -1.940806000000000040e+02
2.317203800000000047e+05 -1.711437000000000097e+01 -2.091090000000000089e+02
2.317205800000000163e+05 -1.517716000000000065e+01 -2.255170999999999992e+02
2.317207799999999988e+05 -1.236652999999999913e+01 -2.531987000000000023e+02
2.317209800000000105e+05 -1.588433999999999990e+01 -2.827289999999999850e+02
2.317211800000000221e+05 -1.805718999999999852e+01 -2.444740999999999929e+02
2.317213800000000047e+05 -1.617473999999999990e+01 -2.598566000000000145e+02
2.317215800000000163e+05 -1.663087000000000160e+01 -2.581820999999999913e+02
2.317217799999999988e+05 -1.637931000000000026e+01 -2.631068999999999960e+02
2.317219800000000105e+05 -1.629035000000000011e+01 -2.611596000000000117e+02
2.317221800000000221e+05 -1.818543000000000021e+01 -2.643202999999999747e+02
2.317223800000000047e+05 -1.705941999999999936e+01 -2.767176999999999794e+02
2.317225800000000163e+05 -1.780406999999999940e+01 -2.720502999999999929e+02
2.317227799999999988e+05 -1.834045000000000059e+01 -2.647703999999999951e+02
2.317229800000000105e+05 -1.616176000000000101e+01 -2.441360999999999990e+02
2.317231800000000221e+05 -1.345134999999999970e+01 -2.668199000000000183e+02
2.317233800000000047e+05 -1.984090000000000131e+01 -2.702327000000000226e+02
2.317235800000000163e+05 -1.309900999999999982e+01 -2.546088000000000022e+02
2.317237799999999988e+05 -2.144362999999999886e+01 -2.584954999999999927e+02
2.317239800000000105e+05 -1.450618000000000052e+01 -2.814640999999999735e+02
2.317241800000000221e+05 -1.309739000000000075e+01 -2.581277000000000044e+02
2.317243800000000047e+05 -1.471409000000000056e+01 -2.464834999999999923e+02
2.317245800000000163e+05 -1.379078999999999944e+01 -2.405717999999999961e+02
2.317247799999999988e+05 -1.347783000000000087e+01 -2.484673999999999978e+02
2.317249800000000105e+05 -1.285379999999999967e+01 -2.602857000000000198e+02
