# Time finished:
# 2015-06-03 14.06.15
# Temp volt start:
# 1.009938
# Temp volt stop:
# 1.009938
# Approx start T:
# 86.9984384324
# Approx stop T:
# 86.9243243276
# DC bias measured, messed up:
# 3.999736
# DC bias we asked for:
# 4
2.318207900000000081e+05 -1.514425999999999917e+01 8.836562000000000694e+01
2.318209900000000198e+05 -1.532929999999999993e+01 8.919885999999999626e+01
2.318211900000000023e+05 -1.469401000000000046e+01 8.968927999999999656e+01
2.318213900000000140e+05 -1.478143999999999991e+01 8.737780999999999665e+01
2.318215899999999965e+05 -1.491469000000000023e+01 9.037282999999999333e+01
2.318217900000000081e+05 -1.455699000000000076e+01 8.657143000000000654e+01
2.318219900000000198e+05 -1.460293000000000063e+01 8.739055999999999358e+01
2.318221900000000023e+05 -1.420046999999999926e+01 8.602290999999999599e+01
2.318223900000000140e+05 -1.451548999999999978e+01 8.692041999999999291e+01
2.318225899999999965e+05 -1.478377000000000052e+01 8.410425999999999647e+01
2.318227900000000081e+05 -1.396706000000000003e+01 8.660873999999999739e+01
2.318229900000000198e+05 -1.472944000000000031e+01 8.827880000000000393e+01
2.318231900000000023e+05 -1.437256999999999962e+01 8.691758000000000095e+01
2.318233900000000140e+05 -1.484802000000000000e+01 8.634998000000000218e+01
2.318235899999999965e+05 -1.506133999999999951e+01 8.606547999999999377e+01
2.318237900000000081e+05 -1.421683999999999948e+01 8.794356999999999402e+01
2.318239900000000198e+05 -1.440747000000000000e+01 8.824867000000000417e+01
2.318241900000000023e+05 -1.419415000000000049e+01 8.745365999999999929e+01
2.318243900000000140e+05 -1.445495000000000019e+01 8.968055999999999983e+01
2.318245899999999965e+05 -1.429753000000000007e+01 8.470302999999999827e+01
2.318247900000000081e+05 -1.432821000000000033e+01 8.952598999999999307e+01
2.318249900000000198e+05 -1.402125000000000021e+01 8.816044999999999732e+01
2.318251900000000023e+05 -1.351258999999999943e+01 8.382326999999999373e+01
2.318253900000000140e+05 -1.338978000000000002e+01 8.404815999999999576e+01
2.318255899999999965e+05 -1.412674999999999947e+01 8.079009999999999536e+01
2.318257900000000081e+05 -1.377454999999999963e+01 8.324814999999999543e+01
2.318259900000000198e+05 -1.369383000000000017e+01 8.353558999999999912e+01
2.318261900000000023e+05 -1.330719999999999992e+01 8.069948999999999728e+01
2.318263900000000140e+05 -1.342908000000000079e+01 8.184991999999999734e+01
2.318265899999999965e+05 -1.334708999999999968e+01 8.148990000000000578e+01
2.318267900000000081e+05 -1.313659999999999961e+01 8.195336000000000354e+01
2.318269900000000198e+05 -1.301464999999999961e+01 8.399348000000000525e+01
2.318271900000000023e+05 -1.262598999999999982e+01 7.992528000000000077e+01
2.318273900000000140e+05 -1.232685999999999993e+01 7.886816000000000315e+01
2.318275899999999965e+05 -1.105817000000000050e+01 7.669401999999999475e+01
2.318277900000000081e+05 -1.091818999999999917e+01 7.183395000000000152e+01
2.318279900000000198e+05 -1.088937999999999917e+01 7.250301000000000329e+01
2.318281900000000023e+05 -1.025740000000000052e+01 7.257764000000000237e+01
2.318283900000000140e+05 -9.522783000000000442e+00 6.806667000000000201e+01
2.318285899999999965e+05 -8.431708000000000425e+00 6.180190000000000339e+01
2.318287900000000081e+05 -7.049775000000000347e+00 5.365744000000000113e+01
2.318289900000000198e+05 -5.384178000000000353e+00 4.037664999999999793e+01
2.318291900000000023e+05 -3.430541999999999980e+00 1.850395999999999930e+01
2.318293900000000140e+05 -1.766170999999999935e+00 -1.942579999999999885e+01
2.318295899999999965e+05 -9.227606000000000419e-01 -7.999541999999999575e+01
2.318297900000000081e+05 -2.411719999999999864e+00 -1.590691999999999950e+02
2.318299900000000198e+05 -7.924713999999999814e+00 -2.591892000000000280e+02
2.318301900000000023e+05 -1.089287999999999990e+01 -4.356738000000000284e+02
2.318303900000000140e+05 -1.026948999999999934e+01 -5.871611000000000331e+02
2.318305899999999965e+05 -1.715569999999999951e+01 -4.801338999999999828e+02
2.318307900000000081e+05 -1.755252000000000123e+01 -6.507789999999999964e+02
2.318309900000000198e+05 -1.466355000000000075e+01 -6.022178999999999860e+02
2.318311900000000023e+05 -1.628574000000000055e+01 -5.822410999999999603e+02
2.318313900000000140e+05 -1.788541000000000025e+01 -5.869134000000000242e+02
2.318315899999999965e+05 -1.853779000000000110e+01 -5.966530999999999949e+02
2.318317900000000081e+05 -1.799568999999999974e+01 -6.012875000000000227e+02
2.318319900000000198e+05 -1.854892999999999859e+01 -6.115045000000000073e+02
2.318321900000000023e+05 -1.868335000000000079e+01 -6.060818000000000438e+02
2.318323900000000140e+05 -1.844140000000000157e+01 -6.127231000000000449e+02
2.318325899999999965e+05 -1.865908999999999907e+01 -6.144411999999999807e+02
2.318327900000000081e+05 -1.828241999999999834e+01 -6.113067999999999529e+02
2.318329900000000198e+05 -1.814843000000000117e+01 -6.188819999999999482e+02
2.318331900000000023e+05 -1.812462000000000018e+01 -6.151938000000000102e+02
2.318333900000000140e+05 -1.797693999999999903e+01 -6.199846999999999753e+02
2.318335899999999965e+05 -1.705180000000000007e+01 -6.189860999999999649e+02
2.318337900000000081e+05 -1.733874000000000137e+01 -6.236797000000000253e+02
2.318339900000000198e+05 -1.784224999999999994e+01 -6.204022999999999683e+02
2.318341900000000023e+05 -1.801839000000000013e+01 -6.196354999999999791e+02
2.318343900000000140e+05 -1.779660000000000153e+01 -6.204334000000000060e+02
2.318345899999999965e+05 -1.736982000000000070e+01 -6.195702999999999747e+02
2.318347900000000081e+05 -1.756574000000000169e+01 -6.219509000000000469e+02
2.318349900000000198e+05 -1.712606999999999857e+01 -6.243234999999999673e+02
2.318351900000000023e+05 -1.652456000000000103e+01 -6.197187000000000126e+02
2.318353900000000140e+05 -1.709275999999999840e+01 -6.212237000000000080e+02
2.318355899999999965e+05 -1.738906000000000063e+01 -6.194052000000000362e+02
2.318357900000000081e+05 -1.655442000000000036e+01 -6.191608999999999696e+02
2.318359900000000198e+05 -1.727982000000000085e+01 -6.222545999999999822e+02
2.318361900000000023e+05 -1.646428999999999832e+01 -6.222753000000000156e+02
2.318363900000000140e+05 -1.771921000000000035e+01 -6.200304999999999609e+02
2.318365899999999965e+05 -1.700543000000000049e+01 -6.228206000000000131e+02
2.318367900000000081e+05 -1.674953000000000003e+01 -6.208936999999999671e+02
2.318369900000000198e+05 -1.671208999999999989e+01 -6.226838000000000193e+02
2.318371900000000023e+05 -1.661659999999999826e+01 -6.192365999999999531e+02
2.318373900000000140e+05 -1.660913000000000039e+01 -6.199158999999999651e+02
2.318375899999999965e+05 -1.638999000000000095e+01 -6.253129999999999882e+02
2.318377900000000081e+05 -1.695786000000000016e+01 -6.246513999999999669e+02
2.318379900000000198e+05 -1.702246999999999844e+01 -6.223887999999999465e+02
2.318381900000000023e+05 -1.666473999999999833e+01 -6.221662000000000035e+02
2.318383900000000140e+05 -1.624029000000000167e+01 -6.234174000000000433e+02
2.318385899999999965e+05 -1.630717999999999890e+01 -6.209305000000000518e+02
2.318387900000000081e+05 -1.636790999999999840e+01 -6.249258999999999560e+02
2.318389900000000198e+05 -1.673141999999999996e+01 -6.210398000000000138e+02
2.318391900000000023e+05 -1.663053999999999988e+01 -6.227209000000000287e+02
2.318393900000000140e+05 -1.649162000000000106e+01 -6.259521999999999480e+02
2.318395899999999965e+05 -1.645017999999999958e+01 -6.212288999999999533e+02
2.318397900000000081e+05 -1.665231999999999957e+01 -6.259367999999999483e+02
2.318399900000000198e+05 -1.605995000000000061e+01 -6.252422000000000253e+02
2.318401900000000023e+05 -1.659853000000000023e+01 -6.235371999999999844e+02
2.318403900000000140e+05 -1.700350999999999857e+01 -6.282699999999999818e+02
2.318405899999999965e+05 -1.591605999999999987e+01 -6.234189000000000078e+02
2.318407900000000081e+05 -1.704993999999999943e+01 -6.199750999999999976e+02
