# Time finished:
# 2015-06-03 00.27.24
# Temp volt start:
# 1.0355614
# Temp volt stop:
# 1.0355614
# Approx start T:
# 72.3921060483
# Approx stop T:
# 72.4418650861
# DC bias measured, messed up:
# 4.000118
# DC bias we asked for:
# 4
2.317928800000000047e+05 -1.475664000000000087e+01 9.111455999999999733e+01
2.317930800000000163e+05 -1.438583000000000034e+01 8.992166000000000281e+01
2.317932799999999988e+05 -1.432774999999999999e+01 8.759614999999999441e+01
2.317934800000000105e+05 -1.526834000000000024e+01 8.648681000000000552e+01
2.317936799999999930e+05 -1.447011999999999965e+01 9.000176999999999339e+01
2.317938800000000047e+05 -1.530428000000000033e+01 8.645852999999999611e+01
2.317940800000000163e+05 -1.473775999999999975e+01 8.845026000000000010e+01
2.317942799999999988e+05 -1.432785999999999937e+01 8.567404999999999404e+01
2.317944800000000105e+05 -1.448188000000000031e+01 8.804765000000000441e+01
2.317946799999999930e+05 -1.448047000000000040e+01 8.510451999999999373e+01
2.317948800000000047e+05 -1.426899000000000051e+01 8.444123000000000445e+01
2.317950800000000163e+05 -1.447929000000000066e+01 8.783002000000000464e+01
2.317952799999999988e+05 -1.447783000000000087e+01 8.357076999999999600e+01
2.317954800000000105e+05 -1.461430000000000007e+01 8.796802999999999884e+01
2.317956799999999930e+05 -1.419717999999999947e+01 8.557500000000000284e+01
2.317958800000000047e+05 -1.430602000000000018e+01 8.462050000000000693e+01
2.317960800000000163e+05 -1.415987999999999936e+01 8.613218999999999426e+01
2.317962799999999988e+05 -1.381278999999999968e+01 8.781999000000000422e+01
2.317964800000000105e+05 -1.408991999999999933e+01 8.577039000000000613e+01
2.317966799999999930e+05 -1.409507999999999939e+01 8.524397999999999342e+01
2.317968800000000047e+05 -1.394472999999999985e+01 8.486700000000000443e+01
2.317970800000000163e+05 -1.397953000000000046e+01 8.504124000000000194e+01
2.317972799999999988e+05 -1.346803000000000061e+01 8.394446000000000652e+01
2.317974800000000105e+05 -1.376760999999999946e+01 8.523583000000000709e+01
2.317976799999999930e+05 -1.395168999999999926e+01 8.382983000000000118e+01
2.317978800000000047e+05 -1.329820999999999920e+01 8.153546000000000049e+01
2.317980800000000163e+05 -1.330747999999999998e+01 8.287497999999999365e+01
2.317982799999999988e+05 -1.343164999999999942e+01 8.066630999999999574e+01
2.317984800000000105e+05 -1.317881000000000036e+01 8.055240000000000578e+01
2.317986799999999930e+05 -1.328635000000000055e+01 8.212497999999999365e+01
2.317988800000000047e+05 -1.294809000000000054e+01 7.930347000000000435e+01
2.317990800000000163e+05 -1.300666000000000011e+01 8.014906999999999471e+01
2.317992799999999988e+05 -1.224975000000000058e+01 8.107607000000000141e+01
2.317994800000000105e+05 -1.185125999999999991e+01 8.170883999999999503e+01
2.317996799999999930e+05 -1.115742999999999974e+01 7.667029999999999745e+01
2.317998800000000047e+05 -1.152660999999999980e+01 7.276196000000000197e+01
2.318000800000000163e+05 -1.061955000000000027e+01 7.242394000000000176e+01
2.318002799999999988e+05 -9.807923999999999864e+00 6.765252999999999872e+01
2.318004800000000105e+05 -8.835203999999999169e+00 6.293636999999999659e+01
2.318006799999999930e+05 -7.847387000000000334e+00 5.810875999999999664e+01
2.318008800000000047e+05 -6.249990000000000379e+00 4.677669000000000210e+01
2.318010800000000163e+05 -4.432088000000000250e+00 2.972577000000000069e+01
2.318012799999999988e+05 -2.443972000000000033e+00 1.707721000000000044e+00
2.318014800000000105e+05 -1.066659999999999942e+00 -4.522325000000000017e+01
2.318016799999999930e+05 -1.142487999999999948e+00 -1.144458999999999946e+02
2.318018800000000047e+05 -4.264336000000000126e+00 -1.990107000000000141e+02
2.318020800000000163e+05 -1.163179000000000052e+01 -3.328378999999999905e+02
2.318022799999999988e+05 -9.322100999999999971e+00 -5.102672000000000025e+02
2.318024800000000105e+05 -1.510599000000000025e+01 -6.629358999999999469e+02
2.318026799999999930e+05 -1.333174999999999955e+01 -5.651180000000000518e+02
2.318028800000000047e+05 -2.351388999999999996e+01 -5.122141000000000304e+02
2.318030800000000163e+05 -2.423429000000000144e+01 -6.476095000000000255e+02
2.318032799999999988e+05 -2.050625000000000142e+01 -6.395258999999999787e+02
2.318034800000000105e+05 -1.968991000000000113e+01 -6.343745000000000118e+02
2.318036799999999930e+05 -2.193900000000000006e+01 -6.243012999999999693e+02
2.318038800000000047e+05 -2.070336999999999961e+01 -5.996960000000000264e+02
2.318040800000000163e+05 -1.746558999999999884e+01 -6.014510999999999967e+02
2.318042799999999988e+05 -1.749784999999999968e+01 -6.166889999999999645e+02
2.318044800000000105e+05 -1.879714999999999847e+01 -6.076314999999999600e+02
2.318046799999999930e+05 -1.720232999999999990e+01 -6.168831999999999880e+02
2.318048800000000047e+05 -1.758587999999999951e+01 -6.121471999999999980e+02
2.318050800000000163e+05 -1.764716999999999913e+01 -6.152414999999999736e+02
2.318052799999999988e+05 -1.742735000000000056e+01 -6.150674999999999955e+02
2.318054800000000105e+05 -1.803532999999999831e+01 -6.150338000000000420e+02
2.318056799999999930e+05 -1.755651999999999902e+01 -6.191210999999999558e+02
2.318058800000000047e+05 -1.752196999999999960e+01 -6.175916999999999462e+02
2.318060800000000163e+05 -1.728306999999999860e+01 -6.182985999999999649e+02
2.318062799999999988e+05 -1.723169000000000040e+01 -6.191029999999999518e+02
2.318064800000000105e+05 -1.728171000000000035e+01 -6.220646000000000413e+02
2.318066799999999930e+05 -1.708668000000000120e+01 -6.186411000000000513e+02
2.318068800000000047e+05 -1.666644000000000148e+01 -6.205760999999999967e+02
2.318070800000000163e+05 -1.752902999999999878e+01 -6.178989000000000260e+02
2.318072799999999988e+05 -1.685760000000000147e+01 -6.192885999999999740e+02
2.318074800000000105e+05 -1.668963000000000108e+01 -6.206987000000000307e+02
2.318076799999999930e+05 -1.642878999999999934e+01 -6.191086000000000240e+02
2.318078800000000047e+05 -1.686029999999999873e+01 -6.221489000000000260e+02
2.318080800000000163e+05 -1.696535000000000082e+01 -6.238242000000000189e+02
2.318082799999999988e+05 -1.710534000000000177e+01 -6.195095000000000027e+02
2.318084800000000105e+05 -1.688689000000000107e+01 -6.196961999999999762e+02
2.318086799999999930e+05 -1.674455000000000027e+01 -6.215051999999999452e+02
2.318088800000000047e+05 -1.737346000000000146e+01 -6.245863000000000511e+02
2.318090800000000163e+05 -1.675415999999999883e+01 -6.195176999999999907e+02
2.318092799999999988e+05 -1.615811000000000064e+01 -6.225196999999999434e+02
2.318094800000000105e+05 -1.643470999999999904e+01 -6.238662000000000489e+02
2.318096799999999930e+05 -1.704720000000000013e+01 -6.213179000000000087e+02
2.318098800000000047e+05 -1.711456000000000088e+01 -6.214199999999999591e+02
2.318100800000000163e+05 -1.695129999999999981e+01 -6.223912000000000262e+02
2.318102799999999988e+05 -1.632245999999999952e+01 -6.212228000000000065e+02
2.318104800000000105e+05 -1.621807000000000087e+01 -6.248687999999999647e+02
2.318106799999999930e+05 -1.611082999999999998e+01 -6.237155000000000200e+02
2.318108800000000047e+05 -1.687611000000000061e+01 -6.235684999999999718e+02
2.318110800000000163e+05 -1.584169999999999945e+01 -6.243173000000000457e+02
2.318112799999999988e+05 -1.697154000000000096e+01 -6.222311999999999443e+02
2.318114800000000105e+05 -1.694716999999999985e+01 -6.221005000000000109e+02
2.318116799999999930e+05 -1.638073999999999941e+01 -6.251017000000000507e+02
2.318118800000000047e+05 -1.623265999999999920e+01 -6.239388000000000147e+02
2.318120800000000163e+05 -1.627989000000000175e+01 -6.284488999999999805e+02
2.318122799999999988e+05 -1.612688999999999950e+01 -6.216096000000000004e+02
2.318124800000000105e+05 -1.632413999999999987e+01 -6.229643999999999551e+02
2.318126799999999930e+05 -1.625316000000000116e+01 -6.220665000000000191e+02
2.318128800000000047e+05 -1.615915999999999997e+01 -6.252747000000000526e+02
