# Time finished:
# 2015-06-03 20.18.38
# Temp volt start:
# 1.0111361
# Temp volt stop:
# 1.0111361
# Approx start T:
# 86.3258097922
# Approx stop T:
# 86.3250794178
# DC bias measured, messed up:
# 3.999502
# DC bias we asked for:
# 4
2.318207600000000093e+05 -1.508878999999999948e+01 8.804216999999999871e+01
2.318209600000000210e+05 -1.478607000000000049e+01 8.920251000000000374e+01
2.318211600000000035e+05 -1.421942999999999913e+01 8.833190000000000452e+01
2.318213600000000151e+05 -1.424065000000000047e+01 9.035733000000000459e+01
2.318215599999999977e+05 -1.481377999999999950e+01 8.636254999999999882e+01
2.318217600000000093e+05 -1.485838000000000036e+01 8.698439000000000476e+01
2.318219600000000210e+05 -1.449011999999999922e+01 8.639826999999999657e+01
2.318221600000000035e+05 -1.439212000000000025e+01 8.720040000000000191e+01
2.318223600000000151e+05 -1.447644000000000020e+01 8.651228000000000407e+01
2.318225599999999977e+05 -1.449554999999999971e+01 8.586538000000000181e+01
2.318227600000000093e+05 -1.417672999999999917e+01 8.643256999999999834e+01
2.318229600000000210e+05 -1.423800999999999917e+01 8.730352999999999497e+01
2.318231600000000035e+05 -1.451382000000000083e+01 8.595841000000000065e+01
2.318233600000000151e+05 -1.484741000000000000e+01 8.852491999999999450e+01
2.318235599999999977e+05 -1.421306000000000047e+01 8.589539999999999509e+01
2.318237600000000093e+05 -1.415737999999999985e+01 8.705383999999999389e+01
2.318239600000000210e+05 -1.404207000000000072e+01 8.503400000000000603e+01
2.318241600000000035e+05 -1.399305000000000021e+01 8.637474000000000274e+01
2.318243600000000151e+05 -1.411001000000000083e+01 8.698908000000000129e+01
2.318245599999999977e+05 -1.384042999999999957e+01 8.541776000000000124e+01
2.318247600000000093e+05 -1.403598999999999997e+01 8.624054999999999893e+01
2.318249600000000210e+05 -1.379404000000000075e+01 8.399491000000000440e+01
2.318251600000000035e+05 -1.413724999999999987e+01 8.321390999999999849e+01
2.318253600000000151e+05 -1.350441999999999965e+01 8.296285000000000309e+01
2.318255599999999977e+05 -1.377552999999999983e+01 8.274178000000000566e+01
2.318257600000000093e+05 -1.339267000000000074e+01 8.701294000000000040e+01
2.318259600000000210e+05 -1.317900000000000027e+01 8.197526999999999475e+01
2.318261600000000035e+05 -1.368509000000000064e+01 8.119916999999999518e+01
2.318263600000000151e+05 -1.311180000000000057e+01 8.351554000000000144e+01
2.318265599999999977e+05 -1.338367000000000040e+01 8.085796999999999457e+01
2.318267600000000093e+05 -1.287400000000000055e+01 8.138889000000000351e+01
2.318269600000000210e+05 -1.299965000000000082e+01 7.986423000000000627e+01
2.318271600000000035e+05 -1.243107999999999969e+01 8.231667000000000201e+01
2.318273600000000151e+05 -1.173315999999999981e+01 8.269490000000000407e+01
2.318275599999999977e+05 -1.147087999999999930e+01 7.701180999999999699e+01
2.318277600000000093e+05 -1.102669000000000032e+01 7.334239999999999782e+01
2.318279600000000210e+05 -1.114667000000000030e+01 7.282800000000000296e+01
2.318281600000000035e+05 -1.008329999999999949e+01 7.069062999999999874e+01
2.318283600000000151e+05 -9.531753999999999394e+00 6.524878999999999962e+01
2.318285599999999977e+05 -8.175748999999999711e+00 6.101861000000000246e+01
2.318287600000000093e+05 -6.914778000000000091e+00 5.306123999999999796e+01
2.318289600000000210e+05 -5.321540999999999855e+00 3.838369000000000142e+01
2.318291600000000035e+05 -3.224174000000000095e+00 1.427429000000000059e+01
2.318293600000000151e+05 -1.664738999999999969e+00 -2.565841999999999956e+01
2.318295599999999977e+05 -1.064862999999999893e+00 -8.793501999999999441e+01
2.318297600000000093e+05 -2.695752000000000148e+00 -1.676496999999999957e+02
2.318299600000000210e+05 -9.024824000000000623e+00 -2.729211000000000240e+02
2.318301600000000035e+05 -1.037029000000000067e+01 -9.643782000000000210e+01
2.318303600000000151e+05 -1.088347000000000087e+01 -2.453958000000000084e+02
2.318305599999999977e+05 -1.604412999999999911e+01 -1.418472999999999900e+02
2.318307600000000093e+05 -2.103947000000000145e+01 -3.090597999999999956e+02
2.318309600000000210e+05 -1.527172999999999981e+01 -2.568811000000000035e+02
2.318311600000000035e+05 -1.551059000000000054e+01 -2.396444999999999936e+02
2.318313600000000151e+05 -1.685677000000000092e+01 -2.352212000000000103e+02
2.318315599999999977e+05 -1.754761999999999844e+01 -2.385312999999999874e+02
2.318317600000000093e+05 -1.885163000000000011e+01 -2.498754999999999882e+02
2.318319600000000210e+05 -1.921666000000000096e+01 -2.511938000000000102e+02
2.318321600000000035e+05 -1.833727000000000018e+01 -2.471176000000000101e+02
2.318323600000000151e+05 -1.832263999999999982e+01 -2.569198999999999842e+02
2.318325599999999977e+05 -1.801597999999999900e+01 -2.493497000000000128e+02
2.318327600000000093e+05 -1.877102999999999966e+01 -2.584689999999999941e+02
2.318329600000000210e+05 -1.773524000000000100e+01 -2.566532000000000266e+02
2.318331600000000035e+05 -1.782149000000000072e+01 -2.534106999999999914e+02
2.318333600000000151e+05 -1.772646999999999906e+01 -2.548038999999999987e+02
2.318335599999999977e+05 -1.741769000000000034e+01 -2.627841999999999985e+02
2.318337600000000093e+05 -1.754025000000000034e+01 -2.580887999999999920e+02
2.318339600000000210e+05 -1.753716000000000008e+01 -2.570353000000000065e+02
2.318341600000000035e+05 -1.772119999999999962e+01 -2.589778000000000020e+02
2.318343600000000151e+05 -1.741228999999999871e+01 -2.574750000000000227e+02
2.318345599999999977e+05 -1.722202000000000055e+01 -2.588419000000000096e+02
2.318347600000000093e+05 -1.670279000000000025e+01 -2.594472999999999843e+02
2.318349600000000210e+05 -1.745139999999999958e+01 -2.618806000000000154e+02
2.318351600000000035e+05 -1.630629000000000062e+01 -2.609479999999999791e+02
2.318353600000000151e+05 -1.748365000000000080e+01 -2.609737999999999829e+02
2.318355599999999977e+05 -1.645028999999999897e+01 -2.600563000000000216e+02
2.318357600000000093e+05 -1.699549000000000021e+01 -2.640919999999999845e+02
2.318359600000000210e+05 -1.738682999999999979e+01 -2.642608999999999924e+02
2.318361600000000035e+05 -1.712376000000000076e+01 -2.583534999999999968e+02
2.318363600000000151e+05 -1.745836999999999861e+01 -2.584648000000000252e+02
2.318365599999999977e+05 -1.647165000000000035e+01 -2.601716999999999871e+02
2.318367600000000093e+05 -1.664570000000000149e+01 -2.623217999999999961e+02
2.318369600000000210e+05 -1.665790000000000148e+01 -2.633935999999999922e+02
2.318371600000000035e+05 -1.691123999999999938e+01 -2.641240999999999985e+02
2.318373600000000151e+05 -1.612002000000000024e+01 -2.661315999999999917e+02
2.318375599999999977e+05 -1.701627999999999830e+01 -2.639476999999999975e+02
2.318377600000000093e+05 -1.614821999999999846e+01 -2.607996999999999730e+02
2.318379600000000210e+05 -1.689004999999999868e+01 -2.639898999999999774e+02
2.318381600000000035e+05 -1.645702999999999960e+01 -2.617660999999999945e+02
2.318383600000000151e+05 -1.633352000000000004e+01 -2.665013000000000147e+02
2.318385599999999977e+05 -1.598051000000000066e+01 -2.645260000000000105e+02
2.318387600000000093e+05 -1.682391000000000147e+01 -2.636034000000000219e+02
2.318389600000000210e+05 -1.619587999999999894e+01 -2.629409999999999741e+02
2.318391600000000035e+05 -1.662108999999999881e+01 -2.639461999999999762e+02
2.318393600000000151e+05 -1.608068000000000097e+01 -2.602155999999999949e+02
2.318395599999999977e+05 -1.666986999999999952e+01 -2.652724999999999795e+02
2.318397600000000093e+05 -1.643145000000000167e+01 -2.661034000000000219e+02
2.318399600000000210e+05 -1.649020000000000152e+01 -2.657035999999999945e+02
2.318401600000000035e+05 -1.633132000000000161e+01 -2.627445000000000164e+02
2.318403600000000151e+05 -1.649062999999999946e+01 -2.657024999999999864e+02
2.318405599999999977e+05 -1.661936000000000035e+01 -2.636763000000000261e+02
2.318407600000000093e+05 -1.626811999999999969e+01 -2.623904999999999745e+02
