# Time finished:
# 2015-06-04 11.18.07
# Temp volt start:
# 0.92974779
# Temp volt stop:
# 0.92974779
# Approx start T:
# 129.94598729
# Approx stop T:
# 130.01351008
# DC bias measured, messed up:
# 3.999367
# DC bias we asked for:
# 4
2.318972200000000012e+05 -1.466933000000000042e+01 8.943670000000000186e+01
2.318974200000000128e+05 -1.465903999999999918e+01 9.311692999999999643e+01
2.318976199999999953e+05 -1.427434000000000047e+01 9.189015999999999451e+01
2.318978200000000070e+05 -1.479228999999999949e+01 9.268094000000000676e+01
2.318980199999999895e+05 -1.463165000000000049e+01 8.742296000000000333e+01
2.318982200000000012e+05 -1.485163000000000011e+01 8.904091999999999985e+01
2.318984200000000128e+05 -1.459130000000000038e+01 8.605222000000000548e+01
2.318986199999999953e+05 -1.464150000000000063e+01 9.172490999999999417e+01
2.318988200000000070e+05 -1.452722999999999942e+01 8.940770999999999447e+01
2.318990199999999895e+05 -1.452055000000000007e+01 8.664525000000000432e+01
2.318992200000000012e+05 -1.474451999999999963e+01 8.985799000000000092e+01
2.318994200000000128e+05 -1.475284000000000084e+01 8.908538000000000068e+01
2.318996199999999953e+05 -1.428536000000000072e+01 8.786311000000000604e+01
2.318998200000000070e+05 -1.468000999999999934e+01 8.553976000000000113e+01
2.319000199999999895e+05 -1.441028999999999982e+01 8.514802000000000248e+01
2.319002200000000012e+05 -1.453200000000000003e+01 8.727899999999999636e+01
2.319004200000000128e+05 -1.419533999999999985e+01 8.812095999999999663e+01
2.319006199999999953e+05 -1.433032000000000039e+01 9.043175999999999704e+01
2.319008200000000070e+05 -1.438824999999999932e+01 8.485219999999999629e+01
2.319010199999999895e+05 -1.344654000000000060e+01 8.610679000000000372e+01
2.319012200000000012e+05 -1.405890999999999913e+01 8.830580999999999392e+01
2.319014200000000128e+05 -1.352796999999999983e+01 8.517977000000000487e+01
2.319016199999999953e+05 -1.345090000000000074e+01 8.629179000000000599e+01
2.319018200000000070e+05 -1.368088000000000015e+01 8.062500000000000000e+01
2.319020199999999895e+05 -1.393223000000000056e+01 8.287820999999999572e+01
2.319022200000000012e+05 -1.337606000000000073e+01 8.362722999999999729e+01
2.319024200000000128e+05 -1.401505000000000045e+01 8.430477000000000487e+01
2.319026199999999953e+05 -1.302725000000000044e+01 8.129523000000000366e+01
2.319028200000000070e+05 -1.329359000000000002e+01 7.816149000000000058e+01
2.319030199999999895e+05 -1.304808000000000057e+01 8.108279000000000281e+01
2.319032200000000012e+05 -1.309523000000000081e+01 7.888868999999999687e+01
2.319034200000000128e+05 -1.265928000000000075e+01 8.005030999999999608e+01
2.319036199999999953e+05 -1.198792000000000080e+01 8.299030000000000484e+01
2.319038200000000070e+05 -1.148010999999999981e+01 8.076736999999999966e+01
2.319040199999999895e+05 -1.112231000000000058e+01 7.368000999999999578e+01
2.319042200000000012e+05 -1.114486999999999917e+01 7.431277000000000044e+01
2.319044200000000128e+05 -1.002580999999999989e+01 7.342297000000000651e+01
2.319046199999999953e+05 -9.665285000000000792e+00 6.818157999999999674e+01
2.319048200000000070e+05 -8.659964000000000439e+00 6.307748000000000133e+01
2.319050199999999895e+05 -7.662317999999999962e+00 5.845989999999999753e+01
2.319052200000000012e+05 -5.792498000000000147e+00 4.542793000000000347e+01
2.319054200000000128e+05 -3.950909999999999922e+00 2.794031000000000020e+01
2.319056199999999953e+05 -2.045819999999999972e+00 -4.366349999999999731e+00
2.319058200000000070e+05 -7.125647999999999982e-01 -5.624372999999999934e+01
2.319060199999999895e+05 -1.040227000000000013e+00 -1.313084000000000060e+02
2.319062200000000012e+05 -4.680493000000000237e+00 -2.211305000000000121e+02
2.319064200000000128e+05 -1.071589999999999954e+01 -3.706811999999999898e+02
2.319066199999999953e+05 -8.318744000000000582e+00 -5.378021999999999707e+02
2.319068200000000070e+05 -1.737629000000000090e+01 -3.585770999999999731e+02
2.319070199999999895e+05 -1.221589999999999954e+01 -2.345249000000000024e+02
2.319072200000000012e+05 -1.601980999999999966e+01 -1.765355000000000132e+02
2.319074200000000128e+05 -3.049918999999999869e+01 -1.645672000000000139e+02
2.319076199999999953e+05 -2.791045000000000087e+01 -2.847794999999999845e+02
2.319078200000000070e+05 -2.492390999999999934e+01 -2.596231999999999971e+02
2.319080199999999895e+05 -2.349515999999999849e+01 -2.356982999999999890e+02
2.319082200000000012e+05 -1.980398999999999887e+01 -2.235823000000000036e+02
2.319084200000000128e+05 -1.657269000000000148e+01 -2.473765999999999963e+02
2.319086199999999953e+05 -1.958585000000000065e+01 -2.588564999999999827e+02
2.319088200000000070e+05 -1.775716999999999857e+01 -2.449166999999999916e+02
2.319090199999999895e+05 -1.868192000000000164e+01 -2.591084000000000174e+02
2.319092200000000012e+05 -1.818329999999999913e+01 -2.539572000000000003e+02
2.319094200000000128e+05 -1.809920999999999935e+01 -2.499470000000000027e+02
2.319096199999999953e+05 -1.738592999999999833e+01 -2.525158000000000129e+02
2.319098200000000070e+05 -1.811657999999999902e+01 -2.615226000000000113e+02
2.319100199999999895e+05 -1.756634000000000029e+01 -2.597189999999999941e+02
2.319102200000000012e+05 -1.716800999999999888e+01 -2.600335000000000036e+02
2.319104200000000128e+05 -1.722720999999999947e+01 -2.585283999999999764e+02
2.319106199999999953e+05 -1.740739999999999910e+01 -2.586530000000000200e+02
2.319108200000000070e+05 -1.721647000000000105e+01 -2.602873000000000161e+02
2.319110199999999895e+05 -1.773335000000000150e+01 -2.614366999999999734e+02
2.319112200000000012e+05 -1.677299000000000007e+01 -2.622674000000000092e+02
2.319114200000000128e+05 -1.663525999999999883e+01 -2.612436999999999898e+02
2.319116199999999953e+05 -1.769500999999999991e+01 -2.620765000000000100e+02
2.319118200000000070e+05 -1.662928000000000139e+01 -2.568870000000000005e+02
2.319120199999999895e+05 -1.648763999999999896e+01 -2.651979000000000042e+02
2.319122200000000012e+05 -1.705440000000000111e+01 -2.586877000000000066e+02
2.319124200000000128e+05 -1.663196999999999903e+01 -2.597506999999999948e+02
2.319126199999999953e+05 -1.683274000000000115e+01 -2.583344000000000165e+02
2.319128200000000070e+05 -1.697805999999999926e+01 -2.603183999999999969e+02
2.319130199999999895e+05 -1.682209999999999894e+01 -2.612615999999999872e+02
2.319132200000000012e+05 -1.665361000000000047e+01 -2.610958999999999719e+02
2.319134200000000128e+05 -1.675009999999999977e+01 -2.606179000000000201e+02
2.319136199999999953e+05 -1.588138999999999967e+01 -2.623145000000000095e+02
2.319138200000000070e+05 -1.688207999999999842e+01 -2.663815000000000168e+02
2.319140199999999895e+05 -1.691040999999999883e+01 -2.614916000000000054e+02
2.319142200000000012e+05 -1.681765000000000043e+01 -2.656931000000000154e+02
2.319144200000000128e+05 -1.716792999999999836e+01 -2.600303999999999860e+02
2.319146199999999953e+05 -1.634650999999999854e+01 -2.650894000000000119e+02
2.319148200000000070e+05 -1.674021000000000114e+01 -2.613154000000000110e+02
2.319150199999999895e+05 -1.653911000000000087e+01 -2.617013999999999783e+02
2.319152200000000012e+05 -1.700939999999999941e+01 -2.625627999999999815e+02
2.319154200000000128e+05 -1.657789000000000001e+01 -2.634356000000000222e+02
2.319156199999999953e+05 -1.634187999999999974e+01 -2.640427999999999997e+02
2.319158200000000070e+05 -1.647624000000000066e+01 -2.633410000000000082e+02
2.319160199999999895e+05 -1.711496999999999957e+01 -2.623711000000000126e+02
2.319162200000000012e+05 -1.685810999999999993e+01 -2.681856000000000222e+02
2.319164200000000128e+05 -1.724455999999999989e+01 -2.650625000000000000e+02
2.319166199999999953e+05 -1.630430000000000135e+01 -2.643158000000000243e+02
2.319168200000000070e+05 -1.668509999999999849e+01 -2.640740000000000123e+02
2.319170199999999895e+05 -1.568983000000000061e+01 -2.619214999999999804e+02
2.319172200000000012e+05 -1.603638000000000119e+01 -2.651447999999999752e+02
