# Time finished:
# 2015-06-01 23.02.22
# Temp volt start:
# 0.9130068
# Temp volt stop:
# 0.9130068
# Approx start T:
# 138.450385841
# Approx stop T:
# 138.209042379
# DC bias measured, messed up:
# 8.001245
# DC bias we asked for:
# 8
2.318934500000000116e+05 -1.232310000000000016e+01 8.129076999999999487e+01
2.318936500000000233e+05 -1.235650000000000048e+01 8.437412999999999386e+01
2.318938500000000058e+05 -1.489307999999999943e+01 8.047074000000000638e+01
2.318940500000000175e+05 -1.314433000000000007e+01 9.052200999999999453e+01
2.318942500000000000e+05 -1.242395999999999923e+01 8.787775000000000603e+01
2.318944500000000116e+05 -1.157428999999999952e+01 8.459591000000000349e+01
2.318946500000000233e+05 -1.232829000000000086e+01 7.585175999999999874e+01
2.318948500000000058e+05 -1.242604000000000042e+01 8.710734999999999673e+01
2.318950500000000175e+05 -1.177167999999999992e+01 7.469160999999999717e+01
2.318952500000000000e+05 -1.168302000000000085e+01 8.883832999999999913e+01
2.318954500000000116e+05 -1.239813999999999972e+01 7.615780999999999779e+01
2.318956500000000233e+05 -1.258352999999999966e+01 7.432086999999999932e+01
2.318958500000000058e+05 -1.080963999999999992e+01 7.794617999999999824e+01
2.318960500000000175e+05 -1.265299000000000085e+01 7.665681999999999618e+01
2.318962500000000000e+05 -1.263164000000000087e+01 7.586046000000000333e+01
2.318964500000000116e+05 -9.957015999999999423e+00 8.347711999999999932e+01
2.318966500000000233e+05 -1.326599000000000039e+01 7.370765000000000100e+01
2.318968500000000058e+05 -1.157565999999999917e+01 7.997803000000000395e+01
2.318970500000000175e+05 -1.248198999999999970e+01 8.513648999999999489e+01
2.318972500000000000e+05 -9.533390000000000697e+00 7.858980999999999995e+01
2.318974500000000116e+05 -1.133112999999999992e+01 7.459770000000000323e+01
2.318976500000000233e+05 -9.937502000000000280e+00 7.701230999999999938e+01
2.318978500000000058e+05 -1.047621999999999964e+01 7.636106999999999800e+01
2.318980500000000175e+05 -9.766692000000000817e+00 7.427415000000000589e+01
2.318982500000000000e+05 -9.765636000000000649e+00 7.425937000000000410e+01
2.318984500000000116e+05 -1.038677000000000028e+01 7.648714999999999975e+01
2.318986500000000233e+05 -9.123343000000000202e+00 7.708368000000000109e+01
2.318988500000000058e+05 -9.028568999999999178e+00 8.037076000000000420e+01
2.318990500000000175e+05 -8.424647000000000219e+00 7.076838999999999658e+01
2.318992500000000000e+05 -8.819843000000000544e+00 7.266048999999999580e+01
2.318994500000000116e+05 -8.576491000000000753e+00 7.254984000000000322e+01
2.318996500000000233e+05 -8.091609000000000052e+00 7.382290999999999315e+01
2.318998500000000058e+05 -6.976974000000000231e+00 7.262481999999999971e+01
2.319000500000000175e+05 -6.575976999999999961e+00 7.470114999999999839e+01
2.319002500000000000e+05 -6.194302000000000419e+00 7.600780000000000314e+01
2.319004500000000116e+05 -4.273759000000000086e+00 6.759511000000000536e+01
2.319006500000000233e+05 -3.764461999999999975e+00 6.272585999999999729e+01
2.319008500000000058e+05 -2.979372999999999827e+00 5.925851000000000113e+01
2.319010500000000175e+05 -2.295253000000000210e+00 5.986464000000000141e+01
2.319012500000000000e+05 -8.816897000000000206e-01 5.376756000000000313e+01
2.319014500000000116e+05 1.203642000000000101e+00 4.907735000000000269e+01
2.319016500000000233e+05 3.218538999999999817e+00 3.943504000000000076e+01
2.319018500000000058e+05 5.672718999999999845e+00 2.708821999999999974e+01
2.319020500000000175e+05 8.134403000000000716e+00 7.711524999999999963e+00
2.319022500000000000e+05 1.072809999999999953e+01 -2.398227999999999938e+01
2.319024500000000116e+05 1.213979999999999926e+01 -6.867409000000000674e+01
2.319026500000000233e+05 1.099413000000000018e+01 -1.320362000000000080e+02
2.319028500000000058e+05 3.811728000000000005e+00 -2.286307999999999936e+02
2.319030500000000175e+05 3.395557999999999854e+00 -6.278875000000000028e+01
2.319032500000000000e+05 6.085749000000000297e-01 -1.981478999999999928e+02
2.319034500000000116e+05 -1.662688999999999973e-01 -9.796086999999999989e+01
2.319036500000000233e+05 -1.241567000000000043e+01 -5.650768999999999931e-01
2.319038500000000058e+05 -9.260619000000000156e+00 1.460329999999999870e+02
2.319040500000000175e+05 -8.500474999999999781e+00 1.769569999999999936e+02
2.319042500000000000e+05 -1.017994000000000021e+01 1.857781999999999982e+02
2.319044500000000116e+05 -1.163321000000000005e+01 1.777814999999999941e+02
2.319046500000000233e+05 -2.260387000000000057e+01 1.855620000000000118e+02
2.319048500000000058e+05 -1.728248999999999924e+01 2.090788000000000011e+02
2.319050500000000175e+05 -1.505217999999999989e+01 1.830612000000000137e+02
2.319052500000000000e+05 -1.698520999999999859e+01 1.773716000000000008e+02
2.319054500000000116e+05 -1.514470000000000027e+01 1.890698999999999899e+02
2.319056500000000233e+05 -1.658721999999999852e+01 1.773516999999999939e+02
2.319058500000000058e+05 -1.680181999999999931e+01 1.689466999999999928e+02
2.319060500000000175e+05 -1.928843000000000174e+01 1.528326999999999884e+02
2.319062500000000000e+05 -1.906906999999999996e+01 1.614675000000000011e+02
2.319064500000000116e+05 -1.835764999999999958e+01 1.720696000000000083e+02
2.319066500000000233e+05 -2.549493999999999971e+01 1.366931999999999903e+02
2.319068500000000058e+05 -1.962967000000000084e+01 1.457545000000000073e+02
2.319070500000000175e+05 -2.008361000000000018e+01 1.343894999999999982e+02
2.319072500000000000e+05 -1.819972999999999885e+01 1.392453999999999894e+02
2.319074500000000116e+05 -1.947935000000000016e+01 1.616163999999999987e+02
2.319076500000000233e+05 -2.116562000000000054e+01 1.317170000000000130e+02
2.319078500000000058e+05 -1.912932999999999950e+01 1.293113999999999919e+02
2.319080500000000175e+05 -1.830758000000000152e+01 1.504952000000000112e+02
2.319082500000000000e+05 -2.583465999999999951e+01 1.675497000000000014e+02
2.319084500000000116e+05 -2.048214000000000112e+01 1.358935999999999922e+02
2.319086500000000233e+05 -1.931337999999999866e+01 1.341632999999999925e+02
2.319088500000000058e+05 -1.837830999999999904e+01 1.184692000000000007e+02
2.319090500000000175e+05 -1.989048000000000016e+01 1.304179000000000030e+02
2.319092500000000000e+05 -1.932675000000000054e+01 1.051428999999999974e+02
2.319094500000000116e+05 -2.179656999999999911e+01 1.568262000000000000e+02
2.319096500000000233e+05 -2.175331999999999866e+01 1.219714000000000027e+02
2.319098500000000058e+05 -2.250251000000000090e+01 1.138259999999999934e+02
2.319100500000000175e+05 -1.827068999999999832e+01 1.295537999999999954e+02
2.319102500000000000e+05 -2.120003000000000171e+01 1.195144999999999982e+02
2.319104500000000116e+05 -1.729918999999999940e+01 1.259025000000000034e+02
2.319106500000000233e+05 -1.675582999999999956e+01 1.353461000000000070e+02
2.319108500000000058e+05 -1.789752999999999972e+01 1.149228999999999985e+02
2.319110500000000175e+05 -1.947435000000000116e+01 1.267417999999999978e+02
2.319112500000000000e+05 -2.170291999999999888e+01 1.137853999999999957e+02
2.319114500000000116e+05 -2.007657000000000025e+01 1.099104999999999990e+02
2.319116500000000233e+05 -1.957522000000000162e+01 1.028905000000000030e+02
2.319118500000000058e+05 -1.923965000000000103e+01 1.132776000000000067e+02
2.319120500000000175e+05 -1.691669999999999874e+01 1.138756999999999948e+02
2.319122500000000000e+05 -1.614674000000000120e+01 1.154294000000000011e+02
2.319124500000000116e+05 -1.854254999999999853e+01 9.462456000000000245e+01
2.319126500000000233e+05 -1.820122999999999891e+01 1.241918000000000006e+02
2.319128500000000058e+05 -2.151745999999999981e+01 1.222510000000000048e+02
2.319130500000000175e+05 -1.971621000000000024e+01 1.201573999999999955e+02
2.319132500000000000e+05 -1.642982999999999905e+01 1.102343999999999937e+02
2.319134500000000116e+05 -1.975216999999999956e+01 1.051470000000000056e+02
