# Time finished:
# 2015-06-04 11.38.09
# Temp volt start:
# 0.92593643
# Temp volt stop:
# 0.92593643
# Approx start T:
# 131.894775773
# Approx stop T:
# 131.987002114
# DC bias measured, messed up:
# 3.999392
# DC bias we asked for:
# 4
2.318995000000000000e+05 -1.484698999999999991e+01 8.993111000000000388e+01
2.318997000000000116e+05 -1.451975000000000016e+01 8.902854999999999563e+01
2.318998999999999942e+05 -1.494710000000000072e+01 9.240201999999999316e+01
2.319001000000000058e+05 -1.508788000000000018e+01 9.051097000000000037e+01
2.319002999999999884e+05 -1.517727000000000004e+01 8.791006000000000142e+01
2.319005000000000000e+05 -1.421308999999999934e+01 8.788166999999999973e+01
2.319007000000000116e+05 -1.475540999999999947e+01 8.645506000000000313e+01
2.319008999999999942e+05 -1.455701000000000001e+01 8.399361000000000388e+01
2.319011000000000058e+05 -1.456016999999999939e+01 8.828745999999999583e+01
2.319012999999999884e+05 -1.468702000000000041e+01 8.820986999999999512e+01
2.319015000000000000e+05 -1.449968999999999930e+01 8.739141999999999655e+01
2.319017000000000116e+05 -1.450941000000000081e+01 8.800606999999999402e+01
2.319018999999999942e+05 -1.465583999999999953e+01 8.632747000000000526e+01
2.319021000000000058e+05 -1.491255999999999915e+01 8.807815999999999690e+01
2.319022999999999884e+05 -1.459318999999999988e+01 8.638276999999999362e+01
2.319025000000000000e+05 -1.490846999999999944e+01 8.590044000000000324e+01
2.319027000000000116e+05 -1.410609000000000002e+01 8.894495000000000573e+01
2.319028999999999942e+05 -1.417719999999999914e+01 8.379625000000000057e+01
2.319031000000000058e+05 -1.435642999999999958e+01 8.554424000000000206e+01
2.319032999999999884e+05 -1.418107999999999969e+01 8.680568999999999846e+01
2.319035000000000000e+05 -1.367944999999999922e+01 8.300149999999999295e+01
2.319037000000000116e+05 -1.386391000000000062e+01 8.848751000000000033e+01
2.319038999999999942e+05 -1.419677000000000078e+01 8.457895999999999503e+01
2.319041000000000058e+05 -1.385999999999999943e+01 8.433073000000000263e+01
2.319042999999999884e+05 -1.356971000000000060e+01 8.557093000000000416e+01
2.319045000000000000e+05 -1.412138000000000027e+01 8.285106000000000392e+01
2.319047000000000116e+05 -1.359721000000000046e+01 8.620489999999999498e+01
2.319048999999999942e+05 -1.331850999999999985e+01 8.434081000000000472e+01
2.319051000000000058e+05 -1.351965000000000039e+01 8.197213000000000704e+01
2.319052999999999884e+05 -1.303486000000000011e+01 8.241919000000000040e+01
2.319055000000000000e+05 -1.304043000000000063e+01 8.215102000000000260e+01
2.319057000000000116e+05 -1.320789000000000080e+01 8.229192000000000462e+01
2.319058999999999942e+05 -1.276314999999999955e+01 8.310667999999999722e+01
2.319061000000000058e+05 -1.257480999999999938e+01 8.282686999999999955e+01
2.319062999999999884e+05 -1.155250000000000021e+01 7.904408999999999708e+01
2.319065000000000000e+05 -1.132357999999999976e+01 7.427531000000000461e+01
2.319067000000000116e+05 -1.090318000000000076e+01 7.297127999999999304e+01
2.319068999999999942e+05 -1.039950999999999937e+01 7.430205999999999733e+01
2.319071000000000058e+05 -9.642226000000000852e+00 6.866943000000000552e+01
2.319072999999999884e+05 -8.648865000000000691e+00 6.437612000000000023e+01
2.319075000000000000e+05 -7.556030999999999942e+00 5.788268999999999664e+01
2.319077000000000116e+05 -6.212837000000000387e+00 4.597529999999999717e+01
2.319078999999999942e+05 -3.931694999999999940e+00 2.645582999999999885e+01
2.319081000000000058e+05 -2.048894000000000215e+00 -5.061256000000000199e+00
2.319082999999999884e+05 -8.207250000000000378e-01 -5.806577999999999662e+01
2.319085000000000000e+05 -1.184689000000000103e+00 -1.334370000000000118e+02
2.319087000000000116e+05 -5.096044000000000018e+00 -2.236829999999999927e+02
2.319088999999999942e+05 -1.096041999999999916e+01 -3.755620999999999867e+02
2.319091000000000058e+05 -8.575537999999999883e+00 -5.414152000000000271e+02
2.319092999999999884e+05 -1.797906000000000049e+01 -7.204655999999999949e+02
2.319095000000000000e+05 -1.264536999999999978e+01 -5.967667000000000144e+02
2.319097000000000116e+05 -1.653084000000000131e+01 -5.424880000000000564e+02
2.319098999999999942e+05 -2.724109999999999943e+01 -5.375026000000000295e+02
2.319101000000000058e+05 -2.826550999999999902e+01 -6.164838999999999487e+02
2.319102999999999884e+05 -2.524940000000000140e+01 -6.262532999999999674e+02
2.319105000000000000e+05 -2.310832999999999871e+01 -5.902981999999999516e+02
2.319107000000000116e+05 -1.903564000000000078e+01 -5.887631000000000085e+02
2.319108999999999942e+05 -1.658841999999999928e+01 -6.085910000000000082e+02
2.319111000000000058e+05 -1.969725000000000037e+01 -6.125732000000000426e+02
2.319112999999999884e+05 -1.748811999999999856e+01 -6.115821999999999434e+02
2.319115000000000000e+05 -1.874149999999999849e+01 -6.137177000000000362e+02
2.319117000000000116e+05 -1.821568999999999861e+01 -6.172258000000000493e+02
2.319118999999999942e+05 -1.773217999999999961e+01 -6.137717000000000098e+02
2.319121000000000058e+05 -1.723119000000000156e+01 -6.165185999999999922e+02
2.319122999999999884e+05 -1.724118999999999957e+01 -6.146343000000000529e+02
2.319125000000000000e+05 -1.765514999999999901e+01 -6.149475999999999658e+02
2.319127000000000116e+05 -1.754898999999999987e+01 -6.198455000000000155e+02
2.319128999999999942e+05 -1.758765999999999963e+01 -6.208537000000000035e+02
2.319131000000000058e+05 -1.747015999999999991e+01 -6.191776999999999589e+02
2.319132999999999884e+05 -1.717426999999999992e+01 -6.197093999999999596e+02
2.319135000000000000e+05 -1.766163999999999845e+01 -6.231867999999999483e+02
2.319137000000000116e+05 -1.663587000000000060e+01 -6.198604000000000269e+02
2.319138999999999942e+05 -1.700977999999999923e+01 -6.213641000000000076e+02
2.319141000000000058e+05 -1.712285999999999930e+01 -6.204511999999999716e+02
2.319142999999999884e+05 -1.679352000000000089e+01 -6.185177999999999656e+02
2.319145000000000000e+05 -1.686177999999999955e+01 -6.179036999999999580e+02
2.319147000000000116e+05 -1.716876999999999853e+01 -6.174457999999999629e+02
2.319148999999999942e+05 -1.676308999999999827e+01 -6.232572000000000116e+02
2.319151000000000058e+05 -1.667161000000000115e+01 -6.207653000000000247e+02
2.319152999999999884e+05 -1.657063000000000130e+01 -6.207038999999999760e+02
2.319155000000000000e+05 -1.696528999999999954e+01 -6.211201999999999543e+02
2.319157000000000116e+05 -1.663171000000000177e+01 -6.207921999999999798e+02
2.319158999999999942e+05 -1.680599000000000132e+01 -6.202689000000000306e+02
2.319161000000000058e+05 -1.667156999999999911e+01 -6.247509999999999764e+02
2.319162999999999884e+05 -1.671487000000000123e+01 -6.255428000000000566e+02
2.319165000000000000e+05 -1.688577000000000083e+01 -6.214373000000000502e+02
2.319167000000000116e+05 -1.686101000000000028e+01 -6.228112999999999602e+02
2.319168999999999942e+05 -1.633960000000000079e+01 -6.277573999999999614e+02
2.319171000000000058e+05 -1.633996000000000137e+01 -6.259697999999999638e+02
2.319172999999999884e+05 -1.667686000000000135e+01 -6.271362000000000307e+02
2.319175000000000000e+05 -1.649688000000000088e+01 -6.227039999999999509e+02
2.319177000000000116e+05 -1.645526999999999873e+01 -6.224647999999999683e+02
2.319178999999999942e+05 -1.589588999999999963e+01 -6.236962999999999511e+02
2.319181000000000058e+05 -1.612886999999999915e+01 -6.211191000000000031e+02
2.319182999999999884e+05 -1.639754999999999896e+01 -6.253219000000000278e+02
2.319185000000000000e+05 -1.665531000000000006e+01 -6.256788000000000238e+02
2.319187000000000116e+05 -1.665121999999999858e+01 -6.246232999999999720e+02
2.319188999999999942e+05 -1.657357999999999976e+01 -6.251643000000000256e+02
2.319191000000000058e+05 -1.604558000000000106e+01 -6.238945999999999685e+02
2.319192999999999884e+05 -1.638986999999999838e+01 -6.218532999999999902e+02
2.319195000000000000e+05 -1.673666000000000054e+01 -6.259415000000000191e+02
