# Time finished:
# 2015-06-02 22.57.38
# Temp volt start:
# 1.0508571
# Temp volt stop:
# 1.0508571
# Approx start T:
# 63.443550137
# Approx stop T:
# 63.5405580907
# DC bias measured, messed up:
# 4.000143
# DC bias we asked for:
# 4
2.317757099999999919e+05 -1.493351999999999968e+01 8.813769000000000631e+01
2.317759100000000035e+05 -1.475070000000000014e+01 9.227737000000000478e+01
2.317761099999999860e+05 -1.451712000000000025e+01 8.757841000000000520e+01
2.317763099999999977e+05 -1.483535999999999966e+01 8.629031000000000518e+01
2.317765099999999802e+05 -1.522702999999999918e+01 8.886073000000000377e+01
2.317767099999999919e+05 -1.495509999999999984e+01 8.801858000000000004e+01
2.317769100000000035e+05 -1.470964000000000027e+01 8.863394999999999868e+01
2.317771099999999860e+05 -1.493110000000000070e+01 8.463841999999999643e+01
2.317773099999999977e+05 -1.462758999999999965e+01 8.926251000000000602e+01
2.317775099999999802e+05 -1.482962999999999987e+01 8.821339000000000397e+01
2.317777099999999919e+05 -1.499437999999999960e+01 8.982792999999999495e+01
2.317779100000000035e+05 -1.437049999999999983e+01 8.971652000000000271e+01
2.317781099999999860e+05 -1.470273000000000074e+01 8.686884000000000583e+01
2.317783099999999977e+05 -1.413179000000000052e+01 8.516280000000000427e+01
2.317785099999999802e+05 -1.439498999999999995e+01 8.548693000000000097e+01
2.317787099999999919e+05 -1.409872000000000014e+01 8.696365000000000123e+01
2.317789100000000035e+05 -1.464634000000000036e+01 8.936957999999999913e+01
2.317791099999999860e+05 -1.399670000000000059e+01 8.681717000000000439e+01
2.317793099999999977e+05 -1.449273999999999951e+01 8.702191000000000543e+01
2.317795099999999802e+05 -1.372664999999999935e+01 8.542332000000000392e+01
2.317797099999999919e+05 -1.377663000000000082e+01 8.474363999999999919e+01
2.317799100000000035e+05 -1.411788999999999916e+01 8.529121000000000663e+01
2.317801099999999860e+05 -1.315741000000000049e+01 8.650536999999999921e+01
2.317803099999999977e+05 -1.373320000000000007e+01 8.361039999999999850e+01
2.317805099999999802e+05 -1.379210999999999920e+01 8.632484999999999786e+01
2.317807099999999919e+05 -1.352801000000000009e+01 8.372579000000000349e+01
2.317809100000000035e+05 -1.346053999999999995e+01 8.131843999999999539e+01
2.317811099999999860e+05 -1.332071000000000005e+01 8.038608999999999583e+01
2.317813099999999977e+05 -1.336040999999999990e+01 8.452357000000000653e+01
2.317815099999999802e+05 -1.280804000000000009e+01 8.227676999999999907e+01
2.317817099999999919e+05 -1.358201000000000036e+01 8.220189999999999486e+01
2.317819100000000035e+05 -1.300764999999999993e+01 7.895784999999999343e+01
2.317821099999999860e+05 -1.271673999999999971e+01 7.952450000000000330e+01
2.317823099999999977e+05 -1.211639000000000088e+01 8.080855999999999995e+01
2.317825099999999802e+05 -1.148070000000000057e+01 8.052961000000000524e+01
2.317827099999999919e+05 -1.110641999999999996e+01 7.413145000000000095e+01
2.317829100000000035e+05 -1.180974999999999930e+01 7.344643000000000654e+01
2.317831099999999860e+05 -9.840486999999999540e+00 7.224872999999999479e+01
2.317833099999999977e+05 -9.626711000000000240e+00 6.715769000000000233e+01
2.317835099999999802e+05 -8.408860000000000667e+00 6.333426000000000045e+01
2.317837099999999919e+05 -7.172823000000000171e+00 5.553007000000000204e+01
2.317839100000000035e+05 -5.396309999999999718e+00 4.429023999999999717e+01
2.317841099999999860e+05 -3.606847999999999832e+00 2.381888999999999967e+01
2.317843099999999977e+05 -1.714960000000000040e+00 -9.690217000000000525e+00
2.317845099999999802e+05 -4.617890000000000050e-01 -6.337568999999999875e+01
2.317847099999999919e+05 -1.057134000000000018e+00 -1.400309000000000026e+02
2.317849100000000035e+05 -5.211237999999999815e+00 -2.337286000000000001e+02
2.317851099999999860e+05 -1.014133999999999958e+01 -3.906222999999999956e+02
2.317853099999999977e+05 -8.023882999999999655e+00 -5.560859000000000378e+02
2.317855099999999802e+05 -1.731225999999999843e+01 -3.985294000000000096e+02
2.317857099999999919e+05 -1.251496000000000031e+01 -2.563339000000000283e+02
2.317859100000000035e+05 -1.381747999999999976e+01 -2.002313000000000045e+02
2.317861099999999860e+05 -1.963193000000000055e+01 -1.806230999999999938e+02
2.317863099999999977e+05 -2.776242999999999839e+01 -1.996705000000000041e+02
2.317865099999999802e+05 -2.483420999999999879e+01 -2.073377999999999872e+02
2.317867099999999919e+05 -2.164837999999999951e+01 -2.233754999999999882e+02
2.317869100000000035e+05 -1.788408000000000087e+01 -2.349422000000000139e+02
2.317871099999999860e+05 -1.766856999999999900e+01 -2.584354999999999905e+02
2.317873099999999977e+05 -1.929183000000000092e+01 -2.450574000000000012e+02
2.317875099999999802e+05 -1.674643000000000015e+01 -2.555228999999999928e+02
2.317877099999999919e+05 -1.924533999999999878e+01 -2.541096000000000004e+02
2.317879100000000035e+05 -1.773464999999999847e+01 -2.570203999999999951e+02
2.317881099999999860e+05 -1.745493000000000094e+01 -2.602669999999999959e+02
2.317883099999999977e+05 -1.676338000000000150e+01 -2.545910000000000082e+02
2.317885099999999802e+05 -1.668815999999999988e+01 -2.575518000000000143e+02
2.317887099999999919e+05 -1.809100000000000108e+01 -2.499927999999999884e+02
2.317889100000000035e+05 -1.730448000000000164e+01 -2.600582999999999743e+02
2.317891099999999860e+05 -1.783120999999999867e+01 -2.577620000000000005e+02
2.317893099999999977e+05 -1.685897999999999897e+01 -2.539866000000000099e+02
2.317895099999999802e+05 -1.768805000000000049e+01 -2.553889000000000067e+02
2.317897099999999919e+05 -1.717098000000000013e+01 -2.593833000000000197e+02
2.317899100000000035e+05 -1.677931999999999846e+01 -2.585106000000000108e+02
2.317901099999999860e+05 -1.678004999999999924e+01 -2.656956000000000131e+02
2.317903099999999977e+05 -1.738234999999999886e+01 -2.590348000000000184e+02
2.317905099999999802e+05 -1.664072000000000173e+01 -2.550623999999999967e+02
2.317907099999999919e+05 -1.709198999999999913e+01 -2.637950000000000159e+02
2.317909100000000035e+05 -1.656618999999999886e+01 -2.616456000000000017e+02
2.317911099999999860e+05 -1.616702000000000083e+01 -2.625799000000000092e+02
2.317913099999999977e+05 -1.668216999999999928e+01 -2.642361999999999966e+02
2.317915099999999802e+05 -1.678848999999999947e+01 -2.615120999999999754e+02
2.317917099999999919e+05 -1.696614999999999895e+01 -2.597124999999999773e+02
2.317919100000000035e+05 -1.667558000000000007e+01 -2.600975000000000250e+02
2.317921099999999860e+05 -1.724509000000000114e+01 -2.678389000000000237e+02
2.317923099999999977e+05 -1.628639000000000081e+01 -2.619524999999999864e+02
2.317925099999999802e+05 -1.717727999999999966e+01 -2.628288999999999760e+02
2.317927099999999919e+05 -1.674677000000000149e+01 -2.637726000000000113e+02
2.317929100000000035e+05 -1.674352999999999980e+01 -2.634728000000000065e+02
2.317931099999999860e+05 -1.614371999999999829e+01 -2.648131999999999948e+02
2.317933099999999977e+05 -1.728590000000000160e+01 -2.619857000000000085e+02
2.317935099999999802e+05 -1.666424999999999912e+01 -2.649778999999999769e+02
2.317937099999999919e+05 -1.668962000000000145e+01 -2.657133000000000038e+02
2.317939100000000035e+05 -1.635727999999999938e+01 -2.650455000000000041e+02
2.317941099999999860e+05 -1.608005999999999958e+01 -2.646924000000000206e+02
2.317943099999999977e+05 -1.681952000000000069e+01 -2.644932000000000016e+02
2.317945099999999802e+05 -1.710100999999999871e+01 -2.653455000000000155e+02
2.317947099999999919e+05 -1.658033000000000001e+01 -2.664565000000000055e+02
2.317949100000000035e+05 -1.615400999999999954e+01 -2.602131999999999721e+02
2.317951099999999860e+05 -1.656821000000000055e+01 -2.603231999999999857e+02
2.317953099999999977e+05 -1.635690999999999917e+01 -2.647601999999999975e+02
2.317955099999999802e+05 -1.630955000000000155e+01 -2.642038000000000011e+02
2.317957099999999919e+05 -1.631654999999999944e+01 -2.653340999999999781e+02
