# Time finished:
# 2015-06-02 23.10.06
# Temp volt start:
# 1.0482103
# Temp volt stop:
# 1.0482103
# Approx start T:
# 65.004730164
# Approx stop T:
# 65.0961648692
# DC bias measured, messed up:
# 4.000118
# DC bias we asked for:
# 4
2.317786799999999930e+05 -1.508721000000000068e+01 8.602204999999999302e+01
2.317788800000000047e+05 -1.474093000000000053e+01 9.005016000000000531e+01
2.317790799999999872e+05 -1.430672999999999995e+01 8.394047999999999377e+01
2.317792799999999988e+05 -1.484420000000000073e+01 8.704300999999999533e+01
2.317794799999999814e+05 -1.477327000000000012e+01 8.959148999999999319e+01
2.317796799999999930e+05 -1.506368999999999936e+01 8.547086000000000183e+01
2.317798800000000047e+05 -1.445955000000000013e+01 8.643027999999999622e+01
2.317800799999999872e+05 -1.453813000000000066e+01 8.525509999999999877e+01
2.317802799999999988e+05 -1.468047999999999931e+01 8.557984999999999332e+01
2.317804799999999814e+05 -1.462325000000000053e+01 8.450178999999999974e+01
2.317806799999999930e+05 -1.475254999999999939e+01 8.779016000000000020e+01
2.317808800000000047e+05 -1.476083000000000034e+01 8.619289000000000556e+01
2.317810799999999872e+05 -1.402861000000000047e+01 8.518043000000000120e+01
2.317812799999999988e+05 -1.446715999999999980e+01 8.587151000000000067e+01
2.317814799999999814e+05 -1.423816000000000059e+01 8.798349000000000331e+01
2.317816799999999930e+05 -1.423323000000000071e+01 8.895232000000000028e+01
2.317818800000000047e+05 -1.398645999999999923e+01 8.719804999999999495e+01
2.317820799999999872e+05 -1.400539999999999985e+01 8.415388000000000090e+01
2.317822799999999988e+05 -1.408690999999999960e+01 8.237090999999999497e+01
2.317824799999999814e+05 -1.377215999999999951e+01 8.357618999999999687e+01
2.317826799999999930e+05 -1.391632000000000069e+01 8.373192000000000235e+01
2.317828800000000047e+05 -1.406874000000000002e+01 8.482562000000000069e+01
2.317830799999999872e+05 -1.398893999999999949e+01 8.552781000000000233e+01
2.317832799999999988e+05 -1.362842999999999982e+01 8.463661000000000456e+01
2.317834799999999814e+05 -1.336316000000000059e+01 8.303931000000000040e+01
2.317836799999999930e+05 -1.343453000000000053e+01 8.186960999999999444e+01
2.317838800000000047e+05 -1.358006999999999920e+01 8.388648999999999489e+01
2.317840799999999872e+05 -1.310355000000000025e+01 8.315189999999999770e+01
2.317842799999999988e+05 -1.352009999999999934e+01 8.275744000000000256e+01
2.317844799999999814e+05 -1.312143000000000015e+01 8.275388999999999839e+01
2.317846799999999930e+05 -1.298961000000000077e+01 8.122091000000000349e+01
2.317848800000000047e+05 -1.283778000000000041e+01 8.382309999999999661e+01
2.317850799999999872e+05 -1.252654000000000067e+01 8.450454000000000576e+01
2.317852799999999988e+05 -1.208412000000000042e+01 8.130983999999999412e+01
2.317854799999999814e+05 -1.116446000000000005e+01 7.798369999999999891e+01
2.317856799999999930e+05 -1.109232000000000085e+01 7.345242000000000360e+01
2.317858800000000047e+05 -1.100835999999999970e+01 7.411292000000000257e+01
2.317860799999999872e+05 -9.912848000000000326e+00 7.094304999999999950e+01
2.317862799999999988e+05 -9.172053999999999263e+00 6.701930000000000121e+01
2.317864799999999814e+05 -8.141871000000000080e+00 6.144180999999999671e+01
2.317866799999999930e+05 -6.702861000000000402e+00 5.285222000000000264e+01
2.317868800000000047e+05 -4.981287000000000020e+00 3.756915999999999656e+01
2.317870799999999872e+05 -2.934101000000000070e+00 1.409914000000000023e+01
2.317872799999999988e+05 -1.350870000000000015e+00 -2.530302000000000007e+01
2.317874799999999814e+05 -5.360131999999999675e-01 -8.755477999999999383e+01
2.317876799999999930e+05 -2.143682000000000087e+00 -1.691486999999999910e+02
2.317878800000000047e+05 -7.812317000000000178e+00 -2.747930000000000064e+02
2.317880799999999872e+05 -9.540779000000000565e+00 -9.762170999999999310e+01
2.317882799999999988e+05 -1.015845999999999982e+01 -2.454260999999999910e+02
2.317884799999999814e+05 -1.442657999999999952e+01 -1.396074999999999875e+02
2.317886799999999930e+05 -1.935389999999999944e+01 3.993572999999999951e+01
2.317888800000000047e+05 -1.433929999999999971e+01 1.052617000000000047e+02
2.317890799999999872e+05 -1.532748999999999917e+01 1.243182999999999936e+02
2.317892799999999988e+05 -1.681951000000000107e+01 1.222988000000000000e+02
2.317894799999999814e+05 -1.715309999999999846e+01 1.210036999999999949e+02
2.317896799999999930e+05 -1.751859999999999928e+01 1.129128999999999934e+02
2.317898800000000047e+05 -1.946783999999999892e+01 1.078499999999999943e+02
2.317900799999999872e+05 -1.859215999999999980e+01 1.137614999999999981e+02
2.317902799999999988e+05 -1.720182000000000144e+01 1.059403999999999968e+02
2.317904799999999814e+05 -1.821875000000000000e+01 1.065323999999999955e+02
2.317906799999999930e+05 -1.761513000000000062e+01 1.041680999999999955e+02
2.317908800000000047e+05 -1.836128000000000071e+01 1.062309000000000054e+02
2.317910799999999872e+05 -1.740544999999999831e+01 1.021865999999999985e+02
2.317912799999999988e+05 -1.769072999999999851e+01 1.070266000000000020e+02
2.317914799999999814e+05 -1.719679000000000002e+01 9.865278999999999598e+01
2.317916799999999930e+05 -1.715215999999999852e+01 9.668171999999999855e+01
2.317918800000000047e+05 -1.690127999999999986e+01 1.022613000000000056e+02
2.317920799999999872e+05 -1.737154999999999916e+01 1.026170000000000044e+02
2.317922799999999988e+05 -1.764108999999999838e+01 1.032417999999999978e+02
2.317924799999999814e+05 -1.738599999999999923e+01 9.616572999999999638e+01
2.317926799999999930e+05 -1.745899000000000001e+01 1.008431000000000068e+02
2.317928800000000047e+05 -1.683507000000000176e+01 1.013162999999999982e+02
2.317930799999999872e+05 -1.739307000000000158e+01 1.017132000000000005e+02
2.317932799999999988e+05 -1.660417999999999950e+01 9.660412999999999784e+01
2.317934799999999814e+05 -1.695557000000000158e+01 9.967274000000000456e+01
2.317936799999999930e+05 -1.636108000000000118e+01 1.014287999999999954e+02
2.317938800000000047e+05 -1.668270000000000053e+01 1.013174000000000063e+02
2.317940799999999872e+05 -1.696193999999999846e+01 9.529115000000000180e+01
2.317942799999999988e+05 -1.748476000000000141e+01 9.791255999999999915e+01
2.317944799999999814e+05 -1.621556999999999960e+01 9.605246999999999957e+01
2.317946799999999930e+05 -1.704207999999999856e+01 9.840554000000000201e+01
2.317948800000000047e+05 -1.634014000000000166e+01 9.786077000000000226e+01
2.317950799999999872e+05 -1.610575000000000045e+01 9.985653999999999542e+01
2.317952799999999988e+05 -1.646622999999999948e+01 9.558465999999999951e+01
2.317954799999999814e+05 -1.673802999999999841e+01 9.609156000000000120e+01
2.317956799999999930e+05 -1.647259999999999991e+01 9.420987999999999829e+01
2.317958800000000047e+05 -1.616823000000000121e+01 9.977101000000000397e+01
2.317960799999999872e+05 -1.650075000000000003e+01 9.642508999999999730e+01
2.317962799999999988e+05 -1.711473000000000155e+01 9.043513000000000090e+01
2.317964799999999814e+05 -1.635752000000000095e+01 9.623265000000000668e+01
2.317966799999999930e+05 -1.610923000000000016e+01 9.667413000000000523e+01
2.317968800000000047e+05 -1.602991000000000099e+01 9.834897999999999740e+01
2.317970799999999872e+05 -1.634197999999999951e+01 9.555111999999999739e+01
2.317972799999999988e+05 -1.660717999999999961e+01 9.632491000000000270e+01
2.317974799999999814e+05 -1.647675999999999874e+01 9.682779999999999632e+01
2.317976799999999930e+05 -1.616421000000000063e+01 9.430398999999999887e+01
2.317978800000000047e+05 -1.632526000000000010e+01 9.487068999999999619e+01
2.317980799999999872e+05 -1.552058000000000071e+01 9.508253000000000554e+01
2.317982799999999988e+05 -1.642729999999999890e+01 9.502815999999999974e+01
2.317984799999999814e+05 -1.596399000000000079e+01 9.726648000000000138e+01
2.317986799999999930e+05 -1.618593999999999866e+01 9.257438999999999396e+01
