# Time finished:
# 2015-06-02 11.23.48
# Temp volt start:
# 1.5759742
# Temp volt stop:
# 1.5759742
# Approx start T:
# -401.90128782
# Approx stop T:
# -401.902944527
# DC bias measured, messed up:
# 8.000998
# DC bias we asked for:
# 8
2.317315199999999895e+05 -1.672478999999999871e+01 9.975970999999999833e+01
2.317317200000000012e+05 -1.701354999999999862e+01 9.905928000000000111e+01
2.317319199999999837e+05 -1.686974999999999980e+01 1.003807999999999936e+02
2.317321199999999953e+05 -1.679373999999999967e+01 9.907380999999999460e+01
2.317323199999999779e+05 -1.680584999999999951e+01 1.009800000000000040e+02
2.317325199999999895e+05 -1.683943000000000012e+01 9.955304999999999893e+01
2.317327200000000012e+05 -1.681015000000000015e+01 9.953361999999999910e+01
2.317329199999999837e+05 -1.688886000000000109e+01 9.883265000000000100e+01
2.317331199999999953e+05 -1.693221000000000132e+01 9.785184999999999889e+01
2.317333199999999779e+05 -1.681327999999999889e+01 9.933558999999999628e+01
2.317335199999999895e+05 -1.667200000000000060e+01 1.005203000000000060e+02
2.317337200000000012e+05 -1.676332000000000022e+01 1.000476000000000028e+02
2.317339199999999837e+05 -1.672231999999999985e+01 1.002650000000000006e+02
2.317341199999999953e+05 -1.664005999999999830e+01 9.838732000000000255e+01
2.317343199999999779e+05 -1.689677000000000007e+01 1.002522000000000020e+02
2.317345199999999895e+05 -1.676251999999999853e+01 1.001458999999999975e+02
2.317347200000000012e+05 -1.672019999999999840e+01 9.902618999999999971e+01
2.317349199999999837e+05 -1.667880999999999858e+01 9.880292000000000030e+01
2.317351199999999953e+05 -1.678703000000000145e+01 9.956686999999999443e+01
2.317353199999999779e+05 -1.688081999999999994e+01 9.832604000000000610e+01
2.317355199999999895e+05 -1.679411999999999949e+01 9.862623000000000673e+01
2.317357200000000012e+05 -1.665473000000000070e+01 9.893381999999999721e+01
2.317359199999999837e+05 -1.673009000000000057e+01 9.888121999999999900e+01
2.317361199999999953e+05 -1.664356000000000080e+01 9.960635000000000616e+01
2.317363199999999779e+05 -1.661117000000000132e+01 9.934045000000000414e+01
2.317365199999999895e+05 -1.690701999999999927e+01 9.743354999999999677e+01
2.317367200000000012e+05 -1.661999000000000137e+01 9.822889000000000692e+01
2.317369199999999837e+05 -1.677158999999999978e+01 9.910992000000000246e+01
2.317371199999999953e+05 -1.672157999999999944e+01 9.892999000000000365e+01
2.317373199999999779e+05 -1.675565999999999889e+01 9.865313000000000443e+01
2.317375199999999895e+05 -1.679483000000000104e+01 1.004218000000000046e+02
2.317377200000000012e+05 -1.678372999999999848e+01 9.976644000000000290e+01
2.317379199999999837e+05 -1.668277000000000143e+01 9.797239000000000431e+01
2.317381199999999953e+05 -1.684737000000000151e+01 9.861060000000000514e+01
2.317383199999999779e+05 -1.689673000000000158e+01 9.979801999999999396e+01
2.317385199999999895e+05 -1.644519000000000020e+01 1.000511000000000053e+02
2.317387200000000012e+05 -1.659280000000000044e+01 9.802289000000000385e+01
2.317389199999999837e+05 -1.644889999999999830e+01 9.942897000000000673e+01
2.317391199999999953e+05 -1.662763999999999953e+01 9.926238999999999635e+01
2.317393199999999779e+05 -1.673408999999999835e+01 9.859135000000000559e+01
2.317395199999999895e+05 -1.677279000000000053e+01 9.846799000000000035e+01
2.317397200000000012e+05 -1.666467000000000098e+01 9.923833000000000482e+01
2.317399199999999837e+05 -1.668311999999999884e+01 9.723510000000000275e+01
2.317401199999999953e+05 -1.660789000000000115e+01 9.856726999999999350e+01
2.317403199999999779e+05 -1.668311999999999884e+01 1.003854999999999933e+02
2.317405199999999895e+05 -1.680555000000000021e+01 9.938461999999999819e+01
2.317407200000000012e+05 -1.653369999999999962e+01 9.861820000000000164e+01
2.317409199999999837e+05 -1.660656000000000176e+01 9.866446999999999434e+01
2.317411199999999953e+05 -1.671122000000000085e+01 9.862827000000000055e+01
2.317413199999999779e+05 -1.662781999999999982e+01 9.755446999999999491e+01
2.317415199999999895e+05 -1.658683999999999870e+01 9.947902999999999452e+01
2.317417200000000012e+05 -1.659415999999999869e+01 9.899880000000000280e+01
2.317419199999999837e+05 -1.665679000000000087e+01 9.820632000000000517e+01
2.317421199999999953e+05 -1.663886000000000109e+01 9.785564999999999714e+01
2.317423199999999779e+05 -1.666738000000000142e+01 9.796793999999999869e+01
2.317425199999999895e+05 -1.659735999999999834e+01 9.827065000000000339e+01
2.317427200000000012e+05 -1.663156999999999996e+01 9.790057000000000187e+01
2.317429199999999837e+05 -1.652449000000000012e+01 9.822987000000000535e+01
2.317431199999999953e+05 -1.660656000000000176e+01 9.866446999999999434e+01
2.317433199999999779e+05 -1.664188000000000045e+01 9.927545000000000641e+01
2.317435199999999895e+05 -1.660792000000000002e+01 9.803396999999999650e+01
2.317437200000000012e+05 -1.666851000000000127e+01 9.787142000000000053e+01
2.317439199999999837e+05 -1.670307999999999993e+01 9.813212000000000046e+01
2.317441199999999953e+05 -1.653502999999999901e+01 9.949336999999999875e+01
2.317443199999999779e+05 -1.664873000000000047e+01 9.932944000000000528e+01
2.317445199999999895e+05 -1.660641000000000034e+01 9.920293999999999812e+01
2.317447200000000012e+05 -1.655986000000000047e+01 9.936602999999999497e+01
2.317449199999999837e+05 -1.668129000000000062e+01 9.959572000000000003e+01
2.317451199999999953e+05 -1.643196000000000012e+01 9.741497999999999990e+01
2.317453199999999779e+05 -1.666828999999999894e+01 9.850724999999999909e+01
2.317455199999999895e+05 -1.659502000000000166e+01 9.783222000000000662e+01
2.317457200000000012e+05 -1.641555999999999926e+01 1.001257999999999981e+02
2.317459199999999837e+05 -1.650907000000000124e+01 9.769128999999999508e+01
2.317461199999999953e+05 -1.649802000000000035e+01 9.658262000000000569e+01
2.317463199999999779e+05 -1.641833000000000098e+01 9.855549000000000603e+01
2.317465199999999895e+05 -1.656569999999999965e+01 9.898027000000000442e+01
2.317467200000000012e+05 -1.669475999999999871e+01 9.817849999999999966e+01
2.317469199999999837e+05 -1.654430999999999941e+01 9.838801999999999737e+01
2.317471199999999953e+05 -1.648395999999999972e+01 9.729686999999999841e+01
2.317473199999999779e+05 -1.640688000000000102e+01 9.835674000000000206e+01
2.317475199999999895e+05 -1.648235999999999990e+01 9.811262000000000683e+01
2.317477200000000012e+05 -1.653604999999999947e+01 9.790008000000000266e+01
2.317479199999999837e+05 -1.667052999999999940e+01 9.777421999999999969e+01
2.317481199999999953e+05 -1.655138000000000176e+01 9.781049000000000149e+01
2.317483199999999779e+05 -1.680830999999999875e+01 9.744505999999999801e+01
2.317485199999999895e+05 -1.661645000000000039e+01 9.725991000000000497e+01
2.317487200000000012e+05 -1.630204000000000164e+01 9.867650999999999328e+01
2.317489199999999837e+05 -1.657012999999999892e+01 9.913299000000000660e+01
2.317491199999999953e+05 -1.659964000000000084e+01 9.808286999999999978e+01
2.317493199999999779e+05 -1.657835000000000036e+01 9.802430999999999983e+01
2.317495199999999895e+05 -1.665627999999999886e+01 9.767150999999999783e+01
2.317497200000000012e+05 -1.657697999999999894e+01 9.918495000000000061e+01
2.317499199999999837e+05 -1.656644999999999968e+01 9.782041999999999859e+01
2.317501199999999953e+05 -1.657705999999999946e+01 9.865049000000000490e+01
2.317503199999999779e+05 -1.650347000000000008e+01 9.682688000000000272e+01
2.317505199999999895e+05 -1.643882999999999939e+01 9.747051999999999339e+01
2.317507200000000012e+05 -1.655021999999999949e+01 9.790861999999999910e+01
2.317509199999999837e+05 -1.662631999999999977e+01 9.882805000000000462e+01
2.317511199999999953e+05 -1.646376000000000062e+01 9.839149000000000456e+01
2.317513199999999779e+05 -1.638012000000000157e+01 9.753811000000000320e+01
2.317515199999999895e+05 -1.642079000000000022e+01 9.836803000000000452e+01
