# Time finished:
# 2015-06-04 09.30.23
# Temp volt start:
# 0.94934484
# Temp volt stop:
# 0.94934484
# Approx start T:
# 119.802686409
# Approx stop T:
# 119.882401882
# DC bias measured, messed up:
# 3.999416
# DC bias we asked for:
# 4
2.318826799999999930e+05 -1.496016000000000012e+01 8.889520000000000266e+01
2.318828800000000047e+05 -1.512252999999999936e+01 9.073112000000000421e+01
2.318830799999999872e+05 -1.474151999999999951e+01 8.684794999999999732e+01
2.318832799999999988e+05 -1.485293000000000063e+01 8.722933000000000447e+01
2.318834799999999814e+05 -1.482230999999999987e+01 8.875324000000000524e+01
2.318836799999999930e+05 -1.443965000000000032e+01 8.828020999999999674e+01
2.318838800000000047e+05 -1.475215999999999994e+01 9.050279000000000451e+01
2.318840799999999872e+05 -1.444106999999999985e+01 8.828625999999999863e+01
2.318842799999999988e+05 -1.437221000000000082e+01 9.247275000000000489e+01
2.318844799999999814e+05 -1.443121999999999971e+01 8.762640000000000384e+01
2.318846799999999930e+05 -1.497325000000000017e+01 8.808907000000000664e+01
2.318848800000000047e+05 -1.486960000000000015e+01 8.710663999999999874e+01
2.318850799999999872e+05 -1.430752999999999986e+01 8.716248000000000218e+01
2.318852799999999988e+05 -1.433343999999999951e+01 8.670516000000000645e+01
2.318854799999999814e+05 -1.462533999999999956e+01 8.704870999999999981e+01
2.318856799999999930e+05 -1.474810000000000088e+01 8.833365999999999474e+01
2.318858800000000047e+05 -1.392675000000000018e+01 8.575739000000000090e+01
2.318860799999999872e+05 -1.436402999999999963e+01 9.051406000000000063e+01
2.318862799999999988e+05 -1.393363000000000085e+01 8.939567999999999870e+01
2.318864799999999814e+05 -1.416379000000000055e+01 8.737305000000000632e+01
2.318866799999999930e+05 -1.355720999999999954e+01 8.766630999999999574e+01
2.318868800000000047e+05 -1.398328000000000060e+01 8.401740999999999815e+01
2.318870799999999872e+05 -1.407460999999999984e+01 8.316988000000000625e+01
2.318872799999999988e+05 -1.376289000000000051e+01 8.403840999999999894e+01
2.318874799999999814e+05 -1.405666000000000082e+01 8.585443999999999676e+01
2.318876799999999930e+05 -1.329629000000000083e+01 8.423524000000000456e+01
2.318878800000000047e+05 -1.330865000000000009e+01 8.246021000000000356e+01
2.318880799999999872e+05 -1.313189999999999991e+01 8.248672000000000537e+01
2.318882799999999988e+05 -1.338376000000000055e+01 8.246317000000000519e+01
2.318884799999999814e+05 -1.298131000000000057e+01 8.087305000000000632e+01
2.318886799999999930e+05 -1.255475999999999992e+01 8.120337999999999568e+01
2.318888800000000047e+05 -1.255006000000000022e+01 7.984801000000000215e+01
2.318890799999999872e+05 -1.227286999999999928e+01 8.351081999999999539e+01
2.318892799999999988e+05 -1.113415999999999961e+01 8.066432000000000357e+01
2.318894799999999814e+05 -1.118435000000000024e+01 7.604966000000000292e+01
2.318896799999999930e+05 -1.092849000000000004e+01 7.378781999999999641e+01
2.318898800000000047e+05 -1.007344999999999935e+01 7.186073000000000377e+01
2.318900799999999872e+05 -9.909822000000000131e+00 6.909748000000000445e+01
2.318902799999999988e+05 -8.423935000000000173e+00 6.303148000000000195e+01
2.318904799999999814e+05 -7.424771999999999927e+00 5.680378999999999934e+01
2.318906799999999930e+05 -5.654480000000000395e+00 4.467347000000000179e+01
2.318908800000000047e+05 -3.679729000000000028e+00 2.484328999999999965e+01
2.318910799999999872e+05 -1.660495999999999972e+00 -8.920451999999999160e+00
2.318912799999999988e+05 -4.223168999999999951e-01 -6.412649999999999295e+01
2.318914799999999814e+05 -9.051709000000000005e-01 -1.411005999999999858e+02
2.318916799999999930e+05 -5.117294000000000231e+00 -2.354497000000000071e+02
2.318918800000000047e+05 -9.760958000000000467e+00 -3.950258999999999787e+02
2.318920799999999872e+05 -7.950663999999999731e+00 -5.578630000000000564e+02
2.318922799999999988e+05 -1.697757000000000005e+01 -4.027993000000000166e+02
2.318924799999999814e+05 -1.203691000000000066e+01 -2.585554999999999950e+02
2.318926799999999930e+05 -1.350731000000000037e+01 -2.023960999999999899e+02
2.318928800000000047e+05 -1.994417999999999935e+01 -1.800740999999999872e+02
2.318930799999999872e+05 -2.667716000000000065e+01 -1.917760000000000105e+02
2.318932799999999988e+05 -2.348829999999999885e+01 -2.146899999999999977e+02
2.318934799999999814e+05 -2.030865000000000009e+01 -2.177803999999999860e+02
2.318936799999999930e+05 -1.700356999999999985e+01 -2.305695000000000050e+02
2.318938800000000047e+05 -1.737253000000000114e+01 -2.576209999999999809e+02
2.318940799999999872e+05 -2.064858999999999867e+01 -2.491716000000000122e+02
2.318942799999999988e+05 -1.716863999999999990e+01 -2.526133000000000095e+02
2.318944799999999814e+05 -1.865531999999999968e+01 -2.519414999999999907e+02
2.318946799999999930e+05 -1.703143000000000029e+01 -2.615649000000000228e+02
2.318948800000000047e+05 -1.743299000000000021e+01 -2.581849000000000274e+02
2.318950799999999872e+05 -1.778288999999999831e+01 -2.557015000000000100e+02
2.318952799999999988e+05 -1.726164999999999949e+01 -2.578912000000000262e+02
2.318954799999999814e+05 -1.714298000000000144e+01 -2.599843000000000188e+02
2.318956799999999930e+05 -1.727409000000000106e+01 -2.595745000000000005e+02
2.318958800000000047e+05 -1.752941999999999823e+01 -2.623571000000000026e+02
2.318960799999999872e+05 -1.736233999999999966e+01 -2.622859000000000265e+02
2.318962799999999988e+05 -1.670598999999999990e+01 -2.583014000000000010e+02
2.318964799999999814e+05 -1.676403000000000176e+01 -2.614304999999999950e+02
2.318966799999999930e+05 -1.735716999999999999e+01 -2.602789999999999964e+02
2.318968800000000047e+05 -1.688569999999999993e+01 -2.594511999999999716e+02
2.318970799999999872e+05 -1.679871999999999943e+01 -2.585045000000000073e+02
2.318972799999999988e+05 -1.707397999999999882e+01 -2.577819000000000074e+02
2.318974799999999814e+05 -1.666772999999999882e+01 -2.624907999999999788e+02
2.318976799999999930e+05 -1.636082999999999998e+01 -2.635994000000000028e+02
2.318978800000000047e+05 -1.711269000000000062e+01 -2.625679999999999836e+02
2.318980799999999872e+05 -1.731378000000000128e+01 -2.562900000000000205e+02
2.318982799999999988e+05 -1.680039000000000016e+01 -2.666118000000000166e+02
2.318984799999999814e+05 -1.682769000000000048e+01 -2.631363999999999805e+02
2.318986799999999930e+05 -1.674454000000000065e+01 -2.615862999999999943e+02
2.318988800000000047e+05 -1.631916000000000011e+01 -2.636143000000000143e+02
2.318990799999999872e+05 -1.688140999999999892e+01 -2.604805999999999813e+02
2.318992799999999988e+05 -1.684168000000000021e+01 -2.594866000000000099e+02
2.318994799999999814e+05 -1.691036000000000072e+01 -2.658829000000000065e+02
2.318996799999999930e+05 -1.627230000000000132e+01 -2.613204000000000065e+02
2.318998800000000047e+05 -1.670465000000000089e+01 -2.618980999999999995e+02
2.319000799999999872e+05 -1.620882999999999896e+01 -2.671610999999999763e+02
2.319002799999999988e+05 -1.608190000000000097e+01 -2.647635000000000218e+02
2.319004799999999814e+05 -1.671479000000000070e+01 -2.627527000000000044e+02
2.319006799999999930e+05 -1.596122000000000085e+01 -2.622998999999999796e+02
2.319008800000000047e+05 -1.654211000000000098e+01 -2.663315999999999804e+02
2.319010799999999872e+05 -1.609167000000000058e+01 -2.632946000000000026e+02
2.319012799999999988e+05 -1.614840999999999838e+01 -2.667563000000000102e+02
2.319014799999999814e+05 -1.626433000000000106e+01 -2.622688999999999737e+02
2.319016799999999930e+05 -1.597617999999999938e+01 -2.618935999999999922e+02
2.319018800000000047e+05 -1.611974000000000018e+01 -2.642183999999999742e+02
2.319020799999999872e+05 -1.616592999999999947e+01 -2.655502999999999929e+02
2.319022799999999988e+05 -1.664744999999999919e+01 -2.656225999999999772e+02
2.319024799999999814e+05 -1.611459999999999937e+01 -2.636866999999999734e+02
2.319026799999999930e+05 -1.632452999999999932e+01 -2.641596000000000117e+02
