# Time finished:
# 2015-06-02 10.06.36
# Temp volt start:
# 1.0192411
# Temp volt stop:
# 1.0192411
# Approx start T:
# 81.7493450248
# Approx stop T:
# 81.7427620897
# DC bias measured, messed up:
# 8.001022
# DC bias we asked for:
# 8
2.317978200000000070e+05 -1.309875000000000078e+01 7.797972000000000037e+01
2.317980200000000186e+05 -1.285060000000000002e+01 8.105510999999999910e+01
2.317982200000000012e+05 -1.235866000000000042e+01 8.404841000000000406e+01
2.317984200000000128e+05 -1.175548999999999999e+01 8.459656999999999982e+01
2.317986199999999953e+05 -1.104473999999999911e+01 7.827854999999999563e+01
2.317988200000000070e+05 -1.186880999999999986e+01 7.267721000000000231e+01
2.317990200000000186e+05 -1.158230000000000004e+01 8.291768999999999323e+01
2.317992200000000012e+05 -1.212850000000000072e+01 9.072101000000000681e+01
2.317994200000000128e+05 -1.260499000000000080e+01 7.772366999999999848e+01
2.317996199999999953e+05 -1.126246000000000080e+01 6.778172000000000708e+01
2.317998200000000070e+05 -1.061626000000000047e+01 8.580132000000000403e+01
2.318000200000000186e+05 -1.087815999999999939e+01 7.747814999999999941e+01
2.318002200000000012e+05 -1.290883999999999965e+01 7.370216000000000633e+01
2.318004200000000128e+05 -1.208930999999999933e+01 7.788196000000000652e+01
2.318006199999999953e+05 -1.140862000000000087e+01 7.202685999999999922e+01
2.318008200000000070e+05 -1.210957999999999934e+01 8.191890999999999678e+01
2.318010200000000186e+05 -1.115882000000000041e+01 8.180173000000000627e+01
2.318012200000000012e+05 -1.176633999999999958e+01 8.071057999999999311e+01
2.318014200000000128e+05 -1.016146999999999956e+01 8.588093999999999539e+01
2.318016199999999953e+05 -1.010877999999999943e+01 8.064632000000000289e+01
2.318018200000000070e+05 -9.340282999999999447e+00 7.417950000000000443e+01
2.318020200000000186e+05 -1.176420000000000066e+01 8.070775999999999328e+01
2.318022200000000012e+05 -1.081991999999999976e+01 7.401358000000000459e+01
2.318024200000000128e+05 -8.967083000000000581e+00 8.195538999999999419e+01
2.318026199999999953e+05 -9.275080000000000879e+00 7.044880000000000564e+01
2.318028200000000070e+05 -8.555161000000000016e+00 6.877174999999999727e+01
2.318030200000000186e+05 -9.562742000000000075e+00 6.844489000000000090e+01
2.318032200000000012e+05 -8.667168999999999457e+00 7.313027999999999906e+01
2.318034200000000128e+05 -1.014263000000000048e+01 7.230042000000000257e+01
2.318036199999999953e+05 -8.062070999999999543e+00 7.386553999999999576e+01
2.318038200000000070e+05 -7.641670999999999658e+00 7.849474999999999625e+01
2.318040200000000186e+05 -8.301372999999999891e+00 6.907638000000000034e+01
2.318042200000000012e+05 -6.637175000000000047e+00 6.738618999999999915e+01
2.318044200000000128e+05 -8.160031000000000034e+00 7.082901999999999987e+01
2.318046199999999953e+05 -5.773056999999999661e+00 6.594347999999999388e+01
2.318048200000000070e+05 -4.582157999999999731e+00 6.941383999999999332e+01
2.318050200000000186e+05 -3.597933999999999966e+00 6.165489000000000175e+01
2.318052200000000012e+05 -3.430680999999999869e+00 5.746027000000000129e+01
2.318054200000000128e+05 -1.873663000000000078e+00 6.118388999999999811e+01
2.318056199999999953e+05 -9.134953999999999574e-01 5.615668999999999755e+01
2.318058200000000070e+05 5.329152000000000333e-01 4.931217999999999790e+01
2.318060200000000186e+05 2.823456000000000188e+00 4.243500999999999834e+01
2.318062200000000012e+05 5.314764000000000266e+00 2.999727999999999994e+01
2.318064200000000128e+05 7.763336999999999932e+00 1.223507999999999996e+01
2.318066199999999953e+05 1.028584999999999994e+01 -1.719907999999999859e+01
2.318068200000000070e+05 1.201032999999999973e+01 -6.056707000000000107e+01
2.318070200000000186e+05 1.151495000000000068e+01 -1.198472000000000008e+02
2.318072200000000012e+05 5.916722000000000037e+00 -2.048540000000000134e+02
2.318074200000000128e+05 2.009955999999999854e+00 -3.572664000000000328e+01
2.318076199999999953e+05 2.496529000000000220e+00 -1.699074999999999989e+02
2.318078200000000070e+05 -1.564454000000000011e+00 -6.478074999999999761e+01
2.318080200000000186e+05 -7.731703999999999688e+00 -2.389521000000000015e+02
2.318082200000000012e+05 -4.250656000000000212e+00 -1.704204000000000008e+02
2.318084200000000128e+05 -5.596375000000000099e+00 -1.416075999999999908e+02
2.318086199999999953e+05 -8.405369999999999564e+00 -1.328657000000000039e+02
2.318088200000000070e+05 -1.001200000000000045e+01 -1.375174000000000092e+02
2.318090200000000186e+05 -1.040670000000000073e+01 -1.574549000000000092e+02
2.318092200000000012e+05 -1.283649999999999913e+01 -1.813505999999999858e+02
2.318094200000000128e+05 -2.010842999999999847e+01 -1.340472000000000037e+02
2.318096199999999953e+05 -1.694183999999999912e+01 -1.451807000000000016e+02
2.318098200000000070e+05 -1.838052000000000064e+01 -1.799396999999999878e+02
2.318100200000000186e+05 -1.525048999999999921e+01 -1.855704000000000065e+02
2.318102200000000012e+05 -1.751098999999999961e+01 -1.802184000000000026e+02
2.318104200000000128e+05 -1.661537999999999826e+01 -1.872452999999999861e+02
2.318106199999999953e+05 -1.859854999999999947e+01 -1.969804000000000030e+02
2.318108200000000070e+05 -1.824589999999999890e+01 -1.933790999999999940e+02
2.318110200000000186e+05 -2.084756000000000142e+01 -2.077084999999999866e+02
2.318112200000000012e+05 -2.315278999999999954e+01 -1.947710999999999899e+02
2.318114200000000128e+05 -1.768188999999999922e+01 -2.057761999999999887e+02
2.318116199999999953e+05 -2.362643999999999878e+01 -2.457609999999999957e+02
2.318118200000000070e+05 -2.471455999999999875e+01 -2.003987999999999943e+02
2.318120200000000186e+05 -1.942546000000000106e+01 -1.949257000000000062e+02
2.318122200000000012e+05 -2.269069000000000003e+01 -1.966833000000000027e+02
2.318124200000000128e+05 -2.024715000000000131e+01 -2.200088000000000079e+02
2.318126199999999953e+05 -2.218996999999999886e+01 -2.395768999999999949e+02
2.318128200000000070e+05 -1.964479000000000042e+01 -1.997350000000000136e+02
2.318130200000000186e+05 -2.018036000000000030e+01 -2.384824000000000126e+02
2.318132200000000012e+05 -1.751394000000000162e+01 -2.475919000000000096e+02
2.318134200000000128e+05 -1.987979999999999947e+01 -2.216206999999999994e+02
2.318136199999999953e+05 -1.989692000000000149e+01 -2.228548000000000116e+02
2.318138200000000070e+05 -1.964078999999999908e+01 -2.365966999999999985e+02
2.318140200000000186e+05 -1.918720000000000070e+01 -2.445295999999999879e+02
2.318142200000000012e+05 -2.532475000000000165e+01 -2.208204000000000065e+02
2.318144200000000128e+05 -1.976397000000000048e+01 -2.392424000000000035e+02
2.318146199999999953e+05 -2.154853999999999914e+01 -2.434594999999999914e+02
2.318148200000000070e+05 -1.954766000000000048e+01 -2.255038000000000125e+02
2.318150200000000186e+05 -1.857638999999999996e+01 -2.366735999999999933e+02
2.318152200000000012e+05 -1.939930999999999983e+01 -2.387977999999999952e+02
2.318154200000000128e+05 -1.950404999999999944e+01 -2.340029999999999859e+02
2.318156199999999953e+05 -1.710904999999999987e+01 -2.334661000000000115e+02
2.318158200000000070e+05 -2.107424999999999926e+01 -2.191877000000000066e+02
2.318160200000000186e+05 -1.940794999999999959e+01 -2.121493000000000109e+02
2.318162200000000012e+05 -1.964324999999999832e+01 -2.365986000000000047e+02
2.318164200000000128e+05 -1.801004999999999967e+01 -2.238541999999999916e+02
2.318166199999999953e+05 -1.654461999999999833e+01 -2.348514999999999873e+02
2.318168200000000070e+05 -1.930615999999999843e+01 -2.350776999999999930e+02
2.318170200000000186e+05 -1.688970000000000127e+01 -2.452478999999999871e+02
2.318172200000000012e+05 -1.637637000000000143e+01 -2.495855999999999995e+02
2.318174200000000128e+05 -1.789614999999999867e+01 -2.380639999999999930e+02
2.318176199999999953e+05 -1.773282999999999987e+01 -2.429420000000000073e+02
2.318178200000000070e+05 -1.970899999999999963e+01 -2.455809000000000140e+02
