# Time finished:
# 2015-06-03 17.13.36
# Temp volt start:
# 1.012011
# Temp volt stop:
# 1.012011
# Approx start T:
# 85.8340036342
# Approx stop T:
# 85.846264467
# DC bias measured, messed up:
# 3.999527
# DC bias we asked for:
# 4
2.318197699999999895e+05 -1.484911999999999921e+01 8.977168000000000347e+01
2.318199700000000012e+05 -1.455034000000000027e+01 8.865251999999999555e+01
2.318201699999999837e+05 -1.499727000000000032e+01 8.938812000000000069e+01
2.318203699999999953e+05 -1.474750000000000050e+01 8.897808999999999457e+01
2.318205699999999779e+05 -1.460079999999999956e+01 9.030302000000000362e+01
2.318207699999999895e+05 -1.493249999999999922e+01 8.942386000000000479e+01
2.318209700000000012e+05 -1.428917999999999999e+01 8.870359999999999445e+01
2.318211699999999837e+05 -1.480913999999999930e+01 8.754916000000000054e+01
2.318213699999999953e+05 -1.442427999999999955e+01 8.647007000000000687e+01
2.318215699999999779e+05 -1.438959000000000010e+01 8.814001000000000374e+01
2.318217699999999895e+05 -1.477421000000000006e+01 8.992453000000000429e+01
2.318219700000000012e+05 -1.483771999999999913e+01 8.634511000000000536e+01
2.318221699999999837e+05 -1.488423000000000052e+01 8.815066000000000201e+01
2.318223699999999953e+05 -1.435890999999999984e+01 8.631976000000000226e+01
2.318225699999999779e+05 -1.451201000000000008e+01 8.399445000000000050e+01
2.318227699999999895e+05 -1.416131999999999991e+01 8.427406000000000574e+01
2.318229700000000012e+05 -1.449718000000000018e+01 8.931207000000000562e+01
2.318231699999999837e+05 -1.409206000000000003e+01 8.672929000000000599e+01
2.318233699999999953e+05 -1.412005000000000088e+01 8.511650000000000205e+01
2.318235699999999779e+05 -1.417814000000000085e+01 8.435293000000000063e+01
2.318237699999999895e+05 -1.408497000000000021e+01 8.940336999999999534e+01
2.318239700000000012e+05 -1.395528999999999975e+01 8.448931000000000324e+01
2.318241699999999837e+05 -1.425822999999999929e+01 8.385881999999999437e+01
2.318243699999999953e+05 -1.403983999999999988e+01 8.557968999999999937e+01
2.318245699999999779e+05 -1.366543000000000063e+01 8.345486999999999966e+01
2.318247699999999895e+05 -1.363423000000000052e+01 8.187301999999999680e+01
2.318249700000000012e+05 -1.346485999999999983e+01 8.396192000000000633e+01
2.318251699999999837e+05 -1.331980000000000075e+01 8.375932000000000244e+01
2.318253699999999953e+05 -1.297636999999999929e+01 8.131844999999999857e+01
2.318255699999999779e+05 -1.314382999999999946e+01 8.025965999999999667e+01
2.318257699999999895e+05 -1.305493000000000059e+01 8.405123000000000388e+01
2.318259700000000012e+05 -1.270960000000000001e+01 8.048484999999999445e+01
2.318261699999999837e+05 -1.245691000000000059e+01 8.136702999999999975e+01
2.318263699999999953e+05 -1.217156999999999911e+01 8.030628000000000100e+01
2.318265699999999779e+05 -1.139293999999999940e+01 7.930115000000000691e+01
2.318267699999999895e+05 -1.106306999999999974e+01 7.404068999999999789e+01
2.318269700000000012e+05 -1.098426000000000080e+01 7.443899999999999295e+01
2.318271699999999837e+05 -9.957558000000000575e+00 7.070709999999999695e+01
2.318273699999999953e+05 -9.281959000000000515e+00 6.616494000000000142e+01
2.318275699999999779e+05 -8.723432000000000741e+00 6.207542000000000115e+01
2.318277699999999895e+05 -7.254145000000000287e+00 5.402646000000000015e+01
2.318279700000000012e+05 -5.506406000000000134e+00 4.121486000000000161e+01
2.318281699999999837e+05 -3.460083000000000020e+00 1.909108000000000160e+01
2.318283699999999953e+05 -1.753576000000000024e+00 -1.865106000000000108e+01
2.318285699999999779e+05 -9.771132999999999624e-01 -7.760571000000000197e+01
2.318287699999999895e+05 -2.255669000000000146e+00 -1.562298999999999864e+02
2.318289700000000012e+05 -7.766428999999999583e+00 -2.540569999999999879e+02
2.318291699999999837e+05 -1.105062999999999995e+01 -4.313272999999999797e+02
2.318293699999999953e+05 -9.978828999999999283e+00 -5.843333999999999833e+02
2.318295699999999779e+05 -1.802515000000000001e+01 -4.659780000000000086e+02
2.318297699999999895e+05 -1.682827999999999946e+01 -6.426921999999999571e+02
2.318299700000000012e+05 -1.481395000000000017e+01 -5.923689000000000533e+02
2.318301699999999837e+05 -1.686049999999999827e+01 -5.794538999999999760e+02
2.318303699999999953e+05 -1.909404999999999930e+01 -5.847818999999999505e+02
2.318305699999999779e+05 -1.867909999999999826e+01 -5.900919000000000096e+02
2.318307699999999895e+05 -1.828244000000000113e+01 -6.032740999999999758e+02
2.318309700000000012e+05 -1.775599000000000061e+01 -6.143087000000000444e+02
2.318311699999999837e+05 -1.847815999999999903e+01 -6.101884999999999764e+02
2.318313699999999953e+05 -1.829012000000000171e+01 -6.105492000000000417e+02
2.318315699999999779e+05 -1.789226000000000028e+01 -6.156675000000000182e+02
2.318317699999999895e+05 -1.801061999999999941e+01 -6.156743999999999915e+02
2.318319700000000012e+05 -1.792163000000000039e+01 -6.187332999999999856e+02
2.318321699999999837e+05 -1.765768999999999878e+01 -6.141453999999999951e+02
2.318323699999999953e+05 -1.803772000000000020e+01 -6.157992000000000417e+02
2.318325699999999779e+05 -1.793461999999999890e+01 -6.207294000000000551e+02
2.318327699999999895e+05 -1.721097999999999928e+01 -6.163576000000000477e+02
2.318329700000000012e+05 -1.795468999999999937e+01 -6.205588000000000193e+02
2.318331699999999837e+05 -1.728436999999999912e+01 -6.167006999999999834e+02
2.318333699999999953e+05 -1.742445000000000022e+01 -6.178568999999999960e+02
2.318335699999999779e+05 -1.694718999999999909e+01 -6.227291999999999916e+02
2.318337699999999895e+05 -1.809483000000000175e+01 -6.204607999999999493e+02
2.318339700000000012e+05 -1.715924000000000049e+01 -6.198160000000000309e+02
2.318341699999999837e+05 -1.713560999999999979e+01 -6.196953999999999496e+02
2.318343699999999953e+05 -1.682325000000000159e+01 -6.169452999999999747e+02
2.318345699999999779e+05 -1.676413000000000153e+01 -6.211962999999999511e+02
2.318347699999999895e+05 -1.658247000000000071e+01 -6.211751000000000431e+02
2.318349700000000012e+05 -1.677111000000000018e+01 -6.237481999999999971e+02
2.318351699999999837e+05 -1.729711999999999961e+01 -6.202839000000000169e+02
2.318353699999999953e+05 -1.682986999999999966e+01 -6.215601000000000340e+02
2.318355699999999779e+05 -1.661652000000000129e+01 -6.248502999999999474e+02
2.318357699999999895e+05 -1.653703000000000145e+01 -6.223858000000000175e+02
2.318359700000000012e+05 -1.654523999999999972e+01 -6.231626999999999725e+02
2.318361699999999837e+05 -1.682994000000000057e+01 -6.215634999999999764e+02
2.318363699999999953e+05 -1.663094999999999857e+01 -6.192912999999999784e+02
2.318365699999999779e+05 -1.684024000000000143e+01 -6.223699000000000296e+02
2.318367699999999895e+05 -1.657031999999999883e+01 -6.238096000000000458e+02
2.318369700000000012e+05 -1.643146000000000129e+01 -6.237223000000000184e+02
2.318371699999999837e+05 -1.640174999999999983e+01 -6.225756999999999834e+02
2.318373699999999953e+05 -1.663794000000000040e+01 -6.255039000000000442e+02
2.318375699999999779e+05 -1.643769999999999953e+01 -6.222980000000000018e+02
2.318377699999999895e+05 -1.693264999999999887e+01 -6.234148999999999887e+02
2.318379700000000012e+05 -1.607905999999999835e+01 -6.228409000000000333e+02
2.318381699999999837e+05 -1.640340000000000131e+01 -6.265576999999999543e+02
2.318383699999999953e+05 -1.657524000000000086e+01 -6.245949000000000524e+02
2.318385699999999779e+05 -1.648042999999999836e+01 -6.257791999999999462e+02
2.318387699999999895e+05 -1.691081000000000145e+01 -6.232890999999999622e+02
2.318389700000000012e+05 -1.660118999999999900e+01 -6.227444000000000415e+02
2.318391699999999837e+05 -1.670742999999999867e+01 -6.233673999999999751e+02
2.318393699999999953e+05 -1.628543000000000163e+01 -6.226266000000000531e+02
2.318395699999999779e+05 -1.613474000000000075e+01 -6.270579999999999927e+02
2.318397699999999895e+05 -1.685059000000000040e+01 -6.201929000000000087e+02
