# Time finished:
# 2015-06-02 00.32.08
# Temp volt start:
# 0.95490423
# Temp volt stop:
# 0.95490423
# Approx start T:
# 116.886282403
# Approx stop T:
# 116.741881009
# DC bias measured, messed up:
# 8.00122
# DC bias we asked for:
# 8
2.318640899999999965e+05 -1.288180999999999976e+01 8.635026999999999475e+01
2.318642900000000081e+05 -1.362209000000000003e+01 8.459480000000000643e+01
2.318644899999999907e+05 -1.282249999999999979e+01 8.521367999999999654e+01
2.318646900000000023e+05 -1.270307000000000031e+01 8.984949000000000296e+01
2.318648899999999849e+05 -1.135932000000000031e+01 8.912882999999999356e+01
2.318650899999999965e+05 -1.161217000000000077e+01 8.951511000000000706e+01
2.318652900000000081e+05 -1.230386000000000024e+01 8.015649999999999409e+01
2.318654899999999907e+05 -1.121050999999999931e+01 8.488666999999999518e+01
2.318656900000000023e+05 -1.220715000000000039e+01 8.096567000000000291e+01
2.318658899999999849e+05 -1.416646000000000072e+01 8.624709000000000003e+01
2.318660899999999965e+05 -1.165949999999999953e+01 8.443300000000000693e+01
2.318662900000000081e+05 -1.127884000000000064e+01 7.534108999999999412e+01
2.318664899999999907e+05 -1.181607999999999947e+01 8.020750999999999920e+01
2.318666900000000023e+05 -1.208843000000000067e+01 7.415390999999999622e+01
2.318668899999999849e+05 -1.241859999999999964e+01 8.493134999999999479e+01
2.318670899999999965e+05 -1.247325999999999979e+01 8.454008000000000322e+01
2.318672900000000081e+05 -1.064114000000000004e+01 8.502740000000000009e+01
2.318674899999999907e+05 -1.275102000000000046e+01 8.330015000000000214e+01
2.318676900000000023e+05 -1.027163000000000004e+01 7.515446000000000026e+01
2.318678899999999849e+05 -1.097875999999999941e+01 7.250319000000000358e+01
2.318680899999999965e+05 -1.070434000000000019e+01 7.295766000000000417e+01
2.318682900000000081e+05 -1.041446000000000005e+01 7.528213999999999828e+01
2.318684899999999907e+05 -1.039512999999999998e+01 7.617667000000000144e+01
2.318686900000000023e+05 -9.655552999999999386e+00 7.626220999999999606e+01
2.318688899999999849e+05 -9.296424999999999272e+00 6.756609000000000265e+01
2.318690899999999965e+05 -1.012886999999999915e+01 7.034278999999999371e+01
2.318692900000000081e+05 -9.273213999999999402e+00 8.093049999999999500e+01
2.318694899999999907e+05 -8.994101999999999819e+00 7.141700000000000159e+01
2.318696900000000023e+05 -8.216328000000000742e+00 7.090169000000000210e+01
2.318698899999999849e+05 -8.116023000000000209e+00 6.871442000000000405e+01
2.318700899999999965e+05 -7.921324000000000254e+00 6.844786000000000570e+01
2.318702900000000081e+05 -8.152502000000000137e+00 7.708807000000000187e+01
2.318704899999999907e+05 -7.016529000000000238e+00 6.505795000000000528e+01
2.318706900000000023e+05 -6.498054999999999914e+00 7.192860000000000298e+01
2.318708899999999849e+05 -4.209501999999999633e+00 6.953515000000000157e+01
2.318710899999999965e+05 -4.513735999999999748e+00 6.360687000000000069e+01
2.318712900000000081e+05 -4.002224000000000004e+00 6.147720000000000340e+01
2.318714899999999907e+05 -1.806831999999999994e+00 5.897359000000000151e+01
2.318716900000000023e+05 -7.960420000000000273e-01 5.438338999999999857e+01
2.318718899999999849e+05 6.085414999999999575e-01 5.064441999999999666e+01
2.318720899999999965e+05 2.558205000000000062e+00 4.364128000000000185e+01
2.318722900000000081e+05 5.088561999999999585e+00 3.272332000000000107e+01
2.318724899999999907e+05 7.745563999999999893e+00 1.378499000000000052e+01
2.318726900000000023e+05 1.048648000000000025e+01 -1.466499999999999915e+01
2.318728899999999849e+05 1.241855999999999938e+01 -5.694209000000000032e+01
2.318730899999999965e+05 1.231071000000000026e+01 -1.177667000000000002e+02
2.318732900000000081e+05 7.443354000000000248e+00 -2.026782000000000039e+02
2.318734899999999907e+05 3.215434000000000125e+00 -2.555708999999999875e+01
2.318736900000000023e+05 4.386448999999999820e+00 -1.688831999999999880e+02
2.318738899999999849e+05 -7.841008999999999896e-01 -5.363741999999999877e+01
2.318740899999999965e+05 -5.028105000000000047e+00 1.129410000000000025e+02
2.318742900000000081e+05 -2.783478000000000119e+00 1.866257999999999981e+02
2.318744899999999907e+05 -4.048034999999999606e+00 2.181376999999999953e+02
2.318746900000000023e+05 -6.020989000000000146e+00 2.289770000000000039e+02
2.318748899999999849e+05 -8.471990999999999161e+00 2.271605999999999881e+02
2.318750899999999965e+05 -9.807572000000000401e+00 1.941842000000000041e+02
2.318752900000000081e+05 -1.616450999999999993e+01 1.685297999999999945e+02
2.318754899999999907e+05 -2.041279000000000110e+01 2.368195000000000050e+02
2.318756900000000023e+05 -1.527899999999999991e+01 1.844047999999999945e+02
2.318758899999999849e+05 -1.924585000000000079e+01 1.971316999999999950e+02
2.318760899999999965e+05 -1.658526000000000167e+01 1.441296000000000106e+02
2.318762900000000081e+05 -2.050533000000000072e+01 1.973872000000000071e+02
2.318764899999999907e+05 -2.016411000000000087e+01 1.816843000000000075e+02
2.318766900000000023e+05 -2.024016999999999911e+01 1.604530000000000030e+02
2.318768899999999849e+05 -2.271650999999999954e+01 1.808008000000000095e+02
2.318770899999999965e+05 -1.877354000000000056e+01 1.670618000000000052e+02
2.318772900000000081e+05 -2.048754999999999882e+01 1.914134999999999991e+02
2.318774899999999907e+05 -1.991674000000000078e+01 1.780300000000000011e+02
2.318776900000000023e+05 -1.969245000000000090e+01 1.272926999999999964e+02
2.318778899999999849e+05 -1.932928000000000068e+01 1.587273000000000138e+02
2.318780899999999965e+05 -2.027624000000000137e+01 1.360621999999999900e+02
2.318782900000000081e+05 -1.967454999999999998e+01 1.382244000000000028e+02
2.318784899999999907e+05 -1.914957000000000065e+01 1.194960999999999984e+02
2.318786900000000023e+05 -1.576745000000000019e+01 1.352407000000000039e+02
2.318788899999999849e+05 -1.825388999999999839e+01 1.499555000000000007e+02
2.318790899999999965e+05 -1.971902000000000044e+01 1.297146999999999935e+02
2.318792900000000081e+05 -1.914284999999999926e+01 1.378676000000000101e+02
2.318794899999999907e+05 -1.921845000000000070e+01 1.425687000000000069e+02
2.318796900000000023e+05 -1.902081000000000088e+01 1.480966999999999985e+02
2.318798899999999849e+05 -1.914579000000000164e+01 1.264500000000000028e+02
2.318800899999999965e+05 -1.727676999999999907e+01 1.376819000000000131e+02
2.318802900000000081e+05 -2.195730999999999966e+01 1.400656999999999925e+02
2.318804899999999907e+05 -1.849570999999999898e+01 1.279238000000000000e+02
2.318806900000000023e+05 -2.010042999999999935e+01 1.334222000000000037e+02
2.318808899999999849e+05 -1.871205000000000140e+01 1.133687999999999931e+02
2.318810899999999965e+05 -1.691534000000000049e+01 1.419120000000000061e+02
2.318812900000000081e+05 -1.788579000000000008e+01 1.292024999999999864e+02
2.318814899999999907e+05 -1.708310000000000173e+01 1.100297000000000054e+02
2.318816900000000023e+05 -1.774304000000000059e+01 1.214205000000000041e+02
2.318818899999999849e+05 -1.663400999999999996e+01 1.218447000000000031e+02
2.318820899999999965e+05 -1.737364000000000175e+01 1.190202000000000027e+02
2.318822900000000081e+05 -1.918739000000000061e+01 1.321442999999999870e+02
2.318824899999999907e+05 -1.633496999999999844e+01 1.205168000000000035e+02
2.318826900000000023e+05 -1.589780000000000015e+01 1.305960000000000036e+02
2.318828899999999849e+05 -1.969295999999999935e+01 1.110381000000000000e+02
2.318830899999999965e+05 -1.866863999999999990e+01 8.944504999999999484e+01
2.318832900000000081e+05 -1.704110999999999976e+01 1.031804000000000059e+02
2.318834899999999907e+05 -1.576992000000000083e+01 1.107860000000000014e+02
2.318836900000000023e+05 -1.743096999999999852e+01 1.274800999999999931e+02
2.318838899999999849e+05 -2.282179000000000002e+01 1.126157000000000039e+02
2.318840899999999965e+05 -1.695602999999999838e+01 1.241572000000000031e+02
