# Time finished:
# 2015-06-03 13.18.48
# Temp volt start:
# 1.0093799
# Temp volt stop:
# 1.0093799
# Approx start T:
# 87.3114254001
# Approx stop T:
# 87.2768901387
# DC bias measured, messed up:
# 3.999749
# DC bias we asked for:
# 4
2.318211600000000035e+05 -1.537767000000000017e+01 8.853216999999999359e+01
2.318213600000000151e+05 -1.459758000000000067e+01 9.032918999999999699e+01
2.318215599999999977e+05 -1.479895999999999923e+01 9.070784000000000447e+01
2.318217600000000093e+05 -1.484770999999999930e+01 8.870739000000000374e+01
2.318219599999999919e+05 -1.469013999999999953e+01 8.944337000000000160e+01
2.318221600000000035e+05 -1.447245000000000026e+01 8.762363000000000568e+01
2.318223600000000151e+05 -1.462473999999999918e+01 9.194360000000000355e+01
2.318225599999999977e+05 -1.464856999999999942e+01 8.642866999999999678e+01
2.318227600000000093e+05 -1.457854000000000028e+01 8.820162000000000546e+01
2.318229599999999919e+05 -1.460056999999999938e+01 8.560249000000000308e+01
2.318231600000000035e+05 -1.458820000000000050e+01 8.669105999999999312e+01
2.318233600000000151e+05 -1.487894000000000005e+01 8.624858999999999298e+01
2.318235599999999977e+05 -1.442867000000000033e+01 8.680684999999999718e+01
2.318237600000000093e+05 -1.492318000000000033e+01 8.430125999999999920e+01
2.318239599999999919e+05 -1.437805000000000000e+01 8.768290000000000362e+01
2.318241600000000035e+05 -1.467337999999999987e+01 8.597262999999999522e+01
2.318243600000000151e+05 -1.446377000000000024e+01 8.699573999999999785e+01
2.318245599999999977e+05 -1.452237000000000045e+01 8.577239000000000146e+01
2.318247600000000093e+05 -1.395199999999999996e+01 8.634201000000000192e+01
2.318249599999999919e+05 -1.449587000000000003e+01 8.526394999999999413e+01
2.318251600000000035e+05 -1.427804000000000073e+01 8.847356000000000620e+01
2.318253600000000151e+05 -1.379426999999999914e+01 8.518953999999999382e+01
2.318255599999999977e+05 -1.397580999999999918e+01 8.521571000000000140e+01
2.318257600000000093e+05 -1.353763000000000005e+01 8.560965000000000202e+01
2.318259599999999919e+05 -1.387040999999999968e+01 8.332389999999999475e+01
2.318261600000000035e+05 -1.382341000000000086e+01 8.446551999999999794e+01
2.318263600000000151e+05 -1.362082999999999977e+01 8.350539000000000556e+01
2.318265599999999977e+05 -1.337128000000000050e+01 8.093961000000000183e+01
2.318267600000000093e+05 -1.323469000000000051e+01 8.113380999999999688e+01
2.318269599999999919e+05 -1.348934000000000033e+01 8.193026000000000408e+01
2.318271600000000035e+05 -1.331677999999999962e+01 8.243424000000000262e+01
2.318273600000000151e+05 -1.291216000000000008e+01 7.877142000000000621e+01
2.318275599999999977e+05 -1.227488999999999919e+01 8.307200000000000273e+01
2.318277600000000093e+05 -1.247775999999999996e+01 8.402590999999999610e+01
2.318279599999999919e+05 -1.165161999999999942e+01 8.136808000000000618e+01
2.318281600000000035e+05 -1.146399000000000079e+01 7.871184999999999832e+01
2.318283600000000151e+05 -1.118472000000000044e+01 7.281727999999999668e+01
2.318285599999999977e+05 -1.073342000000000063e+01 7.612542999999999438e+01
2.318287600000000093e+05 -9.724394999999999456e+00 6.954470000000000596e+01
2.318289599999999919e+05 -9.272959000000000174e+00 6.529204000000000008e+01
2.318291600000000035e+05 -7.876985999999999599e+00 6.009884999999999877e+01
2.318293600000000151e+05 -6.573692999999999564e+00 4.993533000000000044e+01
2.318295599999999977e+05 -4.832874999999999588e+00 3.602781999999999840e+01
2.318297600000000093e+05 -2.899664000000000019e+00 9.382199999999999207e+00
2.318299599999999919e+05 -1.362988000000000088e+00 -3.422292999999999807e+01
2.318301600000000035e+05 -9.507514999999999716e-01 -9.932564999999999600e+01
2.318303600000000151e+05 -3.325012000000000079e+00 -1.805016999999999996e+02
2.318305599999999977e+05 -1.006306000000000012e+01 -2.980767999999999915e+02
2.318307600000000093e+05 -1.007461999999999946e+01 -1.219175000000000040e+02
2.318309599999999919e+05 -1.267346000000000039e+01 -2.706499999999999773e+02
2.318311600000000035e+05 -1.373451000000000022e+01 -1.714285999999999888e+02
2.318313600000000151e+05 -3.183042000000000016e+01 -1.924562999999999846e+01
2.318315599999999977e+05 -1.785447999999999880e+01 8.072117000000000075e+01
2.318317600000000093e+05 -1.676661999999999964e+01 1.016881000000000057e+02
2.318319599999999919e+05 -1.733379000000000048e+01 1.049548999999999950e+02
2.318321600000000035e+05 -1.843772999999999840e+01 1.003165000000000049e+02
2.318323600000000151e+05 -2.015236000000000161e+01 1.060343000000000018e+02
2.318325599999999977e+05 -1.921169000000000082e+01 1.197794999999999987e+02
2.318327600000000093e+05 -1.743161999999999878e+01 1.129711999999999961e+02
2.318329599999999919e+05 -1.901133000000000095e+01 1.029719000000000051e+02
2.318331600000000035e+05 -1.809513000000000105e+01 1.063907999999999987e+02
2.318333600000000151e+05 -1.788641000000000147e+01 1.067094000000000023e+02
2.318335599999999977e+05 -1.757055000000000078e+01 1.031370000000000005e+02
2.318337600000000093e+05 -1.730122000000000071e+01 1.020939000000000050e+02
2.318339599999999919e+05 -1.825507999999999953e+01 1.018162999999999982e+02
2.318341600000000035e+05 -1.701382999999999868e+01 1.029415000000000049e+02
2.318343600000000151e+05 -1.698687999999999931e+01 9.906405999999999779e+01
2.318345599999999977e+05 -1.762443000000000026e+01 1.028923000000000059e+02
2.318347600000000093e+05 -1.722665999999999897e+01 1.014256000000000029e+02
2.318349599999999919e+05 -1.750809999999999889e+01 9.973528000000000304e+01
2.318351600000000035e+05 -1.774012000000000100e+01 9.821478000000000463e+01
2.318353600000000151e+05 -1.708931000000000111e+01 9.798900000000000432e+01
2.318355599999999977e+05 -1.713918999999999926e+01 1.023589999999999947e+02
2.318357600000000093e+05 -1.675786000000000087e+01 9.381804999999999950e+01
2.318359599999999919e+05 -1.694147999999999854e+01 9.776738000000000284e+01
2.318361600000000035e+05 -1.666503000000000156e+01 9.599071999999999605e+01
2.318363600000000151e+05 -1.684333000000000169e+01 9.701967000000000496e+01
2.318365599999999977e+05 -1.668981000000000137e+01 9.763370000000000459e+01
2.318367600000000093e+05 -1.717100999999999900e+01 1.009359000000000037e+02
2.318369599999999919e+05 -1.661985999999999919e+01 9.827581999999999596e+01
2.318371600000000035e+05 -1.700685000000000002e+01 9.765797000000000594e+01
2.318373600000000151e+05 -1.691953000000000173e+01 9.551274999999999693e+01
2.318375599999999977e+05 -1.640591999999999828e+01 9.524202999999999975e+01
2.318377600000000093e+05 -1.677318999999999960e+01 9.767816999999999439e+01
2.318379599999999919e+05 -1.646793999999999869e+01 9.738880000000000337e+01
2.318381600000000035e+05 -1.630591000000000079e+01 9.756995999999999469e+01
2.318383600000000151e+05 -1.685343999999999909e+01 9.799975999999999487e+01
2.318385599999999977e+05 -1.643790999999999869e+01 9.631413999999999476e+01
2.318387600000000093e+05 -1.638532000000000011e+01 1.011860999999999962e+02
2.318389599999999919e+05 -1.612919000000000125e+01 9.543215999999999610e+01
2.318391600000000035e+05 -1.673732000000000042e+01 9.395356999999999914e+01
2.318393600000000151e+05 -1.609100000000000108e+01 9.759014999999999418e+01
2.318395599999999977e+05 -1.685875000000000057e+01 9.508050000000000068e+01
2.318397600000000093e+05 -1.663032000000000110e+01 9.896547999999999945e+01
2.318399599999999919e+05 -1.635034999999999883e+01 9.431116000000000099e+01
2.318401600000000035e+05 -1.646248999999999896e+01 9.791803000000000168e+01
2.318403600000000151e+05 -1.650966999999999985e+01 9.460048999999999353e+01
2.318405599999999977e+05 -1.597789999999999999e+01 9.728441999999999723e+01
2.318407600000000093e+05 -1.652326000000000050e+01 9.580668000000000006e+01
2.318409599999999919e+05 -1.622417000000000087e+01 9.778794000000000608e+01
2.318411600000000035e+05 -1.571110999999999969e+01 9.764488000000000056e+01
