# Time finished:
# 2015-06-02 09.49.09
# Temp volt start:
# 1.0193361
# Temp volt stop:
# 1.0193361
# Approx start T:
# 81.6954302551
# Approx stop T:
# 81.7107540493
# DC bias measured, messed up:
# 8.001072
# DC bias we asked for:
# 8
2.317974200000000128e+05 -1.267778999999999989e+01 8.074976999999999805e+01
2.317976200000000244e+05 -1.242318000000000033e+01 7.945741999999999905e+01
2.317978200000000070e+05 -1.326928999999999981e+01 8.482468000000000075e+01
2.317980200000000186e+05 -1.277482000000000006e+01 8.340212999999999965e+01
2.317982200000000012e+05 -1.250768000000000058e+01 8.764812999999999477e+01
2.317984200000000128e+05 -1.215747999999999962e+01 8.005965000000000487e+01
2.317986200000000244e+05 -1.201043999999999912e+01 8.656077999999999406e+01
2.317988200000000070e+05 -1.239398000000000089e+01 8.766521000000000186e+01
2.317990200000000186e+05 -1.147611999999999988e+01 8.029169000000000267e+01
2.317992200000000012e+05 -1.248720999999999925e+01 7.523657000000000039e+01
2.317994200000000128e+05 -9.912219999999999587e+00 8.088302000000000191e+01
2.317996200000000244e+05 -1.219490000000000052e+01 9.234586000000000183e+01
2.317998200000000070e+05 -1.167623999999999995e+01 7.423618999999999346e+01
2.318000200000000186e+05 -1.073512000000000022e+01 7.775507000000000346e+01
2.318002200000000012e+05 -1.029129000000000005e+01 7.824264999999999759e+01
2.318004200000000128e+05 -1.168928999999999974e+01 8.523121999999999332e+01
2.318006200000000244e+05 -1.059991999999999912e+01 7.610143999999999664e+01
2.318008200000000070e+05 -1.168876000000000026e+01 8.931883000000000550e+01
2.318010200000000186e+05 -1.245702999999999960e+01 7.830087000000000330e+01
2.318012200000000012e+05 -1.079810999999999943e+01 8.419353999999999871e+01
2.318014200000000128e+05 -9.688297999999999632e+00 8.022060000000000457e+01
2.318016200000000244e+05 -1.048945999999999934e+01 7.713918999999999926e+01
2.318018200000000070e+05 -1.212298000000000009e+01 8.117297000000000651e+01
2.318020200000000186e+05 -1.232798999999999978e+01 7.768768000000000029e+01
2.318022200000000012e+05 -1.102441999999999922e+01 8.316804999999999382e+01
2.318024200000000128e+05 -9.506246000000000862e+00 7.606744999999999379e+01
2.318026200000000244e+05 -9.875450999999999979e+00 7.215900999999999499e+01
2.318028200000000070e+05 -9.547401000000000693e+00 7.052342000000000155e+01
2.318030200000000186e+05 -9.319805000000000561e+00 7.657641999999999882e+01
2.318032200000000012e+05 -9.829005000000000436e+00 7.109875999999999863e+01
2.318034200000000128e+05 -8.667927000000000604e+00 7.539999000000000251e+01
2.318036200000000244e+05 -8.125719000000000136e+00 7.933826999999999430e+01
2.318038200000000070e+05 -7.878468999999999944e+00 7.079849000000000103e+01
2.318040200000000186e+05 -8.577987000000000251e+00 6.658793000000000006e+01
2.318042200000000012e+05 -7.404617000000000004e+00 6.687666000000000111e+01
2.318044200000000128e+05 -6.623211000000000404e+00 7.306443000000000154e+01
2.318046200000000244e+05 -6.414191999999999894e+00 7.378333000000000652e+01
2.318048200000000070e+05 -5.216101000000000099e+00 6.935459000000000174e+01
2.318050200000000186e+05 -3.645246000000000208e+00 5.991787000000000063e+01
2.318052200000000012e+05 -3.652744999999999909e+00 6.095262000000000313e+01
2.318054200000000128e+05 -2.436358999999999941e+00 5.861467999999999989e+01
2.318056200000000244e+05 -1.753255999999999926e+00 5.687675999999999732e+01
2.318058200000000070e+05 6.580867999999999718e-01 5.233928000000000225e+01
2.318060200000000186e+05 2.249163999999999941e+00 4.470662999999999698e+01
2.318062200000000012e+05 4.538861999999999952e+00 3.451961000000000013e+01
2.318064200000000128e+05 7.022438000000000180e+00 1.772287000000000035e+01
2.318066200000000244e+05 9.641534999999999300e+00 -8.868157999999999319e+00
2.318068200000000070e+05 1.170977000000000068e+01 -4.728773999999999944e+01
2.318070200000000186e+05 1.206034000000000006e+01 -1.016282000000000068e+02
2.318072200000000012e+05 8.273239999999999483e+00 -1.759270999999999958e+02
2.318074200000000128e+05 -4.325606000000000173e-01 -3.389017000000000053e+02
2.318076200000000244e+05 4.279270000000000351e+00 -4.931222999999999956e+02
2.318078200000000070e+05 -7.211926000000000059e+00 -3.551836999999999875e+02
2.318080200000000186e+05 -2.648381000000000096e+00 -1.819960000000000093e+02
2.318082200000000012e+05 -3.486123000000000083e+00 -1.233183999999999969e+02
2.318084200000000128e+05 -8.476831999999999923e+00 -9.012439999999999429e+01
2.318086200000000244e+05 -1.129936999999999969e+01 -7.924550000000000693e+01
2.318088200000000070e+05 -1.411106999999999978e+01 -9.586784000000000106e+01
2.318090200000000186e+05 -1.147602000000000011e+01 -1.170477000000000061e+02
2.318092200000000012e+05 -1.043928000000000011e+01 -1.520654000000000110e+02
2.318094200000000128e+05 -1.426158000000000037e+01 -1.831796999999999969e+02
2.318096200000000244e+05 -1.947514999999999930e+01 -1.460121000000000038e+02
2.318098200000000070e+05 -1.466594000000000086e+01 -1.740523000000000025e+02
2.318100200000000186e+05 -1.899353999999999942e+01 -1.582715000000000032e+02
2.318102200000000012e+05 -1.627771999999999863e+01 -1.856065000000000111e+02
2.318104200000000128e+05 -1.646499000000000024e+01 -1.821163999999999987e+02
2.318106200000000244e+05 -1.676202999999999932e+01 -1.716482000000000028e+02
2.318108200000000070e+05 -1.907845999999999975e+01 -1.698342000000000098e+02
2.318110200000000186e+05 -1.789665000000000106e+01 -1.989478000000000009e+02
2.318112200000000012e+05 -1.800798999999999950e+01 -1.926580999999999904e+02
2.318114200000000128e+05 -1.845033000000000101e+01 -2.139390999999999963e+02
2.318116200000000244e+05 -2.072472000000000136e+01 -1.759541999999999859e+02
2.318118200000000070e+05 -2.378634999999999877e+01 -1.994228999999999985e+02
2.318120200000000186e+05 -1.782035000000000124e+01 -2.046671000000000049e+02
2.318122200000000012e+05 -1.848721000000000103e+01 -2.149553999999999974e+02
2.318124200000000128e+05 -2.200375000000000014e+01 -2.032937000000000012e+02
2.318126200000000244e+05 -1.817951000000000050e+01 -2.400295999999999879e+02
2.318128200000000070e+05 -1.838400000000000034e+01 -2.266753999999999962e+02
2.318130200000000186e+05 -1.678208000000000055e+01 -2.073761000000000081e+02
2.318132200000000012e+05 -1.753063999999999822e+01 -2.362521999999999878e+02
2.318134200000000128e+05 -1.858322000000000074e+01 -2.180894000000000119e+02
2.318136200000000244e+05 -1.897974999999999923e+01 -2.210261000000000138e+02
2.318138200000000070e+05 -2.242914999999999992e+01 -2.377194000000000074e+02
2.318140200000000186e+05 -2.139002999999999943e+01 -2.018139999999999930e+02
2.318142200000000012e+05 -2.051734000000000080e+01 -2.453001999999999896e+02
2.318144200000000128e+05 -2.167577999999999960e+01 -2.447058000000000106e+02
2.318146200000000244e+05 -1.938092999999999932e+01 -2.253836000000000013e+02
2.318148200000000070e+05 -1.792081999999999908e+01 -2.267341000000000122e+02
2.318150200000000186e+05 -2.010559999999999903e+01 -2.315440000000000111e+02
2.318152200000000012e+05 -1.438644999999999996e+01 -2.310036000000000058e+02
2.318154200000000128e+05 -2.007191999999999865e+01 -2.213766999999999996e+02
2.318156200000000244e+05 -1.590418000000000021e+01 -2.493717000000000041e+02
2.318158200000000070e+05 -2.007417999999999836e+01 -2.340754000000000019e+02
2.318160200000000186e+05 -1.720242999999999967e+01 -2.286240999999999985e+02
2.318162200000000012e+05 -1.918366999999999933e+01 -2.231560000000000059e+02
2.318164200000000128e+05 -1.629335999999999984e+01 -2.586843999999999824e+02
2.318166200000000244e+05 -2.136903999999999826e+01 -2.277099000000000046e+02
2.318168200000000070e+05 -1.796538999999999930e+01 -2.366858000000000004e+02
2.318170200000000186e+05 -1.899418999999999969e+01 -2.482718999999999880e+02
2.318172200000000012e+05 -1.783155000000000001e+01 -2.644014000000000237e+02
2.318174200000000128e+05 -1.756803000000000026e+01 -2.564076999999999771e+02
