# Time finished:
# 2015-06-03 02.59.35
# Temp volt start:
# 1.0230191
# Temp volt stop:
# 1.0230191
# Approx start T:
# 79.6003025086
# Approx stop T:
# 79.6098243477
# DC bias measured, messed up:
# 3.999995
# DC bias we asked for:
# 4
2.318069800000000105e+05 -1.510177000000000014e+01 8.693777000000000044e+01
2.318071800000000221e+05 -1.487679999999999936e+01 8.596917999999999438e+01
2.318073800000000047e+05 -1.484773000000000032e+01 8.996502999999999872e+01
2.318075800000000163e+05 -1.527514000000000038e+01 8.742539999999999623e+01
2.318077799999999988e+05 -1.498405999999999949e+01 8.368665000000000020e+01
2.318079800000000105e+05 -1.496240000000000059e+01 8.786337000000000330e+01
2.318081800000000221e+05 -1.464786999999999928e+01 8.860791999999999291e+01
2.318083800000000047e+05 -1.441530000000000022e+01 8.732854000000000383e+01
2.318085800000000163e+05 -1.431854000000000049e+01 8.643158999999999992e+01
2.318087799999999988e+05 -1.432952000000000048e+01 8.706601999999999464e+01
2.318089800000000105e+05 -1.503710000000000058e+01 8.514387000000000683e+01
2.318091800000000221e+05 -1.468146999999999913e+01 8.859380000000000166e+01
2.318093800000000047e+05 -1.396387000000000000e+01 8.701482000000000028e+01
2.318095800000000163e+05 -1.439649000000000001e+01 8.626063000000000613e+01
2.318097799999999988e+05 -1.411428000000000083e+01 8.763706999999999425e+01
2.318099800000000105e+05 -1.393424000000000085e+01 8.816047000000000367e+01
2.318101800000000221e+05 -1.420578000000000074e+01 8.736704000000000292e+01
2.318103800000000047e+05 -1.448704999999999998e+01 8.771814000000000533e+01
2.318105800000000163e+05 -1.425752999999999915e+01 8.499430999999999869e+01
2.318107799999999988e+05 -1.433024999999999949e+01 8.535275000000000034e+01
2.318109800000000105e+05 -1.431953999999999994e+01 8.418298000000000059e+01
2.318111800000000221e+05 -1.374075999999999986e+01 8.746907000000000210e+01
2.318113800000000047e+05 -1.354057000000000066e+01 8.623141999999999996e+01
2.318115800000000163e+05 -1.379440999999999917e+01 8.702791999999999462e+01
2.318117799999999988e+05 -1.367191000000000045e+01 8.463604999999999734e+01
2.318119800000000105e+05 -1.374761999999999951e+01 8.466149000000000058e+01
2.318121800000000221e+05 -1.353811999999999927e+01 8.466881999999999664e+01
2.318123800000000047e+05 -1.353603000000000023e+01 8.231601000000000568e+01
2.318125800000000163e+05 -1.328003999999999962e+01 8.263383000000000322e+01
2.318127799999999988e+05 -1.296027999999999913e+01 8.293224999999999625e+01
2.318129800000000105e+05 -1.314634999999999998e+01 8.156802000000000419e+01
2.318131800000000221e+05 -1.299906000000000006e+01 8.139659000000000333e+01
2.318133800000000047e+05 -1.247198999999999991e+01 8.297871000000000663e+01
2.318135800000000163e+05 -1.203992000000000040e+01 7.863599999999999568e+01
2.318137799999999988e+05 -1.164986999999999995e+01 7.767231999999999914e+01
2.318139800000000105e+05 -1.103819000000000017e+01 7.550065999999999633e+01
2.318141800000000221e+05 -1.072830000000000084e+01 7.325104000000000326e+01
2.318143800000000047e+05 -1.001638999999999946e+01 7.206644000000000005e+01
2.318145800000000163e+05 -9.899668000000000134e+00 6.813299999999999557e+01
2.318147799999999988e+05 -8.294226000000000099e+00 6.195232000000000028e+01
2.318149800000000105e+05 -7.372231000000000201e+00 5.520709999999999695e+01
2.318151800000000221e+05 -5.835296999999999734e+00 4.337626000000000204e+01
2.318153800000000047e+05 -3.985358000000000178e+00 2.294568999999999903e+01
2.318155800000000163e+05 -2.042673000000000183e+00 -8.988638999999999157e+00
2.318157799999999988e+05 -1.052256000000000080e+00 -6.296978000000000009e+01
2.318159800000000105e+05 -1.644630000000000036e+00 -1.371390000000000100e+02
2.318161800000000221e+05 -6.082710999999999757e+00 -2.276433000000000106e+02
2.318163800000000047e+05 -1.244772000000000034e+01 -3.903070000000000164e+02
2.318165800000000163e+05 -9.627940999999999860e+00 -5.517069000000000187e+02
2.318167799999999988e+05 -2.083079000000000036e+01 -3.947493999999999801e+02
2.318169800000000105e+05 -1.398170000000000002e+01 -2.498714999999999975e+02
2.318171800000000221e+05 -1.604885000000000161e+01 -2.040771000000000015e+02
2.318173800000000047e+05 -2.162614999999999910e+01 -1.958140999999999963e+02
2.318175800000000163e+05 -2.488312000000000168e+01 -2.192229000000000099e+02
2.318177799999999988e+05 -2.218129000000000062e+01 -2.318293999999999926e+02
2.318179800000000105e+05 -2.080645000000000167e+01 -2.319465999999999894e+02
2.318181800000000221e+05 -1.822184999999999988e+01 -2.369884000000000128e+02
2.318183800000000047e+05 -1.789224000000000103e+01 -2.526794999999999902e+02
2.318185800000000163e+05 -1.931644999999999968e+01 -2.495133999999999901e+02
2.318187799999999988e+05 -1.799191000000000074e+01 -2.520096000000000060e+02
2.318189800000000105e+05 -1.880253000000000085e+01 -2.538402000000000100e+02
2.318191800000000221e+05 -1.738576000000000121e+01 -2.605437999999999761e+02
2.318193800000000047e+05 -1.763045999999999935e+01 -2.613065000000000282e+02
2.318195800000000163e+05 -1.729821000000000097e+01 -2.574408999999999992e+02
2.318197799999999988e+05 -1.765199000000000140e+01 -2.611365000000000123e+02
2.318199800000000105e+05 -1.722523999999999944e+01 -2.605153000000000247e+02
2.318201800000000221e+05 -1.755796000000000134e+01 -2.611994000000000256e+02
2.318203800000000047e+05 -1.793339999999999890e+01 -2.657927999999999997e+02
2.318205800000000163e+05 -1.737684000000000140e+01 -2.578120000000000118e+02
2.318207799999999988e+05 -1.760688999999999993e+01 -2.586705000000000041e+02
2.318209800000000105e+05 -1.746113000000000071e+01 -2.609531999999999812e+02
2.318211800000000221e+05 -1.688685999999999865e+01 -2.616096000000000004e+02
2.318213800000000047e+05 -1.701445000000000007e+01 -2.599334000000000060e+02
2.318215800000000163e+05 -1.716055000000000064e+01 -2.583331000000000017e+02
2.318217799999999988e+05 -1.757929999999999993e+01 -2.610321999999999889e+02
2.318219800000000105e+05 -1.729132999999999853e+01 -2.619653999999999883e+02
2.318221800000000221e+05 -1.694010000000000105e+01 -2.648874000000000137e+02
2.318223800000000047e+05 -1.691772999999999882e+01 -2.623088000000000193e+02
2.318225800000000163e+05 -1.681165999999999983e+01 -2.651970000000000027e+02
2.318227799999999988e+05 -1.699014999999999986e+01 -2.598091000000000008e+02
2.318229800000000105e+05 -1.660845000000000127e+01 -2.634338999999999942e+02
2.318231800000000221e+05 -1.642580999999999847e+01 -2.639153999999999769e+02
2.318233800000000047e+05 -1.651025999999999883e+01 -2.641587999999999852e+02
2.318235800000000163e+05 -1.688778999999999897e+01 -2.616095000000000255e+02
2.318237799999999988e+05 -1.644510999999999967e+01 -2.617291999999999916e+02
2.318239800000000105e+05 -1.681474000000000046e+01 -2.627903000000000020e+02
2.318241800000000221e+05 -1.653997999999999990e+01 -2.662062000000000239e+02
2.318243800000000047e+05 -1.721988999999999947e+01 -2.637869999999999777e+02
2.318245800000000163e+05 -1.621840999999999866e+01 -2.634485999999999990e+02
2.318247799999999988e+05 -1.605050999999999917e+01 -2.649381000000000199e+02
2.318249800000000105e+05 -1.608397000000000077e+01 -2.638886999999999716e+02
2.318251800000000221e+05 -1.709747000000000128e+01 -2.664623000000000275e+02
2.318253800000000047e+05 -1.645571999999999946e+01 -2.598099000000000274e+02
2.318255800000000163e+05 -1.653991999999999862e+01 -2.664759999999999991e+02
2.318257799999999988e+05 -1.661706999999999823e+01 -2.645378000000000043e+02
2.318259800000000105e+05 -1.679269999999999996e+01 -2.661904000000000110e+02
2.318261800000000221e+05 -1.647047999999999845e+01 -2.621238000000000170e+02
2.318263800000000047e+05 -1.591826000000000008e+01 -2.629209999999999923e+02
2.318265800000000163e+05 -1.653887999999999892e+01 -2.659297000000000253e+02
2.318267799999999988e+05 -1.644807000000000130e+01 -2.640380999999999858e+02
2.318269800000000105e+05 -1.681077000000000155e+01 -2.651997000000000071e+02
