# Time finished:
# 2015-06-02 11.46.13
# Temp volt start:
# 1.5762526
# Temp volt stop:
# 1.5762526
# Approx start T:
# -402.256148718
# Approx stop T:
# -402.257806089
# DC bias measured, messed up:
# 8.001011
# DC bias we asked for:
# 8
2.317388099999999977e+05 -1.639600000000000080e+01 9.898082999999999743e+01
2.317390100000000093e+05 -1.663072999999999979e+01 9.898614000000000601e+01
2.317392099999999919e+05 -1.647565000000000168e+01 9.884350000000000591e+01
2.317394100000000035e+05 -1.655351999999999890e+01 9.968637999999999977e+01
2.317396099999999860e+05 -1.662406999999999968e+01 9.903682999999999481e+01
2.317398099999999977e+05 -1.639533000000000129e+01 9.981897999999999627e+01
2.317400100000000093e+05 -1.648873000000000033e+01 9.851004000000000360e+01
2.317402099999999919e+05 -1.642394000000000176e+01 9.842515000000000214e+01
2.317404100000000035e+05 -1.640091999999999928e+01 9.899690999999999974e+01
2.317406099999999860e+05 -1.639840999999999838e+01 9.865233000000000629e+01
2.317408099999999977e+05 -1.636659999999999826e+01 9.980079999999999529e+01
2.317410100000000093e+05 -1.645862999999999943e+01 9.957277999999999452e+01
2.317412099999999919e+05 -1.653785999999999845e+01 9.878753000000000384e+01
2.317414100000000035e+05 -1.656751999999999825e+01 9.934830999999999790e+01
2.317416099999999860e+05 -1.641837999999999909e+01 9.978597000000000605e+01
2.317418099999999977e+05 -1.624436000000000035e+01 9.818215999999999610e+01
2.317420100000000093e+05 -1.654473000000000127e+01 9.883903999999999712e+01
2.317422099999999919e+05 -1.651869999999999905e+01 9.852933000000000163e+01
2.317424100000000035e+05 -1.639166000000000167e+01 9.860040999999999656e+01
2.317426099999999860e+05 -1.647196999999999889e+01 9.967901999999999418e+01
2.317428099999999977e+05 -1.614633999999999858e+01 9.855374999999999375e+01
2.317430100000000093e+05 -1.639950999999999937e+01 9.909176999999999680e+01
2.317432099999999919e+05 -1.644311000000000078e+01 9.965617000000000303e+01
2.317434100000000035e+05 -1.654282999999999859e+01 9.992192000000000007e+01
2.317436099999999860e+05 -1.654455000000000098e+01 9.982274999999999920e+01
2.317438099999999977e+05 -1.625584999999999880e+01 9.943250000000000455e+01
2.317440100000000093e+05 -1.641035000000000110e+01 9.831999999999999318e+01
2.317442099999999919e+05 -1.640849000000000046e+01 9.992553999999999803e+01
2.317444100000000035e+05 -1.647591999999999857e+01 9.840552999999999884e+01
2.317446099999999860e+05 -1.649506999999999834e+01 9.866218999999999539e+01
2.317448099999999977e+05 -1.643206999999999951e+01 9.891746999999999446e+01
2.317450100000000093e+05 -1.655595999999999890e+01 9.959162999999999499e+01
2.317452099999999919e+05 -1.638291999999999859e+01 1.001509999999999962e+02
2.317454100000000035e+05 -1.666994000000000042e+01 9.851488999999999407e+01
2.317456099999999860e+05 -1.625367999999999924e+01 9.909770000000000323e+01
2.317458099999999977e+05 -1.641178999999999988e+01 9.876212999999999909e+01
2.317460100000000093e+05 -1.633623000000000047e+01 9.943904999999999461e+01
2.317462099999999919e+05 -1.632366999999999990e+01 9.923779000000000394e+01
2.317464100000000035e+05 -1.630610000000000070e+01 9.898720000000000141e+01
2.317466099999999860e+05 -1.644157999999999831e+01 9.877782000000000551e+01
2.317468099999999977e+05 -1.629147000000000034e+01 9.897700000000000387e+01
2.317470100000000093e+05 -1.646243000000000123e+01 9.883728000000000691e+01
2.317472099999999919e+05 -1.649231999999999942e+01 9.885620000000000118e+01
2.317474100000000035e+05 -1.631027999999999878e+01 9.869849999999999568e+01
2.317476099999999860e+05 -1.629295000000000115e+01 9.887838000000000704e+01
2.317478099999999977e+05 -1.627434999999999832e+01 9.862855000000000416e+01
2.317480100000000093e+05 -1.634695999999999927e+01 9.669503000000000270e+01
2.317482099999999919e+05 -1.633599999999999852e+01 9.837654999999999461e+01
2.317484100000000035e+05 -1.638775000000000048e+01 9.772557000000000471e+01
2.317486099999999860e+05 -1.627456000000000103e+01 9.958914000000000044e+01
2.317488099999999977e+05 -1.635011000000000081e+01 9.944701000000000590e+01
2.317490100000000093e+05 -1.618477999999999994e+01 9.886294999999999789e+01
2.317492099999999919e+05 -1.640773000000000081e+01 9.851578999999999553e+01
2.317494100000000035e+05 -1.662055000000000149e+01 1.002335000000000065e+02
2.317496099999999860e+05 -1.635510999999999981e+01 1.000344000000000051e+02
2.317498099999999977e+05 -1.631156000000000006e+01 9.860527000000000442e+01
2.317500100000000093e+05 -1.617801000000000045e+01 9.829193999999999676e+01
2.317502099999999919e+05 -1.631107000000000085e+01 9.807634000000000185e+01
2.317504100000000035e+05 -1.621755999999999887e+01 9.797932000000000130e+01
2.317506099999999860e+05 -1.631474000000000046e+01 9.769362999999999886e+01
2.317508099999999977e+05 -1.640574000000000154e+01 9.744558999999999571e+01
2.317510100000000093e+05 -1.634678999999999860e+01 9.867455999999999960e+01
2.317512099999999919e+05 -1.632081000000000159e+01 9.846792000000000655e+01
2.317514100000000035e+05 -1.613569000000000031e+01 9.972987000000000535e+01
2.317516099999999860e+05 -1.626499000000000095e+01 9.876919999999999789e+01
2.317518099999999977e+05 -1.644849999999999923e+01 9.756295000000000073e+01
2.317520100000000093e+05 -1.623528999999999911e+01 9.884922000000000253e+01
2.317522099999999919e+05 -1.630111000000000132e+01 9.759163999999999817e+01
2.317524100000000035e+05 -1.633470000000000155e+01 9.997289000000000669e+01
2.317526099999999860e+05 -1.623139000000000109e+01 9.860710000000000264e+01
2.317528099999999977e+05 -1.634545999999999921e+01 9.876958000000000482e+01
2.317530100000000093e+05 -1.619590000000000174e+01 9.730593000000000359e+01
2.317532099999999919e+05 -1.637469000000000108e+01 9.825661999999999807e+01
2.317534100000000035e+05 -1.618507999999999925e+01 9.701619999999999777e+01
2.317536099999999860e+05 -1.648001000000000005e+01 9.865663999999999589e+01
2.317538099999999977e+05 -1.641024000000000171e+01 9.832500000000000284e+01
2.317540100000000093e+05 -1.630615999999999843e+01 9.845788000000000295e+01
2.317542099999999919e+05 -1.641509999999999891e+01 9.793735999999999819e+01
2.317544100000000035e+05 -1.629076999999999842e+01 9.792368999999999346e+01
2.317546099999999860e+05 -1.643581000000000003e+01 9.916754000000000246e+01
2.317548099999999977e+05 -1.628960999999999970e+01 9.801891000000000531e+01
2.317550100000000093e+05 -1.616819999999999879e+01 9.790971999999999298e+01
2.317552099999999919e+05 -1.625247999999999848e+01 9.804744999999999777e+01
2.317554100000000035e+05 -1.627017000000000024e+01 9.839034999999999798e+01
2.317556099999999860e+05 -1.624846000000000146e+01 9.895309000000000310e+01
2.317558099999999977e+05 -1.646639000000000053e+01 9.855116999999999905e+01
2.317560100000000093e+05 -1.632536999999999949e+01 9.861400999999999328e+01
2.317562099999999919e+05 -1.630352999999999852e+01 9.864988999999999919e+01
2.317564100000000035e+05 -1.609720000000000084e+01 9.942387999999999693e+01
2.317566099999999860e+05 -1.611639999999999873e+01 9.957859999999999445e+01
2.317568099999999977e+05 -1.641270000000000095e+01 9.813194000000000017e+01
2.317570100000000093e+05 -1.619634999999999891e+01 9.906515000000000271e+01
2.317572099999999919e+05 -1.621809000000000012e+01 9.850677000000000305e+01
2.317574100000000035e+05 -1.627938999999999936e+01 9.691346000000000060e+01
2.317576099999999860e+05 -1.615131999999999834e+01 9.747732999999999493e+01
2.317578099999999977e+05 -1.643250000000000099e+01 9.765330000000000155e+01
2.317580100000000093e+05 -1.632717999999999847e+01 9.789441999999999666e+01
2.317582099999999919e+05 -1.623988999999999905e+01 9.794641000000000020e+01
2.317584100000000035e+05 -1.632119000000000142e+01 9.837299000000000149e+01
2.317586099999999860e+05 -1.633973999999999904e+01 9.915572000000000230e+01
2.317588099999999977e+05 -1.634302999999999884e+01 9.780630999999999631e+01
