# Time finished:
# 2015-06-01 22.17.31
# Temp volt start:
# 0.88417275
# Temp volt stop:
# 0.88417275
# Approx start T:
# 152.779914817
# Approx stop T:
# 152.50091365
# DC bias measured, messed up:
# 8.001269
# DC bias we asked for:
# 8
2.319057500000000000e+05 -1.237180000000000035e+01 8.203667000000000087e+01
2.319059500000000116e+05 -1.214744999999999919e+01 8.145839999999999748e+01
2.319061499999999942e+05 -1.206677999999999962e+01 8.362617000000000189e+01
2.319063500000000058e+05 -1.315130000000000088e+01 8.356570000000000675e+01
2.319065499999999884e+05 -1.262346999999999930e+01 7.730813999999999453e+01
2.319067500000000000e+05 -1.300111000000000061e+01 8.125257999999999470e+01
2.319069500000000116e+05 -1.224037000000000042e+01 7.260975999999999431e+01
2.319071499999999942e+05 -1.127092999999999989e+01 7.116353999999999758e+01
2.319073500000000058e+05 -1.162626000000000026e+01 7.361056000000000665e+01
2.319075499999999884e+05 -1.273926999999999943e+01 8.411693999999999960e+01
2.319077500000000000e+05 -1.241929000000000016e+01 7.830576999999999543e+01
2.319079500000000116e+05 -1.216882999999999981e+01 8.287278999999999485e+01
2.319081499999999942e+05 -1.117871000000000059e+01 7.135818000000000438e+01
2.319083500000000058e+05 -1.106129999999999924e+01 8.055971999999999866e+01
2.319085499999999884e+05 -1.252937999999999974e+01 7.819405999999999324e+01
2.319087500000000000e+05 -1.099534000000000056e+01 7.745667000000000257e+01
2.319089500000000116e+05 -1.191203999999999930e+01 7.135572000000000514e+01
2.319091499999999942e+05 -1.234022000000000041e+01 7.541701000000000477e+01
2.319093500000000058e+05 -1.099685000000000024e+01 8.249187000000000580e+01
2.319095499999999884e+05 -1.051797999999999966e+01 8.775476999999999350e+01
2.319097500000000000e+05 -9.637029000000000067e+00 7.806310000000000571e+01
2.319099500000000116e+05 -9.895785000000000053e+00 8.331901999999999475e+01
2.319101499999999942e+05 -1.038795999999999964e+01 7.721863000000000454e+01
2.319103500000000058e+05 -9.909781999999999869e+00 8.138240999999999303e+01
2.319105499999999884e+05 -1.016703000000000046e+01 7.573998000000000275e+01
2.319107500000000000e+05 -1.017056000000000004e+01 7.106004000000000076e+01
2.319109500000000116e+05 -9.678827000000000069e+00 7.281222999999999956e+01
2.319111499999999942e+05 -9.503729999999999123e+00 7.926187000000000182e+01
2.319113500000000058e+05 -8.464164000000000243e+00 7.851502999999999588e+01
2.319115499999999884e+05 -1.011758000000000024e+01 8.095198000000000604e+01
2.319117500000000000e+05 -8.332036999999999694e+00 7.513526000000000238e+01
2.319119500000000116e+05 -8.018788999999999945e+00 6.775153000000000247e+01
2.319121499999999942e+05 -8.310525999999999414e+00 6.582300999999999647e+01
2.319123500000000058e+05 -7.090262000000000064e+00 6.748309000000000424e+01
2.319125499999999884e+05 -6.807756000000000363e+00 7.056622000000000128e+01
2.319127500000000000e+05 -6.372875999999999763e+00 7.084203999999999724e+01
2.319129500000000116e+05 -4.360862000000000016e+00 6.699866000000000099e+01
2.319131499999999942e+05 -4.098349999999999937e+00 6.213000000000000256e+01
2.319133500000000058e+05 -4.200139000000000067e+00 6.322735999999999734e+01
2.319135499999999884e+05 -2.162161999999999917e+00 5.884315000000000140e+01
2.319137500000000000e+05 -1.531965999999999939e+00 5.458502000000000010e+01
2.319139500000000116e+05 -7.183950999999999618e-04 5.104363000000000028e+01
2.319141499999999942e+05 1.975681999999999938e+00 4.286842999999999648e+01
2.319143500000000058e+05 4.131885999999999726e+00 3.230566000000000315e+01
2.319145499999999884e+05 6.437426000000000315e+00 1.705534000000000106e+01
2.319147500000000000e+05 8.971066000000000429e+00 -9.027212000000000458e+00
2.319149500000000116e+05 1.069289999999999985e+01 -4.484723000000000326e+01
2.319151499999999942e+05 1.095054000000000016e+01 -9.565134000000000469e+01
2.319153500000000058e+05 7.221693000000000140e+00 -1.621259000000000015e+02
2.319155499999999884e+05 -6.334939000000000320e+00 -3.191184999999999832e+02
2.319157500000000000e+05 2.122145999999999866e+00 -4.818283999999999878e+02
2.319159500000000116e+05 -1.784950999999999866e+01 -3.188009999999999877e+02
2.319161499999999942e+05 -4.406145000000000422e+00 -1.634746000000000095e+02
2.319163500000000058e+05 -6.922093000000000274e+00 -1.178188999999999993e+02
2.319165499999999884e+05 -1.123667999999999978e+01 -1.084188999999999936e+02
2.319167500000000000e+05 -1.513654999999999973e+01 -1.003868999999999971e+02
2.319169500000000116e+05 -1.736285000000000167e+01 -1.161935000000000002e+02
2.319171499999999942e+05 -1.371884000000000015e+01 -1.088302999999999940e+02
2.319173500000000058e+05 -1.424263000000000012e+01 -1.326971000000000060e+02
2.319175499999999884e+05 -1.561886999999999937e+01 -1.935013999999999896e+02
2.319177500000000000e+05 -1.881365999999999872e+01 -1.624557000000000073e+02
2.319179500000000116e+05 -1.710726000000000013e+01 -1.588060000000000116e+02
2.319181499999999942e+05 -1.767158999999999835e+01 -1.699448999999999899e+02
2.319183500000000058e+05 -1.728600000000000136e+01 -1.834796000000000049e+02
2.319185499999999884e+05 -2.041437000000000168e+01 -1.977581000000000131e+02
2.319187500000000000e+05 -1.900073000000000079e+01 -1.804715999999999951e+02
2.319189500000000116e+05 -1.822141999999999840e+01 -2.145130000000000052e+02
2.319191499999999942e+05 -2.422269000000000005e+01 -1.856844000000000108e+02
2.319193500000000058e+05 -1.976829000000000036e+01 -2.143745999999999867e+02
2.319195499999999884e+05 -1.948628000000000071e+01 -2.049428000000000054e+02
2.319197500000000000e+05 -1.928913000000000011e+01 -2.079405999999999892e+02
2.319199500000000116e+05 -1.894704000000000121e+01 -2.167206999999999937e+02
2.319201499999999942e+05 -1.714225000000000065e+01 -2.028625999999999863e+02
2.319203500000000058e+05 -1.962192999999999898e+01 -2.242452999999999861e+02
2.319205499999999884e+05 -2.073970999999999876e+01 -2.210362000000000080e+02
2.319207500000000000e+05 -1.997659000000000162e+01 -2.228519000000000005e+02
2.319209500000000116e+05 -1.887941000000000003e+01 -2.145883000000000038e+02
2.319211499999999942e+05 -2.000284999999999869e+01 -2.253533999999999935e+02
2.319213500000000058e+05 -2.232716999999999885e+01 -2.343536000000000001e+02
2.319215499999999884e+05 -2.257501999999999853e+01 -2.211150000000000091e+02
2.319217500000000000e+05 -1.781428999999999974e+01 -2.326749000000000080e+02
2.319219500000000116e+05 -1.767024999999999935e+01 -2.163320999999999970e+02
2.319221499999999942e+05 -1.767700999999999922e+01 -2.432528000000000077e+02
2.319223500000000058e+05 -2.078888999999999854e+01 -2.098038999999999987e+02
2.319225499999999884e+05 -1.870589999999999975e+01 -2.452492000000000019e+02
2.319227500000000000e+05 -2.405919000000000096e+01 -2.418686999999999898e+02
2.319229500000000116e+05 -2.197678000000000154e+01 -2.536920000000000073e+02
2.319231499999999942e+05 -1.664898000000000167e+01 -2.441142000000000110e+02
2.319233500000000058e+05 -1.842160000000000153e+01 -2.226379000000000019e+02
2.319235499999999884e+05 -2.091829999999999856e+01 -2.475699999999999932e+02
2.319237500000000000e+05 -1.803864000000000090e+01 -2.534944000000000131e+02
2.319239500000000116e+05 -1.872507999999999839e+01 -2.342829999999999870e+02
2.319241499999999942e+05 -1.683818000000000126e+01 -2.226283999999999992e+02
2.319243500000000058e+05 -1.796721000000000146e+01 -2.468771999999999878e+02
2.319245499999999884e+05 -1.880401000000000167e+01 -2.572952999999999975e+02
2.319247500000000000e+05 -1.769801999999999964e+01 -2.383778000000000077e+02
2.319249500000000116e+05 -1.616754999999999853e+01 -2.525858000000000061e+02
2.319251499999999942e+05 -1.611627999999999972e+01 -2.374149999999999920e+02
2.319253500000000058e+05 -1.772967999999999833e+01 -2.483763999999999896e+02
2.319255499999999884e+05 -2.015707000000000093e+01 -2.629318000000000097e+02
2.319257500000000000e+05 -1.920892999999999873e+01 -2.784605999999999995e+02
