# Time finished:
# 2015-06-04 01.58.35
# Temp volt start:
# 1.0013019
# Temp volt stop:
# 1.0013019
# Approx start T:
# 91.8178419158
# Approx stop T:
# 91.8363829368
# DC bias measured, messed up:
# 3.99949
# DC bias we asked for:
# 4
2.318316799999999930e+05 -1.507579999999999920e+01 8.868591000000000690e+01
2.318318800000000047e+05 -1.497808000000000028e+01 8.652640999999999849e+01
2.318320799999999872e+05 -1.455550999999999995e+01 9.075803000000000509e+01
2.318322799999999988e+05 -1.491624999999999979e+01 9.108799000000000490e+01
2.318324799999999814e+05 -1.429715999999999987e+01 8.642734000000000094e+01
2.318326799999999930e+05 -1.442539999999999978e+01 9.017647999999999797e+01
2.318328800000000047e+05 -1.437959999999999994e+01 8.874509000000000469e+01
2.318330799999999872e+05 -1.441127999999999965e+01 8.665004999999999313e+01
2.318332799999999988e+05 -1.443267999999999951e+01 8.923672000000000537e+01
2.318334799999999814e+05 -1.439207999999999998e+01 8.562439000000000533e+01
2.318336799999999930e+05 -1.444603000000000037e+01 8.515511999999999659e+01
2.318338800000000047e+05 -1.429606000000000066e+01 8.827948999999999558e+01
2.318340799999999872e+05 -1.447185999999999950e+01 9.005235999999999308e+01
2.318342799999999988e+05 -1.449208999999999925e+01 8.669129999999999825e+01
2.318344799999999814e+05 -1.367427999999999955e+01 8.690334000000000003e+01
2.318346799999999930e+05 -1.383548000000000044e+01 8.688168000000000291e+01
2.318348800000000047e+05 -1.467033999999999949e+01 8.310644999999999527e+01
2.318350799999999872e+05 -1.418634999999999913e+01 8.712326000000000192e+01
2.318352799999999988e+05 -1.425619999999999976e+01 8.512845000000000084e+01
2.318354799999999814e+05 -1.465179999999999971e+01 8.301970000000000027e+01
2.318356799999999930e+05 -1.399048999999999943e+01 8.557452000000000680e+01
2.318358800000000047e+05 -1.384725000000000072e+01 8.589682000000000528e+01
2.318360799999999872e+05 -1.396814000000000000e+01 8.459874999999999545e+01
2.318362799999999988e+05 -1.338297999999999988e+01 8.283709000000000344e+01
2.318364799999999814e+05 -1.332412000000000063e+01 8.179622999999999422e+01
2.318366799999999930e+05 -1.348912999999999940e+01 8.478922000000000025e+01
2.318368800000000047e+05 -1.371884999999999977e+01 8.610527999999999338e+01
2.318370799999999872e+05 -1.326783000000000001e+01 8.326064999999999827e+01
2.318372799999999988e+05 -1.323234000000000066e+01 8.201268000000000313e+01
2.318374799999999814e+05 -1.292139000000000060e+01 8.215057000000000187e+01
2.318376799999999930e+05 -1.262531000000000070e+01 8.158230000000000359e+01
2.318378800000000047e+05 -1.286885000000000012e+01 8.133141000000000531e+01
2.318380799999999872e+05 -1.289941999999999922e+01 8.102572000000000685e+01
2.318382799999999988e+05 -1.166666000000000025e+01 8.419929999999999382e+01
2.318384799999999814e+05 -1.153303999999999974e+01 7.979268999999999323e+01
2.318386799999999930e+05 -1.109162000000000070e+01 7.400625999999999749e+01
2.318388800000000047e+05 -1.120743000000000045e+01 7.426313000000000386e+01
2.318390799999999872e+05 -1.023780999999999963e+01 6.929957000000000278e+01
2.318392799999999988e+05 -9.528966999999999743e+00 6.740767999999999915e+01
2.318394799999999814e+05 -8.303003999999999607e+00 6.121556000000000353e+01
2.318396799999999930e+05 -7.101246999999999865e+00 5.562747000000000241e+01
2.318398800000000047e+05 -5.573811000000000071e+00 4.219274000000000058e+01
2.318400799999999872e+05 -3.465829999999999966e+00 2.010855000000000103e+01
2.318402799999999988e+05 -1.699105000000000087e+00 -1.675188999999999950e+01
2.318404799999999814e+05 -7.302883999999999487e-01 -7.582979000000000269e+01
2.318406799999999930e+05 -1.915016999999999969e+00 -1.535536999999999921e+02
2.318408800000000047e+05 -7.011059999999999626e+00 -2.520759999999999934e+02
2.318410799999999872e+05 -1.107171999999999912e+01 -4.226963999999999828e+02
2.318412799999999988e+05 -9.674716999999999345e+00 -5.778907000000000380e+02
2.318414799999999814e+05 -1.842445000000000022e+01 -4.562868000000000279e+02
2.318416799999999930e+05 -1.522508000000000017e+01 -2.764180000000000064e+02
2.318418800000000047e+05 -1.425741000000000014e+01 -2.281935000000000002e+02
2.318420799999999872e+05 -1.722464000000000084e+01 -2.096852000000000089e+02
2.318422799999999988e+05 -1.894324999999999903e+01 -2.185038999999999874e+02
2.318424799999999814e+05 -1.844744999999999990e+01 -2.210131000000000085e+02
2.318426799999999930e+05 -1.779579000000000022e+01 -2.341246999999999900e+02
2.318428800000000047e+05 -1.803517000000000081e+01 -2.514567000000000121e+02
2.318430799999999872e+05 -1.956561999999999912e+01 -2.513583999999999889e+02
2.318432799999999988e+05 -1.783231999999999928e+01 -2.430276000000000067e+02
2.318434799999999814e+05 -1.802374999999999972e+01 -2.602629000000000019e+02
2.318436799999999930e+05 -1.796927000000000163e+01 -2.499478000000000009e+02
2.318438800000000047e+05 -1.783447999999999922e+01 -2.579268999999999892e+02
2.318440799999999872e+05 -1.844660000000000011e+01 -2.544327999999999861e+02
2.318442799999999988e+05 -1.740609999999999857e+01 -2.605620000000000118e+02
2.318444799999999814e+05 -1.767953999999999937e+01 -2.606684000000000196e+02
2.318446799999999930e+05 -1.745320999999999856e+01 -2.574173999999999864e+02
2.318448800000000047e+05 -1.767184999999999917e+01 -2.590043999999999755e+02
2.318450799999999872e+05 -1.786689000000000149e+01 -2.608426999999999794e+02
2.318452799999999988e+05 -1.771111000000000146e+01 -2.586583999999999719e+02
2.318454799999999814e+05 -1.759086999999999890e+01 -2.664094999999999800e+02
2.318456799999999930e+05 -1.730082000000000164e+01 -2.567013999999999783e+02
2.318458800000000047e+05 -1.747857000000000127e+01 -2.575391999999999939e+02
2.318460799999999872e+05 -1.717971000000000004e+01 -2.635758999999999901e+02
2.318462799999999988e+05 -1.708809000000000111e+01 -2.612078999999999951e+02
2.318464799999999814e+05 -1.654698000000000135e+01 -2.588772000000000162e+02
2.318466799999999930e+05 -1.680575999999999937e+01 -2.606981999999999857e+02
2.318468800000000047e+05 -1.700925000000000153e+01 -2.636356000000000108e+02
2.318470799999999872e+05 -1.667760000000000176e+01 -2.637502999999999815e+02
2.318472799999999988e+05 -1.699580999999999875e+01 -2.622413000000000238e+02
2.318474799999999814e+05 -1.727856999999999843e+01 -2.625301000000000045e+02
2.318476799999999930e+05 -1.607757000000000147e+01 -2.655803999999999974e+02
2.318478800000000047e+05 -1.604623000000000133e+01 -2.634558000000000106e+02
2.318480799999999872e+05 -1.673279000000000138e+01 -2.612925999999999931e+02
2.318482799999999988e+05 -1.647307999999999950e+01 -2.582776000000000067e+02
2.318484799999999814e+05 -1.682576999999999856e+01 -2.643858000000000175e+02
2.318486799999999930e+05 -1.623870000000000147e+01 -2.617178000000000111e+02
2.318488800000000047e+05 -1.614459000000000088e+01 -2.637989000000000033e+02
2.318490799999999872e+05 -1.613703999999999894e+01 -2.613958000000000084e+02
2.318492799999999988e+05 -1.575360000000000049e+01 -2.622368000000000166e+02
2.318494799999999814e+05 -1.661966999999999928e+01 -2.641700999999999908e+02
2.318496799999999930e+05 -1.664879000000000175e+01 -2.628224000000000160e+02
2.318498800000000047e+05 -1.593371999999999922e+01 -2.635002000000000066e+02
2.318500799999999872e+05 -1.681711999999999918e+01 -2.632932999999999879e+02
2.318502799999999988e+05 -1.689208999999999961e+01 -2.650575000000000045e+02
2.318504799999999814e+05 -1.617896000000000001e+01 -2.632832000000000221e+02
2.318506799999999930e+05 -1.622548000000000101e+01 -2.645393000000000256e+02
2.318508800000000047e+05 -1.619160000000000110e+01 -2.653063000000000216e+02
2.318510799999999872e+05 -1.619126999999999938e+01 -2.653138999999999896e+02
2.318512799999999988e+05 -1.625337999999999994e+01 -2.601666999999999916e+02
2.318514799999999814e+05 -1.636610999999999905e+01 -2.651542999999999779e+02
2.318516799999999930e+05 -1.645731999999999928e+01 -2.694571000000000254e+02
