# Time finished:
# 2015-06-02 20.50.29
# Temp volt start:
# 1.1167208
# Temp volt stop:
# 1.1167208
# Approx start T:
# 22.7591947466
# Approx stop T:
# 23.3629550235
# DC bias measured, messed up:
# 4.000229
# DC bias we asked for:
# 4
2.317198200000000070e+05 -1.755360999999999905e+01 1.120280999999999949e+02
2.317200200000000186e+05 -1.603674000000000177e+01 1.153941999999999979e+02
2.317202200000000012e+05 -1.334329999999999927e+01 1.094355000000000047e+02
2.317204200000000128e+05 -1.128703999999999930e+01 8.619629999999999370e+01
2.317206199999999953e+05 -1.606812000000000040e+01 6.785905999999999949e+01
2.317208200000000070e+05 -1.334900999999999982e+01 1.121367000000000047e+02
2.317210200000000186e+05 -1.422052000000000049e+01 7.100082999999999345e+01
2.317212200000000012e+05 -1.182268000000000008e+01 1.015973999999999933e+02
2.317214200000000128e+05 -1.802794000000000096e+01 1.074517000000000024e+02
2.317216199999999953e+05 -1.543909000000000020e+01 6.594710999999999501e+01
2.317218200000000070e+05 -1.293713999999999942e+01 7.014575000000000671e+01
2.317220200000000186e+05 -1.228043000000000085e+01 7.326346999999999809e+01
2.317222200000000012e+05 -1.267554999999999943e+01 7.049367999999999768e+01
2.317224200000000128e+05 -1.554853999999999914e+01 7.094109000000000265e+01
2.317226199999999953e+05 -1.574319999999999986e+01 9.930218000000000700e+01
2.317228200000000070e+05 -1.178633999999999915e+01 8.969311000000000433e+01
2.317230200000000186e+05 -1.525995999999999952e+01 7.682647000000000048e+01
2.317232200000000012e+05 -1.179907000000000039e+01 9.275318000000000040e+01
2.317234200000000128e+05 -1.557778000000000063e+01 8.843834999999999980e+01
2.317236199999999953e+05 -1.191666999999999987e+01 7.344279000000000224e+01
2.317238200000000070e+05 -1.147314000000000078e+01 8.196820999999999913e+01
2.317240200000000186e+05 -1.142971999999999966e+01 9.080024000000000228e+01
2.317242200000000012e+05 -1.169547000000000025e+01 8.992319000000000528e+01
2.317244200000000128e+05 -1.063053999999999988e+01 8.514963000000000193e+01
2.317246199999999953e+05 -1.021715999999999980e+01 7.954250000000000398e+01
2.317248200000000070e+05 -1.171476999999999968e+01 6.999793999999999983e+01
2.317250200000000186e+05 -1.123981999999999992e+01 8.274747000000000696e+01
2.317252200000000012e+05 -9.275259000000000142e+00 7.451863000000000170e+01
2.317254200000000128e+05 -1.040096999999999916e+01 7.436839000000000510e+01
2.317256199999999953e+05 -8.045037999999999911e+00 6.469034999999999513e+01
2.317258200000000070e+05 -6.373668999999999585e+00 6.472342000000000439e+01
2.317260200000000186e+05 -5.068279999999999674e+00 5.405725000000000335e+01
2.317262200000000012e+05 -2.975264000000000131e+00 3.320873999999999882e+01
2.317264200000000128e+05 -3.670588000000000184e-01 -7.048394999999999522e-01
2.317266199999999953e+05 2.092690000000000161e+00 -5.719818999999999676e+01
2.317268200000000070e+05 3.072881000000000196e+00 -1.425249000000000024e+02
2.317270200000000186e+05 1.438704999999999901e+00 -2.513284999999999911e+02
2.317272200000000012e+05 -3.395136999999999738e-01 -4.050770999999999731e+02
2.317274200000000128e+05 5.766577000000000508e-01 -5.800643000000000029e+02
2.317276199999999953e+05 -1.699578999999999951e+00 -4.333768000000000029e+02
2.317278200000000070e+05 -1.580813999999999941e+00 -3.032860000000000014e+02
2.317280200000000186e+05 -1.322345000000000104e+00 -2.245689000000000135e+02
2.317282200000000012e+05 -2.578851999999999922e+00 -1.738547000000000082e+02
2.317284200000000128e+05 -3.872987000000000180e+00 -1.522121999999999957e+02
2.317286199999999953e+05 -4.513325000000000031e+00 -1.596547999999999945e+02
2.317288200000000070e+05 -4.324492000000000225e+00 -1.983096999999999923e+02
2.317290200000000186e+05 -4.310094000000000314e+00 -2.589678000000000111e+02
2.317292200000000012e+05 -8.451468000000000202e+00 -3.516444000000000187e+02
2.317294200000000128e+05 -8.221999000000000279e+00 -5.253556999999999562e+02
2.317296199999999953e+05 -7.610209000000000223e+00 -6.612884000000000242e+02
2.317298200000000070e+05 -9.015200999999999354e+00 -5.421867999999999483e+02
2.317300200000000186e+05 -1.460519000000000034e+01 -3.743263000000000034e+02
2.317302200000000012e+05 -9.188319999999999155e+00 -2.896451000000000136e+02
2.317304200000000128e+05 -8.642568999999999946e+00 -2.507280000000000086e+02
2.317306199999999953e+05 -9.525646999999999309e+00 -2.357187000000000126e+02
2.317308200000000070e+05 -9.754877000000000464e+00 -2.436485000000000127e+02
2.317310200000000186e+05 -1.047861999999999938e+01 -2.663498999999999910e+02
2.317312200000000012e+05 -1.457601999999999975e+01 -3.051691000000000145e+02
2.317314200000000128e+05 -2.435399999999999920e+01 -1.876088000000000022e+02
2.317316199999999953e+05 -1.183813999999999922e+01 -2.484490000000000123e+02
2.317318200000000070e+05 -2.335964999999999847e+01 -3.050197000000000003e+02
2.317320200000000186e+05 -1.275383000000000067e+01 -2.585606000000000222e+02
2.317322200000000012e+05 -1.762310000000000088e+01 -2.275185999999999922e+02
2.317324200000000128e+05 -2.051519000000000048e+01 -2.744058999999999742e+02
2.317326199999999953e+05 -1.631800000000000139e+01 -2.775110999999999990e+02
2.317328200000000070e+05 -1.494879000000000069e+01 -2.797180000000000177e+02
2.317330200000000186e+05 -1.643705999999999889e+01 -2.819372000000000185e+02
2.317332200000000012e+05 -1.824717000000000056e+01 -2.682126000000000090e+02
2.317334200000000128e+05 -1.789084000000000074e+01 -2.523540999999999883e+02
2.317336199999999953e+05 -1.525280000000000058e+01 -2.561329000000000065e+02
2.317338200000000070e+05 -1.656185999999999936e+01 -2.650196000000000254e+02
2.317340200000000186e+05 -1.551571000000000033e+01 -2.502941999999999894e+02
2.317342200000000012e+05 -1.714704000000000050e+01 -2.684633000000000038e+02
2.317344200000000128e+05 -1.522519999999999918e+01 -2.656252000000000066e+02
2.317346199999999953e+05 -1.639678999999999931e+01 -2.601859999999999786e+02
2.317348200000000070e+05 -1.656794999999999973e+01 -2.561113000000000284e+02
2.317350200000000186e+05 -1.707640999999999920e+01 -2.552435000000000116e+02
2.317352200000000012e+05 -1.664629000000000048e+01 -2.580040000000000191e+02
2.317354200000000128e+05 -1.596045999999999943e+01 -2.603582999999999856e+02
2.317356199999999953e+05 -1.553998999999999953e+01 -2.636800999999999817e+02
2.317358200000000070e+05 -1.705977000000000032e+01 -2.603860999999999990e+02
2.317360200000000186e+05 -1.606905000000000072e+01 -2.624592999999999847e+02
2.317362200000000012e+05 -1.628116999999999948e+01 -2.611403000000000247e+02
2.317364200000000128e+05 -1.628677000000000064e+01 -2.599266000000000076e+02
2.317366199999999953e+05 -1.656641000000000119e+01 -2.570043000000000006e+02
2.317368200000000070e+05 -1.639683000000000135e+01 -2.601877000000000066e+02
2.317370200000000186e+05 -1.606276000000000082e+01 -2.591039000000000101e+02
2.317372200000000012e+05 -1.588400999999999996e+01 -2.602579000000000065e+02
2.317374200000000128e+05 -1.648227999999999938e+01 -2.569279000000000224e+02
2.317376199999999953e+05 -1.586184000000000083e+01 -2.643675999999999817e+02
2.317378200000000070e+05 -1.586237999999999992e+01 -2.604384000000000015e+02
2.317380200000000186e+05 -1.620200000000000173e+01 -2.610258999999999787e+02
2.317382200000000012e+05 -1.551774999999999949e+01 -2.638491999999999962e+02
2.317384200000000128e+05 -1.622538000000000125e+01 -2.669746000000000095e+02
2.317386199999999953e+05 -1.618453999999999837e+01 -2.637567999999999984e+02
2.317388200000000070e+05 -1.656775000000000020e+01 -2.552047000000000025e+02
2.317390200000000186e+05 -1.586938999999999922e+01 -2.625636000000000081e+02
2.317392200000000012e+05 -1.634579000000000093e+01 -2.643824000000000183e+02
2.317394200000000128e+05 -1.648842000000000141e+01 -2.594071999999999889e+02
2.317396199999999953e+05 -1.619791999999999987e+01 -2.625557999999999765e+02
2.317398200000000070e+05 -1.660818000000000083e+01 -2.616261000000000081e+02
