# Time finished:
# 2015-06-03 01.04.50
# Temp volt start:
# 1.0313281
# Temp volt stop:
# 1.0313281
# Approx start T:
# 74.8378461852
# Approx stop T:
# 74.8829591585
# DC bias measured, messed up:
# 4.000044
# DC bias we asked for:
# 4
2.317975400000000081e+05 -1.461797999999999931e+01 8.827727000000000146e+01
2.317977400000000198e+05 -1.464935999999999972e+01 8.683817999999999415e+01
2.317979400000000023e+05 -1.451528000000000063e+01 9.093062999999999363e+01
2.317981400000000140e+05 -1.484669000000000061e+01 8.647990000000000066e+01
2.317983399999999965e+05 -1.438912000000000013e+01 8.682165999999999428e+01
2.317985400000000081e+05 -1.480972000000000044e+01 8.628261999999999432e+01
2.317987400000000198e+05 -1.467256000000000071e+01 8.979497999999999536e+01
2.317989400000000023e+05 -1.483215000000000039e+01 8.761311000000000604e+01
2.317991400000000140e+05 -1.456565999999999939e+01 9.081139000000000294e+01
2.317993399999999965e+05 -1.459681999999999924e+01 8.754039000000000215e+01
2.317995400000000081e+05 -1.461453999999999986e+01 8.764166000000000167e+01
2.317997400000000198e+05 -1.442164000000000001e+01 8.680025000000000546e+01
2.317999400000000023e+05 -1.466037000000000035e+01 8.551967999999999392e+01
2.318001400000000140e+05 -1.379507000000000083e+01 8.385674000000000206e+01
2.318003399999999965e+05 -1.442163000000000039e+01 8.679851999999999634e+01
2.318005400000000081e+05 -1.442069000000000045e+01 8.508863999999999805e+01
2.318007400000000198e+05 -1.456708000000000069e+01 8.777921000000000618e+01
2.318009400000000023e+05 -1.413631999999999955e+01 8.607616000000000156e+01
2.318011400000000140e+05 -1.433760000000000012e+01 8.580253999999999337e+01
2.318013399999999965e+05 -1.390607999999999933e+01 8.616379000000000588e+01
2.318015400000000081e+05 -1.422607999999999961e+01 8.432156999999999414e+01
2.318017400000000198e+05 -1.401585999999999999e+01 8.821460999999999331e+01
2.318019400000000023e+05 -1.380580999999999925e+01 8.653784000000000276e+01
2.318021400000000140e+05 -1.370143000000000022e+01 8.375657999999999959e+01
2.318023399999999965e+05 -1.389404000000000039e+01 8.415098999999999307e+01
2.318025400000000081e+05 -1.399399999999999977e+01 8.445748000000000388e+01
2.318027400000000198e+05 -1.349676000000000009e+01 8.330294000000000665e+01
2.318029400000000023e+05 -1.350188999999999950e+01 7.929384000000000299e+01
2.318031400000000140e+05 -1.333971000000000018e+01 8.052101999999999293e+01
2.318033399999999965e+05 -1.267591000000000001e+01 8.119852000000000203e+01
2.318035400000000081e+05 -1.327460999999999913e+01 8.260802999999999940e+01
2.318037400000000198e+05 -1.281973999999999947e+01 8.063370999999999356e+01
2.318039400000000023e+05 -1.268459999999999965e+01 8.065198999999999785e+01
2.318041400000000140e+05 -1.170453999999999972e+01 8.185375000000000512e+01
2.318043399999999965e+05 -1.150760000000000005e+01 7.922951999999999373e+01
2.318045400000000081e+05 -1.098292000000000002e+01 7.470910999999999547e+01
2.318047400000000198e+05 -1.077947999999999951e+01 7.471032999999999902e+01
2.318049400000000023e+05 -1.002424000000000071e+01 6.833887000000000000e+01
2.318051400000000140e+05 -9.476347999999999772e+00 6.616861000000000104e+01
2.318053399999999965e+05 -8.243710000000000093e+00 6.143847000000000236e+01
2.318055400000000081e+05 -6.870549999999999713e+00 5.608680999999999983e+01
2.318057400000000198e+05 -5.421408999999999700e+00 3.968502999999999759e+01
2.318059400000000023e+05 -3.478768999999999778e+00 1.956515999999999877e+01
2.318061400000000140e+05 -1.842845000000000066e+00 -1.707600000000000051e+01
2.318063399999999965e+05 -9.149996000000000240e-01 -7.389027000000000100e+01
2.318065400000000081e+05 -2.131686000000000192e+00 -1.502650999999999897e+02
2.318067400000000198e+05 -7.364480000000000359e+00 -2.469429000000000087e+02
2.318069400000000023e+05 -1.210492999999999952e+01 -4.246143999999999892e+02
2.318071400000000140e+05 -9.953843000000000885e+00 -5.755067999999999984e+02
2.318073399999999965e+05 -1.950458000000000069e+01 -4.554200999999999908e+02
2.318075400000000081e+05 -1.607358999999999938e+01 -6.333751999999999498e+02
2.318077400000000198e+05 -1.514126000000000083e+01 -5.862204000000000406e+02
2.318079400000000023e+05 -1.786820000000000164e+01 -5.723835000000000264e+02
2.318081400000000140e+05 -1.978513999999999839e+01 -5.725720999999999776e+02
2.318083399999999965e+05 -1.946480999999999995e+01 -5.853017999999999574e+02
2.318085400000000081e+05 -1.799737000000000009e+01 -6.007427000000000135e+02
2.318087400000000198e+05 -1.807862000000000080e+01 -6.038682000000000016e+02
2.318089400000000023e+05 -1.940071000000000012e+01 -6.163845999999999776e+02
2.318091400000000140e+05 -1.859160999999999930e+01 -6.055492000000000417e+02
2.318093399999999965e+05 -1.843887000000000143e+01 -6.117916000000000167e+02
2.318095400000000081e+05 -1.778934999999999889e+01 -6.156226000000000340e+02
2.318097400000000198e+05 -1.763906000000000063e+01 -6.170676999999999452e+02
2.318099400000000023e+05 -1.776304000000000016e+01 -6.224351000000000340e+02
2.318101400000000140e+05 -1.781799000000000177e+01 -6.128492999999999711e+02
2.318103399999999965e+05 -1.771553000000000111e+01 -6.147688000000000557e+02
2.318105400000000081e+05 -1.727903999999999840e+01 -6.253357999999999493e+02
2.318107400000000198e+05 -1.742466999999999899e+01 -6.213961000000000467e+02
2.318109400000000023e+05 -1.694292000000000087e+01 -6.173921000000000276e+02
2.318111400000000140e+05 -1.691438000000000130e+01 -6.179951999999999543e+02
2.318113399999999965e+05 -1.710518000000000072e+01 -6.186779000000000224e+02
2.318115400000000081e+05 -1.702248000000000161e+01 -6.200553999999999633e+02
2.318117400000000198e+05 -1.721484999999999843e+01 -6.226991000000000440e+02
2.318119400000000023e+05 -1.726752000000000109e+01 -6.235648999999999660e+02
2.318121400000000140e+05 -1.690828000000000131e+01 -6.209990000000000236e+02
2.318123399999999965e+05 -1.738642000000000110e+01 -6.242663000000000011e+02
2.318125400000000081e+05 -1.734920999999999935e+01 -6.226364999999999554e+02
2.318127400000000198e+05 -1.738644999999999996e+01 -6.242679000000000542e+02
2.318129400000000023e+05 -1.673907000000000167e+01 -6.211096000000000004e+02
2.318131400000000140e+05 -1.695079000000000136e+01 -6.209677000000000362e+02
2.318133399999999965e+05 -1.723204000000000136e+01 -6.206308999999999969e+02
2.318135400000000081e+05 -1.746096000000000004e+01 -6.224338999999999942e+02
2.318137400000000198e+05 -1.632595999999999847e+01 -6.211108000000000402e+02
2.318139400000000023e+05 -1.624746000000000024e+01 -6.256310999999999467e+02
2.318141400000000140e+05 -1.712171000000000021e+01 -6.249211000000000240e+02
2.318143399999999965e+05 -1.665287000000000006e+01 -6.283206000000000131e+02
2.318145400000000081e+05 -1.625075000000000003e+01 -6.231316000000000486e+02
2.318147400000000198e+05 -1.647325999999999979e+01 -6.231749999999999545e+02
2.318149400000000023e+05 -1.640574000000000154e+01 -6.250701999999999998e+02
2.318151400000000140e+05 -1.679890999999999934e+01 -6.251348000000000411e+02
2.318153399999999965e+05 -1.661871000000000009e+01 -6.232490000000000236e+02
2.318155400000000081e+05 -1.633687000000000111e+01 -6.219025000000000318e+02
2.318157400000000198e+05 -1.644427999999999912e+01 -6.247948000000000093e+02
2.318159400000000023e+05 -1.710263000000000133e+01 -6.253614999999999782e+02
2.318161400000000140e+05 -1.605138000000000176e+01 -6.259124000000000478e+02
2.318163399999999965e+05 -1.675375999999999976e+01 -6.245789999999999509e+02
2.318165400000000081e+05 -1.647815999999999903e+01 -6.237105999999999995e+02
2.318167400000000198e+05 -1.639262000000000086e+01 -6.232101000000000113e+02
2.318169400000000023e+05 -1.719193999999999889e+01 -6.256398000000000366e+02
2.318171400000000140e+05 -1.663456000000000046e+01 -6.270842000000000098e+02
2.318173399999999965e+05 -1.661023000000000138e+01 -6.224252000000000180e+02
2.318175400000000081e+05 -1.589861999999999931e+01 -6.230276000000000067e+02
