# Time finished:
# 2015-06-02 14.43.12
# Temp volt start:
# 1.5762719
# Temp volt stop:
# 1.5762719
# Approx start T:
# -402.280754613
# Approx stop T:
# -402.301918779
# DC bias measured, messed up:
# 6.000199
# DC bias we asked for:
# 6
2.316825599999999977e+05 -1.511463000000000001e+01 9.254967999999999506e+01
2.316875599999999977e+05 -1.536359000000000030e+01 9.128345000000000198e+01
2.316925599999999977e+05 -1.517375000000000007e+01 7.488917999999999608e+01
2.316975599999999977e+05 -8.522360000000000824e+00 8.604223000000000354e+01
2.317025599999999977e+05 -1.094450999999999929e+01 2.162485000000000070e+02
2.317075599999999977e+05 -7.703336000000000183e+00 3.075769999999999982e+02
2.317125599999999977e+05 -1.800662000000000162e+01 1.695874000000000024e+02
2.317175599999999977e+05 -1.695101999999999975e+01 1.236722000000000037e+02
2.317225599999999977e+05 -1.667811000000000021e+01 1.026500999999999948e+02
2.317275599999999977e+05 -1.642575000000000074e+01 9.905142999999999631e+01
2.317325599999999977e+05 -1.660155999999999921e+01 9.571970000000000312e+01
2.317375599999999977e+05 -1.623834000000000088e+01 9.707098000000000582e+01
2.317425599999999977e+05 -1.600517999999999930e+01 9.785103999999999758e+01
2.317475599999999977e+05 -1.622085999999999828e+01 9.784337999999999624e+01
2.317525599999999977e+05 -1.591668999999999912e+01 9.972489000000000203e+01
2.317575599999999977e+05 -1.596688999999999936e+01 9.731141999999999825e+01
2.317625599999999977e+05 -1.624532999999999916e+01 9.623602999999999952e+01
2.317675599999999977e+05 -1.597218999999999944e+01 9.673565000000000680e+01
2.317725599999999977e+05 -1.571808000000000050e+01 9.585101000000000226e+01
2.317775599999999977e+05 -1.588707999999999920e+01 9.492127000000000692e+01
2.317825599999999977e+05 -1.581065000000000076e+01 9.616682000000000130e+01
2.317875599999999977e+05 -1.595678999999999981e+01 9.504970000000000141e+01
2.317925599999999977e+05 -1.579871999999999943e+01 9.524871000000000265e+01
2.317975599999999977e+05 -1.586492999999999931e+01 9.583601000000000170e+01
2.318025599999999977e+05 -1.583262000000000036e+01 9.668725999999999487e+01
2.318075599999999977e+05 -1.578372000000000064e+01 9.467969999999999686e+01
2.318125599999999977e+05 -1.604519000000000162e+01 9.741952000000000567e+01
2.318175599999999977e+05 -1.581545000000000023e+01 9.537084000000000117e+01
2.318225599999999977e+05 -1.598053999999999952e+01 9.558630999999999744e+01
2.318275599999999977e+05 -1.591244999999999976e+01 9.655003999999999564e+01
2.318325599999999977e+05 -1.564145000000000074e+01 9.578649000000000058e+01
2.318375599999999977e+05 -1.575079000000000029e+01 9.609807999999999595e+01
2.318425599999999977e+05 -1.582751000000000019e+01 9.440948000000000206e+01
2.318475599999999977e+05 -1.575738999999999912e+01 9.638886999999999716e+01
2.318525599999999977e+05 -1.570909999999999940e+01 9.699590999999999497e+01
2.318575599999999977e+05 -1.569012000000000029e+01 9.428622000000000014e+01
2.318625599999999977e+05 -1.547786999999999935e+01 9.487278999999999485e+01
2.318675599999999977e+05 -1.561139999999999972e+01 9.511561000000000377e+01
2.318725599999999977e+05 -1.581483000000000061e+01 9.549903999999999371e+01
2.318775599999999977e+05 -1.571568000000000076e+01 9.434963000000000477e+01
2.318825599999999977e+05 -1.579316000000000031e+01 9.618209000000000231e+01
2.318875599999999977e+05 -1.557461999999999946e+01 9.567316999999999894e+01
2.318925599999999977e+05 -1.582785999999999937e+01 9.619539000000000328e+01
2.318975599999999977e+05 -1.569012999999999991e+01 9.615433000000000163e+01
2.319025599999999977e+05 -1.556148999999999916e+01 9.639293999999999585e+01
2.319075599999999977e+05 -1.581686999999999976e+01 9.648109999999999786e+01
2.319125599999999977e+05 -1.567313000000000045e+01 9.615425000000000466e+01
2.319175599999999977e+05 -1.572519999999999918e+01 9.396432000000000073e+01
2.319225599999999977e+05 -1.576235999999999926e+01 9.561617999999999995e+01
2.319275599999999977e+05 -1.557343999999999973e+01 9.590554000000000201e+01
2.319325599999999977e+05 -1.590642000000000067e+01 9.802087000000000216e+01
2.319375599999999977e+05 -1.581894999999999918e+01 9.426201000000000363e+01
2.319425599999999977e+05 -1.573523999999999923e+01 9.589718000000000586e+01
2.319475599999999977e+05 -1.577256000000000036e+01 9.664602999999999611e+01
2.319525599999999977e+05 -1.584418999999999933e+01 9.632779999999999632e+01
2.319575599999999977e+05 -1.558522999999999925e+01 9.530079999999999529e+01
2.319625599999999977e+05 -1.588984999999999914e+01 9.334914000000000556e+01
2.319675599999999977e+05 -1.566294000000000075e+01 9.492615999999999588e+01
2.319725599999999977e+05 -1.592173999999999978e+01 9.508820000000000050e+01
2.319775599999999977e+05 -1.601154000000000011e+01 9.732743000000000677e+01
2.319825599999999977e+05 -1.590407000000000082e+01 9.652965000000000373e+01
2.319875599999999977e+05 -1.577427999999999919e+01 9.642901999999999418e+01
2.319925599999999977e+05 -1.572081000000000017e+01 9.533890999999999849e+01
2.319975599999999977e+05 -1.590626999999999924e+01 9.451205000000000211e+01
2.320025599999999977e+05 -1.559830000000000005e+01 9.704416999999999405e+01
2.320075599999999977e+05 -1.560158999999999985e+01 9.671048999999999296e+01
2.320125599999999977e+05 -1.556617999999999924e+01 9.575548999999999467e+01
2.320175599999999977e+05 -1.577954000000000079e+01 9.564149999999999352e+01
2.320225599999999977e+05 -1.573732000000000042e+01 9.557412999999999670e+01
2.320275599999999977e+05 -1.584814000000000078e+01 9.577439999999999998e+01
2.320325599999999977e+05 -1.570789000000000080e+01 9.399260999999999910e+01
2.320375599999999977e+05 -1.550267999999999979e+01 9.933432999999999424e+01
2.320425599999999977e+05 -1.559853000000000023e+01 9.705361999999999512e+01
2.320475599999999977e+05 -1.568674000000000035e+01 9.663988000000000511e+01
2.320525599999999977e+05 -1.562110999999999983e+01 9.734435000000000571e+01
2.320575599999999977e+05 -1.564755000000000074e+01 9.623678999999999917e+01
2.320625599999999977e+05 -1.564875999999999934e+01 9.601430999999999472e+01
2.320675599999999977e+05 -1.551017000000000046e+01 9.514858999999999867e+01
2.320725599999999977e+05 -1.557752999999999943e+01 9.655259999999999820e+01
2.320775599999999977e+05 -1.570353000000000065e+01 9.535698999999999614e+01
2.320825599999999977e+05 -1.564963999999999977e+01 9.590725999999999374e+01
2.320875599999999977e+05 -1.587981000000000087e+01 9.447684999999999889e+01
2.320925599999999977e+05 -1.576346000000000025e+01 9.542950999999999340e+01
2.320975599999999977e+05 -1.556212999999999980e+01 9.633153000000000077e+01
2.321025599999999977e+05 -1.578905999999999921e+01 9.549551999999999907e+01
2.321075599999999977e+05 -1.557004000000000055e+01 9.488973000000000013e+01
2.321125599999999977e+05 -1.559521999999999942e+01 9.645560000000000400e+01
2.321175599999999977e+05 -1.568945000000000078e+01 9.631749999999999545e+01
2.321225599999999977e+05 -1.554401000000000010e+01 9.516971999999999809e+01
2.321275599999999977e+05 -1.555996000000000024e+01 9.528206000000000131e+01
2.321325599999999977e+05 -1.559215999999999980e+01 9.562297999999999831e+01
2.321375599999999977e+05 -1.542703999999999986e+01 9.525985000000000014e+01
2.321425599999999977e+05 -1.561969999999999992e+01 9.652627999999999986e+01
2.321475599999999977e+05 -1.562308999999999948e+01 9.608364000000000260e+01
2.321525599999999977e+05 -1.576674000000000042e+01 9.453342000000000667e+01
2.321575599999999977e+05 -1.549691999999999936e+01 9.406461000000000183e+01
2.321625599999999977e+05 -1.545350999999999964e+01 9.477608999999999639e+01
2.321675599999999977e+05 -1.565825000000000067e+01 9.587223000000000184e+01
2.321725599999999977e+05 -1.577328999999999937e+01 9.516599999999999682e+01
2.321775599999999977e+05 -1.569679999999999964e+01 9.650477999999999668e+01
2.321825599999999977e+05 -1.567198999999999920e+01 9.644011999999999318e+01
