# Time finished:
# 2015-06-02 05.25.17
# Temp volt start:
# 1.0108513
# Temp volt stop:
# 1.0108513
# Approx start T:
# 86.4857898436
# Approx stop T:
# 86.4605719874
# DC bias measured, messed up:
# 8.001122
# DC bias we asked for:
# 8
2.318074299999999930e+05 -1.205456000000000039e+01 8.055463000000000306e+01
2.318076300000000047e+05 -1.308887000000000000e+01 8.421094999999999686e+01
2.318078299999999872e+05 -1.321025000000000027e+01 9.076791000000000054e+01
2.318080299999999988e+05 -1.257545000000000002e+01 7.589803999999999462e+01
2.318082299999999814e+05 -1.088433000000000028e+01 8.831640000000000157e+01
2.318084299999999930e+05 -1.199760999999999989e+01 8.023479000000000383e+01
2.318086300000000047e+05 -1.093429000000000073e+01 8.737690000000000623e+01
2.318088299999999872e+05 -1.310258999999999929e+01 8.584181999999999846e+01
2.318090299999999988e+05 -1.297842999999999947e+01 8.507555999999999585e+01
2.318092299999999814e+05 -1.202515999999999963e+01 7.658397999999999683e+01
2.318094299999999930e+05 -1.189358999999999966e+01 8.495081000000000415e+01
2.318096300000000047e+05 -1.127914999999999957e+01 8.705270000000000152e+01
2.318098299999999872e+05 -1.060820999999999970e+01 8.125924000000000547e+01
2.318100299999999988e+05 -1.081010000000000026e+01 8.237977999999999668e+01
2.318102299999999814e+05 -1.151898000000000089e+01 8.402671999999999741e+01
2.318104299999999930e+05 -1.188275999999999932e+01 8.352540000000000475e+01
2.318106300000000047e+05 -1.068225999999999942e+01 7.623233999999999355e+01
2.318108299999999872e+05 -1.142257999999999996e+01 8.470566999999999780e+01
2.318110299999999988e+05 -1.090386999999999951e+01 7.401023000000000707e+01
2.318112299999999814e+05 -1.083375999999999983e+01 8.925410999999999717e+01
2.318114299999999930e+05 -9.930913999999999575e+00 7.542130000000000223e+01
2.318116300000000047e+05 -1.036259000000000086e+01 8.380961000000000638e+01
2.318118299999999872e+05 -9.771288000000000196e+00 8.150140000000000384e+01
2.318120299999999988e+05 -9.574668000000000845e+00 7.257089999999999463e+01
2.318122299999999814e+05 -9.742394000000000887e+00 8.237527000000000044e+01
2.318124299999999930e+05 -9.108674000000000603e+00 6.717287000000000319e+01
2.318126300000000047e+05 -9.700355999999999312e+00 6.773919999999999675e+01
2.318128299999999872e+05 -8.147192999999999685e+00 7.898868000000000222e+01
2.318130299999999988e+05 -9.644230000000000302e+00 7.329237999999999431e+01
2.318132299999999814e+05 -8.882737999999999801e+00 7.163794000000000040e+01
2.318134299999999930e+05 -8.210563000000000500e+00 7.377375000000000682e+01
2.318136300000000047e+05 -8.723551000000000499e+00 6.412533000000000527e+01
2.318138299999999872e+05 -7.691155000000000186e+00 7.207609999999999673e+01
2.318140299999999988e+05 -6.866977000000000331e+00 6.662332999999999572e+01
2.318142299999999814e+05 -5.960538999999999810e+00 6.625431000000000381e+01
2.318144299999999930e+05 -4.860260000000000247e+00 6.832477000000000089e+01
2.318146300000000047e+05 -3.890182999999999947e+00 6.301845000000000141e+01
2.318148299999999872e+05 -3.575244000000000089e+00 5.326442999999999728e+01
2.318150299999999988e+05 -1.970426000000000011e+00 6.039797000000000082e+01
2.318152299999999814e+05 -1.403928999999999983e+00 5.671900999999999726e+01
2.318154299999999930e+05 8.608392000000000266e-01 5.400005000000000166e+01
2.318156300000000047e+05 2.027550999999999881e+00 4.377264999999999873e+01
2.318158299999999872e+05 4.585174000000000305e+00 3.364495999999999754e+01
2.318160299999999988e+05 7.163126000000000104e+00 1.641492999999999824e+01
2.318162299999999814e+05 9.712096000000000728e+00 -9.083425999999999334e+00
2.318164299999999930e+05 1.176252000000000031e+01 -4.805458000000000141e+01
2.318166300000000047e+05 1.208431000000000033e+01 -1.029428000000000054e+02
2.318168299999999872e+05 8.266603999999999175e+00 -1.793225999999999942e+02
2.318170299999999988e+05 1.862739999999999882e-02 -3.439318000000000097e+02
2.318172299999999814e+05 4.134038999999999575e+00 -4.954938000000000216e+02
2.318174299999999930e+05 -5.456960999999999729e+00 -3.619343000000000075e+02
2.318176300000000047e+05 -2.927249000000000212e+00 -1.866981000000000108e+02
2.318178299999999872e+05 -3.041272000000000197e+00 -1.253906000000000063e+02
2.318180299999999988e+05 -7.718499999999999694e+00 -9.466576000000000590e+01
2.318182299999999814e+05 -1.181485999999999947e+01 -8.271975999999999374e+01
2.318184299999999930e+05 -1.220933999999999919e+01 -9.660108999999999924e+01
2.318186300000000047e+05 -1.080056000000000083e+01 -1.204800999999999931e+02
2.318188299999999872e+05 -1.048956000000000088e+01 -1.574528999999999996e+02
2.318190299999999988e+05 -1.660332000000000008e+01 -2.002297000000000082e+02
2.318192299999999814e+05 -1.600637000000000043e+01 -1.492497999999999934e+02
2.318194299999999930e+05 -1.414277000000000051e+01 -1.852302999999999997e+02
2.318196300000000047e+05 -1.872439999999999927e+01 -1.581083999999999889e+02
2.318198299999999872e+05 -1.954459999999999908e+01 -1.872041000000000111e+02
2.318200299999999988e+05 -2.052518999999999849e+01 -1.935056999999999903e+02
2.318202299999999814e+05 -1.907996999999999943e+01 -1.993264000000000067e+02
2.318204299999999930e+05 -1.780343999999999838e+01 -1.801520999999999901e+02
2.318206300000000047e+05 -1.808124000000000109e+01 -1.894387999999999863e+02
2.318208299999999872e+05 -2.378472000000000008e+01 -2.220270999999999901e+02
2.318210299999999988e+05 -2.226734000000000080e+01 -1.864347999999999956e+02
2.318212299999999814e+05 -1.851827000000000112e+01 -2.204170000000000016e+02
2.318214299999999930e+05 -1.714219999999999899e+01 -1.993300999999999874e+02
2.318216300000000047e+05 -1.907205000000000084e+01 -2.233626999999999896e+02
2.318218299999999872e+05 -2.297150999999999854e+01 -2.665878999999999905e+02
2.318220299999999988e+05 -2.027409000000000106e+01 -2.119738999999999862e+02
2.318222299999999814e+05 -1.925872999999999990e+01 -2.244264000000000010e+02
2.318224299999999930e+05 -1.897901999999999845e+01 -2.059249000000000080e+02
2.318226300000000047e+05 -1.965981000000000023e+01 -2.168455999999999904e+02
2.318228299999999872e+05 -1.737055000000000149e+01 -2.279346999999999923e+02
2.318230299999999988e+05 -1.927400000000000091e+01 -2.267554000000000087e+02
2.318232299999999814e+05 -2.002953000000000117e+01 -2.447468000000000075e+02
2.318234299999999930e+05 -1.691651999999999845e+01 -2.332923000000000116e+02
2.318236300000000047e+05 -1.793912999999999869e+01 -2.239267999999999859e+02
2.318238299999999872e+05 -1.974934000000000012e+01 -2.205084999999999980e+02
2.318240299999999988e+05 -1.859271999999999991e+01 -2.268552999999999997e+02
2.318242299999999814e+05 -1.856850999999999985e+01 -2.236159000000000106e+02
2.318244299999999930e+05 -2.037218999999999980e+01 -2.332462999999999909e+02
2.318246300000000047e+05 -1.826715000000000089e+01 -2.258541999999999916e+02
2.318248299999999872e+05 -1.926813999999999893e+01 -2.302607000000000141e+02
2.318250299999999988e+05 -1.791946000000000083e+01 -2.441658999999999935e+02
2.318252299999999814e+05 -2.060249999999999915e+01 -2.459422000000000139e+02
2.318254299999999930e+05 -1.865631000000000128e+01 -2.366831999999999994e+02
2.318256300000000047e+05 -1.592972999999999928e+01 -2.415759999999999934e+02
2.318258299999999872e+05 -1.818667999999999907e+01 -2.512677999999999940e+02
2.318260299999999988e+05 -1.746339000000000041e+01 -2.544923000000000002e+02
2.318262299999999814e+05 -1.625777000000000072e+01 -2.563489000000000146e+02
2.318264299999999930e+05 -1.878397999999999968e+01 -2.674646000000000186e+02
2.318266300000000047e+05 -1.806848000000000098e+01 -2.613441000000000258e+02
2.318268299999999872e+05 -1.921127999999999858e+01 -2.349241000000000099e+02
2.318270299999999988e+05 -1.969413000000000125e+01 -2.377937000000000012e+02
2.318272299999999814e+05 -1.798782999999999888e+01 -2.563029000000000224e+02
2.318274299999999930e+05 -1.960488000000000142e+01 -2.490501999999999896e+02
