# Time finished:
# 2015-06-04 01.29.52
# Temp volt start:
# 1.0029362
# Temp volt stop:
# 1.0029362
# Approx start T:
# 90.909693066
# Approx stop T:
# 90.9154222051
# DC bias measured, messed up:
# 3.999478
# DC bias we asked for:
# 4
2.318305400000000081e+05 -1.679157000000000011e+01 8.776420000000000243e+01
2.318307400000000198e+05 -1.711218999999999824e+01 9.847337000000000273e+01
2.318309400000000023e+05 -1.461036999999999964e+01 9.396353000000000577e+01
2.318311400000000140e+05 -1.387452000000000041e+01 8.649303000000000452e+01
2.318313399999999965e+05 -1.468900999999999968e+01 8.258724999999999739e+01
2.318315400000000081e+05 -1.403979999999999961e+01 7.945239999999999725e+01
2.318317400000000198e+05 -1.588771000000000022e+01 7.856936000000000320e+01
2.318319400000000023e+05 -1.349502000000000024e+01 8.799484999999999957e+01
2.318321400000000140e+05 -1.335800000000000054e+01 8.530778999999999712e+01
2.318323399999999965e+05 -1.466432000000000002e+01 7.959466000000000463e+01
2.318325400000000081e+05 -1.432493999999999978e+01 9.427953999999999724e+01
2.318327400000000198e+05 -1.397133000000000003e+01 8.642665999999999826e+01
2.318329400000000023e+05 -1.522812000000000054e+01 8.364791999999999916e+01
2.318331400000000140e+05 -1.421624000000000088e+01 8.557398000000000593e+01
2.318333399999999965e+05 -1.367714999999999925e+01 8.511615999999999360e+01
2.318335400000000081e+05 -1.552716000000000030e+01 8.598978999999999928e+01
2.318337400000000198e+05 -1.308909000000000056e+01 8.042180000000000462e+01
2.318339400000000023e+05 -1.374765999999999977e+01 7.780317999999999756e+01
2.318341400000000140e+05 -1.332535999999999987e+01 8.760277000000000669e+01
2.318343399999999965e+05 -1.500910999999999973e+01 8.061096999999999468e+01
2.318345400000000081e+05 -1.348096999999999923e+01 8.700597999999999388e+01
2.318347400000000198e+05 -1.420763999999999960e+01 8.689585999999999899e+01
2.318349400000000023e+05 -1.420828000000000024e+01 8.689170000000000016e+01
2.318351400000000140e+05 -1.460510999999999981e+01 8.397016000000000702e+01
2.318353399999999965e+05 -1.382160000000000011e+01 7.842203999999999553e+01
2.318355400000000081e+05 -1.138542999999999950e+01 7.895744999999999436e+01
2.318357400000000198e+05 -1.292913000000000068e+01 7.960429999999999495e+01
2.318359400000000023e+05 -1.299765999999999977e+01 7.833280000000000598e+01
2.318361400000000140e+05 -1.212720999999999982e+01 7.739597000000000548e+01
2.318363399999999965e+05 -1.264980000000000082e+01 7.572404000000000224e+01
2.318365400000000081e+05 -1.297391999999999967e+01 7.154755000000000109e+01
2.318367400000000198e+05 -1.160565000000000069e+01 7.540981999999999630e+01
2.318369400000000023e+05 -1.107498000000000005e+01 7.063523999999999603e+01
2.318371400000000140e+05 -1.116342999999999996e+01 7.431765000000000043e+01
2.318373399999999965e+05 -1.114685000000000059e+01 6.760975999999999431e+01
2.318375400000000081e+05 -9.837327000000000155e+00 6.240543000000000262e+01
2.318377400000000198e+05 -9.261544999999999916e+00 5.399945999999999913e+01
2.318379400000000023e+05 -8.937098999999999904e+00 5.311545999999999879e+01
2.318381400000000140e+05 -7.963085000000000413e+00 4.400607000000000113e+01
2.318383399999999965e+05 -7.176398999999999972e+00 3.139761999999999986e+01
2.318385400000000081e+05 -6.817868999999999957e+00 1.567238000000000042e+01
2.318387400000000198e+05 -6.232795000000000307e+00 -5.879641999999999591e+00
2.318389400000000023e+05 -5.522962999999999845e+00 -3.458780000000000143e+01
2.318391400000000140e+05 -5.477375999999999578e+00 -6.818094000000000676e+01
2.318393399999999965e+05 -4.935776999999999859e+00 -1.066431999999999931e+02
2.318395400000000081e+05 -4.443405000000000271e+00 -1.525576000000000079e+02
2.318397400000000198e+05 -4.298945999999999934e+00 -2.001091000000000122e+02
2.318399400000000023e+05 -5.264133000000000173e+00 -2.548898000000000081e+02
2.318401400000000140e+05 -7.296189000000000036e+00 -3.176336000000000013e+02
2.318403399999999965e+05 -1.065232999999999919e+01 -4.118288999999999760e+02
2.318405400000000081e+05 -8.685045999999999822e+00 -5.159452999999999747e+02
2.318407400000000198e+05 -6.880281000000000091e+00 -6.003057000000000016e+02
2.318409400000000023e+05 -9.772028999999999854e+00 -6.788137000000000398e+02
2.318411400000000140e+05 -1.435509000000000057e+01 -8.228804999999999836e+02
2.318413399999999965e+05 -8.781373999999999569e+00 -9.486281999999999925e+02
2.318415400000000081e+05 -1.118867000000000012e+01 -1.034840999999999894e+03
2.318417400000000198e+05 -1.372076000000000029e+01 -8.790157000000000380e+02
2.318419400000000023e+05 -9.509729000000000099e+00 -9.830854000000000497e+02
2.318421400000000140e+05 -1.967746999999999957e+01 -1.118353000000000065e+03
2.318423399999999965e+05 -1.066255999999999915e+01 -9.640411000000000286e+02
2.318425400000000081e+05 -2.085244000000000142e+01 -1.061027000000000044e+03
2.318427400000000198e+05 -1.082972999999999963e+01 -9.608368000000000393e+02
2.318429400000000023e+05 -2.386736000000000146e+01 -1.060461999999999989e+03
2.318431400000000140e+05 -1.138049999999999962e+01 -9.745171000000000276e+02
2.318433399999999965e+05 -2.894072999999999851e+01 -8.985796000000000276e+02
2.318435400000000081e+05 -1.261566000000000010e+01 -1.000735000000000014e+03
2.318437400000000198e+05 -1.546308999999999934e+01 -9.341725000000000136e+02
2.318439400000000023e+05 -1.973083000000000098e+01 -1.023389000000000010e+03
2.318441400000000140e+05 -1.273014000000000046e+01 -9.889151000000000522e+02
2.318443399999999965e+05 -1.578806999999999938e+01 -9.482521000000000413e+02
2.318445400000000081e+05 -2.345563999999999893e+01 -1.014217999999999961e+03
2.318447400000000198e+05 -1.430416999999999916e+01 -9.941644000000000005e+02
2.318449400000000023e+05 -1.387898999999999994e+01 -9.675816999999999553e+02
2.318451400000000140e+05 -1.678725000000000023e+01 -9.538500000000000227e+02
2.318453399999999965e+05 -1.995710000000000051e+01 -9.861765000000000327e+02
2.318455400000000081e+05 -1.836721000000000004e+01 -1.007340000000000032e+03
2.318457400000000198e+05 -1.533131999999999984e+01 -9.960931000000000495e+02
2.318459400000000023e+05 -1.478749000000000002e+01 -9.880824000000000069e+02
2.318461400000000140e+05 -1.499333999999999989e+01 -9.773994000000000142e+02
2.318463399999999965e+05 -1.548292999999999964e+01 -9.731355999999999540e+02
2.318465400000000081e+05 -1.572991999999999990e+01 -9.648673000000000002e+02
2.318467400000000198e+05 -1.517658999999999914e+01 -9.703618999999999915e+02
2.318469400000000023e+05 -1.728353999999999857e+01 -9.668137000000000398e+02
2.318471400000000140e+05 -1.584483999999999959e+01 -9.676303000000000338e+02
2.318473399999999965e+05 -1.596170000000000044e+01 -9.785597999999999956e+02
2.318475400000000081e+05 -1.536961999999999939e+01 -9.831005999999999858e+02
2.318477400000000198e+05 -1.539062000000000019e+01 -9.815910000000000082e+02
2.318479400000000023e+05 -1.527286999999999928e+01 -9.853415999999999713e+02
2.318481400000000140e+05 -1.581760000000000055e+01 -9.804094999999999800e+02
2.318483399999999965e+05 -1.665895000000000081e+01 -9.852314000000000078e+02
2.318485400000000081e+05 -1.688514999999999944e+01 -9.829817000000000462e+02
2.318487400000000198e+05 -1.606917999999999935e+01 -9.810348999999999933e+02
2.318489400000000023e+05 -1.540574999999999939e+01 -9.861934999999999718e+02
2.318491400000000140e+05 -1.597991000000000028e+01 -9.837608999999999924e+02
2.318493399999999965e+05 -1.712030999999999992e+01 -9.818060000000000400e+02
2.318495400000000081e+05 -1.532681000000000004e+01 -9.849688999999999623e+02
2.318497400000000198e+05 -1.655208000000000013e+01 -9.856747000000000298e+02
2.318499400000000023e+05 -1.656727000000000061e+01 -9.843863999999999805e+02
2.318501400000000140e+05 -1.538167999999999935e+01 -9.824642000000000053e+02
2.318503399999999965e+05 -1.543640000000000079e+01 -9.798048999999999751e+02
2.318505400000000081e+05 -1.687693000000000154e+01 -9.887267000000000507e+02
