# Time finished:
# 2015-06-03 02.15.57
# Temp volt start:
# 1.0256015
# Temp volt stop:
# 1.0256015
# Approx start T:
# 78.1254912132
# Approx stop T:
# 78.137274844
# DC bias measured, messed up:
# 4.000057
# DC bias we asked for:
# 4
2.318048299999999872e+05 -1.534795000000000087e+01 9.053494000000000597e+01
2.318050299999999988e+05 -1.398470000000000013e+01 9.281544999999999845e+01
2.318052299999999814e+05 -1.450958999999999932e+01 9.362595000000000312e+01
2.318054299999999930e+05 -1.415163000000000082e+01 8.737408999999999537e+01
2.318056299999999756e+05 -1.404503000000000057e+01 8.645054000000000372e+01
2.318058299999999872e+05 -1.619147999999999854e+01 8.490116000000000440e+01
2.318060299999999988e+05 -1.432306999999999952e+01 9.300920999999999594e+01
2.318062299999999814e+05 -1.442567999999999984e+01 8.906561000000000661e+01
2.318064299999999930e+05 -1.394278000000000084e+01 8.316085999999999956e+01
2.318066299999999756e+05 -1.496095000000000041e+01 9.078613000000000000e+01
2.318068299999999872e+05 -1.424601999999999968e+01 8.732538999999999874e+01
2.318070299999999988e+05 -1.345650999999999975e+01 8.212008000000000152e+01
2.318072299999999814e+05 -1.430765000000000065e+01 8.189424999999999955e+01
2.318074299999999930e+05 -1.436869000000000085e+01 8.629330000000000211e+01
2.318076299999999756e+05 -1.424745000000000061e+01 8.495806000000000324e+01
2.318078299999999872e+05 -1.426427999999999940e+01 8.433213999999999544e+01
2.318080299999999988e+05 -1.469903000000000048e+01 8.591705000000000325e+01
2.318082299999999814e+05 -1.351967999999999925e+01 8.836518999999999835e+01
2.318084299999999930e+05 -1.345711000000000013e+01 8.485277999999999565e+01
2.318086299999999756e+05 -1.333863000000000021e+01 8.589430000000000121e+01
2.318088299999999872e+05 -1.388973999999999975e+01 8.461274000000000228e+01
2.318090299999999988e+05 -1.380843999999999916e+01 8.371922000000000708e+01
2.318092299999999814e+05 -1.326665999999999990e+01 8.236449000000000353e+01
2.318094299999999930e+05 -1.294292000000000087e+01 8.596062999999999477e+01
2.318096299999999756e+05 -1.324184999999999945e+01 7.952657999999999561e+01
2.318098299999999872e+05 -1.348382999999999932e+01 8.114015000000000555e+01
2.318100299999999988e+05 -1.377641999999999989e+01 8.159578999999999382e+01
2.318102299999999814e+05 -1.260554999999999914e+01 8.112215000000000487e+01
2.318104299999999930e+05 -1.296088999999999913e+01 7.771398000000000650e+01
2.318106299999999756e+05 -1.272940000000000005e+01 7.936490999999999474e+01
2.318108299999999872e+05 -1.190347000000000044e+01 7.444545999999999708e+01
2.318110299999999988e+05 -1.128650999999999982e+01 7.434150999999999954e+01
2.318112299999999814e+05 -1.140572000000000052e+01 7.530832999999999799e+01
2.318114299999999930e+05 -1.132446999999999981e+01 6.854413999999999874e+01
2.318116299999999756e+05 -1.121634000000000064e+01 6.413124000000000535e+01
2.318118299999999872e+05 -9.760740999999999445e+00 6.482766999999999769e+01
2.318120299999999988e+05 -9.354910999999999532e+00 5.316033000000000186e+01
2.318122299999999814e+05 -8.371071999999999846e+00 4.606114999999999782e+01
2.318124299999999930e+05 -7.986146999999999885e+00 3.977026999999999646e+01
2.318126299999999756e+05 -7.238823000000000008e+00 2.672220000000000084e+01
2.318128299999999872e+05 -6.402008999999999617e+00 8.971868999999999872e+00
2.318130299999999988e+05 -5.851488999999999940e+00 -1.381457999999999942e+01
2.318132299999999814e+05 -5.427247999999999628e+00 -4.224551000000000300e+01
2.318134299999999930e+05 -5.505592000000000041e+00 -7.764816000000000429e+01
2.318136299999999756e+05 -5.156241999999999770e+00 -1.187021000000000015e+02
2.318138299999999872e+05 -4.472081000000000195e+00 -1.659962999999999909e+02
2.318140299999999988e+05 -4.805295000000000094e+00 -2.177017999999999915e+02
2.318142299999999814e+05 -5.930754000000000303e+00 -2.720982999999999947e+02
2.318144299999999930e+05 -8.382101999999999720e+00 -3.390262999999999920e+02
2.318146299999999756e+05 -1.133012000000000086e+01 -4.407862999999999829e+02
2.318148299999999872e+05 -8.092202000000000339e+00 -5.423849000000000160e+02
2.318150299999999988e+05 -7.558122000000000007e+00 -6.212560999999999467e+02
2.318152299999999814e+05 -1.225534000000000034e+01 -7.146529000000000451e+02
2.318154299999999930e+05 -1.254096000000000011e+01 -8.752276000000000522e+02
2.318156299999999756e+05 -8.145037999999999556e+00 -9.731128999999999678e+02
2.318158299999999872e+05 -1.496273000000000053e+01 -1.070040999999999940e+03
2.318160299999999988e+05 -1.176598000000000077e+01 -9.130845000000000482e+02
2.318162299999999814e+05 -1.158178000000000019e+01 -1.012166000000000054e+03
2.318164299999999930e+05 -2.008233999999999853e+01 -8.685125000000000455e+02
2.318166299999999756e+05 -1.082832999999999934e+01 -9.896254999999999882e+02
2.318168299999999872e+05 -2.729223999999999961e+01 -8.828594000000000506e+02
2.318170299999999988e+05 -1.111486000000000018e+01 -9.864577000000000453e+02
2.318172299999999814e+05 -2.424164999999999992e+01 -9.040733000000000175e+02
2.318174299999999930e+05 -1.250902999999999921e+01 -1.003371999999999957e+03
2.318176299999999756e+05 -1.586894000000000027e+01 -9.373413000000000466e+02
2.318178299999999872e+05 -1.595451000000000086e+01 -1.018437999999999988e+03
2.318180299999999988e+05 -1.278716999999999970e+01 -9.693271999999999480e+02
2.318182299999999814e+05 -2.598631999999999920e+01 -9.505970999999999549e+02
2.318184299999999930e+05 -1.483234999999999992e+01 -1.010611999999999966e+03
2.318186299999999756e+05 -1.355705999999999989e+01 -9.732252999999999474e+02
2.318188299999999872e+05 -1.952249000000000123e+01 -9.445797000000000025e+02
2.318190299999999988e+05 -1.864329999999999998e+01 -1.000629999999999995e+03
2.318192299999999814e+05 -1.414096999999999937e+01 -9.925064999999999600e+02
2.318194299999999930e+05 -1.470545000000000080e+01 -9.721767999999999574e+02
2.318196299999999756e+05 -1.684779999999999944e+01 -9.692727999999999611e+02
2.318198299999999872e+05 -2.091969999999999885e+01 -9.785421999999999798e+02
2.318200299999999988e+05 -1.877268000000000114e+01 -9.861602000000000317e+02
2.318202299999999814e+05 -1.732861000000000118e+01 -1.001168999999999983e+03
2.318204299999999930e+05 -1.636276000000000153e+01 -1.000683999999999969e+03
2.318206299999999756e+05 -1.504077000000000019e+01 -9.914674999999999727e+02
2.318208299999999872e+05 -1.558469999999999978e+01 -9.839473000000000411e+02
2.318210299999999988e+05 -1.525844000000000023e+01 -9.829089000000000169e+02
2.318212299999999814e+05 -1.517435000000000045e+01 -9.917699000000000069e+02
2.318214299999999930e+05 -1.510609999999999964e+01 -9.917250999999999976e+02
2.318216299999999756e+05 -1.468881999999999977e+01 -9.877418999999999869e+02
2.318218299999999872e+05 -1.568291999999999931e+01 -9.985019999999999527e+02
2.318220299999999988e+05 -1.685989999999999966e+01 -9.895561000000000149e+02
2.318222299999999814e+05 -1.806008999999999887e+01 -9.968055000000000518e+02
2.318224299999999930e+05 -1.775245999999999924e+01 -9.810395999999999503e+02
2.318226299999999756e+05 -1.728854000000000113e+01 -9.791658999999999651e+02
2.318228299999999872e+05 -1.684861000000000075e+01 -9.855818000000000438e+02
2.318230299999999988e+05 -1.487453999999999965e+01 -9.836199000000000296e+02
2.318232299999999814e+05 -1.682839999999999847e+01 -9.876390000000000100e+02
2.318234299999999930e+05 -1.655376000000000047e+01 -9.793740999999999985e+02
2.318236299999999756e+05 -1.540909000000000084e+01 -9.809782999999999902e+02
2.318238299999999872e+05 -1.580320999999999998e+01 -9.838805999999999585e+02
2.318240299999999988e+05 -1.641748000000000118e+01 -9.844598999999999478e+02
2.318242299999999814e+05 -1.607666000000000039e+01 -9.801440000000000055e+02
2.318244299999999930e+05 -1.628625999999999863e+01 -9.858973999999999478e+02
2.318246299999999756e+05 -1.679172000000000153e+01 -9.902092000000000098e+02
2.318248299999999872e+05 -1.616237999999999886e+01 -9.841363000000000056e+02
