# Time finished:
# 2015-06-04 02.02.23
# Temp volt start:
# 1.0010825
# Temp volt stop:
# 1.0010825
# Approx start T:
# 91.9396216456
# Approx stop T:
# 91.9453379501
# DC bias measured, messed up:
# 3.999416
# DC bias we asked for:
# 4
2.318325700000000070e+05 -1.604653000000000063e+01 9.288179999999999836e+01
2.318327700000000186e+05 -1.391455000000000020e+01 1.000935000000000059e+02
2.318329700000000012e+05 -1.439470999999999989e+01 9.692065999999999804e+01
2.318331700000000128e+05 -1.362073999999999963e+01 9.469777000000000555e+01
2.318333699999999953e+05 -1.359939999999999927e+01 8.685741000000000156e+01
2.318335700000000070e+05 -1.378598000000000035e+01 8.168780999999999892e+01
2.318337700000000186e+05 -1.535674000000000028e+01 8.530227999999999611e+01
2.318339700000000012e+05 -1.506465999999999994e+01 8.647701000000000704e+01
2.318341700000000128e+05 -1.373521000000000036e+01 8.793343000000000131e+01
2.318343699999999953e+05 -1.469727999999999923e+01 8.183279000000000281e+01
2.318345700000000070e+05 -1.527781000000000056e+01 8.677224999999999966e+01
2.318347700000000186e+05 -1.333836999999999939e+01 9.206650000000000489e+01
2.318349700000000012e+05 -1.388138000000000005e+01 8.784600000000000364e+01
2.318351700000000128e+05 -1.410108999999999924e+01 8.136893000000000598e+01
2.318353699999999953e+05 -1.362889000000000017e+01 8.877356000000000336e+01
2.318355700000000070e+05 -1.420979999999999954e+01 8.485201000000000704e+01
2.318357700000000186e+05 -1.352436999999999934e+01 8.396631999999999607e+01
2.318359700000000012e+05 -1.348928000000000083e+01 7.871412999999999727e+01
2.318361700000000128e+05 -1.402763999999999989e+01 8.309864000000000317e+01
2.318363699999999953e+05 -1.409473000000000020e+01 8.168764000000000181e+01
2.318365700000000070e+05 -1.401924999999999955e+01 8.463612999999999431e+01
2.318367700000000186e+05 -1.378018999999999927e+01 7.971222000000000207e+01
2.318369700000000012e+05 -1.379730999999999952e+01 8.058719999999999573e+01
2.318371700000000128e+05 -1.432984000000000080e+01 8.326431999999999789e+01
2.318373699999999953e+05 -1.364676000000000045e+01 7.932746000000000208e+01
2.318375700000000070e+05 -1.261586999999999925e+01 8.446908999999999423e+01
2.318377700000000186e+05 -1.372286000000000072e+01 8.306360999999999706e+01
2.318379700000000012e+05 -1.212703999999999915e+01 8.003928999999999405e+01
2.318381700000000128e+05 -1.289065000000000083e+01 8.489433999999999969e+01
2.318383699999999953e+05 -1.229400000000000048e+01 7.841962999999999795e+01
2.318385700000000070e+05 -1.307563999999999993e+01 7.387394999999999357e+01
2.318387700000000186e+05 -1.153492999999999924e+01 7.017119999999999891e+01
2.318389700000000012e+05 -1.150855999999999923e+01 7.298946999999999719e+01
2.318391700000000128e+05 -1.096496999999999922e+01 7.292743000000000109e+01
2.318393699999999953e+05 -1.127861000000000047e+01 7.230612000000000705e+01
2.318395700000000070e+05 -9.904754999999999754e+00 6.720923999999999410e+01
2.318397700000000186e+05 -9.793853000000000364e+00 6.260340999999999667e+01
2.318399700000000012e+05 -9.046583999999999293e+00 5.074591000000000207e+01
2.318401700000000128e+05 -8.262461999999999307e+00 4.147706999999999766e+01
2.318403699999999953e+05 -7.725284000000000262e+00 3.322417000000000087e+01
2.318405700000000070e+05 -7.049061000000000021e+00 1.788140999999999892e+01
2.318407700000000186e+05 -5.920603999999999978e+00 -3.953421000000000074e+00
2.318409700000000012e+05 -5.991265000000000285e+00 -2.620569000000000059e+01
2.318411700000000128e+05 -5.664507999999999655e+00 -5.874322999999999695e+01
2.318413699999999953e+05 -5.154691999999999830e+00 -9.889803000000000566e+01
2.318415700000000070e+05 -4.684548000000000378e+00 -1.434958000000000027e+02
2.318417700000000186e+05 -4.537594000000000349e+00 -1.913925999999999874e+02
2.318419700000000012e+05 -5.063441000000000081e+00 -2.448625999999999863e+02
2.318421700000000128e+05 -6.741770999999999958e+00 -3.047903999999999769e+02
2.318423699999999953e+05 -1.053744999999999976e+01 -3.887264999999999873e+02
2.318425700000000070e+05 -9.478391000000000233e+00 -4.986222000000000207e+02
2.318427700000000186e+05 -6.982111999999999874e+00 -5.832933000000000447e+02
2.318429700000000012e+05 -8.864081999999999795e+00 -6.633242000000000189e+02
2.318431700000000128e+05 -1.493270000000000053e+01 -7.922318999999999960e+02
2.318433699999999953e+05 -9.173023000000000593e+00 -9.294049999999999727e+02
2.318435700000000070e+05 -9.545033000000000101e+00 -1.019371999999999957e+03
2.318437700000000186e+05 -1.840422999999999831e+01 -1.195807000000000016e+03
2.318439700000000012e+05 -9.987819000000000003e+00 -1.323509000000000015e+03
2.318441700000000128e+05 -1.587059999999999960e+01 -1.427019999999999982e+03
2.318443699999999953e+05 -1.143876000000000026e+01 -1.296884000000000015e+03
2.318445700000000070e+05 -1.353209000000000017e+01 -1.397489000000000033e+03
2.318447700000000186e+05 -1.283660000000000068e+01 -1.291797000000000025e+03
2.318449700000000012e+05 -1.550695999999999941e+01 -1.393240000000000009e+03
2.318451700000000128e+05 -1.210563999999999929e+01 -1.312349999999999909e+03
2.318453699999999953e+05 -2.179882999999999882e+01 -1.403240999999999985e+03
2.318455700000000070e+05 -1.221795000000000009e+01 -1.343063000000000102e+03
2.318457700000000186e+05 -2.280557999999999907e+01 -1.304839999999999918e+03
2.318459700000000012e+05 -1.444973000000000063e+01 -1.368490000000000009e+03
2.318461700000000128e+05 -1.287776000000000032e+01 -1.323066000000000031e+03
2.318463699999999953e+05 -2.348218999999999923e+01 -1.298770999999999958e+03
2.318465700000000070e+05 -1.664808000000000021e+01 -1.376012999999999920e+03
2.318467700000000186e+05 -1.281808999999999976e+01 -1.337532999999999902e+03
2.318469700000000012e+05 -1.596691000000000038e+01 -1.316410000000000082e+03
2.318471700000000128e+05 -2.225686999999999927e+01 -1.339473999999999933e+03
2.318473699999999953e+05 -1.686987999999999843e+01 -1.374163999999999987e+03
2.318475700000000070e+05 -1.403631000000000029e+01 -1.353859999999999900e+03
2.318477700000000186e+05 -1.395797999999999917e+01 -1.344141000000000076e+03
2.318479700000000012e+05 -1.604769999999999897e+01 -1.333335000000000036e+03
2.318481700000000128e+05 -1.592431000000000019e+01 -1.327820999999999913e+03
2.318483699999999953e+05 -1.698931999999999931e+01 -1.329267000000000053e+03
2.318485700000000070e+05 -1.784034000000000120e+01 -1.326915999999999940e+03
2.318487700000000186e+05 -2.139041999999999888e+01 -1.345547000000000025e+03
2.318489700000000012e+05 -1.947409000000000034e+01 -1.329587999999999965e+03
2.318491700000000128e+05 -1.948145999999999844e+01 -1.344288000000000011e+03
2.318493699999999953e+05 -1.863080000000000069e+01 -1.333679000000000087e+03
2.318495700000000070e+05 -1.812003999999999948e+01 -1.342229000000000042e+03
2.318497700000000186e+05 -1.541497000000000028e+01 -1.335373000000000047e+03
2.318499700000000012e+05 -1.587970999999999933e+01 -1.336634000000000015e+03
2.318501700000000128e+05 -1.666510999999999854e+01 -1.336907999999999902e+03
2.318503699999999953e+05 -1.631576000000000093e+01 -1.343990000000000009e+03
2.318505700000000070e+05 -1.652515999999999963e+01 -1.347665999999999940e+03
2.318507700000000186e+05 -1.822088000000000108e+01 -1.352748000000000047e+03
2.318509700000000012e+05 -1.884787000000000035e+01 -1.332271999999999935e+03
2.318511700000000128e+05 -1.610630000000000095e+01 -1.344691000000000031e+03
2.318513699999999953e+05 -1.624722999999999828e+01 -1.347630000000000109e+03
2.318515700000000070e+05 -1.755675000000000097e+01 -1.342516000000000076e+03
2.318517700000000186e+05 -1.597602999999999973e+01 -1.345844000000000051e+03
2.318519700000000012e+05 -1.614883000000000024e+01 -1.347749000000000024e+03
2.318521700000000128e+05 -1.656514999999999915e+01 -1.347660000000000082e+03
2.318523699999999953e+05 -1.630039999999999978e+01 -1.344642000000000053e+03
2.318525700000000070e+05 -1.620842999999999989e+01 -1.346595000000000027e+03
