# Time finished:
# 2015-06-02 21.14.12
# Temp volt start:
# 1.0975012
# Temp volt stop:
# 1.0975012
# Approx start T:
# 35.0107975286
# Approx stop T:
# 35.1568313323
# DC bias measured, messed up:
# 4.000278
# DC bias we asked for:
# 4
2.317296000000000058e+05 -1.129364999999999952e+01 5.444389000000000323e+01
2.317298000000000175e+05 -1.227229999999999954e+01 3.771621999999999986e+01
2.317300000000000000e+05 -1.736821000000000126e+01 1.108999999999999986e+01
2.317302000000000116e+05 -2.824709000000000003e+01 1.695238999999999976e+02
2.317303999999999942e+05 -1.349477000000000082e+01 1.475826000000000136e+02
2.317306000000000058e+05 -9.446308000000000149e+00 1.150203000000000060e+02
2.317308000000000175e+05 -8.964237000000000677e+00 8.248766000000000531e+01
2.317310000000000000e+05 -1.178420999999999985e+01 4.325775999999999755e+01
2.317312000000000116e+05 -3.308142000000000138e+01 1.379137000000000057e+02
2.317313999999999942e+05 -1.098419999999999952e+01 1.217633000000000010e+02
2.317316000000000058e+05 -9.506709999999999994e+00 7.716142000000000678e+01
2.317318000000000175e+05 -2.019238000000000000e+01 3.785307999999999851e+01
2.317320000000000000e+05 -1.233582999999999963e+01 1.282580000000000098e+02
2.317322000000000116e+05 -9.929382000000000374e+00 6.949296999999999969e+01
2.317323999999999942e+05 -2.783519000000000077e+01 8.658129999999999882e+01
2.317326000000000058e+05 -9.735131000000000867e+00 9.947442999999999813e+01
2.317328000000000175e+05 -1.586266999999999960e+01 4.589289999999999736e+01
2.317330000000000000e+05 -1.136256999999999984e+01 1.114767999999999972e+02
2.317332000000000116e+05 -1.389151000000000025e+01 5.206195000000000306e+01
2.317333999999999942e+05 -1.141965000000000074e+01 1.148616999999999990e+02
2.317336000000000058e+05 -1.269793999999999912e+01 5.373017999999999716e+01
2.317338000000000175e+05 -1.050511999999999979e+01 1.104861999999999966e+02
2.317340000000000000e+05 -1.689730000000000132e+01 6.072970999999999719e+01
2.317342000000000116e+05 -8.917391999999999541e+00 8.681601999999999464e+01
2.317343999999999942e+05 -1.584582999999999942e+01 1.205510000000000019e+02
2.317346000000000058e+05 -1.229941999999999958e+01 5.391830000000000211e+01
2.317348000000000175e+05 -9.796632999999999925e+00 9.054729000000000383e+01
2.317350000000000000e+05 -1.559070000000000000e+01 1.061654000000000053e+02
2.317352000000000116e+05 -1.319739000000000040e+01 6.336807999999999907e+01
2.317353999999999942e+05 -1.005685000000000073e+01 7.490675000000000239e+01
2.317356000000000058e+05 -1.016910999999999987e+01 9.631918000000000291e+01
2.317358000000000175e+05 -1.542200000000000060e+01 9.732469000000000392e+01
2.317360000000000000e+05 -1.482080999999999982e+01 5.695720000000000027e+01
2.317362000000000116e+05 -1.036571999999999960e+01 6.257126999999999839e+01
2.317363999999999942e+05 -8.755418000000000589e+00 7.200624999999999432e+01
2.317366000000000058e+05 -8.779942000000000135e+00 8.249935999999999581e+01
2.317368000000000175e+05 -9.219817000000000817e+00 8.012612000000000023e+01
2.317370000000000000e+05 -1.016900000000000048e+01 7.139712000000000103e+01
2.317372000000000116e+05 -9.834706999999999866e+00 6.308140999999999821e+01
2.317373999999999942e+05 -8.416256999999999877e+00 4.820967999999999876e+01
2.317376000000000058e+05 -7.876502999999999588e+00 3.105270000000000152e+01
2.317378000000000175e+05 -7.157258999999999816e+00 1.161461000000000077e+01
2.317380000000000000e+05 -5.944344000000000072e+00 -7.925819999999999865e+00
2.317382000000000116e+05 -4.880535000000000068e+00 -3.356951000000000107e+01
2.317383999999999942e+05 -4.190013000000000432e+00 -6.831986000000000558e+01
2.317386000000000058e+05 -3.573923000000000183e+00 -1.092335999999999956e+02
2.317388000000000175e+05 -3.106650000000000134e+00 -1.538791999999999973e+02
2.317390000000000000e+05 -2.388665000000000038e+00 -2.051511000000000138e+02
2.317392000000000116e+05 -2.855164999999999953e+00 -2.597755999999999972e+02
2.317393999999999942e+05 -4.567580000000000418e+00 -3.264082000000000221e+02
2.317396000000000058e+05 -6.022841999999999807e+00 -4.165312000000000126e+02
2.317398000000000175e+05 -4.822617000000000154e+00 -5.147377999999999929e+02
2.317400000000000000e+05 -3.591479000000000088e+00 -6.000342000000000553e+02
2.317402000000000116e+05 -5.165671999999999819e+00 -6.927150000000000318e+02
2.317403999999999942e+05 -7.225043999999999578e+00 -8.302929000000000315e+02
2.317406000000000058e+05 -3.799354999999999816e+00 -9.432568999999999733e+02
2.317408000000000175e+05 -6.276495999999999853e+00 -1.052307000000000016e+03
2.317410000000000000e+05 -7.492525999999999797e+00 -1.223499000000000024e+03
2.317412000000000116e+05 -4.419599999999999973e+00 -1.347422000000000025e+03
2.317413999999999942e+05 -9.431138999999999939e+00 -1.504114000000000033e+03
2.317416000000000058e+05 -4.906818999999999598e+00 -1.676459000000000060e+03
2.317418000000000175e+05 -9.422553999999999874e+00 -1.830166999999999916e+03
2.317420000000000000e+05 -5.093731000000000009e+00 -1.668217000000000098e+03
2.317422000000000116e+05 -1.054382999999999981e+01 -1.835699000000000069e+03
2.317423999999999942e+05 -5.535606999999999722e+00 -1.684760999999999967e+03
2.317426000000000058e+05 -1.172231999999999985e+01 -1.534618999999999915e+03
2.317428000000000175e+05 -6.308530000000000193e+00 -1.371767000000000053e+03
2.317430000000000000e+05 -8.080026000000000153e+00 -1.262345000000000027e+03
2.317432000000000116e+05 -1.076726999999999990e+01 -1.085076000000000022e+03
2.317433999999999942e+05 -6.073286000000000406e+00 -9.841776999999999589e+02
2.317436000000000058e+05 -9.701698999999999629e+00 -8.991145999999999958e+02
2.317438000000000175e+05 -1.401272999999999946e+01 -7.452567000000000235e+02
2.317440000000000000e+05 -7.339920000000000222e+00 -6.510739999999999554e+02
2.317442000000000116e+05 -7.320018000000000136e+00 -5.926789999999999736e+02
2.317443999999999942e+05 -1.179881999999999920e+01 -5.313735000000000355e+02
2.317446000000000058e+05 -1.647312000000000154e+01 -4.110575999999999794e+02
2.317448000000000175e+05 -1.033904000000000067e+01 -3.334542000000000144e+02
2.317450000000000000e+05 -7.939969999999999750e+00 -2.885034999999999741e+02
2.317452000000000116e+05 -7.455549999999999677e+00 -2.610693999999999733e+02
2.317453999999999942e+05 -8.537164000000000641e+00 -2.300551000000000101e+02
2.317456000000000058e+05 -9.980786999999999409e+00 -2.146122000000000014e+02
2.317458000000000175e+05 -1.106063999999999936e+01 -1.932505999999999915e+02
2.317460000000000000e+05 -1.159792000000000023e+01 -1.872718999999999880e+02
2.317462000000000116e+05 -1.338932999999999929e+01 -1.842961999999999989e+02
2.317463999999999942e+05 -1.357423000000000002e+01 -1.853053999999999917e+02
2.317466000000000058e+05 -1.165075000000000038e+01 -1.895346000000000117e+02
2.317468000000000175e+05 -1.138957000000000086e+01 -2.106842000000000041e+02
2.317470000000000000e+05 -1.042878999999999934e+01 -2.235137000000000000e+02
2.317472000000000116e+05 -9.498832000000000164e+00 -2.441782000000000039e+02
2.317473999999999942e+05 -9.761618999999999602e+00 -2.747672000000000025e+02
2.317476000000000058e+05 -1.100994999999999990e+01 -2.974814000000000078e+02
2.317478000000000175e+05 -1.637449000000000154e+01 -3.354366999999999734e+02
2.317480000000000000e+05 -2.194932999999999979e+01 -5.025835000000000150e+02
2.317482000000000116e+05 -1.209005999999999936e+01 -5.744505000000000337e+02
2.317483999999999942e+05 -1.028148000000000017e+01 -6.198442000000000007e+02
2.317486000000000058e+05 -1.356771999999999956e+01 -6.720742000000000189e+02
2.317488000000000175e+05 -2.427706999999999837e+01 -5.627023000000000366e+02
2.317490000000000000e+05 -1.095701999999999998e+01 -5.922495999999999867e+02
2.317492000000000116e+05 -1.213528999999999947e+01 -6.564719999999999800e+02
2.317493999999999942e+05 -2.687080999999999875e+01 -5.748472000000000435e+02
2.317496000000000058e+05 -1.061443000000000048e+01 -6.091823000000000548e+02
