# Time finished:
# 2015-06-02 12.08.24
# Temp volt start:
# 1.5762244
# Temp volt stop:
# 1.5762244
# Approx start T:
# -402.220197291
# Approx stop T:
# -402.23320083
# DC bias measured, messed up:
# 8.000986
# DC bias we asked for:
# 8
2.316885700000000070e+05 1.385874999999999968e+00 -6.725699000000000183e+01
2.316887700000000186e+05 1.267972000000000099e+00 -8.030089999999999861e+01
2.316889700000000012e+05 1.742293000000000092e+00 -1.128302999999999940e+02
2.316891700000000128e+05 2.000376999999999850e+00 -1.541069999999999993e+02
2.316893699999999953e+05 2.790624000000000215e+00 -1.934321999999999946e+02
2.316895700000000070e+05 4.617281000000000191e+00 -2.427909999999999968e+02
2.316897700000000186e+05 4.607273000000000174e+00 -2.921157000000000039e+02
2.316899700000000012e+05 3.410026999999999919e+00 -3.510153000000000247e+02
2.316901700000000128e+05 1.085669999999999913e+00 -4.272273999999999887e+02
2.316903699999999953e+05 2.373294000000000015e+00 -5.277483999999999469e+02
2.316905700000000070e+05 4.788528000000000340e+00 -6.150751000000000204e+02
2.316907700000000186e+05 3.819819999999999993e+00 -7.050149000000000115e+02
2.316909700000000012e+05 1.121963999999999961e+00 -8.215291999999999462e+02
2.316911700000000128e+05 3.613599999999999923e+00 -9.462441000000000031e+02
2.316913699999999953e+05 4.411601000000000106e+00 -1.051785000000000082e+03
2.316915700000000070e+05 1.667661000000000060e+00 -1.203915999999999940e+03
2.316917700000000186e+05 4.632558000000000398e+00 -1.344182999999999993e+03
2.316919700000000012e+05 1.924879999999999924e+00 -1.484147999999999911e+03
2.316921700000000128e+05 3.964571999999999985e+00 -1.658164999999999964e+03
2.316923699999999953e+05 3.177442000000000100e+00 -1.805723999999999933e+03
2.316925700000000070e+05 3.712442999999999937e+00 -1.646000999999999976e+03
2.316927700000000186e+05 3.302210000000000090e+00 -1.807875000000000000e+03
2.316929700000000012e+05 4.263429000000000357e+00 -1.666034000000000106e+03
2.316931700000000128e+05 2.499064999999999870e+00 -1.842730000000000018e+03
2.316933699999999953e+05 3.970533999999999786e+00 -1.708920000000000073e+03
2.316935700000000070e+05 1.178701999999999916e+00 -1.566692000000000007e+03
2.316937700000000186e+05 4.318279999999999674e+00 -1.418454999999999927e+03
2.316939700000000012e+05 3.481349999999999945e+00 -1.315681000000000040e+03
2.316941700000000128e+05 1.067092000000000040e-01 -1.187144000000000005e+03
2.316943699999999953e+05 3.796746999999999872e+00 -1.067788999999999987e+03
2.316945700000000070e+05 4.885499000000000258e+00 -9.870203000000000202e+02
2.316947700000000186e+05 1.850284000000000040e+00 -9.092241000000000213e+02
2.316949700000000012e+05 -4.908465000000000189e-01 -7.939792999999999665e+02
2.316951700000000128e+05 4.714774000000000242e+00 -7.108912000000000262e+02
2.316953699999999953e+05 6.386440000000000339e+00 -6.664737999999999829e+02
2.316955700000000070e+05 5.216431000000000040e+00 -6.237522999999999911e+02
2.316957700000000186e+05 3.503823000000000132e+00 -5.868601999999999634e+02
2.316959700000000012e+05 -2.016767999999999894e+00 -5.437658999999999878e+02
2.316961700000000128e+05 -8.719526999999999362e+00 -4.633709999999999809e+02
2.316963699999999953e+05 -1.931500999999999912e+00 -4.053145000000000095e+02
2.316965700000000070e+05 2.900570999999999788e+00 -3.905274000000000001e+02
2.316967700000000186e+05 5.761692000000000036e+00 -3.825704000000000065e+02
2.316969700000000012e+05 7.723315000000000374e+00 -3.856001999999999725e+02
2.316971700000000128e+05 9.406033000000000754e+00 -3.970572000000000230e+02
2.316973699999999953e+05 1.074604000000000070e+01 -4.145224000000000046e+02
2.316975700000000070e+05 1.158056999999999981e+01 -4.369091000000000236e+02
2.316977700000000186e+05 1.188221000000000060e+01 -4.678014999999999759e+02
2.316979700000000012e+05 1.209163000000000032e+01 -5.053523000000000138e+02
2.316981700000000128e+05 1.142084999999999972e+01 -5.530034000000000560e+02
2.316983699999999953e+05 1.088275999999999932e+01 -6.147507000000000517e+02
2.316985700000000070e+05 1.027072000000000074e+01 -6.857219000000000051e+02
2.316987700000000186e+05 1.086622000000000021e+01 -7.690525000000000091e+02
2.316989700000000012e+05 1.148010999999999981e+01 -8.520053000000000338e+02
2.316991700000000128e+05 1.111500000000000021e+01 -9.415933999999999742e+02
2.316993699999999953e+05 1.008880000000000088e+01 -1.045017000000000053e+03
2.316995700000000070e+05 1.083669000000000082e+01 -1.158461000000000013e+03
2.316997700000000186e+05 1.086469999999999914e+01 -1.276382000000000062e+03
2.316999700000000012e+05 1.034689999999999976e+01 -1.404022999999999911e+03
2.317001700000000128e+05 1.073104000000000013e+01 -1.545310999999999922e+03
2.317003699999999953e+05 1.107036000000000087e+01 -1.682756000000000085e+03
2.317005700000000070e+05 1.006518999999999942e+01 -1.839336000000000013e+03
2.317007700000000186e+05 1.056226999999999983e+01 -1.998090999999999894e+03
2.317009700000000012e+05 1.021982999999999997e+01 -2.171215000000000146e+03
2.317011700000000128e+05 1.014807000000000059e+01 -2.348402000000000044e+03
2.317013699999999953e+05 9.933493999999999602e+00 -2.173702999999999975e+03
2.317015700000000070e+05 1.060777000000000037e+01 -2.009035000000000082e+03
2.317017700000000186e+05 1.014420999999999928e+01 -1.854845000000000027e+03
2.317019700000000012e+05 1.057762999999999920e+01 -1.702460000000000036e+03
2.317021700000000128e+05 1.022260999999999953e+01 -1.566027000000000044e+03
2.317023699999999953e+05 9.981083999999999179e+00 -1.431003999999999905e+03
2.317025700000000070e+05 1.046984999999999921e+01 -1.309040999999999940e+03
2.317027700000000186e+05 1.022686000000000028e+01 -1.196445999999999913e+03
2.317029700000000012e+05 9.798419000000000878e+00 -1.087717000000000098e+03
2.317031700000000128e+05 1.005607999999999969e+01 -9.884796000000000049e+02
2.317033699999999953e+05 1.029988999999999955e+01 -9.008393999999999551e+02
2.317035700000000070e+05 9.704176999999999609e+00 -8.221726999999999634e+02
2.317037700000000186e+05 9.693319999999999936e+00 -7.475881000000000540e+02
2.317039700000000012e+05 9.851333000000000339e+00 -6.830567999999999529e+02
2.317041700000000128e+05 9.867193999999999576e+00 -6.253192999999999984e+02
2.317043699999999953e+05 1.001167000000000051e+01 -5.790144000000000233e+02
2.317045700000000070e+05 9.737256000000000355e+00 -5.406693999999999960e+02
2.317047700000000186e+05 9.535952999999999236e+00 -5.135122999999999820e+02
2.317049700000000012e+05 8.840906999999999627e+00 -4.889563999999999737e+02
2.317051700000000128e+05 9.218769999999999243e+00 -4.754418999999999755e+02
2.317053699999999953e+05 9.174087999999999354e+00 -4.686009999999999991e+02
2.317055700000000070e+05 9.009035000000000792e+00 -4.745930999999999926e+02
2.317057700000000186e+05 9.028060999999999225e+00 -4.847860000000000014e+02
2.317059700000000012e+05 9.220964000000000382e+00 -5.064877000000000180e+02
2.317061700000000128e+05 9.166340999999999184e+00 -5.356552000000000362e+02
2.317063699999999953e+05 9.170543000000000333e+00 -5.709229000000000269e+02
2.317065700000000070e+05 9.059608000000000771e+00 -6.146049000000000433e+02
2.317067700000000186e+05 8.788650999999999769e+00 -6.672204000000000406e+02
2.317069700000000012e+05 8.554173000000000471e+00 -7.284248000000000047e+02
2.317071700000000128e+05 8.164671000000000234e+00 -8.015620999999999867e+02
2.317073699999999953e+05 8.298410000000000508e+00 -8.804393000000000029e+02
2.317075700000000070e+05 8.795844000000000662e+00 -9.661149000000000342e+02
2.317077700000000186e+05 8.236093000000000330e+00 -1.058567999999999984e+03
2.317079700000000012e+05 7.654240999999999850e+00 -1.166438000000000102e+03
2.317081700000000128e+05 8.342620000000000147e+00 -1.277085000000000036e+03
2.317083699999999953e+05 8.296037000000000106e+00 -1.392787000000000035e+03
2.317085700000000070e+05 7.859211000000000169e+00 -1.526813000000000102e+03
