# Time finished:
# 2015-06-04 05.30.47
# Temp volt start:
# 0.98309266
# Temp volt stop:
# 0.98309266
# Approx start T:
# 101.817191002
# Approx stop T:
# 101.829022883
# DC bias measured, messed up:
# 3.999429
# DC bias we asked for:
# 4
2.318515100000000093e+05 -1.491032000000000046e+01 8.329545000000000243e+01
2.318517100000000210e+05 -1.599494999999999933e+01 8.417661999999999978e+01
2.318519100000000035e+05 -1.575810000000000066e+01 8.375069000000000585e+01
2.318521100000000151e+05 -1.585627999999999993e+01 9.346250000000000568e+01
2.318523099999999977e+05 -1.618477999999999994e+01 9.153257000000000687e+01
2.318525100000000093e+05 -1.379490000000000016e+01 9.774223000000000638e+01
2.318527100000000210e+05 -1.301676999999999929e+01 8.894697999999999638e+01
2.318529100000000035e+05 -1.473283999999999949e+01 8.267668000000000461e+01
2.318531100000000151e+05 -1.504950000000000010e+01 8.500224000000000046e+01
2.318533099999999977e+05 -1.472536999999999985e+01 9.921650999999999954e+01
2.318535100000000093e+05 -1.336717999999999940e+01 8.473779000000000394e+01
2.318537100000000210e+05 -1.411946999999999974e+01 8.318571000000000026e+01
2.318539100000000035e+05 -1.513405999999999985e+01 8.542331000000000074e+01
2.318541100000000151e+05 -1.393936000000000064e+01 8.987724000000000046e+01
2.318543099999999977e+05 -1.477360999999999969e+01 8.045731000000000677e+01
2.318545100000000093e+05 -1.467496000000000045e+01 9.063017999999999574e+01
2.318547100000000210e+05 -1.404237000000000002e+01 8.117077000000000453e+01
2.318549100000000035e+05 -1.433196000000000048e+01 8.167167000000000598e+01
2.318551100000000151e+05 -1.331705000000000005e+01 8.276166999999999518e+01
2.318553099999999977e+05 -1.423437000000000019e+01 8.372262999999999522e+01
2.318555100000000093e+05 -1.318992000000000075e+01 8.739114999999999611e+01
2.318557100000000210e+05 -1.377336000000000027e+01 8.698659000000000674e+01
2.318559100000000035e+05 -1.411133000000000060e+01 8.662785999999999831e+01
2.318561100000000151e+05 -1.441023999999999994e+01 8.536629000000000644e+01
2.318563099999999977e+05 -1.373609000000000080e+01 8.584914000000000556e+01
2.318565100000000093e+05 -1.354649999999999999e+01 8.101296999999999571e+01
2.318567100000000210e+05 -1.256636999999999915e+01 8.092690000000000339e+01
2.318569100000000035e+05 -1.324188999999999972e+01 8.174500000000000455e+01
2.318571100000000151e+05 -1.215344999999999942e+01 8.097392999999999574e+01
2.318573099999999977e+05 -1.253930000000000078e+01 7.823608000000000118e+01
2.318575100000000093e+05 -1.338236999999999988e+01 7.477425999999999817e+01
2.318577100000000210e+05 -1.271677999999999997e+01 7.695292999999999495e+01
2.318579100000000035e+05 -1.199456999999999951e+01 7.406974999999999909e+01
2.318581100000000151e+05 -1.098553000000000068e+01 7.438853000000000293e+01
2.318583099999999977e+05 -1.200115000000000087e+01 7.341223999999999705e+01
2.318585100000000093e+05 -1.064072999999999958e+01 6.516624000000000194e+01
2.318587100000000210e+05 -9.981175000000000352e+00 6.629904999999999404e+01
2.318589100000000035e+05 -9.879402999999999935e+00 5.785587000000000302e+01
2.318591100000000151e+05 -9.063019000000000602e+00 5.584960999999999842e+01
2.318593099999999977e+05 -7.953420000000000378e+00 4.729910999999999888e+01
2.318595100000000093e+05 -7.615250999999999770e+00 3.557643999999999807e+01
2.318597100000000210e+05 -6.601443999999999868e+00 2.009438000000000102e+01
2.318599100000000035e+05 -6.236621999999999666e+00 9.533690000000000220e-01
2.318601100000000151e+05 -5.612506999999999913e+00 -2.277203000000000088e+01
2.318603099999999977e+05 -5.034190999999999860e+00 -5.252315999999999718e+01
2.318605100000000093e+05 -5.169678000000000218e+00 -9.004317000000000348e+01
2.318607100000000210e+05 -4.525383999999999851e+00 -1.318444000000000074e+02
2.318609100000000035e+05 -4.484314000000000355e+00 -1.806995000000000005e+02
2.318611100000000151e+05 -4.572674000000000127e+00 -2.342298000000000116e+02
2.318613099999999977e+05 -6.090726000000000084e+00 -2.918469000000000051e+02
2.318615100000000093e+05 -9.133029999999999760e+00 -3.699857999999999834e+02
2.318617100000000210e+05 -9.900332000000000576e+00 -4.762479000000000156e+02
2.318619100000000035e+05 -7.019052000000000291e+00 -5.684724999999999682e+02
2.318621100000000151e+05 -7.211338999999999722e+00 -6.437557000000000471e+02
2.318623099999999977e+05 -1.293351000000000006e+01 -7.580041999999999689e+02
2.318625100000000093e+05 -9.461733999999999867e+00 -9.076289000000000442e+02
2.318627100000000210e+05 -8.196151999999999660e+00 -1.003995999999999981e+03
2.318629100000000035e+05 -1.633457999999999899e+01 -1.144150000000000091e+03
2.318631100000000151e+05 -9.450378999999999863e+00 -1.305053000000000111e+03
2.318633099999999977e+05 -1.376994999999999969e+01 -1.412957000000000107e+03
2.318635100000000093e+05 -1.275957000000000008e+01 -1.274696999999999889e+03
2.318637100000000210e+05 -1.114211000000000062e+01 -1.385626999999999953e+03
2.318639100000000035e+05 -1.406245999999999974e+01 -1.265747000000000071e+03
2.318641100000000151e+05 -1.205784000000000056e+01 -1.378349999999999909e+03
2.318643099999999977e+05 -1.388388999999999918e+01 -1.286223999999999933e+03
2.318645100000000093e+05 -1.586849999999999916e+01 -1.394642000000000053e+03
2.318647100000000210e+05 -1.188419000000000025e+01 -1.317683999999999969e+03
2.318649100000000035e+05 -4.762525999999999726e+01 -1.431597999999999956e+03
2.318651100000000151e+05 -1.229756000000000071e+01 -1.361804000000000087e+03
2.318653099999999977e+05 -1.410840999999999923e+01 -1.308150000000000091e+03
2.318655100000000093e+05 -2.413498999999999839e+01 -1.364787000000000035e+03
2.318657100000000210e+05 -1.266845999999999961e+01 -1.361409000000000106e+03
2.318659100000000035e+05 -1.329546000000000028e+01 -1.329494999999999891e+03
2.318661100000000151e+05 -2.056837000000000160e+01 -1.301464999999999918e+03
2.318663099999999977e+05 -2.019203999999999866e+01 -1.386482999999999947e+03
2.318665100000000093e+05 -1.572638000000000069e+01 -1.363636999999999944e+03
2.318667100000000210e+05 -1.430469000000000079e+01 -1.346571999999999889e+03
2.318669100000000035e+05 -1.414849000000000068e+01 -1.321946999999999889e+03
2.318671100000000151e+05 -1.730966000000000093e+01 -1.313278999999999996e+03
2.318673099999999977e+05 -1.953875000000000028e+01 -1.329130000000000109e+03
2.318675100000000093e+05 -1.944404000000000110e+01 -1.332064000000000078e+03
2.318677100000000210e+05 -1.994116999999999962e+01 -1.357348999999999933e+03
2.318679100000000035e+05 -1.754457999999999984e+01 -1.343539999999999964e+03
2.318681100000000151e+05 -1.731380000000000052e+01 -1.357292999999999893e+03
2.318683099999999977e+05 -1.701927999999999841e+01 -1.363872000000000071e+03
2.318685100000000093e+05 -1.807995000000000019e+01 -1.355113000000000056e+03
2.318687100000000210e+05 -1.930104000000000042e+01 -1.345992999999999938e+03
2.318689100000000035e+05 -1.887631000000000014e+01 -1.349827999999999975e+03
2.318691100000000151e+05 -1.812059999999999960e+01 -1.331323000000000093e+03
2.318693099999999977e+05 -1.638007999999999953e+01 -1.333309999999999945e+03
2.318695100000000093e+05 -1.521494999999999997e+01 -1.331194999999999936e+03
2.318697100000000210e+05 -1.510759999999999970e+01 -1.339538000000000011e+03
2.318699100000000035e+05 -1.666592999999999947e+01 -1.351058999999999969e+03
2.318701100000000151e+05 -1.713183000000000078e+01 -1.343227000000000089e+03
2.318703099999999977e+05 -1.687291000000000096e+01 -1.334366999999999962e+03
2.318705100000000093e+05 -1.716780999999999935e+01 -1.348656999999999925e+03
2.318707100000000210e+05 -1.577843000000000018e+01 -1.346273999999999887e+03
2.318709100000000035e+05 -1.816187000000000040e+01 -1.336439000000000078e+03
2.318711100000000151e+05 -1.588424000000000014e+01 -1.331155999999999949e+03
2.318713099999999977e+05 -1.657729000000000141e+01 -1.351010999999999967e+03
2.318715100000000093e+05 -1.617784999999999940e+01 -1.339134999999999991e+03
