# Time finished:
# 2015-06-03 01.28.34
# Temp volt start:
# 1.0292062
# Temp volt stop:
# 1.0292062
# Approx start T:
# 76.0588077164
# Approx stop T:
# 76.0860446705
# DC bias measured, messed up:
# 4.000106
# DC bias we asked for:
# 4
2.318006900000000023e+05 -1.452979000000000021e+01 9.010192000000000689e+01
2.318008900000000140e+05 -1.632635000000000147e+01 8.394356999999999402e+01
2.318010899999999965e+05 -1.498446999999999996e+01 8.911760999999999910e+01
2.318012900000000081e+05 -1.518210000000000015e+01 8.915601999999999805e+01
2.318014899999999907e+05 -1.385810000000000031e+01 9.013661000000000456e+01
2.318016900000000023e+05 -1.415347000000000044e+01 9.255476000000000170e+01
2.318018900000000140e+05 -1.438723000000000063e+01 7.797374999999999545e+01
2.318020899999999965e+05 -1.402513000000000076e+01 8.538259999999999650e+01
2.318022900000000081e+05 -1.420008999999999943e+01 8.608420999999999879e+01
2.318024899999999907e+05 -1.402895000000000003e+01 8.412197000000000457e+01
2.318026900000000023e+05 -1.480382999999999960e+01 8.830794000000000210e+01
2.318028900000000140e+05 -1.490995000000000026e+01 8.847569000000000017e+01
2.318030899999999965e+05 -1.471222000000000030e+01 9.453844999999999743e+01
2.318032900000000081e+05 -1.487945000000000029e+01 8.201900999999999442e+01
2.318034899999999907e+05 -1.365765999999999991e+01 8.731931000000000154e+01
2.318036900000000023e+05 -1.368553999999999959e+01 8.478381000000000256e+01
2.318038900000000140e+05 -1.413669999999999938e+01 8.941356000000000392e+01
2.318040899999999965e+05 -1.331263000000000041e+01 9.100060000000000571e+01
2.318042900000000081e+05 -1.444148999999999994e+01 9.101962000000000330e+01
2.318044899999999907e+05 -1.412589000000000006e+01 8.477132000000000289e+01
2.318046900000000023e+05 -1.433344999999999914e+01 8.619320000000000448e+01
2.318048900000000140e+05 -1.374053999999999931e+01 8.381795999999999935e+01
2.318050899999999965e+05 -1.308381999999999934e+01 9.086628000000000327e+01
2.318052900000000081e+05 -1.331357000000000035e+01 8.203942000000000689e+01
2.318054899999999907e+05 -1.361164999999999914e+01 7.920821999999999719e+01
2.318056900000000023e+05 -1.398706999999999923e+01 8.196662000000000603e+01
2.318058900000000140e+05 -1.269754000000000005e+01 8.443510999999999456e+01
2.318060899999999965e+05 -1.356498999999999988e+01 7.694341000000000008e+01
2.318062900000000081e+05 -1.253546000000000049e+01 7.879840000000000089e+01
2.318064899999999907e+05 -1.230744999999999933e+01 7.411553999999999576e+01
2.318066900000000023e+05 -1.244927000000000028e+01 7.903247000000000355e+01
2.318068900000000140e+05 -1.278922999999999988e+01 7.686709999999999354e+01
2.318070899999999965e+05 -1.168975000000000009e+01 7.185231000000000279e+01
2.318072900000000081e+05 -1.124456999999999951e+01 7.037466000000000577e+01
2.318074899999999907e+05 -1.136917000000000044e+01 6.519777999999999452e+01
2.318076900000000023e+05 -9.693578999999999724e+00 6.454765000000000441e+01
2.318078900000000140e+05 -9.680865999999999971e+00 6.012151000000000067e+01
2.318080899999999965e+05 -8.166966999999999643e+00 5.442258000000000351e+01
2.318082900000000081e+05 -8.159784000000000148e+00 4.303735999999999962e+01
2.318084899999999907e+05 -7.720386999999999666e+00 3.421338999999999686e+01
2.318086900000000023e+05 -6.873935000000000350e+00 1.391109999999999935e+01
2.318088900000000140e+05 -6.185119000000000256e+00 -4.398671000000000220e+00
2.318090899999999965e+05 -5.870741999999999905e+00 -3.171628000000000114e+01
2.318092900000000081e+05 -5.321344999999999992e+00 -6.250453999999999866e+01
2.318094899999999907e+05 -5.202612000000000236e+00 -1.023663999999999987e+02
2.318096900000000023e+05 -4.821939000000000419e+00 -1.456167000000000087e+02
2.318098900000000140e+05 -4.421596000000000082e+00 -1.955406000000000120e+02
2.318100899999999965e+05 -5.036366000000000120e+00 -2.480391999999999939e+02
2.318102900000000081e+05 -7.258996999999999922e+00 -3.113344000000000165e+02
2.318104899999999907e+05 -1.038650999999999947e+01 -3.990018000000000029e+02
2.318106900000000023e+05 -8.941662000000000887e+00 -5.065951999999999771e+02
2.318108900000000140e+05 -7.166831000000000174e+00 -5.918428999999999860e+02
2.318110899999999965e+05 -9.067318999999999463e+00 -6.710538000000000238e+02
2.318112900000000081e+05 -1.571110999999999969e+01 -8.142531000000000176e+02
2.318114899999999907e+05 -9.166643999999999792e+00 -9.372691999999999553e+02
2.318116900000000023e+05 -1.075686999999999927e+01 -1.026055000000000064e+03
2.318118900000000140e+05 -1.667235000000000156e+01 -8.634263999999999442e+02
2.318120899999999965e+05 -9.251811000000000007e+00 -9.748561999999999443e+02
2.318122900000000081e+05 -2.022214999999999918e+01 -1.080614000000000033e+03
2.318124899999999907e+05 -1.095148999999999972e+01 -9.479971000000000458e+02
2.318126900000000023e+05 -1.680680999999999869e+01 -1.055294000000000096e+03
2.318128900000000140e+05 -1.200117999999999974e+01 -9.469240999999999531e+02
2.318130899999999965e+05 -1.959843000000000046e+01 -1.043873000000000047e+03
2.318132900000000081e+05 -1.185341000000000022e+01 -9.640659000000000560e+02
2.318134899999999907e+05 -3.073984000000000094e+01 -1.032810999999999922e+03
2.318136900000000023e+05 -1.175489999999999924e+01 -9.854475999999999658e+02
2.318138900000000140e+05 -1.727233000000000018e+01 -9.310780999999999494e+02
2.318140899999999965e+05 -1.760791000000000039e+01 -1.028255000000000109e+03
2.318142900000000081e+05 -1.289747999999999983e+01 -9.757078999999999951e+02
2.318144899999999907e+05 -1.814254999999999995e+01 -9.432186000000000377e+02
2.318146900000000023e+05 -2.040700999999999965e+01 -1.001673999999999978e+03
2.318148900000000140e+05 -1.355741000000000085e+01 -9.897576999999999998e+02
2.318150899999999965e+05 -1.543398999999999965e+01 -9.729986999999999853e+02
2.318152900000000081e+05 -2.116079999999999828e+01 -9.688143000000000029e+02
2.318154899999999907e+05 -2.136537999999999826e+01 -1.004471999999999980e+03
2.318156900000000023e+05 -1.586532000000000053e+01 -1.001585000000000036e+03
2.318158900000000140e+05 -1.419181999999999988e+01 -9.935852999999999611e+02
2.318160899999999965e+05 -1.494814000000000043e+01 -9.761317999999999984e+02
2.318162900000000081e+05 -1.579377999999999993e+01 -9.666779999999999973e+02
2.318164899999999907e+05 -1.693433999999999884e+01 -9.767349000000000387e+02
2.318166900000000023e+05 -1.719431000000000154e+01 -9.733827999999999747e+02
2.318168900000000140e+05 -1.809674000000000049e+01 -9.747789000000000215e+02
2.318170899999999965e+05 -1.738719000000000037e+01 -9.749542000000000144e+02
2.318172900000000081e+05 -1.778573000000000093e+01 -9.821558999999999742e+02
2.318174899999999907e+05 -1.910598999999999847e+01 -9.808300000000000409e+02
2.318176900000000023e+05 -1.627925000000000111e+01 -9.743324000000000069e+02
2.318178900000000140e+05 -1.696412000000000120e+01 -9.778867999999999938e+02
2.318180899999999965e+05 -1.616619000000000028e+01 -9.805529999999999973e+02
2.318182900000000081e+05 -1.522078999999999915e+01 -9.885927000000000362e+02
2.318184899999999907e+05 -1.607777000000000100e+01 -9.860155999999999494e+02
2.318186900000000023e+05 -1.688758999999999943e+01 -9.849287000000000489e+02
2.318188900000000140e+05 -1.774010000000000176e+01 -9.855298000000000229e+02
2.318190899999999965e+05 -1.549985999999999997e+01 -9.761719000000000506e+02
2.318192900000000081e+05 -1.579224999999999923e+01 -9.806835999999999558e+02
2.318194899999999907e+05 -1.589419000000000004e+01 -9.911819000000000415e+02
2.318196900000000023e+05 -1.762027000000000143e+01 -9.857068000000000438e+02
2.318198900000000140e+05 -1.533483000000000018e+01 -9.785665999999999940e+02
2.318200899999999965e+05 -1.742411999999999850e+01 -9.894113999999999578e+02
2.318202900000000081e+05 -1.688941000000000159e+01 -9.852096999999999980e+02
2.318204899999999907e+05 -1.564845000000000041e+01 -9.829243000000000166e+02
2.318206900000000023e+05 -1.808073999999999870e+01 -9.887857000000000198e+02
