# Time finished:
# 2015-06-04 02.17.23
# Temp volt start:
# 1.0001024
# Temp volt stop:
# 1.0001024
# Approx start T:
# 92.4832402726
# Approx stop T:
# 92.491056237
# DC bias measured, messed up:
# 3.999465
# DC bias we asked for:
# 4
2.318333200000000070e+05 -1.429310000000000080e+01 9.197571000000000652e+01
2.318335200000000186e+05 -1.433731000000000044e+01 9.737371000000000265e+01
2.318337200000000012e+05 -1.434378000000000064e+01 9.248387999999999920e+01
2.318339200000000128e+05 -1.336167999999999978e+01 9.275533000000000072e+01
2.318341199999999953e+05 -1.458794999999999931e+01 8.225217000000000667e+01
2.318343200000000070e+05 -1.432623000000000069e+01 8.917676000000000158e+01
2.318345200000000186e+05 -1.498859999999999992e+01 8.626533000000000584e+01
2.318347200000000012e+05 -1.481057000000000023e+01 9.103401999999999816e+01
2.318349200000000128e+05 -1.334891999999999967e+01 9.193197999999999581e+01
2.318351199999999953e+05 -1.378711999999999982e+01 8.452241999999999678e+01
2.318353200000000070e+05 -1.462847999999999971e+01 8.503255000000000052e+01
2.318355200000000186e+05 -1.538898000000000010e+01 8.711799000000000603e+01
2.318357200000000012e+05 -1.361544999999999916e+01 8.920784999999999343e+01
2.318359200000000128e+05 -1.424178000000000033e+01 8.248009000000000412e+01
2.318361199999999953e+05 -1.391220999999999997e+01 8.618466999999999700e+01
2.318363200000000070e+05 -1.413752999999999993e+01 8.518858000000000175e+01
2.318365200000000186e+05 -1.436824999999999974e+01 8.359372999999999365e+01
2.318367200000000012e+05 -1.417887999999999948e+01 8.648130999999999347e+01
2.318369200000000128e+05 -1.370571999999999946e+01 8.362801000000000329e+01
2.318371199999999953e+05 -1.364296000000000042e+01 8.534650000000000603e+01
2.318373200000000070e+05 -1.437604999999999933e+01 8.060918999999999812e+01
2.318375200000000186e+05 -1.386645000000000039e+01 8.613622999999999763e+01
2.318377200000000012e+05 -1.414433000000000007e+01 7.948605000000000587e+01
2.318379200000000128e+05 -1.368967999999999918e+01 7.851711000000000240e+01
2.318381199999999953e+05 -1.362312999999999974e+01 8.079482000000000141e+01
2.318383200000000070e+05 -1.371973999999999982e+01 8.104690999999999690e+01
2.318385200000000186e+05 -1.301237000000000066e+01 8.436533000000000015e+01
2.318387200000000012e+05 -1.389527999999999963e+01 8.231331000000000131e+01
2.318389200000000128e+05 -1.312870000000000026e+01 8.351630000000000109e+01
2.318391199999999953e+05 -1.319294999999999973e+01 7.859471000000000629e+01
2.318393200000000070e+05 -1.239391999999999960e+01 7.973717999999999506e+01
2.318395200000000186e+05 -1.220031999999999961e+01 8.153795999999999822e+01
2.318397200000000012e+05 -1.256898999999999944e+01 7.189697999999999922e+01
2.318399200000000128e+05 -1.209116000000000035e+01 7.698466000000000520e+01
2.318401199999999953e+05 -1.225528000000000084e+01 7.076803999999999917e+01
2.318403200000000070e+05 -1.087533999999999956e+01 6.648140999999999678e+01
2.318405200000000186e+05 -1.012343000000000082e+01 6.863284000000000162e+01
2.318407200000000012e+05 -9.779529000000000138e+00 6.507379000000000246e+01
2.318409200000000128e+05 -9.309476000000000084e+00 5.507854999999999990e+01
2.318411199999999953e+05 -8.827241000000000781e+00 5.072722000000000264e+01
2.318413200000000070e+05 -8.223618000000000094e+00 4.021562000000000126e+01
2.318415200000000186e+05 -7.110902000000000278e+00 2.518101000000000056e+01
2.318417200000000012e+05 -6.592569000000000123e+00 8.046143999999999963e+00
2.318419200000000128e+05 -5.662014000000000102e+00 -1.408497999999999983e+01
2.318421199999999953e+05 -5.561899000000000370e+00 -4.321580000000000155e+01
2.318423200000000070e+05 -5.091310000000000002e+00 -7.846326000000000533e+01
2.318425200000000186e+05 -4.822957999999999856e+00 -1.192926999999999964e+02
2.318427200000000012e+05 -4.270162000000000013e+00 -1.663097999999999956e+02
2.318429200000000128e+05 -4.571432999999999858e+00 -2.170896999999999935e+02
2.318431199999999953e+05 -5.478837999999999653e+00 -2.742445000000000164e+02
2.318433200000000070e+05 -8.467283999999999367e+00 -3.399366999999999734e+02
2.318435200000000186e+05 -1.108380999999999972e+01 -4.432697000000000003e+02
2.318437200000000012e+05 -7.766577999999999982e+00 -5.412546999999999571e+02
2.318439200000000128e+05 -6.960806999999999967e+00 -6.212530000000000427e+02
2.318441199999999953e+05 -1.085244999999999926e+01 -7.162152999999999565e+02
2.318443200000000070e+05 -1.122849000000000075e+01 -8.689697999999999638e+02
2.318445200000000186e+05 -8.387259000000000242e+00 -9.743695999999999913e+02
2.318447200000000012e+05 -1.428560000000000052e+01 -1.075836000000000013e+03
2.318449200000000128e+05 -1.184027000000000029e+01 -9.149098999999999933e+02
2.318451199999999953e+05 -1.039120999999999917e+01 -1.013953999999999951e+03
2.318453200000000070e+05 -1.886564999999999870e+01 -8.632288999999999533e+02
2.318455200000000186e+05 -1.000604000000000049e+01 -9.886638000000000375e+02
2.318457200000000012e+05 -2.630097999999999914e+01 -8.238975000000000364e+02
2.318459200000000128e+05 -1.133080999999999960e+01 -9.818386000000000422e+02
2.318461199999999953e+05 -2.422341000000000122e+01 -9.049034000000000333e+02
2.318463200000000070e+05 -1.232348999999999961e+01 -9.997288999999999533e+02
2.318465200000000186e+05 -1.653459000000000145e+01 -9.230987999999999829e+02
2.318467200000000012e+05 -1.537888000000000055e+01 -1.022960000000000036e+03
2.318469200000000128e+05 -1.251130000000000031e+01 -9.665756000000000085e+02
2.318471199999999953e+05 -2.546968999999999994e+01 -9.460049000000000206e+02
2.318473200000000070e+05 -1.457010000000000005e+01 -1.010948999999999955e+03
2.318475200000000186e+05 -1.258629999999999960e+01 -9.720923000000000229e+02
2.318477200000000012e+05 -1.959254999999999924e+01 -9.406952999999999747e+02
2.318479200000000128e+05 -1.935742000000000118e+01 -1.014495000000000005e+03
2.318481199999999953e+05 -1.375689000000000028e+01 -9.961335000000000264e+02
2.318483200000000070e+05 -1.333567999999999998e+01 -9.687948999999999842e+02
2.318485200000000186e+05 -1.702402999999999977e+01 -9.665434999999999945e+02
2.318487200000000012e+05 -1.997426000000000101e+01 -9.747577999999999747e+02
2.318489200000000128e+05 -1.920262999999999920e+01 -1.003366999999999962e+03
2.318491199999999953e+05 -1.714339999999999975e+01 -9.942510999999999513e+02
2.318493200000000070e+05 -1.654693999999999932e+01 -9.933401999999999816e+02
2.318495200000000186e+05 -1.512908000000000008e+01 -9.896127000000000180e+02
2.318497200000000012e+05 -1.532765999999999984e+01 -9.908460999999999785e+02
2.318499200000000128e+05 -1.413162999999999947e+01 -9.868744000000000369e+02
2.318501199999999953e+05 -1.488132000000000055e+01 -9.849949000000000296e+02
2.318503200000000070e+05 -1.451323999999999970e+01 -9.934615000000000009e+02
2.318505200000000186e+05 -1.517667999999999928e+01 -9.833323000000000320e+02
2.318507200000000012e+05 -1.519041999999999959e+01 -9.920488000000000284e+02
2.318509200000000128e+05 -1.567393000000000036e+01 -9.986105000000000018e+02
2.318511199999999953e+05 -1.801100999999999885e+01 -9.894672000000000480e+02
2.318513200000000070e+05 -1.706888000000000005e+01 -9.812251999999999725e+02
2.318515200000000186e+05 -1.762549999999999883e+01 -9.785578000000000429e+02
2.318517200000000012e+05 -1.578115000000000023e+01 -9.790239000000000260e+02
2.318519200000000128e+05 -1.556577000000000055e+01 -9.868848000000000411e+02
2.318521199999999953e+05 -1.735187000000000168e+01 -9.907417000000000371e+02
2.318523200000000070e+05 -1.904899999999999949e+01 -9.808646999999999707e+02
2.318525200000000186e+05 -1.542844000000000015e+01 -9.821743000000000166e+02
2.318527200000000012e+05 -1.576121999999999979e+01 -9.889672000000000480e+02
2.318529200000000128e+05 -1.640155000000000030e+01 -9.869011000000000422e+02
2.318531199999999953e+05 -1.625922999999999874e+01 -9.824881000000000313e+02
2.318533200000000070e+05 -1.676753000000000071e+01 -9.858020999999999958e+02
