# Time finished:
# 2015-06-03 23.57.23
# Temp volt start:
# 1.0069977
# Temp volt stop:
# 1.0069977
# Approx start T:
# 88.6449801942
# Approx stop T:
# 88.655041815
# DC bias measured, messed up:
# 3.999478
# DC bias we asked for:
# 4
2.318259599999999919e+05 -1.336907000000000068e+01 8.797248000000000445e+01
2.318261600000000035e+05 -1.423776999999999937e+01 7.632295000000000584e+01
2.318263599999999860e+05 -1.374878999999999962e+01 8.318854000000000326e+01
2.318265599999999977e+05 -1.543693999999999988e+01 8.726605000000000700e+01
2.318267599999999802e+05 -1.529167999999999950e+01 9.322656000000000631e+01
2.318269599999999919e+05 -1.439352000000000054e+01 9.860459000000000174e+01
2.318271600000000035e+05 -1.344143000000000043e+01 9.045216999999999530e+01
2.318273599999999860e+05 -1.489561999999999919e+01 7.680160999999999660e+01
2.318275599999999977e+05 -1.496280999999999928e+01 8.179285000000000139e+01
2.318277599999999802e+05 -1.476934999999999931e+01 9.269061000000000661e+01
2.318279599999999919e+05 -1.395711999999999975e+01 8.642718999999999596e+01
2.318281600000000035e+05 -1.428253999999999913e+01 9.047338000000000591e+01
2.318283599999999860e+05 -1.473690999999999995e+01 8.817826999999999771e+01
2.318285599999999977e+05 -1.427903000000000056e+01 8.360039999999999338e+01
2.318287599999999802e+05 -1.479837999999999987e+01 8.595920999999999879e+01
2.318289599999999919e+05 -1.320655999999999963e+01 9.602834000000000003e+01
2.318291600000000035e+05 -1.394905999999999935e+01 8.674178999999999462e+01
2.318293599999999860e+05 -1.436133000000000060e+01 8.673309000000000424e+01
2.318295599999999977e+05 -1.365137000000000000e+01 8.657947000000000060e+01
2.318297599999999802e+05 -1.362221000000000082e+01 8.972907999999999618e+01
2.318299599999999919e+05 -1.446085000000000065e+01 7.967355000000000587e+01
2.318301600000000035e+05 -1.304552999999999940e+01 8.282590000000000430e+01
2.318303599999999860e+05 -1.351614000000000004e+01 8.705607999999999436e+01
2.318305599999999977e+05 -1.308794999999999931e+01 8.286302000000000589e+01
2.318307599999999802e+05 -1.378755999999999915e+01 8.783019000000000176e+01
2.318309599999999919e+05 -1.408860999999999919e+01 8.340655999999999892e+01
2.318311600000000035e+05 -1.254184000000000054e+01 8.375234000000000378e+01
2.318313599999999860e+05 -1.228761000000000081e+01 8.370186999999999955e+01
2.318315599999999977e+05 -1.166402000000000072e+01 7.780324000000000240e+01
2.318317599999999802e+05 -1.215282999999999980e+01 7.504619999999999891e+01
2.318319599999999919e+05 -1.235820999999999970e+01 7.640233000000000629e+01
2.318321600000000035e+05 -1.219534999999999947e+01 7.621236000000000388e+01
2.318323599999999860e+05 -1.150051999999999985e+01 7.319849999999999568e+01
2.318325599999999977e+05 -1.200064000000000064e+01 7.221956000000000131e+01
2.318327599999999802e+05 -1.059788999999999959e+01 6.836999000000000137e+01
2.318329599999999919e+05 -1.027286999999999928e+01 6.663604999999999734e+01
2.318331600000000035e+05 -9.873103999999999658e+00 6.084371000000000151e+01
2.318333599999999860e+05 -8.906065999999999150e+00 5.071650000000000347e+01
2.318335599999999977e+05 -8.344936000000000575e+00 4.334519000000000233e+01
2.318337599999999802e+05 -7.418211999999999584e+00 3.074808000000000163e+01
2.318339599999999919e+05 -7.137834999999999930e+00 1.602854999999999919e+01
2.318341600000000035e+05 -6.313597999999999821e+00 -1.005184000000000077e+00
2.318343599999999860e+05 -5.901723999999999748e+00 -2.788393999999999906e+01
2.318345599999999977e+05 -5.261136999999999730e+00 -6.095627000000000351e+01
2.318347599999999802e+05 -5.045912000000000397e+00 -9.897468000000000643e+01
2.318349599999999919e+05 -4.477325000000000443e+00 -1.438457999999999970e+02
2.318351600000000035e+05 -4.626502000000000336e+00 -1.908628999999999962e+02
2.318353599999999860e+05 -5.096156999999999826e+00 -2.472957000000000107e+02
2.318355599999999977e+05 -7.271898000000000195e+00 -3.025912000000000148e+02
2.318357599999999802e+05 -1.048537999999999926e+01 -3.919388999999999896e+02
2.318359599999999919e+05 -1.022045999999999921e+01 -5.009336000000000126e+02
2.318361600000000035e+05 -7.032516000000000211e+00 -5.865919999999999845e+02
2.318363599999999860e+05 -8.990726000000000440e+00 -6.630223999999999478e+02
2.318365599999999977e+05 -1.480569000000000024e+01 -7.989433000000000220e+02
2.318367599999999802e+05 -9.143703999999999610e+00 -9.305177999999999656e+02
2.318369599999999919e+05 -9.640406000000000475e+00 -1.020192000000000007e+03
2.318371600000000035e+05 -1.693484000000000123e+01 -1.191163999999999987e+03
2.318373599999999860e+05 -9.695285000000000153e+00 -1.325211999999999989e+03
2.318375599999999977e+05 -1.797699000000000069e+01 -1.438163999999999987e+03
2.318377599999999802e+05 -1.104998999999999931e+01 -1.303557999999999993e+03
2.318379599999999919e+05 -1.458460999999999963e+01 -1.407645999999999958e+03
2.318381600000000035e+05 -1.290966000000000058e+01 -1.299919000000000096e+03
2.318383599999999860e+05 -1.913052000000000064e+01 -1.402930000000000064e+03
2.318385599999999977e+05 -1.292942999999999998e+01 -1.315981999999999971e+03
2.318387599999999802e+05 -2.244858999999999938e+01 -1.403290999999999940e+03
2.318389599999999919e+05 -1.189124999999999943e+01 -1.336096999999999980e+03
2.318391600000000035e+05 -1.953034999999999854e+01 -1.287092000000000098e+03
2.318393599999999860e+05 -1.577342999999999940e+01 -1.368343000000000075e+03
2.318395599999999977e+05 -1.271864000000000061e+01 -1.332919000000000096e+03
2.318397599999999802e+05 -1.996906999999999854e+01 -1.308446999999999889e+03
2.318399599999999919e+05 -1.661686999999999870e+01 -1.369505000000000109e+03
2.318401600000000035e+05 -1.313404000000000060e+01 -1.343373000000000047e+03
2.318403599999999860e+05 -1.507910000000000039e+01 -1.316806000000000040e+03
2.318405599999999977e+05 -2.151499000000000095e+01 -1.343950000000000045e+03
2.318407599999999802e+05 -1.782798000000000016e+01 -1.361027000000000044e+03
2.318409599999999919e+05 -1.496400000000000041e+01 -1.357084000000000060e+03
2.318411600000000035e+05 -1.401754999999999995e+01 -1.345282999999999902e+03
2.318413599999999860e+05 -1.569683000000000028e+01 -1.333192999999999984e+03
2.318415599999999977e+05 -1.522453999999999930e+01 -1.330999000000000024e+03
2.318417599999999802e+05 -1.751735000000000042e+01 -1.329179000000000087e+03
2.318419599999999919e+05 -1.881510000000000105e+01 -1.329309999999999945e+03
2.318421600000000035e+05 -1.848132000000000019e+01 -1.336622000000000071e+03
2.318423599999999860e+05 -1.817302000000000106e+01 -1.336329999999999927e+03
2.318425599999999977e+05 -1.800846999999999909e+01 -1.339702999999999975e+03
2.318427599999999802e+05 -1.920757000000000048e+01 -1.343163999999999987e+03
2.318429599999999919e+05 -1.671135999999999910e+01 -1.332173000000000002e+03
2.318431600000000035e+05 -1.616240000000000165e+01 -1.337096999999999980e+03
2.318433599999999860e+05 -1.659068999999999861e+01 -1.335248000000000047e+03
2.318435599999999977e+05 -1.665735000000000099e+01 -1.342203999999999951e+03
2.318437599999999802e+05 -1.582821999999999996e+01 -1.348231999999999971e+03
2.318439599999999919e+05 -1.729596000000000089e+01 -1.347775000000000091e+03
2.318441600000000035e+05 -1.614596999999999838e+01 -1.342470000000000027e+03
2.318443599999999860e+05 -1.714233000000000118e+01 -1.342373000000000047e+03
2.318445599999999977e+05 -1.581560999999999950e+01 -1.336988000000000056e+03
2.318447599999999802e+05 -1.654740999999999929e+01 -1.350213999999999942e+03
2.318449599999999919e+05 -1.676107000000000014e+01 -1.348932999999999993e+03
2.318451600000000035e+05 -1.626287999999999911e+01 -1.336463999999999942e+03
2.318453599999999860e+05 -1.748921999999999954e+01 -1.349128999999999905e+03
2.318455599999999977e+05 -1.488368999999999964e+01 -1.345234999999999900e+03
2.318457599999999802e+05 -1.574951000000000079e+01 -1.340955999999999904e+03
2.318459599999999919e+05 -1.664346000000000103e+01 -1.341127999999999929e+03
