# Time finished:
# 2015-06-04 15.10.14
# Temp volt start:
# 0.88494581
# Temp volt stop:
# 0.88494581
# Approx start T:
# 152.400654725
# Approx stop T:
# 152.431522926
# DC bias measured, messed up:
# 3.999256
# DC bias we asked for:
# 4
2.319199899999999907e+05 -1.583909000000000056e+01 9.130989999999999895e+01
2.319201900000000023e+05 -1.478293999999999997e+01 9.444240999999999531e+01
2.319203899999999849e+05 -1.457446000000000019e+01 9.223086999999999591e+01
2.319205899999999965e+05 -1.380945000000000000e+01 9.094790999999999315e+01
2.319207899999999790e+05 -1.393767000000000067e+01 8.945211000000000467e+01
2.319209899999999907e+05 -1.435345000000000049e+01 8.247526999999999475e+01
2.319211900000000023e+05 -1.471959999999999980e+01 8.507153999999999883e+01
2.319213899999999849e+05 -1.481497000000000064e+01 8.519626999999999839e+01
2.319215899999999965e+05 -1.508469000000000015e+01 9.209163999999999817e+01
2.319217899999999790e+05 -1.406115999999999921e+01 8.537717000000000667e+01
2.319219899999999907e+05 -1.416275000000000084e+01 8.472021999999999764e+01
2.319221900000000023e+05 -1.385899000000000036e+01 8.583463999999999317e+01
2.319223899999999849e+05 -1.489896000000000065e+01 8.542597000000000662e+01
2.319225899999999965e+05 -1.440352999999999994e+01 8.438496000000000663e+01
2.319227899999999790e+05 -1.368878999999999913e+01 8.624376999999999782e+01
2.319229899999999907e+05 -1.384005999999999936e+01 8.922294999999999732e+01
2.319231900000000023e+05 -1.442469999999999963e+01 8.466446999999999434e+01
2.319233899999999849e+05 -1.423942000000000085e+01 8.310945999999999856e+01
2.319235899999999965e+05 -1.528645999999999994e+01 8.863993000000000677e+01
2.319237899999999790e+05 -1.419242000000000026e+01 8.354632999999999754e+01
2.319239899999999907e+05 -1.371635000000000026e+01 8.168940999999999519e+01
2.319241900000000023e+05 -1.373410999999999937e+01 7.789243000000000450e+01
2.319243899999999849e+05 -1.352607000000000070e+01 8.619829000000000008e+01
2.319245899999999965e+05 -1.332816000000000045e+01 8.488667999999999836e+01
2.319247899999999790e+05 -1.352712000000000003e+01 8.795816000000000656e+01
2.319249899999999907e+05 -1.266966999999999999e+01 8.194504999999999484e+01
2.319251900000000023e+05 -1.325061999999999962e+01 8.435527999999999338e+01
2.319253899999999849e+05 -1.274253999999999998e+01 8.145511000000000479e+01
2.319255899999999965e+05 -1.267988000000000071e+01 8.104952000000000112e+01
2.319257899999999790e+05 -1.235487000000000002e+01 8.149241000000000668e+01
2.319259899999999907e+05 -1.242475999999999914e+01 7.806862999999999886e+01
2.319261900000000023e+05 -1.143296999999999919e+01 7.921262000000000114e+01
2.319263899999999849e+05 -1.156018000000000079e+01 7.398747000000000185e+01
2.319265899999999965e+05 -1.107874999999999943e+01 7.076304000000000372e+01
2.319267899999999790e+05 -1.118952999999999953e+01 6.345618000000000336e+01
2.319269899999999907e+05 -1.080788000000000082e+01 6.418661000000000172e+01
2.319271900000000023e+05 -9.349399999999999267e+00 6.022160999999999831e+01
2.319273899999999849e+05 -9.171279999999999433e+00 5.479632999999999754e+01
2.319275899999999965e+05 -8.707032999999999134e+00 4.483523000000000280e+01
2.319277899999999790e+05 -8.142789999999999750e+00 3.718941999999999837e+01
2.319279899999999907e+05 -7.154204000000000008e+00 1.852456000000000103e+01
2.319281900000000023e+05 -6.595692999999999806e+00 8.706450999999999496e-01
2.319283899999999849e+05 -6.159660999999999831e+00 -2.612727999999999895e+01
2.319285899999999965e+05 -5.875230000000000175e+00 -5.436655999999999977e+01
2.319287899999999790e+05 -5.707853000000000065e+00 -9.070032000000000494e+01
2.319289899999999907e+05 -5.613189000000000206e+00 -1.362481999999999971e+02
2.319291900000000023e+05 -5.396913999999999767e+00 -1.836355000000000075e+02
2.319293899999999849e+05 -5.946234999999999715e+00 -2.359596999999999980e+02
2.319295899999999965e+05 -8.057672000000000168e+00 -2.926653999999999769e+02
2.319297899999999790e+05 -1.135576999999999970e+01 -3.676555999999999926e+02
2.319299899999999907e+05 -1.205212000000000039e+01 -4.876741000000000099e+02
2.319301900000000023e+05 -9.144901000000000835e+00 -5.749895999999999958e+02
2.319303899999999849e+05 -9.792229000000000738e+00 -6.444284000000000106e+02
2.319305899999999965e+05 -1.827351000000000170e+01 -7.570374000000000478e+02
2.319307899999999790e+05 -1.193196999999999974e+01 -9.174290999999999485e+02
2.319309899999999907e+05 -1.077149999999999963e+01 -9.987734000000000378e+02
2.319311900000000023e+05 -2.892454000000000036e+01 -1.129269999999999982e+03
2.319313899999999849e+05 -1.140615000000000023e+01 -9.524944000000000415e+02
2.319315899999999965e+05 -1.611841000000000079e+01 -1.034964999999999918e+03
2.319317899999999790e+05 -1.454857999999999940e+01 -9.370792000000000144e+02
2.319319899999999907e+05 -1.376665000000000028e+01 -1.013852999999999952e+03
2.319321900000000023e+05 -1.700301999999999936e+01 -9.324968000000000075e+02
2.319323899999999849e+05 -1.501459000000000010e+01 -1.009341999999999985e+03
2.319325899999999965e+05 -1.692494999999999905e+01 -9.532030999999999494e+02
2.319327899999999790e+05 -1.791761999999999944e+01 -1.013594000000000051e+03
2.319329899999999907e+05 -1.389516000000000062e+01 -9.607626000000000204e+02
2.319331900000000023e+05 -2.093469999999999942e+01 -9.875774000000000115e+02
2.319333899999999849e+05 -1.450220999999999982e+01 -9.937319999999999709e+02
2.319335899999999965e+05 -1.509861000000000075e+01 -9.632154000000000451e+02
2.319337899999999790e+05 -1.956370000000000076e+01 -9.783319000000000187e+02
2.319339899999999907e+05 -1.531988999999999912e+01 -9.925674000000000206e+02
2.319341900000000023e+05 -1.609349999999999881e+01 -9.717250999999999976e+02
2.319343899999999849e+05 -1.845720999999999989e+01 -9.641212000000000444e+02
2.319345899999999965e+05 -1.818330999999999875e+01 -9.928051000000000386e+02
2.319347899999999790e+05 -1.649818000000000140e+01 -9.816523999999999432e+02
2.319349899999999907e+05 -1.565746000000000038e+01 -9.795579999999999927e+02
2.319351900000000023e+05 -1.539915000000000056e+01 -9.771440000000000055e+02
2.319353899999999849e+05 -1.674840999999999980e+01 -9.667621000000000322e+02
2.319355899999999965e+05 -1.757736999999999838e+01 -9.721453000000000202e+02
2.319357899999999790e+05 -1.650328000000000017e+01 -9.807818999999999505e+02
2.319359899999999907e+05 -1.855369999999999919e+01 -9.874270999999999958e+02
2.319361900000000023e+05 -1.687613999999999947e+01 -9.910837000000000216e+02
2.319363899999999849e+05 -1.796893000000000029e+01 -9.920761999999999716e+02
2.319365899999999965e+05 -1.769180000000000064e+01 -9.914914999999999736e+02
2.319367899999999790e+05 -1.666743999999999915e+01 -9.830667999999999438e+02
2.319369899999999907e+05 -1.843708000000000169e+01 -9.797010000000000218e+02
2.319371900000000023e+05 -1.832576999999999856e+01 -9.788781000000000176e+02
2.319373899999999849e+05 -1.629520000000000124e+01 -9.864832999999999856e+02
2.319375899999999965e+05 -1.683301000000000158e+01 -9.845330999999999904e+02
2.319377899999999790e+05 -1.689568999999999832e+01 -9.801091999999999871e+02
2.319379899999999907e+05 -1.673237999999999914e+01 -9.839265000000000327e+02
2.319381900000000023e+05 -1.646123000000000047e+01 -9.816746000000000549e+02
2.319383899999999849e+05 -1.681691999999999965e+01 -9.827351999999999634e+02
2.319385899999999965e+05 -1.660872000000000170e+01 -9.793273000000000366e+02
2.319387899999999790e+05 -1.579745999999999917e+01 -9.867432999999999765e+02
2.319389899999999907e+05 -1.590124999999999922e+01 -9.864964999999999691e+02
2.319391900000000023e+05 -1.664619000000000071e+01 -9.858297999999999774e+02
2.319393899999999849e+05 -1.642808000000000135e+01 -9.819452999999999747e+02
2.319395899999999965e+05 -1.588990000000000080e+01 -9.822432999999999765e+02
2.319397899999999790e+05 -1.638013000000000119e+01 -9.775544999999999618e+02
2.319399899999999907e+05 -1.572946999999999917e+01 -9.867359000000000151e+02
