# Time finished:
# 2015-06-02 00.00.59
# Temp volt start:
# 0.94280192
# Temp volt stop:
# 0.94280192
# Approx start T:
# 123.212667254
# Approx stop T:
# 123.171086397
# DC bias measured, messed up:
# 8.001257
# DC bias we asked for:
# 8
2.318739700000000012e+05 -9.647496000000000294e+00 7.942771000000000470e+01
2.318741700000000128e+05 -8.579535999999999163e+00 8.724801999999999680e+01
2.318743699999999953e+05 -1.151204000000000072e+01 7.401514000000000237e+01
2.318745700000000070e+05 -9.769964999999999122e+00 7.238853000000000293e+01
2.318747699999999895e+05 -1.135908000000000051e+01 5.574208000000000141e+01
2.318749700000000012e+05 -1.112048000000000059e+01 6.846470999999999663e+01
2.318751700000000128e+05 -1.791329999999999956e+01 5.443200999999999823e+01
2.318753699999999953e+05 -1.666465000000000174e+01 8.318719000000000108e+01
2.318755700000000070e+05 -1.223279999999999923e+01 1.091471999999999980e+02
2.318757699999999895e+05 -1.061749999999999972e+01 8.055521000000000242e+01
2.318759700000000012e+05 -1.163428000000000040e+01 7.832721999999999696e+01
2.318761700000000128e+05 -1.681569999999999965e+01 7.225236999999999910e+01
2.318763699999999953e+05 -1.231751000000000040e+01 9.244459999999999411e+01
2.318765700000000070e+05 -1.069189000000000078e+01 9.779626000000000374e+01
2.318767699999999895e+05 -1.004030999999999985e+01 6.048051000000000244e+01
2.318769700000000012e+05 -1.193614999999999959e+01 7.456605999999999312e+01
2.318771700000000128e+05 -9.374364999999999171e+00 1.002172999999999945e+02
2.318773699999999953e+05 -1.080541999999999980e+01 7.737958000000000425e+01
2.318775700000000070e+05 -8.996323999999999543e+00 8.155796999999999741e+01
2.318777699999999895e+05 -1.076379999999999981e+01 8.514740999999999360e+01
2.318779700000000012e+05 -1.051158000000000037e+01 8.553397999999999968e+01
2.318781700000000128e+05 -9.449790999999999386e+00 9.651655999999999835e+01
2.318783699999999953e+05 -1.385566000000000031e+01 9.797332000000000107e+01
2.318785700000000070e+05 -9.103609000000000506e+00 6.300421000000000049e+01
2.318787699999999895e+05 -1.101088000000000022e+01 8.407201999999999487e+01
2.318789700000000012e+05 -7.872278999999999805e+00 5.755962000000000245e+01
2.318791700000000128e+05 -8.625662000000000162e+00 8.648772999999999911e+01
2.318793699999999953e+05 -1.289606000000000030e+01 7.531735000000000468e+01
2.318795700000000070e+05 -7.542082999999999871e+00 7.723067000000000348e+01
2.318797699999999895e+05 -9.829036000000000328e+00 6.179883999999999844e+01
2.318799700000000012e+05 -7.371125000000000149e+00 6.859062000000000126e+01
2.318801700000000128e+05 -7.102529999999999788e+00 6.568175999999999704e+01
2.318803699999999953e+05 -8.914837999999999596e+00 8.161951999999999430e+01
2.318805700000000070e+05 -5.649511000000000394e+00 6.289202000000000226e+01
2.318807699999999895e+05 -5.846314999999999706e+00 7.851848999999999990e+01
2.318809700000000012e+05 -4.504334000000000060e+00 6.732083000000000084e+01
2.318811700000000128e+05 -4.533583000000000141e+00 6.090211999999999648e+01
2.318813699999999953e+05 -3.686682999999999932e+00 6.148738000000000170e+01
2.318815700000000070e+05 -1.708919999999999995e+00 5.521441000000000088e+01
2.318817699999999895e+05 -7.754900999999999600e-01 5.241604999999999848e+01
2.318819700000000012e+05 -7.110511999999999944e-01 4.190471000000000146e+01
2.318821700000000128e+05 1.028318000000000065e+00 3.527347999999999928e+01
2.318823699999999953e+05 2.759131000000000000e+00 2.486855999999999867e+01
2.318825700000000070e+05 4.061352000000000295e+00 1.008877000000000024e+01
2.318827699999999895e+05 5.456672000000000189e+00 -6.521215999999999902e+00
2.318829700000000012e+05 6.174083000000000432e+00 -2.204083999999999932e+01
2.318831700000000128e+05 7.486951999999999607e+00 -4.527935000000000088e+01
2.318833699999999953e+05 8.512622999999999607e+00 -7.140059999999999718e+01
2.318835700000000070e+05 8.839525000000000077e+00 -1.044969999999999999e+02
2.318837699999999895e+05 8.417529000000000039e+00 -1.412604000000000042e+02
2.318839700000000012e+05 6.927520999999999596e+00 -1.919684000000000026e+02
2.318841700000000128e+05 5.495858000000000132e+00 -2.554575000000000102e+02
2.318843699999999953e+05 3.491826000000000096e+00 -3.403204999999999814e+02
2.318845700000000070e+05 4.466410999999999909e+00 -4.287649000000000115e+02
2.318847699999999895e+05 4.964739999999999931e+00 -5.098507999999999925e+02
2.318849700000000012e+05 3.368079999999999963e+00 -5.975503999999999678e+02
2.318851700000000128e+05 2.133824000000000165e+00 -7.171108000000000402e+02
2.318853699999999953e+05 2.457409999999999872e+00 -8.360641000000000531e+02
2.318855700000000070e+05 1.921518999999999977e+00 -9.415995000000000346e+02
2.318857699999999895e+05 -2.332656999999999925e-01 -1.087602000000000089e+03
2.318859700000000012e+05 1.065922999999999954e+00 -1.232300999999999931e+03
2.318861700000000128e+05 -6.686604000000000436e-01 -1.368604000000000042e+03
2.318863699999999953e+05 -2.339614000000000082e+00 -1.535936999999999898e+03
2.318865700000000070e+05 -1.341013000000000011e+00 -1.689520999999999958e+03
2.318867699999999895e+05 -3.496542999999999957e+00 -1.512275000000000091e+03
2.318869700000000012e+05 -2.088006000000000029e+00 -1.685969000000000051e+03
2.318871700000000128e+05 -6.545160000000000089e+00 -1.530422000000000025e+03
2.318873699999999953e+05 -3.075925999999999938e+00 -1.710239000000000033e+03
2.318875700000000070e+05 -4.516511000000000386e+00 -1.574155999999999949e+03
2.318877699999999895e+05 -9.933474000000000359e+00 -1.422809999999999945e+03
2.318879700000000012e+05 -3.475360999999999922e+00 -1.288798999999999978e+03
2.318881700000000128e+05 -9.612145999999999191e+00 -1.177051999999999907e+03
2.318883699999999953e+05 -9.328936999999999813e+00 -1.028088999999999942e+03
2.318885700000000070e+05 -5.691550000000000331e+00 -9.328313000000000557e+02
2.318887699999999895e+05 -1.046588000000000029e+01 -8.516590999999999667e+02
2.318889700000000012e+05 -1.317450000000000010e+01 -6.995334000000000287e+02
2.318891700000000128e+05 -8.464586999999999861e+00 -6.355692999999999984e+02
2.318893699999999953e+05 -8.843291999999999931e+00 -5.700854000000000497e+02
2.318895700000000070e+05 -9.381966999999999501e+00 -5.326671999999999798e+02
2.318897699999999895e+05 -1.552096000000000053e+01 -4.686632000000000176e+02
2.318899700000000012e+05 -1.589530000000000065e+01 -3.903922000000000025e+02
2.318901700000000128e+05 -1.495958000000000077e+01 -3.200575000000000045e+02
2.318903699999999953e+05 -1.232893999999999934e+01 -2.977817999999999756e+02
2.318905700000000070e+05 -1.540816000000000052e+01 -2.666983000000000175e+02
2.318907699999999895e+05 -1.307685000000000031e+01 -2.581150000000000091e+02
2.318909700000000012e+05 -9.736632000000000176e+00 -2.535764000000000067e+02
2.318911700000000128e+05 -1.225545999999999935e+01 -2.558275999999999897e+02
2.318913699999999953e+05 -1.001697000000000060e+01 -2.451910000000000025e+02
2.318915700000000070e+05 -1.288696000000000019e+01 -2.456068999999999960e+02
2.318917699999999895e+05 -1.070407999999999937e+01 -2.875511000000000195e+02
2.318919700000000012e+05 -2.079354999999999976e+01 -3.033632999999999811e+02
2.318921700000000128e+05 -2.593885999999999825e+01 -2.992479999999999905e+02
2.318923699999999953e+05 -2.232589000000000112e+01 -1.438846000000000060e+02
2.318925700000000070e+05 -1.951457999999999871e+01 -1.973542999999999950e+02
2.318927699999999895e+05 -1.370433000000000057e+01 -2.117735000000000127e+02
2.318929700000000012e+05 -1.572875999999999941e+01 -2.764895999999999958e+02
2.318931700000000128e+05 -2.093981000000000137e+01 -2.503316000000000088e+02
2.318933699999999953e+05 -1.784562000000000026e+01 -1.865284000000000049e+02
2.318935700000000070e+05 -1.376997000000000071e+01 -2.285348999999999933e+02
2.318937699999999895e+05 -1.401909999999999989e+01 -2.774202999999999975e+02
2.318939700000000012e+05 -2.362757999999999825e+01 -3.059961000000000126e+02
