# Time finished:
# 2015-06-03 11.02.46
# Temp volt start:
# 1.0094569
# Temp volt stop:
# 1.0094569
# Approx start T:
# 87.2682559159
# Approx stop T:
# 87.2733019101
# DC bias measured, messed up:
# 3.999823
# DC bias we asked for:
# 4
2.318217000000000116e+05 -1.367802000000000007e+01 8.993262000000000000e+01
2.318219000000000233e+05 -1.360913000000000039e+01 8.246687000000000012e+01
2.318221000000000058e+05 -1.430545000000000044e+01 8.357170000000000698e+01
2.318223000000000175e+05 -1.588414999999999999e+01 8.080853000000000463e+01
2.318225000000000000e+05 -1.513940000000000019e+01 9.298566999999999894e+01
2.318227000000000116e+05 -1.547503999999999991e+01 9.751843999999999824e+01
2.318229000000000233e+05 -1.324749000000000088e+01 8.668559000000000481e+01
2.318231000000000058e+05 -1.364657000000000053e+01 8.430580000000000496e+01
2.318233000000000175e+05 -1.576416000000000039e+01 8.738580000000000325e+01
2.318235000000000000e+05 -1.555784000000000056e+01 9.030978000000000350e+01
2.318237000000000116e+05 -1.345761000000000074e+01 8.325821000000000538e+01
2.318239000000000233e+05 -1.443097000000000030e+01 8.214247000000000298e+01
2.318241000000000058e+05 -1.375947999999999993e+01 9.021276000000000295e+01
2.318243000000000175e+05 -1.377731999999999957e+01 8.357343000000000188e+01
2.318245000000000000e+05 -1.452177999999999969e+01 8.572056999999999505e+01
2.318247000000000116e+05 -1.406002999999999936e+01 8.990076000000000533e+01
2.318249000000000233e+05 -1.414512999999999998e+01 7.988737000000000421e+01
2.318251000000000058e+05 -1.474948999999999977e+01 8.629192999999999358e+01
2.318253000000000175e+05 -1.466610000000000014e+01 8.723751000000000033e+01
2.318255000000000000e+05 -1.339260999999999946e+01 8.761320000000000618e+01
2.318257000000000116e+05 -1.397936999999999941e+01 7.807528000000000645e+01
2.318259000000000233e+05 -1.350399999999999956e+01 8.580553000000000452e+01
2.318261000000000058e+05 -1.387072000000000038e+01 8.417323000000000377e+01
2.318263000000000175e+05 -1.324166999999999916e+01 8.135370000000000346e+01
2.318265000000000000e+05 -1.317534000000000027e+01 8.729375000000000284e+01
2.318267000000000116e+05 -1.341438999999999915e+01 8.322030999999999779e+01
2.318269000000000233e+05 -1.308649999999999913e+01 7.726238999999999635e+01
2.318271000000000058e+05 -1.234342999999999968e+01 7.913746999999999332e+01
2.318273000000000175e+05 -1.309248999999999974e+01 7.950884999999999536e+01
2.318275000000000000e+05 -1.271963000000000044e+01 7.722056999999999505e+01
2.318277000000000116e+05 -1.213237999999999950e+01 7.687999999999999545e+01
2.318279000000000233e+05 -1.108924999999999983e+01 7.684309000000000367e+01
2.318281000000000058e+05 -1.216929000000000016e+01 7.274296999999999969e+01
2.318283000000000175e+05 -1.194530999999999921e+01 6.978212999999999511e+01
2.318285000000000000e+05 -1.117347000000000001e+01 6.832967999999999620e+01
2.318287000000000116e+05 -1.010139999999999993e+01 6.338251000000000346e+01
2.318289000000000233e+05 -9.355302999999999258e+00 5.642148999999999859e+01
2.318291000000000058e+05 -8.691558999999999813e+00 4.783919000000000210e+01
2.318293000000000175e+05 -8.171618999999999744e+00 3.945062999999999676e+01
2.318295000000000000e+05 -7.485540999999999556e+00 2.258745000000000047e+01
2.318297000000000116e+05 -6.376141999999999754e+00 7.992802000000000184e+00
2.318299000000000233e+05 -5.908500000000000085e+00 -1.021686000000000050e+01
2.318301000000000058e+05 -5.551646999999999998e+00 -4.294415999999999656e+01
2.318303000000000175e+05 -5.460370000000000168e+00 -7.348756000000000199e+01
2.318305000000000000e+05 -5.101581000000000365e+00 -1.169976000000000056e+02
2.318307000000000116e+05 -5.128468999999999944e+00 -1.635444999999999993e+02
2.318309000000000233e+05 -4.803173000000000137e+00 -2.144456999999999880e+02
2.318311000000000058e+05 -5.587658000000000236e+00 -2.696134000000000128e+02
2.318313000000000175e+05 -8.604513000000000744e+00 -3.364608000000000061e+02
2.318315000000000000e+05 -1.048096999999999923e+01 -4.393319999999999936e+02
2.318317000000000116e+05 -8.013749000000000677e+00 -5.394803000000000566e+02
2.318319000000000233e+05 -7.299009999999999998e+00 -6.174086999999999534e+02
2.318321000000000058e+05 -1.117962999999999951e+01 -7.036036000000000286e+02
2.318323000000000175e+05 -1.289939999999999998e+01 -8.671992000000000189e+02
2.318325000000000000e+05 -8.602149999999999963e+00 -9.670557999999999765e+02
2.318327000000000116e+05 -1.388837000000000010e+01 -1.060506000000000085e+03
2.318329000000000233e+05 -1.182079000000000057e+01 -9.069673000000000229e+02
2.318331000000000058e+05 -1.014431000000000083e+01 -1.008004000000000019e+03
2.318333000000000175e+05 -1.817754000000000048e+01 -8.543147000000000162e+02
2.318335000000000000e+05 -1.033488000000000007e+01 -9.802468999999999824e+02
2.318337000000000116e+05 -2.983181000000000083e+01 -1.155238000000000056e+03
2.318339000000000233e+05 -1.108034999999999926e+01 -9.814959000000000060e+02
2.318341000000000058e+05 -3.332339000000000340e+01 -9.268682999999999765e+02
2.318343000000000175e+05 -1.221552999999999933e+01 -9.903244999999999436e+02
2.318345000000000000e+05 -1.779298000000000002e+01 -9.268057000000000016e+02
2.318347000000000116e+05 -1.542861000000000082e+01 -1.021917000000000030e+03
2.318349000000000233e+05 -1.294453000000000031e+01 -9.612557000000000471e+02
2.318351000000000058e+05 -2.742606999999999928e+01 -9.642127000000000407e+02
2.318353000000000175e+05 -1.450683000000000078e+01 -1.004029999999999973e+03
2.318355000000000000e+05 -1.412662000000000084e+01 -9.619406000000000176e+02
2.318357000000000116e+05 -2.162080999999999875e+01 -9.582382999999999811e+02
2.318359000000000233e+05 -1.851357000000000141e+01 -1.011208999999999946e+03
2.318361000000000058e+05 -1.350098999999999982e+01 -9.950546000000000504e+02
2.318363000000000175e+05 -1.516966000000000037e+01 -9.708808000000000220e+02
2.318365000000000000e+05 -1.845971000000000117e+01 -9.607346000000000004e+02
2.318367000000000116e+05 -2.241567999999999827e+01 -9.796136999999999944e+02
2.318369000000000233e+05 -1.794498000000000104e+01 -1.002974000000000046e+03
2.318371000000000058e+05 -1.582975000000000065e+01 -1.001270999999999958e+03
2.318373000000000175e+05 -1.584877000000000002e+01 -9.905389000000000124e+02
2.318375000000000000e+05 -1.531784000000000034e+01 -9.877163000000000466e+02
2.318377000000000116e+05 -1.526091000000000086e+01 -9.810497000000000298e+02
2.318379000000000233e+05 -1.433276000000000039e+01 -9.820290999999999713e+02
2.318381000000000058e+05 -1.454296000000000078e+01 -9.932137000000000171e+02
2.318383000000000175e+05 -1.525839999999999996e+01 -9.821121000000000549e+02
2.318385000000000000e+05 -1.515286000000000044e+01 -9.887336999999999989e+02
2.318387000000000116e+05 -1.528167999999999971e+01 -9.874824999999999591e+02
2.318389000000000233e+05 -1.530878000000000050e+01 -9.893627000000000180e+02
2.318391000000000058e+05 -1.639438000000000173e+01 -9.922614999999999554e+02
2.318393000000000175e+05 -1.858314999999999984e+01 -9.817464999999999691e+02
2.318395000000000000e+05 -1.744763000000000019e+01 -9.859414000000000442e+02
2.318397000000000116e+05 -1.587617000000000012e+01 -9.775028999999999542e+02
2.318399000000000233e+05 -1.562715999999999994e+01 -9.864270999999999958e+02
2.318401000000000058e+05 -1.850672000000000139e+01 -9.851970000000000027e+02
2.318403000000000175e+05 -1.797922000000000153e+01 -9.953524999999999636e+02
2.318405000000000000e+05 -1.655355000000000132e+01 -9.842480000000000473e+02
2.318407000000000116e+05 -1.608596000000000004e+01 -9.832131000000000540e+02
2.318409000000000233e+05 -1.668612999999999857e+01 -9.953733999999999469e+02
2.318411000000000058e+05 -1.614724000000000004e+01 -9.752372000000000298e+02
2.318413000000000175e+05 -1.575475999999999921e+01 -9.850641000000000531e+02
2.318415000000000000e+05 -1.777347999999999928e+01 -9.904326999999999543e+02
2.318417000000000116e+05 -1.704172000000000153e+01 -9.821036000000000286e+02
