# Time finished:
# 2015-06-02 04.59.11
# Temp volt start:
# 1.0093799
# Temp volt stop:
# 1.0093799
# Approx start T:
# 87.3114254001
# Approx stop T:
# 87.3035206434
# DC bias measured, messed up:
# 8.00117
# DC bias we asked for:
# 8
2.318098900000000140e+05 -1.416534000000000049e+01 7.503074999999999761e+01
2.318100900000000256e+05 -1.335711000000000048e+01 8.034739000000000431e+01
2.318102900000000081e+05 -1.198620000000000019e+01 5.376621000000000095e+01
2.318104900000000198e+05 -1.115840000000000032e+01 7.296160000000000423e+01
2.318106900000000023e+05 -1.525366999999999962e+01 6.796428000000000225e+01
2.318108900000000140e+05 -1.122709000000000046e+01 8.542506000000000199e+01
2.318110900000000256e+05 -1.184084999999999965e+01 8.883450000000000557e+01
2.318112900000000081e+05 -1.158689999999999998e+01 1.022660999999999945e+02
2.318114900000000198e+05 -9.572110999999999592e+00 6.280881999999999721e+01
2.318116900000000023e+05 -7.947236000000000189e+00 8.413430999999999926e+01
2.318118900000000140e+05 -1.049445000000000050e+01 8.347424999999999784e+01
2.318120900000000256e+05 -1.591699999999999982e+01 7.576470000000000482e+01
2.318122900000000081e+05 -1.053186000000000000e+01 7.765240000000000009e+01
2.318124900000000198e+05 -1.199876000000000076e+01 6.661624000000000478e+01
2.318126900000000023e+05 -1.170138000000000034e+01 6.731663000000000352e+01
2.318128900000000140e+05 -1.018337999999999965e+01 6.844115999999999644e+01
2.318130900000000256e+05 -1.205367000000000033e+01 7.248583000000000709e+01
2.318132900000000081e+05 -1.121574000000000026e+01 9.001559000000000310e+01
2.318134900000000198e+05 -1.214902000000000015e+01 8.305558000000000618e+01
2.318136900000000023e+05 -1.049001999999999946e+01 8.288585000000000491e+01
2.318138900000000140e+05 -1.026562999999999981e+01 7.012359999999999616e+01
2.318140900000000256e+05 -1.111566999999999972e+01 7.602920000000000300e+01
2.318142900000000081e+05 -9.099842000000000652e+00 7.544244000000000483e+01
2.318144900000000198e+05 -1.064771000000000001e+01 7.503067000000000064e+01
2.318146900000000023e+05 -8.955778999999999712e+00 8.099545000000000528e+01
2.318148900000000140e+05 -1.150149000000000044e+01 6.991040999999999883e+01
2.318150900000000256e+05 -7.237417999999999907e+00 7.074065000000000225e+01
2.318152900000000081e+05 -8.731500000000000483e+00 8.387645000000000550e+01
2.318154900000000198e+05 -9.855425999999999576e+00 6.737636999999999432e+01
2.318156900000000023e+05 -7.156902999999999793e+00 7.044786000000000570e+01
2.318158900000000140e+05 -8.834825999999999624e+00 8.036491999999999791e+01
2.318160900000000256e+05 -8.179733999999999838e+00 6.804421999999999571e+01
2.318162900000000081e+05 -7.398310000000000386e+00 7.235926000000000613e+01
2.318164900000000198e+05 -7.243942999999999799e+00 6.117372000000000298e+01
2.318166900000000023e+05 -6.977974999999999817e+00 5.584895000000000209e+01
2.318168900000000140e+05 -5.381795000000000329e+00 6.132289999999999708e+01
2.318170900000000256e+05 -6.183238000000000234e+00 6.548865000000000691e+01
2.318172900000000081e+05 -3.960468999999999795e+00 5.132083999999999691e+01
2.318174900000000198e+05 -3.218941000000000052e+00 6.121280000000000143e+01
2.318176900000000023e+05 -1.971151000000000098e+00 4.669883999999999702e+01
2.318178900000000140e+05 1.204690000000000066e-01 4.422350999999999743e+01
2.318180900000000256e+05 9.758046000000000220e-01 3.660786000000000229e+01
2.318182900000000081e+05 1.905181999999999931e+00 2.952464000000000155e+01
2.318184900000000198e+05 3.371753000000000000e+00 1.502505000000000024e+01
2.318186900000000023e+05 4.951699999999999768e+00 -2.488036000000000136e+00
2.318188900000000140e+05 6.346975999999999729e+00 -2.088654999999999973e+01
2.318190900000000256e+05 7.395940000000000403e+00 -3.944243000000000166e+01
2.318192900000000081e+05 8.153465999999999880e+00 -6.943404999999999916e+01
2.318194900000000198e+05 8.566623999999999128e+00 -9.932214999999999350e+01
2.318196900000000023e+05 8.255572000000000799e+00 -1.352538000000000125e+02
2.318198900000000140e+05 7.218911000000000300e+00 -1.819386000000000081e+02
2.318200900000000256e+05 4.864079000000000264e+00 -2.411947000000000116e+02
2.318202900000000081e+05 2.888215000000000199e+00 -3.206569000000000074e+02
2.318204900000000198e+05 3.308917999999999804e+00 -4.122038999999999760e+02
2.318206900000000023e+05 4.009675999999999796e+00 -4.903892000000000166e+02
2.318208900000000140e+05 3.122736000000000178e+00 -5.789437000000000353e+02
2.318210900000000256e+05 6.261370000000000546e-01 -6.848088000000000193e+02
2.318212900000000081e+05 1.434717000000000020e+00 -8.163473999999999933e+02
2.318214900000000198e+05 1.966317000000000093e+00 -9.214501000000000204e+02
2.318216900000000023e+05 -1.445874000000000104e+00 -1.049417999999999893e+03
2.318218900000000140e+05 5.748997000000000135e-01 -1.194817999999999984e+03
2.318220900000000256e+05 -1.548872000000000027e+00 -1.329385999999999967e+03
2.318222900000000081e+05 -1.696517999999999970e+00 -1.493505000000000109e+03
2.318224900000000198e+05 -1.902301000000000020e+00 -1.649253999999999905e+03
2.318226900000000023e+05 -4.915918999999999706e+00 -1.826384000000000015e+03
2.318228900000000140e+05 -3.693706999999999852e+00 -1.649125999999999976e+03
2.318230900000000256e+05 -6.923390000000000377e+00 -1.489048000000000002e+03
2.318232900000000081e+05 -3.749092999999999787e+00 -1.314211999999999989e+03
2.318234900000000198e+05 -7.058123000000000147e+00 -1.181053000000000111e+03
2.318236900000000023e+05 -6.322549000000000419e+00 -1.005129999999999995e+03
2.318238900000000140e+05 -6.410032000000000174e+00 -8.917684000000000424e+02
2.318240900000000256e+05 -9.183633000000000379e+00 -7.263125999999999749e+02
2.318242900000000081e+05 -5.670806999999999931e+00 -6.120700000000000500e+02
2.318244900000000198e+05 -7.828725000000000378e+00 -5.317938000000000329e+02
2.318246900000000023e+05 -1.450154999999999994e+01 -4.293675000000000068e+02
2.318248900000000140e+05 -9.511392000000000735e+00 -3.091634000000000242e+02
2.318250900000000256e+05 -8.657284000000000646e+00 -2.241374000000000137e+02
2.318252900000000081e+05 -1.059357999999999933e+01 -1.722204999999999870e+02
2.318254900000000198e+05 -2.053040000000000020e+01 -9.295493000000000450e+01
2.318256900000000023e+05 -1.719887999999999906e+01 -1.140553000000000061e+01
2.318258900000000140e+05 -1.578777999999999970e+01 7.706559000000000026e+01
2.318260900000000256e+05 -1.145355999999999952e+01 9.177788999999999930e+01
2.318262900000000081e+05 -1.324967999999999968e+01 1.303274000000000115e+02
2.318264900000000198e+05 -1.048135000000000083e+01 1.414668000000000063e+02
2.318266900000000023e+05 -1.405125999999999920e+01 1.638154999999999859e+02
2.318268900000000140e+05 -1.223548000000000080e+01 1.681804999999999950e+02
2.318270900000000256e+05 -1.534456999999999915e+01 1.305749999999999886e+02
2.318272900000000081e+05 -1.750775000000000148e+01 1.349397999999999911e+02
2.318274900000000198e+05 -1.511749000000000009e+01 1.415612000000000137e+02
2.318276900000000023e+05 -1.389947000000000088e+01 1.320611000000000104e+02
2.318278900000000140e+05 -1.405572000000000088e+01 1.003417000000000030e+02
2.318280900000000256e+05 -1.366358999999999924e+01 9.750336000000000070e+01
2.318282900000000081e+05 -2.552906000000000120e+01 9.904868999999999346e+01
2.318284900000000198e+05 -2.339560000000000173e+01 9.107308999999999344e+01
2.318286900000000023e+05 -1.951529000000000025e+01 1.223950999999999993e+02
2.318288900000000140e+05 -1.753782999999999959e+01 1.416814999999999998e+02
2.318290900000000256e+05 -1.736064999999999969e+01 1.531715000000000089e+02
2.318292900000000081e+05 -1.519530999999999921e+01 7.188523000000000707e+01
2.318294900000000198e+05 -2.448551000000000144e+01 9.005500999999999578e+01
2.318296900000000023e+05 -1.722610999999999848e+01 1.339261999999999944e+02
2.318298900000000140e+05 -2.394347000000000136e+01 1.441434999999999889e+02
