# Time finished:
# 2015-06-04 12.22.07
# Temp volt start:
# 0.91740714
# Temp volt stop:
# 0.91740714
# Approx start T:
# 136.228773453
# Approx stop T:
# 136.23907994
# DC bias measured, messed up:
# 3.999392
# DC bias we asked for:
# 4
2.319054100000000035e+05 -1.501079999999999970e+01 8.428403000000000134e+01
2.319056100000000151e+05 -1.480430999999999919e+01 8.907470000000000709e+01
2.319058099999999977e+05 -1.469073000000000029e+01 9.176565999999999690e+01
2.319060100000000093e+05 -1.524266000000000076e+01 9.401040000000000418e+01
2.319062099999999919e+05 -1.445748999999999995e+01 9.074465999999999610e+01
2.319064100000000035e+05 -1.435385999999999918e+01 8.622932000000000130e+01
2.319066100000000151e+05 -1.402083000000000013e+01 8.934112000000000364e+01
2.319068099999999977e+05 -1.551196999999999981e+01 8.400806000000000040e+01
2.319070100000000093e+05 -1.380892000000000053e+01 8.943594000000000221e+01
2.319072099999999919e+05 -1.423288999999999938e+01 8.883399000000000001e+01
2.319074100000000035e+05 -1.310950000000000060e+01 8.615455000000000041e+01
2.319076100000000151e+05 -1.490198999999999963e+01 9.005942000000000291e+01
2.319078099999999977e+05 -1.411416999999999966e+01 9.145552000000000703e+01
2.319080100000000093e+05 -1.447574000000000005e+01 8.666831000000000529e+01
2.319082099999999919e+05 -1.411466000000000065e+01 9.166174999999999784e+01
2.319084100000000035e+05 -1.479564000000000057e+01 8.306462000000000501e+01
2.319086100000000151e+05 -1.364737000000000045e+01 8.639039999999999964e+01
2.319088099999999977e+05 -1.407742000000000004e+01 8.148909000000000447e+01
2.319090100000000093e+05 -1.393435000000000024e+01 8.362439999999999429e+01
2.319092099999999919e+05 -1.253348000000000084e+01 8.436512999999999352e+01
2.319094100000000035e+05 -1.358360000000000056e+01 8.007715000000000316e+01
2.319096100000000151e+05 -1.427520999999999951e+01 8.829187000000000296e+01
2.319098099999999977e+05 -1.451148000000000060e+01 8.088331999999999766e+01
2.319100100000000093e+05 -1.394481999999999999e+01 8.615124000000000137e+01
2.319102099999999919e+05 -1.381794000000000011e+01 8.324947000000000230e+01
2.319104100000000035e+05 -1.409539000000000009e+01 8.209453999999999496e+01
2.319106100000000151e+05 -1.378069999999999951e+01 8.007112999999999658e+01
2.319108099999999977e+05 -1.206347000000000058e+01 8.014906999999999471e+01
2.319110100000000093e+05 -1.185885999999999996e+01 7.776618999999999460e+01
2.319112099999999919e+05 -1.243333999999999939e+01 7.974193999999999960e+01
2.319114100000000035e+05 -1.180428999999999995e+01 7.148288999999999760e+01
2.319116100000000151e+05 -1.221627999999999936e+01 7.581001000000000545e+01
2.319118099999999977e+05 -1.096494000000000035e+01 7.273869000000000540e+01
2.319120100000000093e+05 -1.134238000000000035e+01 7.090662000000000376e+01
2.319122099999999919e+05 -1.064916000000000018e+01 6.980312000000000694e+01
2.319124100000000035e+05 -1.023874999999999957e+01 6.349582999999999799e+01
2.319126100000000151e+05 -9.911580999999999975e+00 5.762516999999999712e+01
2.319128099999999977e+05 -8.663029999999999120e+00 5.471533000000000158e+01
2.319130100000000093e+05 -7.656855000000000189e+00 3.990699999999999648e+01
2.319132099999999919e+05 -7.572877000000000081e+00 2.625150000000000006e+01
2.319134100000000035e+05 -6.511097000000000357e+00 1.264236999999999966e+01
2.319136100000000151e+05 -6.126013000000000375e+00 -1.318361999999999945e+01
2.319138099999999977e+05 -5.258140000000000036e+00 -4.022677999999999798e+01
2.319140100000000093e+05 -5.322669000000000317e+00 -7.544504999999999484e+01
2.319142099999999919e+05 -5.174477000000000437e+00 -1.157947000000000060e+02
2.319144100000000035e+05 -4.247746000000000244e+00 -1.629348999999999990e+02
2.319146100000000151e+05 -4.617236000000000118e+00 -2.116462999999999965e+02
2.319148099999999977e+05 -5.827797000000000338e+00 -2.666376999999999953e+02
2.319150100000000093e+05 -8.161991999999999692e+00 -3.337225999999999999e+02
2.319152099999999919e+05 -1.091250999999999927e+01 -4.326211999999999875e+02
2.319154100000000035e+05 -7.846019000000000077e+00 -5.369393000000000029e+02
2.319156100000000151e+05 -6.979980000000000295e+00 -6.155054000000000087e+02
2.319158099999999977e+05 -1.128004999999999924e+01 -7.027625000000000455e+02
2.319160100000000093e+05 -1.284947000000000017e+01 -8.667418999999999869e+02
2.319162099999999919e+05 -8.122158999999999907e+00 -9.651035000000000537e+02
2.319164100000000035e+05 -1.294821999999999917e+01 -1.056780999999999949e+03
2.319166100000000151e+05 -1.231819999999999915e+01 -9.020520999999999958e+02
2.319168099999999977e+05 -9.839161999999999964e+00 -1.002458999999999946e+03
2.319170100000000093e+05 -2.010275000000000034e+01 -8.410534999999999854e+02
2.319172099999999919e+05 -1.067172000000000054e+01 -9.802990999999999531e+02
2.319174100000000035e+05 -2.872659000000000162e+01 -1.133563000000000102e+03
2.319176100000000151e+05 -1.067431999999999981e+01 -9.715925999999999476e+02
2.319178099999999977e+05 -3.005217000000000027e+01 -8.481602000000000317e+02
2.319180100000000093e+05 -1.217432999999999943e+01 -9.852400999999999840e+02
2.319182099999999919e+05 -1.803760000000000119e+01 -9.183854999999999791e+02
2.319184100000000035e+05 -1.412761000000000067e+01 -1.016527000000000044e+03
2.319186100000000151e+05 -1.317792000000000030e+01 -9.549152000000000271e+02
2.319188099999999977e+05 -3.016817999999999955e+01 -1.026262999999999920e+03
2.319190100000000093e+05 -1.441491000000000078e+01 -1.006705000000000041e+03
2.319192099999999919e+05 -1.364399000000000051e+01 -9.627084999999999582e+02
2.319194100000000035e+05 -2.122500000000000142e+01 -9.547088999999999714e+02
2.319196100000000151e+05 -1.703097999999999956e+01 -1.019332999999999970e+03
2.319198099999999977e+05 -1.397929000000000066e+01 -9.874006000000000540e+02
2.319200100000000093e+05 -1.462280999999999942e+01 -9.620271000000000186e+02
2.319202099999999919e+05 -1.933414000000000144e+01 -9.551236000000000104e+02
2.319204100000000035e+05 -2.055402000000000129e+01 -9.833509999999999991e+02
2.319206100000000151e+05 -1.733875000000000099e+01 -1.005227999999999952e+03
2.319208099999999977e+05 -1.468215999999999966e+01 -9.928215000000000146e+02
2.319210100000000093e+05 -1.499939999999999962e+01 -9.882740000000000009e+02
2.319212099999999919e+05 -1.503899999999999970e+01 -9.818926000000000158e+02
2.319214100000000035e+05 -1.375436999999999976e+01 -9.834483999999999924e+02
2.319216100000000151e+05 -1.441644999999999932e+01 -9.816964000000000397e+02
2.319218099999999977e+05 -1.479729999999999990e+01 -9.760964000000000169e+02
2.319220100000000093e+05 -1.524244000000000021e+01 -9.828180999999999585e+02
2.319222099999999919e+05 -1.579119000000000028e+01 -9.854296000000000504e+02
2.319224100000000035e+05 -1.612641999999999953e+01 -9.931321000000000367e+02
2.319226100000000151e+05 -1.643248000000000175e+01 -9.912115000000000009e+02
2.319228099999999977e+05 -1.634897000000000133e+01 -9.929075000000000273e+02
2.319230100000000093e+05 -1.625440000000000040e+01 -9.964162999999999784e+02
2.319232099999999919e+05 -1.743968999999999880e+01 -9.771405999999999494e+02
2.319234100000000035e+05 -1.618659999999999854e+01 -9.768644000000000460e+02
2.319236100000000151e+05 -1.594788999999999923e+01 -9.816001999999999725e+02
2.319238099999999977e+05 -1.566203999999999930e+01 -9.905958000000000538e+02
2.319240100000000093e+05 -1.703363999999999834e+01 -9.780234000000000378e+02
2.319242099999999919e+05 -1.664586999999999861e+01 -9.771506000000000540e+02
2.319244100000000035e+05 -1.595752000000000059e+01 -9.823654999999999973e+02
2.319246100000000151e+05 -1.615616999999999948e+01 -9.883474999999999682e+02
2.319248099999999977e+05 -1.697471000000000174e+01 -9.842371000000000549e+02
2.319250100000000093e+05 -1.623699999999999832e+01 -9.865289000000000215e+02
2.319252099999999919e+05 -1.658939000000000163e+01 -9.837957000000000107e+02
2.319254100000000035e+05 -1.615371999999999986e+01 -9.849858000000000402e+02
