# Time finished:
# 2015-06-04 07.51.29
# Temp volt start:
# 0.96503676
# Temp volt stop:
# 0.96503676
# Approx start T:
# 111.524735301
# Approx stop T:
# 111.531482717
# DC bias measured, messed up:
# 3.999355
# DC bias we asked for:
# 4
2.318693900000000140e+05 -1.460773000000000010e+01 7.985719000000000278e+01
2.318695900000000256e+05 -1.467263999999999946e+01 7.602334999999999354e+01
2.318697900000000081e+05 -1.590435000000000088e+01 9.207820999999999856e+01
2.318699900000000198e+05 -1.544087999999999994e+01 9.225785999999999376e+01
2.318701900000000023e+05 -1.488200999999999929e+01 9.837399000000000626e+01
2.318703900000000140e+05 -1.385654000000000075e+01 8.954352000000000089e+01
2.318705900000000256e+05 -1.389832000000000001e+01 8.611198000000000263e+01
2.318707900000000081e+05 -1.591540999999999961e+01 8.142287000000000319e+01
2.318709900000000198e+05 -1.416019999999999968e+01 9.096304000000000656e+01
2.318711900000000023e+05 -1.370917999999999992e+01 8.960505999999999460e+01
2.318713900000000140e+05 -1.382202000000000019e+01 7.717759999999999820e+01
2.318715900000000256e+05 -1.556709000000000032e+01 8.471457999999999799e+01
2.318717900000000081e+05 -1.289699000000000062e+01 8.716491000000000611e+01
2.318719900000000198e+05 -1.402214000000000027e+01 7.434292999999999552e+01
2.318721900000000023e+05 -1.452092999999999989e+01 8.730948999999999671e+01
2.318723900000000140e+05 -1.382088000000000072e+01 8.677133999999999503e+01
2.318725900000000256e+05 -1.486151000000000089e+01 8.774791000000000452e+01
2.318727900000000081e+05 -1.373981000000000030e+01 8.306976000000000226e+01
2.318729900000000198e+05 -1.345856000000000030e+01 8.426037999999999784e+01
2.318731900000000023e+05 -1.399234000000000044e+01 8.461821000000000481e+01
2.318733900000000140e+05 -1.462149999999999928e+01 8.341106000000000620e+01
2.318735900000000256e+05 -1.327222000000000079e+01 8.922898000000000707e+01
2.318737900000000081e+05 -1.393698999999999977e+01 9.312595000000000312e+01
2.318739900000000198e+05 -1.331573000000000029e+01 7.993628999999999962e+01
2.318741900000000023e+05 -1.304547999999999952e+01 8.550073999999999330e+01
2.318743900000000140e+05 -1.385546000000000078e+01 8.464752000000000010e+01
2.318745900000000256e+05 -1.313596000000000075e+01 7.936598999999999648e+01
2.318747900000000081e+05 -1.263245000000000040e+01 8.351174000000000319e+01
2.318749900000000198e+05 -1.273778000000000077e+01 8.071766999999999825e+01
2.318751900000000023e+05 -1.282038999999999973e+01 8.033588000000000306e+01
2.318753900000000140e+05 -1.219195999999999991e+01 8.014678999999999576e+01
2.318755900000000256e+05 -1.197250999999999976e+01 7.550351000000000568e+01
2.318757900000000081e+05 -1.177541000000000082e+01 7.533320000000000505e+01
2.318759900000000198e+05 -1.144734000000000052e+01 7.179286000000000456e+01
2.318761900000000023e+05 -1.132910000000000039e+01 6.952222999999999331e+01
2.318763900000000140e+05 -9.707551999999999737e+00 6.622090000000000032e+01
2.318765900000000256e+05 -9.736520999999999759e+00 6.309015999999999735e+01
2.318767900000000081e+05 -8.854271999999999920e+00 5.671840999999999866e+01
2.318769900000000198e+05 -8.499703999999999482e+00 4.154715999999999809e+01
2.318771900000000023e+05 -7.292207999999999579e+00 3.599141999999999797e+01
2.318773900000000140e+05 -6.624538000000000260e+00 2.070318999999999932e+01
2.318775900000000256e+05 -6.088237999999999595e+00 -9.219924999999999926e-01
2.318777900000000081e+05 -5.647549999999999848e+00 -2.303087999999999980e+01
2.318779900000000198e+05 -4.667511000000000188e+00 -5.556931999999999761e+01
2.318781900000000023e+05 -4.453070999999999557e+00 -9.216674000000000433e+01
2.318783900000000140e+05 -4.278578000000000436e+00 -1.372361999999999966e+02
2.318785900000000256e+05 -4.290428999999999604e+00 -1.872392999999999859e+02
2.318787900000000081e+05 -4.624948999999999977e+00 -2.387788999999999930e+02
2.318789900000000198e+05 -6.079782999999999937e+00 -2.989766999999999939e+02
2.318791900000000023e+05 -9.136169000000000651e+00 -3.823786000000000058e+02
2.318793900000000140e+05 -8.726648000000000849e+00 -4.880301000000000045e+02
2.318795900000000256e+05 -6.301839000000000190e+00 -5.737310999999999694e+02
2.318797900000000081e+05 -7.205237999999999587e+00 -6.563540000000000418e+02
2.318799900000000198e+05 -1.340798000000000023e+01 -7.770402000000000271e+02
2.318801900000000023e+05 -8.822824999999999918e+00 -9.186290000000000191e+02
2.318803900000000140e+05 -8.380592999999999293e+00 -1.013504000000000019e+03
2.318805900000000256e+05 -1.635189000000000092e+01 -1.169423000000000002e+03
2.318807900000000081e+05 -8.731820000000000803e+00 -1.313064000000000078e+03
2.318809900000000198e+05 -1.393077000000000076e+01 -1.425771999999999935e+03
2.318811900000000023e+05 -1.053978000000000037e+01 -1.283826000000000022e+03
2.318813900000000140e+05 -1.194966999999999935e+01 -1.389061999999999898e+03
2.318815900000000256e+05 -1.293632999999999988e+01 -1.274303000000000111e+03
2.318817900000000081e+05 -1.305255999999999972e+01 -1.391000999999999976e+03
2.318819900000000198e+05 -1.297935000000000016e+01 -1.298209000000000060e+03
2.318821900000000023e+05 -1.717016999999999882e+01 -1.409556000000000040e+03
2.318823900000000140e+05 -1.152988999999999997e+01 -1.325690000000000055e+03
2.318825900000000256e+05 -2.934074000000000026e+01 -1.234969000000000051e+03
2.318827900000000081e+05 -1.392528000000000077e+01 -1.365019999999999982e+03
2.318829900000000198e+05 -1.287581999999999915e+01 -1.311998000000000047e+03
2.318831900000000023e+05 -2.830343999999999838e+01 -1.343097999999999956e+03
2.318833900000000140e+05 -1.402032999999999952e+01 -1.371442000000000007e+03
2.318835900000000256e+05 -1.355733999999999995e+01 -1.331319999999999936e+03
2.318837900000000081e+05 -1.774410999999999916e+01 -1.298252999999999929e+03
2.318839900000000198e+05 -2.149209000000000103e+01 -1.373865000000000009e+03
2.318841900000000023e+05 -1.579318999999999917e+01 -1.370554000000000087e+03
2.318843900000000140e+05 -1.359393999999999991e+01 -1.345609999999999900e+03
2.318845900000000256e+05 -1.343515000000000015e+01 -1.331628999999999905e+03
2.318847900000000081e+05 -1.595292000000000066e+01 -1.315500000000000000e+03
2.318849900000000198e+05 -1.752159999999999940e+01 -1.323051999999999907e+03
2.318851900000000023e+05 -2.140781000000000134e+01 -1.342744999999999891e+03
2.318853900000000140e+05 -1.917200000000000060e+01 -1.343465999999999894e+03
2.318855900000000256e+05 -2.005198000000000036e+01 -1.350020999999999958e+03
2.318857900000000081e+05 -1.878314999999999912e+01 -1.350984999999999900e+03
2.318859900000000198e+05 -2.031998000000000104e+01 -1.353481999999999971e+03
2.318861900000000023e+05 -1.906214999999999904e+01 -1.343512999999999920e+03
2.318863900000000140e+05 -1.975537999999999883e+01 -1.341469000000000051e+03
2.318865900000000256e+05 -2.061371000000000109e+01 -1.342434999999999945e+03
2.318867900000000081e+05 -1.753059000000000012e+01 -1.328721000000000004e+03
2.318869900000000198e+05 -1.639329000000000036e+01 -1.336871000000000095e+03
2.318871900000000023e+05 -1.513298999999999950e+01 -1.340888999999999896e+03
2.318873900000000140e+05 -1.506470000000000020e+01 -1.355261999999999944e+03
2.318875900000000256e+05 -1.699363999999999919e+01 -1.358699000000000069e+03
2.318877900000000081e+05 -1.674534999999999840e+01 -1.348851000000000113e+03
2.318879900000000198e+05 -1.551379000000000019e+01 -1.328799999999999955e+03
2.318881900000000023e+05 -1.490799999999999947e+01 -1.343854000000000042e+03
2.318883900000000140e+05 -1.590897000000000006e+01 -1.342739000000000033e+03
2.318885900000000256e+05 -1.891322999999999865e+01 -1.340347999999999956e+03
2.318887900000000081e+05 -1.472198999999999991e+01 -1.340943999999999960e+03
2.318889900000000198e+05 -1.592454999999999998e+01 -1.340957000000000107e+03
2.318891900000000023e+05 -1.672259999999999991e+01 -1.338448000000000093e+03
2.318893900000000140e+05 -1.479568000000000083e+01 -1.341336000000000013e+03
