# Time finished:
# 2015-06-03 22.59.54
# Temp volt start:
# 1.0086397
# Temp volt stop:
# 1.0086397
# Approx start T:
# 87.7262054093
# Approx stop T:
# 87.7204362591
# DC bias measured, messed up:
# 3.999515
# DC bias we asked for:
# 4
2.318240199999999895e+05 -1.648759000000000086e+01 8.657260999999999740e+01
2.318242200000000012e+05 -1.595537000000000027e+01 9.120041999999999405e+01
2.318244199999999837e+05 -1.537002999999999986e+01 9.528190999999999633e+01
2.318246199999999953e+05 -1.468997000000000064e+01 9.123139000000000465e+01
2.318248199999999779e+05 -1.326919999999999966e+01 9.206355000000000643e+01
2.318250199999999895e+05 -1.373010999999999981e+01 8.493780999999999892e+01
2.318252200000000012e+05 -1.500808999999999926e+01 8.504332999999999743e+01
2.318254199999999837e+05 -1.656473000000000084e+01 9.438926999999999623e+01
2.318256199999999953e+05 -1.377876000000000012e+01 9.720910999999999547e+01
2.318258199999999779e+05 -1.325431999999999988e+01 8.251407000000000380e+01
2.318260199999999895e+05 -1.513374999999999915e+01 9.021462999999999965e+01
2.318262200000000012e+05 -1.512505999999999950e+01 8.905084999999999695e+01
2.318264199999999837e+05 -1.467431000000000019e+01 8.880473999999999535e+01
2.318266199999999953e+05 -1.491432000000000002e+01 8.259896999999999423e+01
2.318268199999999779e+05 -1.391723999999999961e+01 8.884704999999999586e+01
2.318270199999999895e+05 -1.383998000000000062e+01 8.146362000000000592e+01
2.318272200000000012e+05 -1.486411000000000016e+01 8.905373000000000161e+01
2.318274199999999837e+05 -1.381893999999999956e+01 8.717898999999999887e+01
2.318276199999999953e+05 -1.450362999999999936e+01 8.626928999999999803e+01
2.318278199999999779e+05 -1.345273000000000074e+01 8.896774000000000626e+01
2.318280199999999895e+05 -1.412731999999999921e+01 9.353785999999999490e+01
2.318282200000000012e+05 -1.350247000000000064e+01 8.002778999999999598e+01
2.318284199999999837e+05 -1.336402999999999963e+01 8.219790999999999315e+01
2.318286199999999953e+05 -1.394641999999999982e+01 8.494289999999999452e+01
2.318288199999999779e+05 -1.304595999999999911e+01 7.957747999999999422e+01
2.318290199999999895e+05 -1.483602999999999916e+01 8.360603999999999303e+01
2.318292200000000012e+05 -1.360487000000000002e+01 7.755822000000000571e+01
2.318294199999999837e+05 -1.286552000000000007e+01 8.325914000000000215e+01
2.318296199999999953e+05 -1.278135999999999939e+01 7.751355999999999824e+01
2.318298199999999779e+05 -1.271077000000000012e+01 7.653798999999999353e+01
2.318300199999999895e+05 -1.279573000000000071e+01 8.006606999999999630e+01
2.318302200000000012e+05 -1.285162000000000049e+01 7.418381999999999721e+01
2.318304199999999837e+05 -1.095041999999999938e+01 7.467346999999999468e+01
2.318306199999999953e+05 -1.137246999999999986e+01 7.170454999999999757e+01
2.318308199999999779e+05 -1.040936999999999912e+01 7.084973999999999705e+01
2.318310199999999895e+05 -1.048903999999999925e+01 6.449115999999999360e+01
2.318312200000000012e+05 -9.912620000000000431e+00 5.765641000000000105e+01
2.318314199999999837e+05 -8.791731999999999658e+00 5.664356999999999687e+01
2.318316199999999953e+05 -8.812898000000000565e+00 4.601780000000000115e+01
2.318318199999999779e+05 -7.926736000000000004e+00 3.560311999999999699e+01
2.318320199999999895e+05 -7.251333999999999946e+00 2.406968000000000174e+01
2.318322200000000012e+05 -6.645932000000000173e+00 3.289479000000000042e+00
2.318324199999999837e+05 -5.956908000000000314e+00 -1.690136000000000038e+01
2.318326199999999953e+05 -5.318705999999999712e+00 -4.759378000000000242e+01
2.318328199999999779e+05 -5.372758000000000145e+00 -8.121245999999999299e+01
2.318330199999999895e+05 -4.659418999999999755e+00 -1.256916999999999973e+02
2.318332200000000012e+05 -4.681790000000000340e+00 -1.730910000000000082e+02
2.318334199999999837e+05 -4.669438000000000422e+00 -2.237704999999999984e+02
2.318336199999999953e+05 -5.895488000000000284e+00 -2.813659999999999854e+02
2.318338199999999779e+05 -8.920351000000000141e+00 -3.521865000000000236e+02
2.318340199999999895e+05 -1.050036000000000058e+01 -4.587807000000000244e+02
2.318342200000000012e+05 -7.387692999999999621e+00 -5.552342999999999620e+02
2.318344199999999837e+05 -7.789856999999999587e+00 -6.317550999999999704e+02
2.318346199999999953e+05 -1.335882999999999932e+01 -7.279901999999999589e+02
2.318348199999999779e+05 -1.116464000000000034e+01 -8.940285000000000082e+02
2.318350199999999895e+05 -8.542588999999999544e+00 -9.864384000000000015e+02
2.318352200000000012e+05 -1.716715999999999909e+01 -1.088118999999999915e+03
2.318354199999999837e+05 -1.066127000000000002e+01 -9.290454999999999472e+02
2.318356199999999953e+05 -1.151637999999999984e+01 -1.024667999999999893e+03
2.318358199999999779e+05 -1.519463999999999970e+01 -8.949823999999999842e+02
2.318360199999999895e+05 -1.086267999999999923e+01 -9.999520999999999731e+02
2.318362200000000012e+05 -1.976654999999999873e+01 -8.853581000000000358e+02
2.318364199999999837e+05 -1.112724000000000046e+01 -1.000422000000000025e+03
2.318366199999999953e+05 -1.914622999999999919e+01 -9.038535000000000537e+02
2.318368199999999779e+05 -1.390202000000000027e+01 -1.013182999999999993e+03
2.318370199999999895e+05 -1.529499999999999993e+01 -9.411438000000000557e+02
2.318372200000000012e+05 -1.922468999999999895e+01 -1.026694999999999936e+03
2.318374199999999837e+05 -1.251318000000000019e+01 -9.804106000000000449e+02
2.318376199999999953e+05 -1.878943999999999903e+01 -9.434918000000000120e+02
2.318378199999999779e+05 -1.829362000000000066e+01 -1.019783000000000015e+03
2.318380199999999895e+05 -1.348229000000000077e+01 -9.834106000000000449e+02
2.318382200000000012e+05 -1.572076000000000029e+01 -9.506604999999999563e+02
2.318384199999999837e+05 -2.335782000000000025e+01 -9.981807000000000016e+02
2.318386199999999953e+05 -1.509196999999999989e+01 -9.964226999999999634e+02
2.318388199999999779e+05 -1.379148999999999958e+01 -9.848794000000000324e+02
2.318390199999999895e+05 -1.488860999999999990e+01 -9.673247000000000071e+02
2.318392200000000012e+05 -1.731238000000000099e+01 -9.659874999999999545e+02
2.318394199999999837e+05 -2.066931999999999903e+01 -9.772372000000000298e+02
2.318396199999999953e+05 -1.871824000000000154e+01 -9.919207000000000107e+02
2.318398199999999779e+05 -1.875403000000000020e+01 -9.946070999999999458e+02
2.318400199999999895e+05 -1.651847000000000065e+01 -9.957708999999999833e+02
2.318402200000000012e+05 -1.558258999999999972e+01 -9.899329999999999927e+02
2.318404199999999837e+05 -1.443115000000000059e+01 -9.973635000000000446e+02
2.318406199999999953e+05 -1.618881999999999977e+01 -9.926520000000000437e+02
2.318408199999999779e+05 -1.589236000000000004e+01 -9.887636999999999716e+02
2.318410199999999895e+05 -1.708177999999999841e+01 -9.901997999999999820e+02
2.318412200000000012e+05 -1.683376000000000161e+01 -9.926612999999999829e+02
2.318414199999999837e+05 -1.928494999999999848e+01 -9.907422000000000253e+02
2.318416199999999953e+05 -1.853638000000000119e+01 -9.735839999999999463e+02
2.318418199999999779e+05 -1.642092999999999847e+01 -9.747219999999999800e+02
2.318420199999999895e+05 -1.634984000000000037e+01 -9.764587999999999965e+02
2.318422200000000012e+05 -1.514405000000000001e+01 -9.930662999999999556e+02
2.318424199999999837e+05 -1.557942000000000071e+01 -9.837951000000000477e+02
2.318426199999999953e+05 -1.727283999999999864e+01 -9.878789000000000442e+02
2.318428199999999779e+05 -1.659078999999999837e+01 -9.768644000000000460e+02
2.318430199999999895e+05 -1.612337000000000131e+01 -9.824089000000000169e+02
2.318432200000000012e+05 -1.628883000000000081e+01 -9.883201000000000249e+02
2.318434199999999837e+05 -1.778330000000000055e+01 -9.885667999999999438e+02
2.318436199999999953e+05 -1.522855000000000025e+01 -9.876880999999999631e+02
2.318438199999999779e+05 -1.670272999999999897e+01 -9.826485000000000127e+02
2.318440199999999895e+05 -1.495973000000000042e+01 -9.747744999999999891e+02
