# Time finished:
# 2015-06-03 04.45.43
# Temp volt start:
# 1.0185959
# Temp volt stop:
# 1.0185959
# Approx start T:
# 82.1153426921
# Approx stop T:
# 82.0964600508
# DC bias measured, messed up:
# 3.999995
# DC bias we asked for:
# 4
2.318126000000000058e+05 -1.521255999999999986e+01 8.900686000000000320e+01
2.318128000000000175e+05 -1.525517999999999930e+01 9.289247000000000298e+01
2.318130000000000000e+05 -1.482902999999999949e+01 1.011084000000000032e+02
2.318132000000000116e+05 -1.369068000000000040e+01 9.950065999999999633e+01
2.318133999999999942e+05 -1.417877000000000010e+01 9.314692999999999756e+01
2.318136000000000058e+05 -1.404813000000000045e+01 8.771581000000000472e+01
2.318138000000000175e+05 -1.513338000000000072e+01 8.674443999999999733e+01
2.318140000000000000e+05 -1.542459999999999987e+01 8.502230000000000132e+01
2.318142000000000116e+05 -1.381893999999999956e+01 8.701051999999999964e+01
2.318143999999999942e+05 -1.425958999999999932e+01 8.083065999999999462e+01
2.318146000000000058e+05 -1.552144999999999975e+01 8.736449000000000353e+01
2.318148000000000175e+05 -1.381030999999999942e+01 9.514794999999999447e+01
2.318150000000000000e+05 -1.430962000000000067e+01 8.004183999999999344e+01
2.318152000000000116e+05 -1.456118999999999986e+01 8.985303000000000395e+01
2.318153999999999942e+05 -1.423582000000000036e+01 8.819289999999999452e+01
2.318156000000000058e+05 -1.449291999999999980e+01 8.536598999999999648e+01
2.318158000000000175e+05 -1.329409000000000063e+01 8.162713999999999714e+01
2.318160000000000000e+05 -1.407508999999999943e+01 8.662881000000000142e+01
2.318162000000000116e+05 -1.355542999999999942e+01 9.124728000000000350e+01
2.318163999999999942e+05 -1.372460000000000058e+01 8.736482999999999777e+01
2.318166000000000058e+05 -1.286462000000000039e+01 8.623372000000000526e+01
2.318168000000000175e+05 -1.345045000000000002e+01 8.609359000000000606e+01
2.318170000000000000e+05 -1.342024999999999935e+01 8.357219999999999516e+01
2.318172000000000116e+05 -1.328955999999999982e+01 8.280776000000000181e+01
2.318173999999999942e+05 -1.284998000000000040e+01 8.333995000000000175e+01
2.318176000000000058e+05 -1.346693999999999924e+01 8.129534999999999911e+01
2.318178000000000175e+05 -1.312205999999999939e+01 8.266195000000000448e+01
2.318180000000000000e+05 -1.303819999999999979e+01 7.896032999999999902e+01
2.318182000000000116e+05 -1.223863000000000056e+01 7.691683000000000447e+01
2.318183999999999942e+05 -1.202288000000000068e+01 8.105418000000000234e+01
2.318186000000000058e+05 -1.245719000000000065e+01 7.359816999999999609e+01
2.318188000000000175e+05 -1.184650000000000070e+01 7.734917000000000087e+01
2.318190000000000000e+05 -1.121326999999999963e+01 7.726597999999999900e+01
2.318192000000000116e+05 -1.109792999999999985e+01 7.640725999999999374e+01
2.318193999999999942e+05 -1.089086999999999961e+01 6.859189999999999543e+01
2.318196000000000058e+05 -1.071463999999999928e+01 6.521858000000000288e+01
2.318198000000000175e+05 -9.675395999999999219e+00 6.122449000000000296e+01
2.318200000000000000e+05 -8.967646999999999480e+00 4.834479000000000326e+01
2.318202000000000116e+05 -8.576007999999999853e+00 4.616102999999999668e+01
2.318203999999999942e+05 -7.235641000000000211e+00 3.328589999999999804e+01
2.318206000000000058e+05 -7.008264999999999745e+00 1.556157999999999930e+01
2.318208000000000175e+05 -6.549608000000000096e+00 4.291877999999999665e-02
2.318210000000000000e+05 -5.684655000000000236e+00 -2.601090999999999909e+01
2.318212000000000116e+05 -5.403643999999999892e+00 -5.851688000000000045e+01
2.318213999999999942e+05 -5.278165000000000440e+00 -9.497189000000000192e+01
2.318216000000000058e+05 -5.091641000000000084e+00 -1.411237000000000137e+02
2.318218000000000175e+05 -4.550447000000000131e+00 -1.847886000000000024e+02
2.318220000000000000e+05 -5.137807999999999709e+00 -2.415563999999999965e+02
2.318222000000000116e+05 -6.932915000000000383e+00 -2.995294999999999845e+02
2.318223999999999942e+05 -9.518349999999999866e+00 -3.774058999999999742e+02
2.318226000000000058e+05 -1.003875999999999991e+01 -4.872346999999999753e+02
2.318228000000000175e+05 -7.196788999999999881e+00 -5.782060999999999922e+02
2.318230000000000000e+05 -8.564260000000000872e+00 -6.553034999999999854e+02
2.318232000000000116e+05 -1.522720999999999947e+01 -7.769040999999999713e+02
2.318233999999999942e+05 -9.763517999999999475e+00 -9.213787999999999556e+02
2.318236000000000058e+05 -9.491573999999999955e+00 -1.012730000000000018e+03
2.318238000000000175e+05 -1.991326000000000107e+01 -1.182067999999999984e+03
2.318240000000000000e+05 -9.864675000000000082e+00 -1.316109999999999900e+03
2.318242000000000116e+05 -1.563383999999999929e+01 -1.420130000000000109e+03
2.318243999999999942e+05 -1.216895000000000060e+01 -1.293777000000000044e+03
2.318246000000000058e+05 -1.321723000000000070e+01 -1.386528000000000020e+03
2.318248000000000175e+05 -1.333000999999999969e+01 -1.289046000000000049e+03
2.318250000000000000e+05 -1.453318999999999939e+01 -1.384378999999999905e+03
2.318252000000000116e+05 -1.348995000000000033e+01 -1.306532999999999902e+03
2.318253999999999942e+05 -2.023386999999999958e+01 -1.391641000000000076e+03
2.318256000000000058e+05 -1.204251000000000005e+01 -1.330741999999999962e+03
2.318258000000000175e+05 -2.802649999999999864e+01 -1.308513999999999896e+03
2.318260000000000000e+05 -1.477842000000000056e+01 -1.364213999999999942e+03
2.318262000000000116e+05 -1.384524000000000044e+01 -1.317243999999999915e+03
2.318263999999999942e+05 -2.415090000000000003e+01 -1.328013999999999896e+03
2.318266000000000058e+05 -1.514650999999999925e+01 -1.369464999999999918e+03
2.318268000000000175e+05 -1.472929000000000066e+01 -1.335993999999999915e+03
2.318270000000000000e+05 -1.755252000000000123e+01 -1.310301999999999907e+03
2.318272000000000116e+05 -1.925077999999999889e+01 -1.352480000000000018e+03
2.318273999999999942e+05 -1.670194000000000045e+01 -1.358574000000000069e+03
2.318276000000000058e+05 -1.390323000000000064e+01 -1.349884999999999991e+03
2.318278000000000175e+05 -1.494359999999999999e+01 -1.334961000000000013e+03
2.318280000000000000e+05 -1.529795999999999978e+01 -1.329490000000000009e+03
2.318282000000000116e+05 -1.671749000000000152e+01 -1.323622000000000071e+03
2.318283999999999942e+05 -1.946936000000000178e+01 -1.334054000000000087e+03
2.318286000000000058e+05 -1.811601999999999890e+01 -1.339345000000000027e+03
2.318288000000000175e+05 -1.832098999999999833e+01 -1.344261999999999944e+03
2.318290000000000000e+05 -1.813709000000000060e+01 -1.345564000000000078e+03
2.318292000000000116e+05 -1.780930000000000035e+01 -1.344401000000000067e+03
2.318293999999999942e+05 -1.718117000000000161e+01 -1.346650000000000091e+03
2.318296000000000058e+05 -1.853042999999999907e+01 -1.338335000000000036e+03
2.318298000000000175e+05 -1.817925999999999931e+01 -1.336923999999999978e+03
2.318300000000000000e+05 -1.820414999999999850e+01 -1.333060999999999922e+03
2.318302000000000116e+05 -1.543113999999999919e+01 -1.338551999999999907e+03
2.318303999999999942e+05 -1.563813999999999993e+01 -1.350488000000000056e+03
2.318306000000000058e+05 -1.549111000000000082e+01 -1.351121000000000095e+03
2.318308000000000175e+05 -1.646331999999999951e+01 -1.353837999999999965e+03
2.318310000000000000e+05 -1.674213999999999913e+01 -1.340686999999999898e+03
2.318312000000000116e+05 -1.603738999999999848e+01 -1.340174999999999955e+03
2.318313999999999942e+05 -1.545495000000000019e+01 -1.349384000000000015e+03
2.318316000000000058e+05 -1.685003000000000029e+01 -1.353490000000000009e+03
2.318318000000000175e+05 -1.559126000000000012e+01 -1.340612000000000080e+03
2.318320000000000000e+05 -1.631548000000000087e+01 -1.348285000000000082e+03
2.318322000000000116e+05 -1.599939000000000000e+01 -1.345916999999999916e+03
2.318323999999999942e+05 -1.684844000000000008e+01 -1.336963999999999942e+03
2.318326000000000058e+05 -1.625702000000000069e+01 -1.344397999999999911e+03
