# Time finished:
# 2015-06-04 00.37.23
# Temp volt start:
# 1.0054082
# Temp volt stop:
# 1.0054082
# Approx start T:
# 89.5326263965
# Approx stop T:
# 89.5118719312
# DC bias measured, messed up:
# 3.999552
# DC bias we asked for:
# 4
2.318275199999999895e+05 -1.303630000000000067e+01 9.183795999999999538e+01
2.318277200000000012e+05 -1.428642999999999930e+01 9.129959999999999809e+01
2.318279199999999837e+05 -1.463443000000000005e+01 8.575365999999999644e+01
2.318281199999999953e+05 -1.411461000000000077e+01 8.619395000000000095e+01
2.318283199999999779e+05 -1.503881999999999941e+01 8.599260999999999910e+01
2.318285199999999895e+05 -1.528087999999999980e+01 8.747790999999999428e+01
2.318287200000000012e+05 -1.478673999999999999e+01 8.757358999999999583e+01
2.318289199999999837e+05 -1.367808999999999919e+01 8.705929999999999325e+01
2.318291199999999953e+05 -1.394122999999999912e+01 8.333350000000000080e+01
2.318293199999999779e+05 -1.416446000000000005e+01 8.817611999999999739e+01
2.318295199999999895e+05 -1.452331000000000039e+01 8.697214999999999918e+01
2.318297200000000012e+05 -1.402236000000000082e+01 8.627843000000000018e+01
2.318299199999999837e+05 -1.523700999999999972e+01 8.966504000000000474e+01
2.318301199999999953e+05 -1.435237000000000052e+01 8.665890000000000271e+01
2.318303199999999779e+05 -1.333245999999999931e+01 8.459869000000000483e+01
2.318305199999999895e+05 -1.502956999999999965e+01 8.741836000000000695e+01
2.318307200000000012e+05 -1.443767000000000067e+01 8.440061000000000035e+01
2.318309199999999837e+05 -1.441381999999999941e+01 8.639591000000000065e+01
2.318311199999999953e+05 -1.413286000000000087e+01 8.956689000000000078e+01
2.318313199999999779e+05 -1.386453999999999986e+01 8.620611999999999853e+01
2.318315199999999895e+05 -1.357951000000000086e+01 8.979976000000000624e+01
2.318317200000000012e+05 -1.383233000000000068e+01 8.077868999999999744e+01
2.318319199999999837e+05 -1.318699999999999939e+01 8.758835999999999444e+01
2.318321199999999953e+05 -1.449762999999999913e+01 7.874933000000000050e+01
2.318323199999999779e+05 -1.317919999999999980e+01 7.986553999999999576e+01
2.318325199999999895e+05 -1.348856999999999928e+01 8.017468999999999824e+01
2.318327200000000012e+05 -1.277345000000000041e+01 8.049147999999999570e+01
2.318329199999999837e+05 -1.292727999999999966e+01 7.590282000000000551e+01
2.318331199999999953e+05 -1.310614999999999952e+01 8.255883000000000038e+01
2.318333199999999779e+05 -1.271194000000000024e+01 7.994227999999999668e+01
2.318335199999999895e+05 -1.271780000000000044e+01 7.864419999999999789e+01
2.318337200000000012e+05 -1.170247999999999955e+01 7.350749999999999318e+01
2.318339199999999837e+05 -1.194353000000000087e+01 7.712988000000000000e+01
2.318341199999999953e+05 -1.092248999999999981e+01 7.288486000000000331e+01
2.318343199999999779e+05 -1.131701999999999941e+01 6.942853999999999814e+01
2.318345199999999895e+05 -1.119374999999999964e+01 6.764802000000000248e+01
2.318347200000000012e+05 -1.017600999999999978e+01 6.661377000000000237e+01
2.318349199999999837e+05 -9.699420999999999182e+00 5.637203000000000230e+01
2.318351199999999953e+05 -8.285417999999999950e+00 4.945546000000000220e+01
2.318353199999999779e+05 -8.218472999999999473e+00 4.048476000000000141e+01
2.318355199999999895e+05 -7.435211999999999932e+00 2.894468000000000174e+01
2.318357200000000012e+05 -6.685742000000000296e+00 1.209107000000000021e+01
2.318359199999999837e+05 -5.824702000000000268e+00 -8.647700999999999638e+00
2.318361199999999953e+05 -5.623236000000000345e+00 -3.522720999999999947e+01
2.318363199999999779e+05 -5.269135000000000346e+00 -6.836562000000000694e+01
2.318365199999999895e+05 -4.886949999999999683e+00 -1.075035000000000025e+02
2.318367200000000012e+05 -4.611361999999999739e+00 -1.553743000000000052e+02
2.318369199999999837e+05 -4.494740000000000180e+00 -2.022109000000000094e+02
2.318371199999999953e+05 -5.189707000000000292e+00 -2.567438999999999965e+02
2.318373199999999779e+05 -7.445676999999999879e+00 -3.214873000000000047e+02
2.318375199999999895e+05 -1.049953000000000003e+01 -4.127572000000000116e+02
2.318377200000000012e+05 -8.780642000000000280e+00 -5.193198999999999614e+02
2.318379199999999837e+05 -6.805871999999999922e+00 -6.024337000000000444e+02
2.318381199999999953e+05 -9.916090000000000515e+00 -6.845497000000000298e+02
2.318383199999999779e+05 -1.301648999999999923e+01 -8.352237999999999829e+02
2.318385199999999895e+05 -9.031230000000000757e+00 -9.485399999999999636e+02
2.318387200000000012e+05 -1.079085000000000072e+01 -1.042214999999999918e+03
2.318389199999999837e+05 -1.383466999999999913e+01 -8.747381000000000313e+02
2.318391199999999953e+05 -9.225201000000000207e+00 -9.862197999999999638e+02
2.318393199999999779e+05 -2.270715999999999823e+01 -1.144223999999999933e+03
2.318395199999999895e+05 -1.016493000000000002e+01 -1.321202999999999975e+03
2.318397200000000012e+05 -2.000534000000000034e+01 -1.428681000000000040e+03
2.318399199999999837e+05 -1.106040999999999919e+01 -1.324316000000000031e+03
2.318401199999999953e+05 -2.559284999999999854e+01 -1.446221999999999980e+03
2.318403199999999779e+05 -1.079372000000000043e+01 -1.335977000000000089e+03
2.318405199999999895e+05 -2.783998000000000062e+01 -1.284234999999999900e+03
2.318407200000000012e+05 -1.304200999999999944e+01 -1.356140000000000100e+03
2.318409199999999837e+05 -1.447663000000000011e+01 -1.303753999999999905e+03
2.318411199999999953e+05 -2.061750999999999934e+01 -1.393009000000000015e+03
2.318413199999999779e+05 -1.263480999999999987e+01 -1.345961999999999989e+03
2.318415199999999895e+05 -1.574926999999999921e+01 -1.309102000000000089e+03
2.318417200000000012e+05 -2.151705000000000112e+01 -1.366273999999999887e+03
2.318419199999999837e+05 -1.437956999999999930e+01 -1.360821999999999889e+03
2.318421199999999953e+05 -1.289765000000000050e+01 -1.337797000000000025e+03
2.318423199999999779e+05 -1.640411999999999892e+01 -1.316162000000000035e+03
2.318425199999999895e+05 -2.144830999999999932e+01 -1.328164999999999964e+03
2.318427200000000012e+05 -1.843216999999999928e+01 -1.355567000000000007e+03
2.318429199999999837e+05 -1.501188999999999929e+01 -1.359752999999999929e+03
2.318431199999999953e+05 -1.382910000000000039e+01 -1.353257000000000062e+03
2.318433199999999779e+05 -1.520792999999999928e+01 -1.343912000000000035e+03
2.318435199999999895e+05 -1.541117000000000026e+01 -1.330241999999999962e+03
2.318437200000000012e+05 -1.532670000000000066e+01 -1.332280999999999949e+03
2.318439199999999837e+05 -1.625221000000000160e+01 -1.336390000000000100e+03
2.318441199999999953e+05 -1.590793000000000035e+01 -1.334438000000000102e+03
2.318443199999999779e+05 -1.603367000000000075e+01 -1.333451000000000022e+03
2.318445199999999895e+05 -1.520946999999999960e+01 -1.334188000000000102e+03
2.318447200000000012e+05 -1.584012000000000064e+01 -1.335449000000000069e+03
2.318449199999999837e+05 -1.550385999999999953e+01 -1.344303000000000111e+03
2.318451199999999953e+05 -1.631551999999999936e+01 -1.343256000000000085e+03
2.318453199999999779e+05 -1.628391999999999840e+01 -1.349184999999999945e+03
2.318455199999999895e+05 -1.719350000000000023e+01 -1.347358999999999924e+03
2.318457200000000012e+05 -1.814708999999999861e+01 -1.328108999999999924e+03
2.318459199999999837e+05 -1.577149999999999963e+01 -1.337983999999999924e+03
2.318461199999999953e+05 -1.477538000000000018e+01 -1.341442999999999984e+03
2.318463199999999779e+05 -1.694409999999999883e+01 -1.348354000000000042e+03
2.318465199999999895e+05 -1.832748000000000133e+01 -1.346924999999999955e+03
2.318467200000000012e+05 -1.785679000000000016e+01 -1.343049999999999955e+03
2.318469199999999837e+05 -1.626423000000000130e+01 -1.344477000000000089e+03
2.318471199999999953e+05 -1.666610999999999976e+01 -1.347602000000000089e+03
2.318473199999999779e+05 -1.637657000000000096e+01 -1.337212999999999965e+03
2.318475199999999895e+05 -1.653994000000000142e+01 -1.346201999999999998e+03
