# Time finished:
# 2015-06-04 08.24.01
# Temp volt start:
# 0.96011427
# Temp volt stop:
# 0.96011427
# Approx start T:
# 114.136963078
# Approx stop T:
# 114.141773643
# DC bias measured, messed up:
# 3.999404
# DC bias we asked for:
# 4
2.318739599999999919e+05 -1.389043000000000028e+01 9.591170999999999935e+01
2.318741600000000035e+05 -1.408347000000000016e+01 8.698610999999999649e+01
2.318743599999999860e+05 -1.334862000000000037e+01 7.792338999999999771e+01
2.318745599999999977e+05 -1.372330999999999968e+01 7.776308000000000220e+01
2.318747599999999802e+05 -1.555823000000000000e+01 7.987054000000000542e+01
2.318749599999999919e+05 -1.476896999999999949e+01 9.152441000000000315e+01
2.318751600000000035e+05 -1.434164999999999957e+01 9.203188000000000102e+01
2.318753599999999860e+05 -1.490714999999999968e+01 8.499567000000000405e+01
2.318755599999999977e+05 -1.472546999999999962e+01 8.450217000000000667e+01
2.318757599999999802e+05 -1.512719000000000058e+01 8.631776000000000693e+01
2.318759599999999919e+05 -1.298273000000000010e+01 8.810048999999999353e+01
2.318761600000000035e+05 -1.459478000000000009e+01 8.107452000000000680e+01
2.318763599999999860e+05 -1.459820000000000029e+01 8.485174999999999557e+01
2.318765599999999977e+05 -1.323178000000000054e+01 8.691285999999999490e+01
2.318767599999999802e+05 -1.544081000000000081e+01 8.667419999999999902e+01
2.318769599999999919e+05 -1.357682999999999929e+01 8.666192999999999813e+01
2.318771600000000035e+05 -1.446757000000000026e+01 8.497889999999999588e+01
2.318773599999999860e+05 -1.410060999999999964e+01 8.916772000000000276e+01
2.318775599999999977e+05 -1.413591000000000086e+01 8.538365000000000293e+01
2.318777599999999802e+05 -1.259370000000000012e+01 8.588120000000000687e+01
2.318779599999999919e+05 -1.432019999999999982e+01 8.242923000000000400e+01
2.318781600000000035e+05 -1.260078999999999994e+01 8.375878000000000156e+01
2.318783599999999860e+05 -1.326399999999999935e+01 8.623543999999999699e+01
2.318785599999999977e+05 -1.449583999999999939e+01 8.473032999999999504e+01
2.318787599999999802e+05 -1.324855999999999945e+01 8.549466999999999928e+01
2.318789599999999919e+05 -1.353710000000000058e+01 8.405177000000000476e+01
2.318791600000000035e+05 -1.329387999999999970e+01 7.990963999999999601e+01
2.318793599999999860e+05 -1.345302000000000042e+01 8.248636000000000479e+01
2.318795599999999977e+05 -1.320612000000000030e+01 8.364879000000000531e+01
2.318797599999999802e+05 -1.314964999999999939e+01 7.840738000000000341e+01
2.318799599999999919e+05 -1.167613000000000056e+01 7.704013000000000488e+01
2.318801600000000035e+05 -1.239193000000000033e+01 7.578395000000000437e+01
2.318803599999999860e+05 -1.065926999999999936e+01 7.274330000000000496e+01
2.318805599999999977e+05 -1.123637000000000086e+01 7.006431999999999505e+01
2.318807599999999802e+05 -1.106595000000000084e+01 6.774585999999999331e+01
2.318809599999999919e+05 -9.208923000000000414e+00 6.353184000000000253e+01
2.318811600000000035e+05 -9.359401999999999333e+00 5.738273999999999830e+01
2.318813599999999860e+05 -8.212284000000000361e+00 4.938457999999999970e+01
2.318815599999999977e+05 -8.142053000000000651e+00 3.754455000000000098e+01
2.318817599999999802e+05 -6.980806000000000289e+00 2.405551000000000172e+01
2.318819599999999919e+05 -5.973989999999999689e+00 8.968341000000000562e+00
2.318821600000000035e+05 -5.454334000000000238e+00 -1.550047999999999959e+01
2.318823599999999860e+05 -5.137908000000000364e+00 -4.445374999999999943e+01
2.318825599999999977e+05 -4.967512000000000150e+00 -7.609123999999999910e+01
2.318827599999999802e+05 -4.631444000000000116e+00 -1.196153999999999940e+02
2.318829599999999919e+05 -4.376481000000000066e+00 -1.671057000000000130e+02
2.318831600000000035e+05 -4.283248999999999640e+00 -2.209918999999999869e+02
2.318833599999999860e+05 -5.495288999999999646e+00 -2.764347000000000207e+02
2.318835599999999977e+05 -7.648539000000000421e+00 -3.455604999999999905e+02
2.318837599999999802e+05 -9.701985000000000525e+00 -4.462973000000000070e+02
2.318839599999999919e+05 -6.952926999999999857e+00 -5.463234999999999673e+02
2.318841600000000035e+05 -6.429915000000000269e+00 -6.237586999999999762e+02
2.318843599999999860e+05 -1.123868000000000045e+01 -7.196186000000000149e+02
2.318845599999999977e+05 -1.064638000000000062e+01 -8.724672000000000480e+02
2.318847599999999802e+05 -7.374454000000000065e+00 -9.784746999999999844e+02
2.318849599999999919e+05 -1.254981000000000080e+01 -1.083731999999999971e+03
2.318851600000000035e+05 -1.066782000000000075e+01 -9.136041000000000167e+02
2.318853599999999860e+05 -1.023062999999999967e+01 -1.016356999999999971e+03
2.318855599999999977e+05 -1.482975000000000065e+01 -8.634756999999999607e+02
2.318857599999999802e+05 -9.385334000000000287e+00 -9.920816999999999553e+02
2.318859599999999919e+05 -2.187593999999999994e+01 -8.358459000000000287e+02
2.318861600000000035e+05 -1.036819000000000024e+01 -9.896932000000000471e+02
2.318863599999999860e+05 -1.898627000000000109e+01 -8.738813000000000102e+02
2.318865599999999977e+05 -1.111246000000000045e+01 -1.003515999999999963e+03
2.318867599999999802e+05 -1.498996999999999957e+01 -9.224891999999999825e+02
2.318869599999999919e+05 -1.533305000000000007e+01 -1.030108999999999924e+03
2.318871600000000035e+05 -1.236078999999999972e+01 -9.673961000000000467e+02
2.318873599999999860e+05 -2.326105000000000089e+01 -8.988769999999999527e+02
2.318875599999999977e+05 -1.550782000000000060e+01 -1.020556000000000040e+03
2.318877599999999802e+05 -1.246761000000000053e+01 -9.686756000000000313e+02
2.318879599999999919e+05 -1.792543999999999826e+01 -9.310629000000000133e+02
2.318881600000000035e+05 -1.948793999999999826e+01 -1.024163999999999987e+03
2.318883599999999860e+05 -1.385216999999999921e+01 -1.004339000000000055e+03
2.318885599999999977e+05 -1.280245000000000033e+01 -9.708405000000000200e+02
2.318887599999999802e+05 -1.553562999999999938e+01 -9.546575000000000273e+02
2.318889599999999919e+05 -1.985750000000000171e+01 -9.570089000000000397e+02
2.318891600000000035e+05 -2.059909000000000034e+01 -9.984518000000000484e+02
2.318893599999999860e+05 -1.686895000000000167e+01 -1.000274000000000001e+03
2.318895599999999977e+05 -1.527935000000000088e+01 -1.007101999999999975e+03
2.318897599999999802e+05 -1.426899000000000051e+01 -9.970759000000000469e+02
2.318899599999999919e+05 -1.438648000000000060e+01 -9.933242999999999938e+02
2.318901600000000035e+05 -1.404190000000000005e+01 -9.882338999999999487e+02
2.318903599999999860e+05 -1.461830999999999925e+01 -9.932847000000000435e+02
2.318905599999999977e+05 -1.508047000000000004e+01 -9.922371000000000549e+02
2.318907599999999802e+05 -1.463795999999999964e+01 -9.962984999999999900e+02
2.318909599999999919e+05 -1.520321000000000033e+01 -9.980173999999999523e+02
2.318911600000000035e+05 -1.570429000000000030e+01 -9.866790999999999485e+02
2.318913599999999860e+05 -1.825240000000000151e+01 -9.963378000000000156e+02
2.318915599999999977e+05 -1.795815999999999946e+01 -9.834184000000000196e+02
2.318917599999999802e+05 -1.741204000000000107e+01 -9.738338999999999714e+02
2.318919599999999919e+05 -1.504027999999999921e+01 -9.782517000000000280e+02
2.318921600000000035e+05 -1.540902999999999956e+01 -9.805433000000000447e+02
2.318923599999999860e+05 -1.662349999999999994e+01 -9.944233000000000402e+02
2.318925599999999977e+05 -1.734665999999999997e+01 -9.946308999999999969e+02
2.318927599999999802e+05 -1.564584999999999937e+01 -9.754895999999999958e+02
2.318929599999999919e+05 -1.513861999999999952e+01 -9.865671999999999571e+02
2.318931600000000035e+05 -1.731328999999999851e+01 -9.826058000000000447e+02
2.318933599999999860e+05 -1.553440999999999939e+01 -9.814251000000000431e+02
2.318935599999999977e+05 -1.673729000000000156e+01 -9.888943000000000438e+02
2.318937599999999802e+05 -1.699021000000000114e+01 -9.933039999999999736e+02
2.318939599999999919e+05 -1.651821999999999946e+01 -9.816086999999999989e+02
