# Time finished:
# 2015-06-01 21.04.02
# Temp volt start:
# 0.82275298
# Temp volt stop:
# 0.82275298
# Approx start T:
# 182.161272877
# Approx stop T:
# 182.060819683
# DC bias measured, messed up:
# 8.001306
# DC bias we asked for:
# 8
2.319111000000000058e+05 -1.421292000000000044e+01 9.001030000000000086e+01
2.319113000000000175e+05 -1.181292000000000009e+01 7.396622000000000696e+01
2.319115000000000000e+05 -1.039922999999999931e+01 8.406480999999999426e+01
2.319117000000000116e+05 -1.240644999999999953e+01 8.532025000000000148e+01
2.319118999999999942e+05 -1.166934999999999967e+01 9.243355999999999995e+01
2.319121000000000058e+05 -1.321599999999999930e+01 7.671389000000000635e+01
2.319123000000000175e+05 -1.400126000000000026e+01 7.851379000000000019e+01
2.319125000000000000e+05 -1.275421000000000049e+01 7.916155999999999437e+01
2.319127000000000116e+05 -1.340512999999999977e+01 9.488429999999999609e+01
2.319128999999999942e+05 -1.336176999999999992e+01 8.483925999999999590e+01
2.319131000000000058e+05 -1.242117000000000004e+01 7.453619999999999379e+01
2.319133000000000175e+05 -1.168012000000000050e+01 7.759947999999999979e+01
2.319135000000000000e+05 -1.087218999999999980e+01 8.375861000000000445e+01
2.319137000000000116e+05 -1.188878000000000057e+01 7.466186000000000433e+01
2.319138999999999942e+05 -1.040325999999999951e+01 7.617686999999999387e+01
2.319141000000000058e+05 -9.794639999999999347e+00 8.200119999999999720e+01
2.319143000000000175e+05 -1.064419999999999966e+01 7.532658000000000698e+01
2.319145000000000000e+05 -1.169162999999999997e+01 7.936468999999999596e+01
2.319147000000000116e+05 -1.164733000000000018e+01 7.916991000000000156e+01
2.319148999999999942e+05 -1.112859000000000087e+01 7.080190000000000339e+01
2.319151000000000058e+05 -9.988327999999999207e+00 6.461194999999999311e+01
2.319153000000000175e+05 -8.878035999999999817e+00 7.839355000000000473e+01
2.319155000000000000e+05 -9.263510000000000133e+00 8.628515000000000157e+01
2.319157000000000116e+05 -1.116193999999999953e+01 7.394822999999999524e+01
2.319158999999999942e+05 -8.774259000000000697e+00 6.978329999999999700e+01
2.319161000000000058e+05 -1.069402999999999970e+01 7.477843000000000018e+01
2.319163000000000175e+05 -9.306378999999999735e+00 7.089919000000000437e+01
2.319165000000000000e+05 -9.004868000000000094e+00 7.463157999999999959e+01
2.319167000000000116e+05 -8.502722000000000335e+00 6.949940999999999747e+01
2.319168999999999942e+05 -8.669976999999999379e+00 7.281886000000000081e+01
2.319171000000000058e+05 -9.089098999999999151e+00 7.255274000000000001e+01
2.319173000000000175e+05 -9.015886999999999318e+00 6.937792000000000314e+01
2.319175000000000000e+05 -6.444745000000000168e+00 7.811539999999999395e+01
2.319177000000000116e+05 -7.510692999999999842e+00 6.112912000000000035e+01
2.319178999999999942e+05 -6.918230000000000324e+00 6.823076000000000363e+01
2.319181000000000058e+05 -6.554204999999999615e+00 6.262823999999999813e+01
2.319183000000000175e+05 -4.541269999999999918e+00 6.337834000000000145e+01
2.319185000000000000e+05 -5.649598000000000120e+00 5.607247000000000270e+01
2.319187000000000116e+05 -5.340066000000000201e+00 5.360258999999999929e+01
2.319188999999999942e+05 -3.703425000000000189e+00 5.020127000000000095e+01
2.319191000000000058e+05 -2.741458999999999868e+00 4.710869999999999891e+01
2.319193000000000175e+05 -1.654827999999999966e+00 4.157146999999999792e+01
2.319195000000000000e+05 -1.114308000000000076e+00 3.342428000000000310e+01
2.319197000000000116e+05 5.731519000000000474e-01 2.144676000000000116e+01
2.319198999999999942e+05 1.938249000000000111e+00 1.187876999999999938e+01
2.319201000000000058e+05 2.955921000000000021e+00 -2.723158000000000190e+00
2.319203000000000175e+05 3.936389000000000138e+00 -1.638496999999999915e+01
2.319205000000000000e+05 4.789998999999999896e+00 -3.874994000000000227e+01
2.319207000000000116e+05 5.345742999999999689e+00 -5.963631000000000171e+01
2.319208999999999942e+05 5.317254000000000147e+00 -8.949733999999999412e+01
2.319211000000000058e+05 4.745783000000000307e+00 -1.223323000000000036e+02
2.319213000000000175e+05 2.902013999999999871e+00 -1.603044999999999902e+02
2.319215000000000000e+05 -6.481358000000000397e-01 -2.049973999999999990e+02
2.319217000000000116e+05 -6.555303000000000324e+00 -2.794932000000000016e+02
2.319218999999999942e+05 -5.074037999999999826e+00 -3.970176999999999907e+02
2.319221000000000058e+05 -3.336326000000000125e+00 -4.671023000000000138e+02
2.319223000000000175e+05 -4.259490000000000443e+00 -5.363769999999999527e+02
2.319225000000000000e+05 -1.009482000000000035e+01 -6.183428000000000111e+02
2.319227000000000116e+05 -1.137888000000000055e+01 -7.911105000000000018e+02
2.319228999999999942e+05 -7.565290000000000070e+00 -8.755426999999999680e+02
2.319231000000000058e+05 -1.204438999999999993e+01 -9.652576000000000249e+02
2.319233000000000175e+05 -1.604040000000000177e+01 -8.160865999999999758e+02
2.319235000000000000e+05 -1.191371000000000002e+01 -9.095977000000000317e+02
2.319237000000000116e+05 -4.286195000000000022e+01 -9.718559999999999945e+02
2.319238999999999942e+05 -1.274953000000000003e+01 -8.912300000000000182e+02
2.319241000000000058e+05 -2.431765000000000043e+01 -9.078261999999999716e+02
2.319243000000000175e+05 -1.617122000000000170e+01 -9.053568000000000211e+02
2.319245000000000000e+05 -1.570870999999999995e+01 -9.589279999999999973e+02
2.319247000000000116e+05 -1.753953999999999880e+01 -8.859065000000000509e+02
2.319248999999999942e+05 -2.077218999999999838e+01 -9.554279000000000224e+02
2.319251000000000058e+05 -1.544740000000000002e+01 -9.376314999999999600e+02
2.319253000000000175e+05 -2.330525000000000091e+01 -9.187418999999999869e+02
2.319255000000000000e+05 -1.961182000000000158e+01 -9.452996000000000549e+02
2.319257000000000116e+05 -2.093582999999999927e+01 -9.090571999999999662e+02
2.319258999999999942e+05 -2.069363999999999848e+01 -9.227518999999999778e+02
2.319261000000000058e+05 -1.559338999999999942e+01 -9.491852000000000089e+02
2.319263000000000175e+05 -1.581198000000000015e+01 -9.584968000000000075e+02
2.319265000000000000e+05 -1.763139999999999930e+01 -9.762780999999999949e+02
2.319267000000000116e+05 -1.642020000000000124e+01 -9.311233999999999469e+02
2.319268999999999942e+05 -2.019095000000000084e+01 -9.816005000000000109e+02
2.319271000000000058e+05 -1.726164999999999949e+01 -9.412634000000000469e+02
2.319273000000000175e+05 -1.749040000000000106e+01 -9.606613999999999578e+02
2.319275000000000000e+05 -1.720869000000000071e+01 -9.567514999999999645e+02
2.319277000000000116e+05 -1.916284999999999883e+01 -9.571088999999999487e+02
2.319278999999999942e+05 -2.253912000000000049e+01 -9.378799000000000206e+02
2.319281000000000058e+05 -1.497605000000000075e+01 -9.556952999999999747e+02
2.319283000000000175e+05 -2.194872000000000156e+01 -9.729039000000000215e+02
2.319285000000000000e+05 -1.807169999999999987e+01 -9.672492999999999483e+02
2.319287000000000116e+05 -1.666404999999999959e+01 -9.496847000000000207e+02
2.319288999999999942e+05 -2.038462000000000174e+01 -9.930266000000000304e+02
2.319291000000000058e+05 -1.581282999999999994e+01 -9.585058999999999969e+02
2.319293000000000175e+05 -1.901430999999999827e+01 -9.328728999999999587e+02
2.319295000000000000e+05 -1.846837999999999980e+01 -9.554052000000000362e+02
2.319297000000000116e+05 -1.535141999999999918e+01 -9.426094000000000506e+02
2.319298999999999942e+05 -1.800929999999999964e+01 -9.662817000000000007e+02
2.319301000000000058e+05 -2.029355999999999938e+01 -9.637640999999999849e+02
2.319303000000000175e+05 -1.620710000000000051e+01 -9.705313999999999623e+02
2.319305000000000000e+05 -1.786343000000000103e+01 -9.667002999999999702e+02
2.319307000000000116e+05 -1.732366999999999990e+01 -9.697332999999999856e+02
2.319308999999999942e+05 -2.103643999999999892e+01 -9.677061999999999671e+02
2.319311000000000058e+05 -1.628069999999999951e+01 -9.748377000000000407e+02
