# Time finished:
# 2015-06-04 14.45.02
# Temp volt start:
# 0.88984432
# Temp volt stop:
# 0.88984432
# Approx start T:
# 149.991376107
# Approx stop T:
# 150.004635551
# DC bias measured, messed up:
# 3.999318
# DC bias we asked for:
# 4
2.319181499999999942e+05 -1.417829000000000050e+01 9.017228000000000065e+01
2.319183500000000058e+05 -1.513582000000000072e+01 8.713893000000000200e+01
2.319185499999999884e+05 -1.446932999999999936e+01 9.213545000000000584e+01
2.319187500000000000e+05 -1.410445999999999955e+01 9.190058999999999401e+01
2.319189499999999825e+05 -1.396170000000000044e+01 8.839857999999999549e+01
2.319191499999999942e+05 -1.381939999999999991e+01 8.929959999999999809e+01
2.319193500000000058e+05 -1.438462999999999958e+01 8.757246999999999559e+01
2.319195499999999884e+05 -1.438000000000000078e+01 8.952389999999999759e+01
2.319197500000000000e+05 -1.480339000000000027e+01 8.933034000000000674e+01
2.319199499999999825e+05 -1.420397999999999961e+01 8.941603000000000634e+01
2.319201499999999942e+05 -1.442197999999999958e+01 9.087936000000000547e+01
2.319203500000000058e+05 -1.366114999999999924e+01 9.234918000000000404e+01
2.319205499999999884e+05 -1.437329000000000079e+01 8.522110000000000696e+01
2.319207500000000000e+05 -1.376524000000000036e+01 8.098765000000000214e+01
2.319209499999999825e+05 -1.413982999999999990e+01 9.010869999999999891e+01
2.319211499999999942e+05 -1.449188000000000009e+01 8.670745999999999754e+01
2.319213500000000058e+05 -1.394929999999999914e+01 8.952770999999999901e+01
2.319215499999999884e+05 -1.425357999999999947e+01 8.668529999999999802e+01
2.319217500000000000e+05 -1.488141000000000069e+01 8.275460999999999956e+01
2.319219499999999825e+05 -1.396537000000000006e+01 8.980021999999999593e+01
2.319221499999999942e+05 -1.411177999999999955e+01 7.979207999999999856e+01
2.319223500000000058e+05 -1.349681999999999960e+01 9.130778999999999712e+01
2.319225499999999884e+05 -1.342239999999999966e+01 9.019257000000000346e+01
2.319227500000000000e+05 -1.383447999999999922e+01 8.571652000000000271e+01
2.319229499999999825e+05 -1.336419000000000068e+01 7.977822999999999354e+01
2.319231499999999942e+05 -1.325863000000000014e+01 8.473955999999999733e+01
2.319233500000000058e+05 -1.333205000000000062e+01 7.696661000000000286e+01
2.319235499999999884e+05 -1.319175000000000075e+01 8.822688999999999737e+01
2.319237500000000000e+05 -1.222578000000000031e+01 7.913110000000000355e+01
2.319239499999999825e+05 -1.250122000000000000e+01 7.415331000000000472e+01
2.319241499999999942e+05 -1.264043999999999990e+01 7.948830999999999847e+01
2.319243500000000058e+05 -1.245607000000000042e+01 7.825217000000000667e+01
2.319245499999999884e+05 -1.219073000000000029e+01 7.072704000000000235e+01
2.319247500000000000e+05 -1.183588999999999913e+01 7.728668999999999301e+01
2.319249499999999825e+05 -1.138249000000000066e+01 7.180191000000000656e+01
2.319251499999999942e+05 -1.074188000000000009e+01 6.945802000000000476e+01
2.319253500000000058e+05 -1.050287999999999933e+01 6.303090999999999866e+01
2.319255499999999884e+05 -1.015385999999999989e+01 6.078743999999999659e+01
2.319257500000000000e+05 -9.108584000000000458e+00 5.013448999999999955e+01
2.319259499999999825e+05 -8.157595000000000596e+00 4.111453999999999809e+01
2.319261499999999942e+05 -7.471097999999999573e+00 3.123345000000000127e+01
2.319263500000000058e+05 -6.967159999999999798e+00 1.270744000000000007e+01
2.319265499999999884e+05 -6.550709999999999589e+00 -3.164395999999999987e+00
2.319267500000000000e+05 -6.238386000000000209e+00 -3.097817999999999827e+01
2.319269499999999825e+05 -5.768119999999999692e+00 -6.377458000000000027e+01
2.319271499999999942e+05 -5.710838999999999999e+00 -1.028558000000000021e+02
2.319273500000000058e+05 -5.694619999999999571e+00 -1.467346000000000004e+02
2.319275499999999884e+05 -5.329589000000000354e+00 -1.961068999999999960e+02
2.319277500000000000e+05 -6.226488999999999940e+00 -2.466862000000000137e+02
2.319279499999999825e+05 -8.316243999999999303e+00 -3.059028999999999883e+02
2.319281499999999942e+05 -1.307029999999999959e+01 -3.955027999999999793e+02
2.319283500000000058e+05 -1.142428999999999917e+01 -5.109393000000000029e+02
2.319285499999999884e+05 -8.490747000000000710e+00 -5.905090000000000146e+02
2.319287500000000000e+05 -1.065681999999999974e+01 -6.673605000000000018e+02
2.319289499999999825e+05 -1.863695999999999842e+01 -8.038069000000000415e+02
2.319291499999999942e+05 -1.071053999999999995e+01 -9.338877999999999702e+02
2.319293500000000058e+05 -1.232109999999999950e+01 -1.023486999999999966e+03
2.319295499999999884e+05 -2.134577000000000169e+01 -8.691344000000000278e+02
2.319297500000000000e+05 -1.065204999999999913e+01 -9.704778000000000020e+02
2.319299499999999825e+05 -2.248321999999999932e+01 -1.058541999999999916e+03
2.319301499999999942e+05 -1.275384000000000029e+01 -9.503822999999999865e+02
2.319303500000000058e+05 -1.809078999999999837e+01 -1.018246999999999957e+03
2.319305499999999884e+05 -1.384404999999999930e+01 -9.507717000000000098e+02
2.319307500000000000e+05 -1.886195000000000022e+01 -1.017692000000000007e+03
2.319309499999999825e+05 -1.429255999999999993e+01 -9.608318000000000438e+02
2.319311499999999942e+05 -2.242277999999999949e+01 -9.998111999999999853e+02
2.319313500000000058e+05 -1.345809999999999995e+01 -9.830775999999999613e+02
2.319315499999999884e+05 -1.920570000000000022e+01 -9.572173000000000229e+02
2.319317500000000000e+05 -1.629231000000000051e+01 -1.007254000000000019e+03
2.319319499999999825e+05 -1.436120999999999981e+01 -9.768092000000000326e+02
2.319321499999999942e+05 -1.850693000000000055e+01 -9.658550999999999931e+02
2.319323500000000058e+05 -1.714244000000000057e+01 -9.963574999999999591e+02
2.319325499999999884e+05 -1.456644999999999968e+01 -9.833891999999999598e+02
2.319327500000000000e+05 -1.516391999999999918e+01 -9.711319999999999482e+02
2.319329499999999825e+05 -1.960820999999999970e+01 -9.728514999999999873e+02
2.319331499999999942e+05 -1.854365999999999914e+01 -9.891840999999999440e+02
2.319333500000000058e+05 -1.714754999999999896e+01 -9.920335999999999785e+02
2.319335499999999884e+05 -1.483779999999999966e+01 -9.828663999999999987e+02
2.319337500000000000e+05 -1.504772999999999961e+01 -9.798147000000000162e+02
2.319339499999999825e+05 -1.557169999999999987e+01 -9.732528999999999542e+02
2.319341499999999942e+05 -1.684795000000000087e+01 -9.666005999999999858e+02
2.319343500000000058e+05 -1.649690000000000012e+01 -9.696477999999999611e+02
2.319345499999999884e+05 -1.851679000000000030e+01 -9.799152000000000271e+02
2.319347500000000000e+05 -1.766663000000000139e+01 -9.785398000000000138e+02
2.319349499999999825e+05 -1.736496999999999957e+01 -9.711032000000000153e+02
2.319351499999999942e+05 -1.693121999999999971e+01 -9.766878000000000384e+02
2.319353500000000058e+05 -1.652687999999999846e+01 -9.721842000000000326e+02
2.319355499999999884e+05 -1.646209999999999951e+01 -9.813393999999999551e+02
2.319357500000000000e+05 -1.558656000000000041e+01 -9.802848999999999933e+02
2.319359499999999825e+05 -1.591108000000000011e+01 -9.824868000000000166e+02
2.319361499999999942e+05 -1.600438000000000116e+01 -9.802107999999999493e+02
2.319363500000000058e+05 -1.680083000000000126e+01 -9.910529999999999973e+02
2.319365499999999884e+05 -1.642486999999999853e+01 -9.919765999999999622e+02
2.319367500000000000e+05 -1.648341999999999885e+01 -9.830747000000000071e+02
2.319369499999999825e+05 -1.601942999999999984e+01 -9.800737000000000307e+02
2.319371499999999942e+05 -1.629088000000000136e+01 -9.886123999999999796e+02
2.319373500000000058e+05 -1.624718999999999980e+01 -9.837717000000000098e+02
2.319375499999999884e+05 -1.639076000000000022e+01 -9.832294000000000551e+02
2.319377500000000000e+05 -1.692194999999999894e+01 -9.824942999999999529e+02
2.319379499999999825e+05 -1.560317000000000043e+01 -9.793636999999999944e+02
2.319381499999999942e+05 -1.480860000000000021e+01 -9.757625000000000455e+02
