# Time finished:
# 2015-06-02 00.30.55
# Temp volt start:
# 0.95466265
# Temp volt stop:
# 0.95466265
# Approx start T:
# 117.013381134
# Approx stop T:
# 116.975041457
# DC bias measured, messed up:
# 8.001207
# DC bias we asked for:
# 8
2.318644899999999907e+05 -1.182004000000000055e+01 1.062386000000000053e+02
2.318646900000000023e+05 -1.333891999999999989e+01 9.587675000000000125e+01
2.318648899999999849e+05 -9.870428000000000424e+00 9.410779999999999745e+01
2.318650899999999965e+05 -1.214686999999999983e+01 8.820722000000000662e+01
2.318652899999999790e+05 -1.241989000000000054e+01 8.565698999999999330e+01
2.318654899999999907e+05 -1.114264000000000010e+01 6.160907999999999873e+01
2.318656900000000023e+05 -1.163723000000000063e+01 6.483717000000000041e+01
2.318658899999999849e+05 -1.541019000000000005e+01 5.871114000000000033e+01
2.318660899999999965e+05 -1.057872000000000057e+01 9.620197000000000287e+01
2.318662899999999790e+05 -1.178955999999999982e+01 1.046983000000000033e+02
2.318664899999999907e+05 -1.114391999999999960e+01 8.266648999999999603e+01
2.318666900000000023e+05 -1.081894999999999918e+01 7.341837999999999909e+01
2.318668899999999849e+05 -1.335473999999999961e+01 7.925164999999999793e+01
2.318670899999999965e+05 -1.236693999999999960e+01 8.606741999999999848e+01
2.318672899999999790e+05 -1.140986000000000011e+01 6.221705000000000041e+01
2.318674899999999907e+05 -1.473488000000000042e+01 8.912660999999999945e+01
2.318676900000000023e+05 -9.293043000000000831e+00 7.081655000000000655e+01
2.318678899999999849e+05 -1.240864000000000011e+01 1.145323999999999955e+02
2.318680899999999965e+05 -9.636684000000000694e+00 8.388929000000000258e+01
2.318682899999999790e+05 -1.240512999999999977e+01 8.344652999999999565e+01
2.318684899999999907e+05 -1.257286000000000037e+01 7.494764000000000692e+01
2.318686900000000023e+05 -1.055317999999999934e+01 8.115121000000000606e+01
2.318688899999999849e+05 -1.087490999999999985e+01 7.011440000000000339e+01
2.318690899999999965e+05 -8.083232000000000639e+00 6.543644999999999357e+01
2.318692899999999790e+05 -9.481313000000000102e+00 7.457662999999999442e+01
2.318694899999999907e+05 -9.904049000000000547e+00 7.737372999999999479e+01
2.318696900000000023e+05 -7.418169999999999931e+00 7.855881999999999721e+01
2.318698899999999849e+05 -8.246807000000000443e+00 6.917368999999999346e+01
2.318700899999999965e+05 -7.316575000000000273e+00 6.243462000000000245e+01
2.318702899999999790e+05 -7.749532000000000309e+00 7.863911000000000229e+01
2.318704899999999907e+05 -6.991303000000000267e+00 7.062080000000000268e+01
2.318706900000000023e+05 -7.492435999999999652e+00 7.634384000000000015e+01
2.318708899999999849e+05 -5.403448000000000029e+00 5.807249000000000194e+01
2.318710899999999965e+05 -5.345022000000000162e+00 6.715185999999999922e+01
2.318712899999999790e+05 -4.325937999999999839e+00 6.607760000000000389e+01
2.318714899999999907e+05 -3.971208999999999989e+00 6.035376999999999725e+01
2.318716900000000023e+05 -3.267196999999999907e+00 4.602286999999999750e+01
2.318718899999999849e+05 -2.064347999999999850e+00 5.502864999999999895e+01
2.318720899999999965e+05 -1.766936999999999980e+00 4.741150999999999982e+01
2.318722899999999790e+05 6.903470000000000439e-01 3.565834999999999866e+01
2.318724899999999907e+05 1.436253999999999920e+00 3.584031999999999840e+01
2.318726900000000023e+05 2.758595000000000130e+00 2.195732999999999890e+01
2.318728899999999849e+05 4.268582999999999572e+00 8.572259000000000739e+00
2.318730899999999965e+05 5.953675999999999746e+00 -7.714869000000000199e+00
2.318732899999999790e+05 6.835052000000000127e+00 -2.532848999999999862e+01
2.318734899999999907e+05 8.063065999999999178e+00 -4.872686999999999813e+01
2.318736900000000023e+05 8.876564000000000121e+00 -7.807616000000000156e+01
2.318738899999999849e+05 8.606901000000000579e+00 -1.126214999999999975e+02
2.318740899999999965e+05 8.220119000000000398e+00 -1.516510000000000105e+02
2.318742899999999790e+05 6.711965000000000181e+00 -2.053036999999999921e+02
2.318744899999999907e+05 4.340283000000000335e+00 -2.727953999999999724e+02
2.318746900000000023e+05 3.811570999999999820e+00 -3.544255999999999744e+02
2.318748899999999849e+05 4.871973999999999805e+00 -4.434087000000000103e+02
2.318750899999999965e+05 5.067591000000000179e+00 -5.224633999999999787e+02
2.318752899999999790e+05 2.999251999999999807e+00 -6.169432000000000471e+02
2.318754899999999907e+05 1.471327000000000051e+00 -7.389008999999999787e+02
2.318756900000000023e+05 2.708956999999999837e+00 -8.547128000000000156e+02
2.318758899999999849e+05 1.200026000000000037e+00 -9.684416999999999689e+02
2.318760899999999965e+05 6.392560999999999938e-01 -1.109431000000000040e+03
2.318762899999999790e+05 1.607766999999999946e+00 -1.250942000000000007e+03
2.318764899999999907e+05 -1.420473000000000097e+00 -1.394270999999999958e+03
2.318766900000000023e+05 -5.110711999999999477e-01 -1.564134999999999991e+03
2.318768899999999849e+05 -1.937028999999999890e+00 -1.719286000000000058e+03
2.318770899999999965e+05 -2.390369000000000188e+00 -1.550058999999999969e+03
2.318772899999999790e+05 -3.895608999999999877e+00 -1.711884999999999991e+03
2.318774899999999907e+05 -4.528799000000000241e+00 -1.565451000000000022e+03
2.318776900000000023e+05 -5.607891999999999655e+00 -1.739034000000000106e+03
2.318778899999999849e+05 -3.825254000000000154e+00 -1.615209000000000060e+03
2.318780899999999965e+05 -7.803819999999999979e+00 -1.458089999999999918e+03
2.318782899999999790e+05 -5.640063999999999744e+00 -1.313144000000000005e+03
2.318784899999999907e+05 -7.080852000000000146e+00 -1.213580999999999904e+03
2.318786900000000023e+05 -8.704584999999999795e+00 -1.076796000000000049e+03
2.318788899999999849e+05 -5.461503999999999692e+00 -9.658214000000000397e+02
2.318790899999999965e+05 -6.692152000000000100e+00 -8.980171000000000276e+02
2.318792899999999790e+05 -1.631328999999999851e+01 -7.888841999999999643e+02
2.318794899999999907e+05 -1.180170000000000030e+01 -6.977957999999999856e+02
2.318796900000000023e+05 -8.203165999999999514e+00 -6.146915000000000191e+02
2.318798899999999849e+05 -8.483052999999999955e+00 -5.708946999999999434e+02
2.318800899999999965e+05 -1.136895999999999951e+01 -5.254302000000000135e+02
2.318802899999999790e+05 -1.427006000000000085e+01 -4.715794000000000210e+02
2.318804899999999907e+05 -1.906400000000000006e+01 -3.929990999999999985e+02
2.318806900000000023e+05 -1.538716999999999935e+01 -3.507108000000000061e+02
2.318808899999999849e+05 -1.604138999999999982e+01 -3.090534000000000106e+02
2.318810899999999965e+05 -1.370786000000000016e+01 -3.061773000000000025e+02
2.318812899999999790e+05 -1.337364999999999959e+01 -2.849698999999999955e+02
2.318814899999999907e+05 -1.687800999999999974e+01 -2.971997999999999820e+02
2.318816900000000023e+05 -1.466089999999999982e+01 -3.082792000000000030e+02
2.318818899999999849e+05 -1.784949999999999903e+01 -3.237576000000000249e+02
2.318820899999999965e+05 -1.956935999999999964e+01 -3.818109000000000037e+02
2.318822899999999790e+05 -2.773599000000000103e+01 -5.133708000000000311e+02
2.318824899999999907e+05 -2.499127999999999972e+01 -6.083649000000000342e+02
2.318826900000000023e+05 -1.495762999999999998e+01 -5.669538999999999760e+02
2.318828899999999849e+05 -1.749481000000000108e+01 -5.549578999999999951e+02
2.318830899999999965e+05 -1.417726000000000042e+01 -6.397019999999999982e+02
2.318832899999999790e+05 -1.481625999999999976e+01 -6.925562999999999647e+02
2.318834899999999907e+05 -2.851389999999999958e+01 -6.084175999999999931e+02
2.318836900000000023e+05 -2.306234999999999857e+01 -5.733613000000000284e+02
2.318838899999999849e+05 -1.359506999999999977e+01 -6.195317000000000007e+02
2.318840899999999965e+05 -2.038325999999999993e+01 -6.197000000000000455e+02
2.318842899999999790e+05 -1.747816999999999865e+01 -6.021300999999999704e+02
2.318844899999999907e+05 -1.753956000000000159e+01 -6.220462999999999738e+02
