# Time finished:
# 2015-06-03 17.44.56
# Temp volt start:
# 1.0119674
# Temp volt stop:
# 1.0119674
# Approx start T:
# 85.8585249708
# Approx stop T:
# 85.8606620892
# DC bias measured, messed up:
# 3.999601
# DC bias we asked for:
# 4
2.318203900000000140e+05 -1.483803999999999945e+01 8.399576000000000420e+01
2.318205900000000256e+05 -1.429602000000000039e+01 8.709489000000000658e+01
2.318207900000000081e+05 -1.508309999999999995e+01 8.350114999999999554e+01
2.318209900000000198e+05 -1.540648000000000017e+01 9.451971000000000345e+01
2.318211900000000023e+05 -1.495907000000000053e+01 9.563254000000000588e+01
2.318213900000000140e+05 -1.504499999999999993e+01 8.270001000000000602e+01
2.318215900000000256e+05 -1.377655999999999992e+01 8.682487000000000421e+01
2.318217900000000081e+05 -1.460722999999999949e+01 8.448190999999999917e+01
2.318219900000000198e+05 -1.445124000000000031e+01 9.002224999999999966e+01
2.318221900000000023e+05 -1.435131999999999941e+01 8.618335000000000434e+01
2.318223900000000140e+05 -1.440915999999999997e+01 8.276922999999999320e+01
2.318225900000000256e+05 -1.416493000000000002e+01 8.698279999999999745e+01
2.318227900000000081e+05 -1.387726999999999933e+01 8.623538999999999533e+01
2.318229900000000198e+05 -1.360987000000000080e+01 8.120532000000000039e+01
2.318231900000000023e+05 -1.470034000000000063e+01 8.555455999999999506e+01
2.318233900000000140e+05 -1.371132000000000062e+01 8.429918999999999585e+01
2.318235900000000256e+05 -1.344683999999999990e+01 8.567647999999999797e+01
2.318237900000000081e+05 -1.332479999999999976e+01 8.249505999999999517e+01
2.318239900000000198e+05 -1.378081000000000067e+01 8.610286999999999580e+01
2.318241900000000023e+05 -1.335138000000000069e+01 8.345391999999999655e+01
2.318243900000000140e+05 -1.381972999999999985e+01 7.985846999999999696e+01
2.318245900000000256e+05 -1.365250999999999948e+01 8.105057999999999652e+01
2.318247900000000081e+05 -1.424796000000000085e+01 8.129913000000000523e+01
2.318249900000000198e+05 -1.386159999999999926e+01 8.160374000000000194e+01
2.318251900000000023e+05 -1.383885000000000076e+01 7.993071999999999377e+01
2.318253900000000140e+05 -1.345035000000000025e+01 8.153368000000000393e+01
2.318255900000000256e+05 -1.241600999999999999e+01 7.694843000000000188e+01
2.318257900000000081e+05 -1.255744999999999933e+01 7.629795000000000016e+01
2.318259900000000198e+05 -1.315544000000000047e+01 7.996000999999999692e+01
2.318261900000000023e+05 -1.245078999999999958e+01 7.953790999999999656e+01
2.318263900000000140e+05 -1.282873999999999981e+01 8.158128999999999564e+01
2.318265900000000256e+05 -1.192698999999999998e+01 7.845175999999999306e+01
2.318267900000000081e+05 -1.158998000000000062e+01 7.602563999999999567e+01
2.318269900000000198e+05 -1.140265999999999913e+01 7.216908999999999708e+01
2.318271900000000023e+05 -1.075098000000000020e+01 6.999363999999999919e+01
2.318273900000000140e+05 -1.063813000000000031e+01 6.431551000000000329e+01
2.318275900000000256e+05 -9.710034000000000276e+00 5.981022999999999712e+01
2.318277900000000081e+05 -9.258093999999999824e+00 5.202747000000000099e+01
2.318279900000000198e+05 -8.517077000000000453e+00 4.444729000000000241e+01
2.318281900000000023e+05 -7.441468000000000416e+00 3.265594000000000108e+01
2.318283900000000140e+05 -6.916952000000000211e+00 1.951923999999999992e+01
2.318285900000000256e+05 -5.994547999999999988e+00 5.473322000000000465e-01
2.318287900000000081e+05 -5.941658000000000328e+00 -2.427205999999999975e+01
2.318289900000000198e+05 -5.177995000000000125e+00 -5.598662000000000205e+01
2.318291900000000023e+05 -4.814379999999999882e+00 -9.212333999999999889e+01
2.318293900000000140e+05 -4.877321000000000240e+00 -1.367831999999999937e+02
2.318295900000000256e+05 -4.352918999999999983e+00 -1.833548000000000116e+02
2.318297900000000081e+05 -4.791793000000000191e+00 -2.375587999999999909e+02
2.318299900000000198e+05 -6.572103000000000250e+00 -2.957051000000000158e+02
2.318301900000000023e+05 -1.034124000000000088e+01 -3.759243000000000166e+02
2.318303900000000140e+05 -1.018360999999999983e+01 -4.854843000000000188e+02
2.318305900000000256e+05 -6.856128000000000000e+00 -5.732500000000000000e+02
2.318307900000000081e+05 -7.920168999999999571e+00 -6.498519999999999754e+02
2.318309900000000198e+05 -1.466655000000000086e+01 -7.736865000000000236e+02
2.318311900000000023e+05 -9.176731999999999445e+00 -9.157069999999999936e+02
2.318313900000000140e+05 -9.594160000000000466e+00 -1.005519999999999982e+03
2.318315900000000256e+05 -1.900989999999999824e+01 -1.151508000000000038e+03
2.318317900000000081e+05 -9.866327000000000069e+00 -1.311775000000000091e+03
2.318319900000000198e+05 -1.486697999999999986e+01 -1.420232999999999947e+03
2.318321900000000023e+05 -1.301366999999999940e+01 -1.286401000000000067e+03
2.318323900000000140e+05 -1.343914999999999971e+01 -1.389997000000000071e+03
2.318325900000000256e+05 -1.386611000000000082e+01 -1.283199000000000069e+03
2.318327900000000081e+05 -1.419064000000000014e+01 -1.385526000000000067e+03
2.318329900000000198e+05 -1.338340999999999958e+01 -1.298333000000000084e+03
2.318331900000000023e+05 -1.799800000000000111e+01 -1.385538999999999987e+03
2.318333900000000140e+05 -1.165151999999999965e+01 -1.327096000000000004e+03
2.318335900000000256e+05 -2.621665000000000134e+01 -1.309315000000000055e+03
2.318337900000000081e+05 -1.355654000000000003e+01 -1.362023999999999887e+03
2.318339900000000198e+05 -1.344342999999999932e+01 -1.319063000000000102e+03
2.318341900000000023e+05 -2.451570999999999856e+01 -1.333701000000000022e+03
2.318343900000000140e+05 -1.450882999999999967e+01 -1.368445999999999913e+03
2.318345900000000256e+05 -1.414399000000000051e+01 -1.338102000000000089e+03
2.318347900000000081e+05 -1.851560999999999879e+01 -1.312084000000000060e+03
2.318349900000000198e+05 -1.896416999999999931e+01 -1.361355999999999995e+03
2.318351900000000023e+05 -1.584728999999999921e+01 -1.355240000000000009e+03
2.318353900000000140e+05 -1.518103999999999942e+01 -1.349394999999999982e+03
2.318355900000000256e+05 -1.499355000000000082e+01 -1.333797000000000025e+03
2.318357900000000081e+05 -1.576820000000000022e+01 -1.319291999999999916e+03
2.318359900000000198e+05 -1.675789999999999935e+01 -1.331655999999999949e+03
2.318361900000000023e+05 -1.753022999999999954e+01 -1.344101000000000113e+03
2.318363900000000140e+05 -1.919028000000000134e+01 -1.336702999999999975e+03
2.318365900000000256e+05 -1.761520000000000152e+01 -1.355500000000000000e+03
2.318367900000000081e+05 -1.702346999999999966e+01 -1.351317999999999984e+03
2.318369900000000198e+05 -1.872835999999999856e+01 -1.346233999999999924e+03
2.318371900000000023e+05 -1.928981999999999886e+01 -1.349695999999999913e+03
2.318373900000000140e+05 -1.732319000000000031e+01 -1.338394000000000005e+03
2.318375900000000256e+05 -1.721912000000000020e+01 -1.343740999999999985e+03
2.318377900000000081e+05 -1.714987999999999957e+01 -1.336249000000000024e+03
2.318379900000000198e+05 -1.514812000000000047e+01 -1.345271999999999935e+03
2.318381900000000023e+05 -1.596293000000000006e+01 -1.343646999999999935e+03
2.318383900000000140e+05 -1.597606000000000037e+01 -1.345770999999999958e+03
2.318385900000000256e+05 -1.684590999999999994e+01 -1.346665999999999940e+03
2.318387900000000081e+05 -1.689540999999999826e+01 -1.343261999999999944e+03
2.318389900000000198e+05 -1.652067999999999870e+01 -1.341440000000000055e+03
2.318391900000000023e+05 -1.646430000000000149e+01 -1.349913999999999987e+03
2.318393900000000140e+05 -1.618583999999999889e+01 -1.350507000000000062e+03
2.318395900000000256e+05 -1.712942999999999927e+01 -1.344076999999999998e+03
2.318397900000000081e+05 -1.611019999999999897e+01 -1.344261999999999944e+03
2.318399900000000198e+05 -1.665177999999999869e+01 -1.338018000000000029e+03
2.318401900000000023e+05 -1.623743999999999943e+01 -1.344776000000000067e+03
2.318403900000000140e+05 -1.609819999999999851e+01 -1.346278999999999996e+03
