# Time finished:
# 2015-06-02 00.53.21
# Temp volt start:
# 0.9625053
# Temp volt stop:
# 0.9625053
# Approx start T:
# 112.869903361
# Approx stop T:
# 112.833670674
# DC bias measured, messed up:
# 8.001245
# DC bias we asked for:
# 8
2.318575400000000081e+05 -6.652778999999999776e+00 9.069754000000000360e+01
2.318577400000000198e+05 -6.279931999999999626e+00 8.763464000000000453e+01
2.318579400000000023e+05 -6.964599999999999902e+00 8.203903999999999996e+01
2.318581400000000140e+05 -4.950365999999999822e+00 6.800893000000000654e+01
2.318583399999999965e+05 -8.580811999999999884e+00 5.099287999999999954e+01
2.318585400000000081e+05 -1.191858000000000040e+01 4.955902999999999992e+01
2.318587400000000198e+05 -1.469177000000000000e+01 5.187642000000000309e+01
2.318589400000000023e+05 -1.609842000000000084e+01 1.107814999999999941e+02
2.318591400000000140e+05 -9.108161000000000840e+00 1.098592000000000013e+02
2.318593399999999965e+05 -8.080021000000000342e+00 8.570610000000000639e+01
2.318595400000000081e+05 -1.157504999999999917e+01 3.660658000000000101e+01
2.318597400000000198e+05 -1.567290999999999990e+01 7.805328000000000088e+01
2.318599400000000023e+05 -1.104465000000000074e+01 9.849775999999999954e+01
2.318601400000000140e+05 -1.019650000000000034e+01 8.790205000000000268e+01
2.318603399999999965e+05 -1.305427000000000071e+01 5.994402000000000186e+01
2.318605400000000081e+05 -1.227903000000000056e+01 8.511339999999999861e+01
2.318607400000000198e+05 -8.096626999999999796e+00 7.142101999999999862e+01
2.318609400000000023e+05 -1.362594999999999956e+01 9.300146999999999764e+01
2.318611400000000140e+05 -8.093080999999999747e+00 7.656449999999999534e+01
2.318613399999999965e+05 -1.164765000000000050e+01 8.415439999999999543e+01
2.318615400000000081e+05 -8.263942000000000121e+00 9.849223000000000638e+01
2.318617400000000198e+05 -1.266588999999999920e+01 8.141173999999999467e+01
2.318619400000000023e+05 -9.082325000000000870e+00 9.423129000000000133e+01
2.318621400000000140e+05 -9.769209000000000032e+00 5.657748000000000133e+01
2.318623399999999965e+05 -7.365344999999999587e+00 6.808603999999999701e+01
2.318625400000000081e+05 -1.103206999999999915e+01 6.101888999999999896e+01
2.318627400000000198e+05 -1.031038999999999994e+01 7.704236000000000217e+01
2.318629400000000023e+05 -7.314499999999999780e+00 7.543515999999999622e+01
2.318631400000000140e+05 -9.877554999999999197e+00 6.247975000000000279e+01
2.318633399999999965e+05 -7.280406000000000155e+00 7.236673999999999296e+01
2.318635400000000081e+05 -6.856037999999999855e+00 6.942461000000000126e+01
2.318637400000000198e+05 -9.318208000000000268e+00 8.499580000000000268e+01
2.318639400000000023e+05 -5.591406000000000098e+00 5.602752999999999872e+01
2.318641400000000140e+05 -4.828154999999999752e+00 5.787592999999999677e+01
2.318643399999999965e+05 -4.409474999999999589e+00 7.128356999999999744e+01
2.318645400000000081e+05 -3.851764999999999883e+00 6.202908000000000044e+01
2.318647400000000198e+05 -4.472625999999999991e+00 6.502209000000000572e+01
2.318649400000000023e+05 -4.232842999999999911e+00 5.771936000000000178e+01
2.318651400000000140e+05 -2.408479999999999954e+00 4.624416000000000082e+01
2.318653399999999965e+05 -1.913377000000000133e-02 4.328685000000000116e+01
2.318655400000000081e+05 2.226386999999999949e-01 3.958778000000000219e+01
2.318657400000000198e+05 2.714650999999999925e+00 2.658903000000000105e+01
2.318659400000000023e+05 3.777734000000000147e+00 1.337099000000000082e+01
2.318661400000000140e+05 5.271244000000000263e+00 1.696974999999999900e+00
2.318663399999999965e+05 6.484663000000000288e+00 -1.882548999999999850e+01
2.318665400000000081e+05 7.894833000000000212e+00 -4.073554000000000030e+01
2.318667400000000198e+05 8.484389000000000181e+00 -6.929998999999999398e+01
2.318669400000000023e+05 8.960955999999999477e+00 -9.994089999999999918e+01
2.318671400000000140e+05 8.426299999999999457e+00 -1.370361000000000047e+02
2.318673399999999965e+05 7.675310999999999773e+00 -1.847914000000000101e+02
2.318675400000000081e+05 5.167586000000000013e+00 -2.469993000000000052e+02
2.318677400000000198e+05 3.676893000000000189e+00 -3.267169999999999845e+02
2.318679400000000023e+05 4.525464000000000375e+00 -4.127470000000000141e+02
2.318681400000000140e+05 5.200490000000000279e+00 -4.985624000000000251e+02
2.318683399999999965e+05 3.868714999999999904e+00 -5.857684000000000424e+02
2.318685400000000081e+05 1.532705999999999902e+00 -6.960266000000000304e+02
2.318687400000000198e+05 2.678101999999999983e+00 -8.186787000000000489e+02
2.318689400000000023e+05 2.051832000000000100e+00 -9.262410999999999603e+02
2.318691400000000140e+05 -4.474687000000000109e-02 -1.061721000000000004e+03
2.318693399999999965e+05 4.609035000000000215e-01 -1.204673000000000002e+03
2.318695400000000081e+05 -5.043904999999999639e-01 -1.337652000000000044e+03
2.318697400000000198e+05 -1.062451999999999952e+00 -1.509092000000000098e+03
2.318699400000000023e+05 -7.779477000000000197e-01 -1.662026000000000067e+03
2.318701400000000140e+05 -3.818693999999999811e+00 -1.838367999999999938e+03
2.318703399999999965e+05 -2.586972999999999967e+00 -2.015087999999999965e+03
2.318705400000000081e+05 -5.659798000000000329e+00 -1.858097999999999956e+03
2.318707400000000198e+05 -2.478445999999999927e+00 -1.686700000000000045e+03
2.318709400000000023e+05 -3.983744000000000174e+00 -1.540211000000000013e+03
2.318711400000000140e+05 -5.345881000000000327e+00 -1.376633000000000038e+03
2.318713399999999965e+05 -4.454562000000000133e+00 -1.260478000000000065e+03
2.318715400000000081e+05 -8.210053999999999519e+00 -1.125579999999999927e+03
2.318717400000000198e+05 -7.889423999999999992e+00 -9.963676000000000386e+02
2.318719400000000023e+05 -6.657371999999999623e+00 -9.096322999999999865e+02
2.318721400000000140e+05 -1.112420000000000009e+01 -8.006910000000000309e+02
2.318723399999999965e+05 -1.097630000000000017e+01 -7.000140000000000100e+02
2.318725400000000081e+05 -7.529001000000000055e+00 -6.001426000000000158e+02
2.318727400000000198e+05 -8.867565000000000808e+00 -5.306898999999999660e+02
2.318729400000000023e+05 -9.916574000000000666e+00 -4.937341999999999871e+02
2.318731400000000140e+05 -1.775049999999999883e+01 -4.175951999999999771e+02
2.318733399999999965e+05 -1.247785000000000011e+01 -3.093238999999999805e+02
2.318735400000000081e+05 -1.094711999999999996e+01 -2.833750000000000000e+02
2.318737400000000198e+05 -1.243519000000000041e+01 -2.654024999999999750e+02
2.318739400000000023e+05 -9.825576999999999117e+00 -2.374273000000000025e+02
2.318741400000000140e+05 -9.802440000000000708e+00 -2.316216000000000008e+02
2.318743399999999965e+05 -1.209962999999999944e+01 -2.213300999999999874e+02
2.318745400000000081e+05 -1.256310000000000038e+01 -2.192072000000000003e+02
2.318747400000000198e+05 -1.384206999999999965e+01 -2.123857000000000141e+02
2.318749400000000023e+05 -1.341966999999999999e+01 -2.208209999999999980e+02
2.318751400000000140e+05 -1.373194999999999943e+01 -2.551904000000000110e+02
2.318753399999999965e+05 -1.179606000000000066e+01 -2.408726000000000056e+02
2.318755400000000081e+05 -1.530898000000000003e+01 -2.826827000000000112e+02
2.318757400000000198e+05 -2.383832999999999913e+01 -2.777257000000000176e+02
2.318759400000000023e+05 -2.941216000000000008e+01 -3.023904999999999745e+02
2.318761400000000140e+05 -1.560671999999999926e+01 -2.226944000000000017e+02
2.318763399999999965e+05 -1.145656999999999925e+01 -2.568795000000000073e+02
2.318765400000000081e+05 -1.789890000000000114e+01 -2.666718000000000188e+02
2.318767400000000198e+05 -2.284241000000000099e+01 -2.491117999999999881e+02
2.318769400000000023e+05 -1.781587999999999994e+01 -1.877146999999999935e+02
2.318771400000000140e+05 -1.368478999999999957e+01 -2.557601999999999975e+02
2.318773399999999965e+05 -1.543532000000000082e+01 -2.410289999999999964e+02
2.318775400000000081e+05 -2.201157999999999859e+01 -2.601521000000000186e+02
