# Time finished:
# 2015-06-03 03.48.18
# Temp volt start:
# 1.0207292
# Temp volt stop:
# 1.0207292
# Approx start T:
# 80.9040787303
# Approx stop T:
# 80.9215895705
# DC bias measured, messed up:
# 3.999983
# DC bias we asked for:
# 4
2.318101799999999930e+05 -1.661977999999999867e+01 8.131960999999999729e+01
2.318103800000000047e+05 -1.590204999999999913e+01 8.697074999999999534e+01
2.318105799999999872e+05 -1.645651000000000153e+01 8.655325000000000557e+01
2.318107799999999988e+05 -1.470395000000000074e+01 9.525821999999999434e+01
2.318109799999999814e+05 -1.439434999999999931e+01 9.119826999999999373e+01
2.318111799999999930e+05 -1.361855000000000082e+01 8.679388000000000147e+01
2.318113800000000047e+05 -1.524235999999999969e+01 7.653343999999999880e+01
2.318115799999999872e+05 -1.492684999999999995e+01 8.261244999999999550e+01
2.318117799999999988e+05 -1.552875000000000050e+01 9.546242999999999768e+01
2.318119799999999814e+05 -1.382301000000000002e+01 8.720152000000000214e+01
2.318121799999999930e+05 -1.549816000000000038e+01 8.025297999999999377e+01
2.318123800000000047e+05 -1.487415999999999983e+01 8.663770999999999844e+01
2.318125799999999872e+05 -1.380901000000000067e+01 8.268474999999999397e+01
2.318127799999999988e+05 -1.405691000000000024e+01 8.120095999999999492e+01
2.318129799999999814e+05 -1.394251000000000040e+01 9.424925000000000352e+01
2.318131799999999930e+05 -1.384473999999999982e+01 8.596663999999999817e+01
2.318133800000000047e+05 -1.507770999999999972e+01 8.385513000000000261e+01
2.318135799999999872e+05 -1.424220000000000041e+01 8.133337000000000216e+01
2.318137799999999988e+05 -1.331240999999999985e+01 8.292359999999999332e+01
2.318139799999999814e+05 -1.468439000000000050e+01 8.312471999999999639e+01
2.318141799999999930e+05 -1.390859000000000023e+01 8.073171999999999571e+01
2.318143800000000047e+05 -1.361885000000000012e+01 8.468063999999999680e+01
2.318145799999999872e+05 -1.384843000000000046e+01 8.301810999999999297e+01
2.318147799999999988e+05 -1.344236000000000075e+01 7.928800999999999988e+01
2.318149799999999814e+05 -1.341568000000000005e+01 8.370775999999999328e+01
2.318151799999999930e+05 -1.314636999999999922e+01 8.100655999999999324e+01
2.318153800000000047e+05 -1.324512000000000000e+01 8.113271000000000299e+01
2.318155799999999872e+05 -1.279729000000000028e+01 8.335980000000000700e+01
2.318157799999999988e+05 -1.275542000000000087e+01 7.926417999999999608e+01
2.318159799999999814e+05 -1.295801999999999943e+01 7.909857999999999834e+01
2.318161799999999930e+05 -1.224081999999999937e+01 7.407766999999999769e+01
2.318163800000000047e+05 -1.186593000000000053e+01 7.850365999999999644e+01
2.318165799999999872e+05 -1.147619000000000078e+01 7.432236000000000331e+01
2.318167799999999988e+05 -1.118516999999999939e+01 7.084817999999999927e+01
2.318169799999999814e+05 -1.105339999999999989e+01 6.935098000000000695e+01
2.318171799999999930e+05 -9.975329999999999586e+00 6.751390999999999565e+01
2.318173800000000047e+05 -9.818813999999999709e+00 6.023181999999999903e+01
2.318175799999999872e+05 -8.788247999999999394e+00 5.275137000000000143e+01
2.318177799999999988e+05 -8.023077000000000680e+00 4.490986999999999796e+01
2.318179799999999814e+05 -7.694931999999999661e+00 3.457871000000000095e+01
2.318181799999999930e+05 -6.461238999999999955e+00 1.859374000000000038e+01
2.318183800000000047e+05 -6.524879000000000318e+00 2.212203000000000142e+00
2.318185799999999872e+05 -5.659701000000000093e+00 -2.346314999999999884e+01
2.318187799999999988e+05 -5.672690000000000232e+00 -5.174371000000000009e+01
2.318189799999999814e+05 -5.094597000000000264e+00 -8.974205999999999506e+01
2.318191799999999930e+05 -4.934312000000000253e+00 -1.379829000000000008e+02
2.318193800000000047e+05 -4.662149000000000321e+00 -1.838547000000000082e+02
2.318195799999999872e+05 -4.961323000000000150e+00 -2.346417999999999893e+02
2.318197799999999988e+05 -6.889740999999999893e+00 -2.944728000000000065e+02
2.318199799999999814e+05 -9.103669000000000011e+00 -3.686236999999999853e+02
2.318201799999999930e+05 -1.020490000000000030e+01 -4.822361000000000217e+02
2.318203800000000047e+05 -7.518826999999999927e+00 -5.715394999999999754e+02
2.318205799999999872e+05 -8.114402999999999366e+00 -6.486618999999999460e+02
2.318207799999999988e+05 -1.425323999999999991e+01 -7.635114999999999554e+02
2.318209799999999814e+05 -1.002590999999999966e+01 -9.117287000000000035e+02
2.318211799999999930e+05 -9.073881000000000085e+00 -1.001090000000000032e+03
2.318213800000000047e+05 -1.966704000000000008e+01 -1.137181000000000040e+03
2.318215799999999872e+05 -9.642447000000000656e+00 -1.307755000000000109e+03
2.318217799999999988e+05 -1.443605999999999945e+01 -1.402116999999999962e+03
2.318219799999999814e+05 -1.342772000000000077e+01 -1.279263999999999896e+03
2.318221799999999930e+05 -1.273579999999999934e+01 -1.380182000000000016e+03
2.318223800000000047e+05 -1.656838000000000122e+01 -1.281310999999999922e+03
2.318225799999999872e+05 -1.313976000000000077e+01 -1.376861000000000104e+03
2.318227799999999988e+05 -1.497950999999999944e+01 -1.300037000000000035e+03
2.318229799999999814e+05 -1.736564999999999870e+01 -1.393294000000000096e+03
2.318231799999999930e+05 -1.273948000000000036e+01 -1.321720000000000027e+03
2.318233800000000047e+05 -2.541338999999999970e+01 -1.359960000000000036e+03
2.318235799999999872e+05 -1.287886999999999915e+01 -1.358693999999999960e+03
2.318237799999999988e+05 -1.464466000000000001e+01 -1.308839999999999918e+03
2.318239799999999814e+05 -2.327853999999999957e+01 -1.363897999999999911e+03
2.318241799999999930e+05 -1.425375000000000014e+01 -1.358778000000000020e+03
2.318243800000000047e+05 -1.482132999999999967e+01 -1.326673999999999978e+03
2.318245799999999872e+05 -1.852337999999999951e+01 -1.321638999999999896e+03
2.318247799999999988e+05 -1.975947999999999993e+01 -1.365374000000000024e+03
2.318249799999999814e+05 -1.529026999999999958e+01 -1.357621000000000095e+03
2.318251799999999930e+05 -1.423732000000000042e+01 -1.340894999999999982e+03
2.318253800000000047e+05 -1.513322999999999929e+01 -1.332186999999999898e+03
2.318255799999999872e+05 -1.640877000000000052e+01 -1.319625999999999976e+03
2.318257799999999988e+05 -2.104416000000000153e+01 -1.334799999999999955e+03
2.318259799999999814e+05 -1.907590000000000074e+01 -1.343272999999999911e+03
2.318261799999999930e+05 -1.757458000000000098e+01 -1.354501999999999953e+03
2.318263800000000047e+05 -1.669603000000000037e+01 -1.350739000000000033e+03
2.318265799999999872e+05 -1.827524999999999977e+01 -1.353893000000000029e+03
2.318267799999999988e+05 -1.758858000000000033e+01 -1.347998000000000047e+03
2.318269799999999814e+05 -1.729041000000000139e+01 -1.350602000000000089e+03
2.318271799999999930e+05 -1.869884000000000057e+01 -1.343910000000000082e+03
2.318273800000000047e+05 -1.645161999999999836e+01 -1.337669000000000096e+03
2.318275799999999872e+05 -1.747742999999999824e+01 -1.328445999999999913e+03
2.318277799999999988e+05 -1.692546000000000106e+01 -1.337439000000000078e+03
2.318279799999999814e+05 -1.603160000000000096e+01 -1.346586999999999989e+03
2.318281799999999930e+05 -1.596289999999999942e+01 -1.343354000000000042e+03
2.318283800000000047e+05 -1.681178999999999846e+01 -1.357865000000000009e+03
2.318285799999999872e+05 -1.761202000000000112e+01 -1.346413000000000011e+03
2.318287799999999988e+05 -1.678653999999999868e+01 -1.340505000000000109e+03
2.318289799999999814e+05 -1.623481999999999914e+01 -1.347439000000000078e+03
2.318291799999999930e+05 -1.546705000000000041e+01 -1.354637999999999920e+03
2.318293800000000047e+05 -1.640359000000000123e+01 -1.338994999999999891e+03
2.318295799999999872e+05 -1.565654999999999930e+01 -1.341607999999999947e+03
2.318297799999999988e+05 -1.712107999999999919e+01 -1.347376999999999953e+03
2.318299799999999814e+05 -1.622505999999999915e+01 -1.339650000000000091e+03
2.318301799999999930e+05 -1.605291000000000068e+01 -1.351778999999999996e+03
