# Time finished:
# 2015-06-03 12.22.40
# Temp volt start:
# 1.0088283
# Temp volt stop:
# 1.0088283
# Approx start T:
# 87.6205568175
# Approx stop T:
# 87.6090718049
# DC bias measured, messed up:
# 3.999749
# DC bias we asked for:
# 4
2.318222900000000081e+05 -1.408918000000000070e+01 9.452504999999999313e+01
2.318224900000000198e+05 -1.339560999999999957e+01 8.629668999999999812e+01
2.318226900000000023e+05 -1.409972999999999921e+01 8.015622999999999365e+01
2.318228900000000140e+05 -1.372142000000000017e+01 8.856449000000000638e+01
2.318230899999999965e+05 -1.491085999999999956e+01 8.238822999999999297e+01
2.318232900000000081e+05 -1.501891999999999960e+01 8.623931000000000324e+01
2.318234900000000198e+05 -1.471434999999999960e+01 9.679993000000000336e+01
2.318236900000000023e+05 -1.424633000000000038e+01 8.931225000000000591e+01
2.318238900000000140e+05 -1.516769999999999996e+01 8.496371999999999503e+01
2.318240899999999965e+05 -1.547586000000000084e+01 9.002174999999999727e+01
2.318242900000000081e+05 -1.420387000000000022e+01 9.240971000000000402e+01
2.318244900000000198e+05 -1.353294999999999959e+01 8.448466000000000520e+01
2.318246900000000023e+05 -1.483581000000000039e+01 8.394827999999999690e+01
2.318248900000000140e+05 -1.400564999999999927e+01 9.372893999999999437e+01
2.318250899999999965e+05 -1.435111000000000026e+01 8.571237999999999602e+01
2.318252900000000081e+05 -1.477988000000000035e+01 8.599869999999999948e+01
2.318254900000000198e+05 -1.381978999999999935e+01 8.802973000000000070e+01
2.318256900000000023e+05 -1.472200999999999915e+01 8.866935999999999751e+01
2.318258900000000140e+05 -1.320428000000000068e+01 8.138102999999999554e+01
2.318260899999999965e+05 -1.546912000000000020e+01 8.479677999999999827e+01
2.318262900000000081e+05 -1.329227999999999987e+01 8.397854999999999848e+01
2.318264900000000198e+05 -1.449426000000000059e+01 8.291346000000000060e+01
2.318266900000000023e+05 -1.360524000000000022e+01 8.383034000000000674e+01
2.318268900000000140e+05 -1.379715000000000025e+01 8.440874999999999773e+01
2.318270899999999965e+05 -1.314287000000000027e+01 7.811404000000000281e+01
2.318272900000000081e+05 -1.317811000000000021e+01 7.692292999999999381e+01
2.318274900000000198e+05 -1.416841999999999935e+01 7.976026000000000238e+01
2.318276900000000023e+05 -1.343917000000000073e+01 7.757980999999999483e+01
2.318278900000000140e+05 -1.211070999999999920e+01 7.474765999999999622e+01
2.318280899999999965e+05 -1.192841999999999913e+01 7.883111999999999853e+01
2.318282900000000081e+05 -1.215395999999999965e+01 7.852796999999999628e+01
2.318284900000000198e+05 -1.230256999999999934e+01 7.317534999999999457e+01
2.318286900000000023e+05 -1.146640000000000015e+01 7.167404000000000508e+01
2.318288900000000140e+05 -1.198127999999999993e+01 6.943747000000000469e+01
2.318290899999999965e+05 -1.049445000000000050e+01 6.837108999999999526e+01
2.318292900000000081e+05 -1.058398000000000039e+01 6.696514000000000522e+01
2.318294900000000198e+05 -1.033065000000000033e+01 5.668677000000000277e+01
2.318296900000000023e+05 -9.257709000000000188e+00 4.806286999999999665e+01
2.318298900000000140e+05 -8.018447999999999354e+00 4.382883000000000351e+01
2.318300899999999965e+05 -7.830019000000000062e+00 3.298602000000000345e+01
2.318302900000000081e+05 -7.299013000000000417e+00 2.190315999999999974e+01
2.318304900000000198e+05 -5.863072999999999979e+00 2.334003000000000050e+00
2.318306900000000023e+05 -5.849930999999999770e+00 -2.179028999999999883e+01
2.318308900000000140e+05 -5.456851000000000340e+00 -5.488363999999999976e+01
2.318310899999999965e+05 -5.307361000000000217e+00 -9.299129000000000644e+01
2.318312900000000081e+05 -4.777243000000000350e+00 -1.333806999999999903e+02
2.318314900000000198e+05 -4.595068000000000374e+00 -1.821199000000000012e+02
2.318316900000000023e+05 -4.941406999999999883e+00 -2.347820000000000107e+02
2.318318900000000140e+05 -6.582898000000000138e+00 -2.932208999999999719e+02
2.318320899999999965e+05 -9.963587000000000415e+00 -3.714268999999999892e+02
2.318322900000000081e+05 -9.915368000000000848e+00 -4.807581000000000131e+02
2.318324900000000198e+05 -7.110166999999999682e+00 -5.718795999999999822e+02
2.318326900000000023e+05 -8.156392999999999560e+00 -6.494287000000000489e+02
2.318328900000000140e+05 -1.401317000000000057e+01 -7.562383999999999560e+02
2.318330899999999965e+05 -1.018032999999999966e+01 -9.117399000000000342e+02
2.318332900000000081e+05 -9.563186999999999216e+00 -1.004369000000000028e+03
2.318334900000000198e+05 -1.967118999999999929e+01 -1.148824000000000069e+03
2.318336900000000023e+05 -9.331502000000000407e+00 -1.311057999999999993e+03
2.318338900000000140e+05 -1.338902000000000037e+01 -1.407365999999999985e+03
2.318340899999999965e+05 -1.332041000000000075e+01 -1.279241999999999962e+03
2.318342900000000081e+05 -1.269425999999999988e+01 -1.378145999999999958e+03
2.318344900000000198e+05 -1.448428000000000004e+01 -1.277271999999999935e+03
2.318346900000000023e+05 -1.324150999999999989e+01 -1.376568999999999960e+03
2.318348900000000140e+05 -1.424660000000000082e+01 -1.303365000000000009e+03
2.318350899999999965e+05 -1.622464000000000084e+01 -1.395964999999999918e+03
2.318352900000000081e+05 -1.228575999999999979e+01 -1.323141000000000076e+03
2.318354900000000198e+05 -2.980444999999999922e+01 -1.358565000000000055e+03
2.318356900000000023e+05 -1.330938000000000088e+01 -1.354638999999999896e+03
2.318358900000000140e+05 -1.463124000000000002e+01 -1.309082000000000107e+03
2.318360899999999965e+05 -2.459224999999999994e+01 -1.369695999999999913e+03
2.318362900000000081e+05 -1.378890999999999956e+01 -1.358148999999999887e+03
2.318364900000000198e+05 -1.405973999999999968e+01 -1.326420000000000073e+03
2.318366900000000023e+05 -2.121491999999999933e+01 -1.313520999999999958e+03
2.318368900000000140e+05 -1.943246999999999858e+01 -1.361306000000000040e+03
2.318370899999999965e+05 -1.559214000000000055e+01 -1.359353000000000065e+03
2.318372900000000081e+05 -1.403752000000000066e+01 -1.346468000000000075e+03
2.318374900000000198e+05 -1.538035999999999959e+01 -1.330253999999999905e+03
2.318376900000000023e+05 -1.688906000000000063e+01 -1.329653000000000020e+03
2.318378900000000140e+05 -1.804842999999999975e+01 -1.328134999999999991e+03
2.318380899999999965e+05 -1.803013999999999939e+01 -1.336708000000000084e+03
2.318382900000000081e+05 -1.851914999999999978e+01 -1.355374000000000024e+03
2.318384900000000198e+05 -1.756322000000000116e+01 -1.343751999999999953e+03
2.318386900000000023e+05 -1.872044999999999959e+01 -1.346941000000000031e+03
2.318388900000000140e+05 -1.663844999999999885e+01 -1.348528999999999996e+03
2.318390899999999965e+05 -1.846259999999999835e+01 -1.347934999999999945e+03
2.318392900000000081e+05 -1.713229000000000113e+01 -1.341314000000000078e+03
2.318394900000000198e+05 -1.865552999999999884e+01 -1.343523999999999887e+03
2.318396900000000023e+05 -1.714319000000000059e+01 -1.344611000000000104e+03
2.318398900000000140e+05 -1.666766000000000147e+01 -1.333756000000000085e+03
2.318400899999999965e+05 -1.560574000000000083e+01 -1.334661000000000058e+03
2.318402900000000081e+05 -1.494360999999999962e+01 -1.342425999999999931e+03
2.318404900000000198e+05 -1.637108999999999881e+01 -1.354012999999999920e+03
2.318406900000000023e+05 -1.871509999999999962e+01 -1.344540999999999940e+03
2.318408900000000140e+05 -1.684797999999999973e+01 -1.336871000000000095e+03
2.318410899999999965e+05 -1.584934999999999938e+01 -1.344171000000000049e+03
2.318412900000000081e+05 -1.621583000000000041e+01 -1.349087999999999965e+03
2.318414900000000198e+05 -1.685077000000000069e+01 -1.339815000000000055e+03
2.318416900000000023e+05 -1.559501000000000026e+01 -1.348567999999999984e+03
2.318418900000000140e+05 -1.678798000000000101e+01 -1.346765000000000100e+03
2.318420899999999965e+05 -1.648242000000000118e+01 -1.340105000000000018e+03
2.318422900000000081e+05 -1.553020000000000067e+01 -1.340550999999999931e+03
