# Time finished:
# 2015-06-03 21.09.55
# Temp volt start:
# 1.0105204
# Temp volt stop:
# 1.0105204
# Approx start T:
# 86.6715952473
# Approx stop T:
# 86.6745145241
# DC bias measured, messed up:
# 3.999515
# DC bias we asked for:
# 4
2.318221000000000058e+05 -1.524676000000000009e+01 8.830903999999999598e+01
2.318223000000000175e+05 -1.523892000000000024e+01 8.565234999999999843e+01
2.318225000000000000e+05 -1.486447000000000074e+01 9.094477000000000544e+01
2.318227000000000116e+05 -1.414718000000000053e+01 9.316209000000000628e+01
2.318228999999999942e+05 -1.418946000000000041e+01 8.945646999999999593e+01
2.318231000000000058e+05 -1.450946000000000069e+01 8.718550999999999362e+01
2.318233000000000175e+05 -1.394942999999999955e+01 8.332827000000000339e+01
2.318235000000000000e+05 -1.469963000000000086e+01 8.725750999999999635e+01
2.318237000000000116e+05 -1.411834999999999951e+01 9.200966999999999985e+01
2.318238999999999942e+05 -1.425614999999999988e+01 8.427182000000000528e+01
2.318241000000000058e+05 -1.440647000000000055e+01 8.735891999999999769e+01
2.318243000000000175e+05 -1.513574999999999982e+01 9.787587000000000614e+01
2.318245000000000000e+05 -1.429256999999999955e+01 8.122422000000000253e+01
2.318247000000000116e+05 -1.492374000000000045e+01 8.539839000000000624e+01
2.318248999999999942e+05 -1.417881999999999998e+01 8.356826999999999828e+01
2.318251000000000058e+05 -1.391028999999999982e+01 8.347468000000000643e+01
2.318253000000000175e+05 -1.411977000000000082e+01 8.959292000000000655e+01
2.318255000000000000e+05 -1.387308999999999948e+01 8.495144999999999413e+01
2.318257000000000116e+05 -1.383520000000000039e+01 8.592873000000000161e+01
2.318258999999999942e+05 -1.423588999999999949e+01 8.180365000000000464e+01
2.318261000000000058e+05 -1.436614999999999931e+01 8.204267000000000110e+01
2.318263000000000175e+05 -1.387176000000000009e+01 8.314303999999999917e+01
2.318265000000000000e+05 -1.395470000000000077e+01 8.467870000000000630e+01
2.318267000000000116e+05 -1.409347999999999956e+01 8.021608999999999412e+01
2.318268999999999942e+05 -1.334182999999999986e+01 8.093358999999999526e+01
2.318271000000000058e+05 -1.294899000000000022e+01 8.405907000000000551e+01
2.318273000000000175e+05 -1.319421999999999962e+01 7.944364000000000203e+01
2.318275000000000000e+05 -1.257282000000000011e+01 7.865205000000000268e+01
2.318277000000000116e+05 -1.274282999999999966e+01 7.904201999999999373e+01
2.318278999999999942e+05 -1.272057000000000038e+01 7.417383999999999844e+01
2.318281000000000058e+05 -1.202842000000000056e+01 7.430929000000000428e+01
2.318283000000000175e+05 -1.210716999999999999e+01 7.814921999999999969e+01
2.318285000000000000e+05 -1.144354000000000049e+01 7.017959999999999354e+01
2.318287000000000116e+05 -1.095945999999999998e+01 6.892565000000000452e+01
2.318288999999999942e+05 -1.057718999999999987e+01 6.509953000000000145e+01
2.318291000000000058e+05 -9.991179999999999950e+00 6.254977999999999838e+01
2.318293000000000175e+05 -9.298674000000000106e+00 5.557995999999999981e+01
2.318295000000000000e+05 -8.447727000000000430e+00 4.751550000000000296e+01
2.318297000000000116e+05 -8.108368999999999716e+00 3.794057999999999709e+01
2.318298999999999942e+05 -7.071514999999999773e+00 2.552646999999999977e+01
2.318301000000000058e+05 -6.203486999999999973e+00 1.030784000000000056e+01
2.318303000000000175e+05 -5.830765000000000420e+00 -1.353763999999999967e+01
2.318305000000000000e+05 -5.666341000000000072e+00 -3.829583999999999833e+01
2.318307000000000116e+05 -5.055797000000000097e+00 -7.599936999999999898e+01
2.318308999999999942e+05 -4.678554000000000102e+00 -1.170532000000000039e+02
2.318311000000000058e+05 -4.494149000000000171e+00 -1.635473000000000070e+02
2.318313000000000175e+05 -4.566716999999999693e+00 -2.156528999999999883e+02
2.318315000000000000e+05 -5.421796999999999755e+00 -2.698813000000000102e+02
2.318317000000000116e+05 -8.744987000000000066e+00 -3.362737999999999943e+02
2.318318999999999942e+05 -1.114869000000000021e+01 -4.342860999999999763e+02
2.318321000000000058e+05 -8.084282999999999220e+00 -5.379858000000000402e+02
2.318323000000000175e+05 -6.816762999999999906e+00 -6.186063000000000329e+02
2.318325000000000000e+05 -1.133122999999999969e+01 -7.071005000000000109e+02
2.318327000000000116e+05 -1.228684999999999938e+01 -8.680076999999999998e+02
2.318328999999999942e+05 -8.158137999999999224e+00 -9.670100999999999658e+02
2.318331000000000058e+05 -1.330624000000000073e+01 -1.069045000000000073e+03
2.318333000000000175e+05 -1.186322999999999972e+01 -9.084353999999999587e+02
2.318335000000000000e+05 -1.067159000000000013e+01 -1.007495999999999981e+03
2.318337000000000116e+05 -2.002875999999999834e+01 -8.565262999999999920e+02
2.318338999999999942e+05 -1.027556000000000047e+01 -9.839869999999999663e+02
2.318341000000000058e+05 -2.839427999999999841e+01 -8.154788999999999533e+02
2.318343000000000175e+05 -1.091416000000000075e+01 -9.785834999999999582e+02
2.318345000000000000e+05 -2.816920000000000002e+01 -9.082243999999999460e+02
2.318347000000000116e+05 -1.204449999999999932e+01 -9.965837000000000216e+02
2.318348999999999942e+05 -1.781229000000000084e+01 -9.262011999999999716e+02
2.318351000000000058e+05 -1.609303999999999846e+01 -1.018553999999999974e+03
2.318353000000000175e+05 -1.318125000000000036e+01 -9.586425000000000409e+02
2.318355000000000000e+05 -2.415478999999999843e+01 -9.475768000000000484e+02
2.318357000000000116e+05 -1.396404000000000067e+01 -1.007336000000000013e+03
2.318358999999999942e+05 -1.339995000000000047e+01 -9.670697999999999865e+02
2.318361000000000058e+05 -2.251485999999999876e+01 -9.422771999999999935e+02
2.318363000000000175e+05 -1.760216000000000136e+01 -1.012518000000000029e+03
2.318365000000000000e+05 -1.448853000000000080e+01 -9.956525000000000318e+02
2.318367000000000116e+05 -1.468890999999999991e+01 -9.716291999999999689e+02
2.318368999999999942e+05 -1.831616000000000000e+01 -9.585928999999999860e+02
2.318371000000000058e+05 -1.999893000000000143e+01 -9.941819000000000415e+02
2.318373000000000175e+05 -1.865768999999999878e+01 -1.003493000000000052e+03
2.318375000000000000e+05 -1.575980999999999987e+01 -1.000392000000000053e+03
2.318377000000000116e+05 -1.484728999999999921e+01 -9.897672999999999774e+02
2.318378999999999942e+05 -1.559948999999999941e+01 -9.914067000000000007e+02
2.318381000000000058e+05 -1.548395000000000010e+01 -9.886177000000000135e+02
2.318383000000000175e+05 -1.466183000000000014e+01 -9.849530999999999494e+02
2.318385000000000000e+05 -1.541766999999999932e+01 -9.806038999999999533e+02
2.318387000000000116e+05 -1.454287000000000063e+01 -9.876358999999999924e+02
2.318388999999999942e+05 -1.503645000000000032e+01 -9.800157000000000380e+02
2.318391000000000058e+05 -1.500777000000000072e+01 -9.898252999999999702e+02
2.318393000000000175e+05 -1.570679999999999943e+01 -9.912273999999999887e+02
2.318395000000000000e+05 -1.637391999999999825e+01 -9.876763999999999442e+02
2.318397000000000116e+05 -1.689720000000000155e+01 -9.846494000000000142e+02
2.318398999999999942e+05 -1.839868999999999843e+01 -9.781604999999999563e+02
2.318401000000000058e+05 -1.627955000000000041e+01 -9.769292000000000371e+02
2.318403000000000175e+05 -1.589799000000000007e+01 -9.760258999999999787e+02
2.318405000000000000e+05 -1.560797999999999952e+01 -9.932613000000000056e+02
2.318407000000000116e+05 -1.746300000000000097e+01 -9.796343000000000529e+02
2.318408999999999942e+05 -1.595026000000000010e+01 -9.787545000000000073e+02
2.318411000000000058e+05 -1.601095000000000113e+01 -9.947754999999999654e+02
2.318413000000000175e+05 -1.707482999999999862e+01 -9.836506000000000540e+02
2.318415000000000000e+05 -1.701338000000000150e+01 -9.805493000000000166e+02
2.318417000000000116e+05 -1.606133000000000166e+01 -9.819444999999999482e+02
2.318418999999999942e+05 -1.741010999999999953e+01 -9.791135000000000446e+02
2.318421000000000058e+05 -1.610397999999999996e+01 -9.810626999999999498e+02
