# Time finished:
# 2015-06-04 08.01.29
# Temp volt start:
# 0.96353532
# Temp volt stop:
# 0.96353532
# Approx start T:
# 112.3230309
# Approx stop T:
# 112.350723613
# DC bias measured, messed up:
# 3.999367
# DC bias we asked for:
# 4
2.318707399999999907e+05 -1.452815999999999974e+01 9.152048999999999523e+01
2.318709400000000023e+05 -1.413579999999999970e+01 8.589994000000000085e+01
2.318711399999999849e+05 -1.344988999999999990e+01 8.937514000000000181e+01
2.318713399999999965e+05 -1.420625000000000071e+01 8.531092999999999904e+01
2.318715399999999790e+05 -1.441272999999999982e+01 9.534256999999999493e+01
2.318717399999999907e+05 -1.451548999999999978e+01 8.591736000000000217e+01
2.318719400000000023e+05 -1.561412999999999940e+01 9.442524000000000228e+01
2.318721399999999849e+05 -1.440856999999999921e+01 9.036275000000000546e+01
2.318723399999999965e+05 -1.404242999999999952e+01 8.379406000000000176e+01
2.318725399999999790e+05 -1.485776000000000074e+01 9.249814000000000647e+01
2.318727399999999907e+05 -1.466236999999999924e+01 9.084290000000000020e+01
2.318729400000000023e+05 -1.462667000000000073e+01 9.040797000000000594e+01
2.318731399999999849e+05 -1.383544000000000018e+01 8.748909999999999343e+01
2.318733399999999965e+05 -1.392409999999999926e+01 9.225396999999999537e+01
2.318735399999999790e+05 -1.322681000000000040e+01 8.339852999999999383e+01
2.318737399999999907e+05 -1.464727000000000068e+01 8.344772000000000389e+01
2.318739400000000023e+05 -1.349893999999999927e+01 8.966136000000000195e+01
2.318741399999999849e+05 -1.444888000000000083e+01 8.914663000000000181e+01
2.318743399999999965e+05 -1.502609999999999957e+01 8.026985999999999422e+01
2.318745399999999790e+05 -1.430179000000000045e+01 7.901484999999999559e+01
2.318747399999999907e+05 -1.361570999999999998e+01 8.404482000000000141e+01
2.318749400000000023e+05 -1.422874000000000017e+01 7.837548999999999921e+01
2.318751399999999849e+05 -1.361430999999999969e+01 8.613765999999999678e+01
2.318753399999999965e+05 -1.331126000000000076e+01 8.445360999999999763e+01
2.318755399999999790e+05 -1.339128999999999969e+01 8.350007999999999697e+01
2.318757399999999907e+05 -1.258514000000000088e+01 8.587337999999999738e+01
2.318759400000000023e+05 -1.289974999999999916e+01 8.523076000000000363e+01
2.318761399999999849e+05 -1.201403999999999961e+01 7.641271000000000413e+01
2.318763399999999965e+05 -1.274292999999999942e+01 8.636818999999999846e+01
2.318765399999999790e+05 -1.281387999999999927e+01 8.017579000000000633e+01
2.318767399999999907e+05 -1.183300000000000018e+01 8.092059000000000424e+01
2.318769400000000023e+05 -1.223151000000000010e+01 7.597587000000000046e+01
2.318771399999999849e+05 -1.203570999999999991e+01 7.156614999999999327e+01
2.318773399999999965e+05 -1.133653999999999940e+01 7.152331999999999823e+01
2.318775399999999790e+05 -1.030076999999999998e+01 7.124165000000000703e+01
2.318777399999999907e+05 -1.021579000000000015e+01 6.467480999999999369e+01
2.318779400000000023e+05 -9.407377000000000322e+00 6.362398999999999916e+01
2.318781399999999849e+05 -8.908901999999999433e+00 5.453786000000000200e+01
2.318783399999999965e+05 -8.634418999999999400e+00 4.787398000000000309e+01
2.318785399999999790e+05 -7.433428000000000146e+00 3.572482000000000113e+01
2.318787399999999907e+05 -7.049978000000000300e+00 2.015499000000000152e+01
2.318789400000000023e+05 -6.259776999999999703e+00 -8.081239999999999535e-01
2.318791399999999849e+05 -5.830593999999999610e+00 -2.424159999999999826e+01
2.318793399999999965e+05 -5.272618999999999723e+00 -5.483272999999999797e+01
2.318795399999999790e+05 -4.594603000000000215e+00 -9.341115999999999531e+01
2.318797399999999907e+05 -4.137321000000000026e+00 -1.340740999999999872e+02
2.318799400000000023e+05 -3.811723999999999890e+00 -1.844843999999999937e+02
2.318801399999999849e+05 -4.191014000000000017e+00 -2.380581999999999994e+02
2.318803399999999965e+05 -5.760855000000000281e+00 -2.969347999999999956e+02
2.318805399999999790e+05 -8.862902000000000058e+00 -3.759424000000000206e+02
2.318807399999999907e+05 -9.450196000000000041e+00 -4.836512999999999920e+02
2.318809400000000023e+05 -6.468773999999999802e+00 -5.706281999999999925e+02
2.318811399999999849e+05 -7.457667999999999964e+00 -6.530248000000000275e+02
2.318813399999999965e+05 -1.376900000000000013e+01 -7.646657999999999902e+02
2.318815399999999790e+05 -8.948646999999999352e+00 -9.134611999999999625e+02
2.318817399999999907e+05 -8.524706000000000117e+00 -1.006057000000000016e+03
2.318819400000000023e+05 -1.623311999999999955e+01 -1.157554000000000087e+03
2.318821399999999849e+05 -8.540628999999999138e+00 -1.310188000000000102e+03
2.318823399999999965e+05 -1.267192999999999969e+01 -1.419055000000000064e+03
2.318825399999999790e+05 -1.140850999999999971e+01 -1.283044000000000096e+03
2.318827399999999907e+05 -1.176234000000000002e+01 -1.388086000000000013e+03
2.318829400000000023e+05 -1.368856000000000073e+01 -1.281507000000000062e+03
2.318831399999999849e+05 -1.331274999999999942e+01 -1.393433999999999969e+03
2.318833399999999965e+05 -1.245126999999999917e+01 -1.291605000000000018e+03
2.318835399999999790e+05 -1.650450999999999979e+01 -1.395920000000000073e+03
2.318837399999999907e+05 -1.184595999999999982e+01 -1.319672000000000025e+03
2.318839400000000023e+05 -3.774828999999999724e+01 -1.166817000000000007e+03
2.318841399999999849e+05 -1.175775999999999932e+01 -1.009092999999999961e+03
2.318843399999999965e+05 -1.337457000000000029e+01 -9.434518000000000484e+02
2.318845399999999790e+05 -3.028981999999999886e+01 -1.013379999999999995e+03
2.318847399999999907e+05 -1.379350999999999949e+01 -1.003403999999999996e+03
2.318849400000000023e+05 -1.324257000000000062e+01 -9.694004999999999654e+02
2.318851399999999849e+05 -1.837470000000000070e+01 -9.369705999999999904e+02
2.318853399999999965e+05 -2.069994000000000156e+01 -1.012480000000000018e+03
2.318855399999999790e+05 -1.477008999999999972e+01 -1.004966000000000008e+03
2.318857399999999907e+05 -1.302647999999999939e+01 -9.821855000000000473e+02
2.318859400000000023e+05 -1.409261000000000053e+01 -9.676553000000000111e+02
2.318861399999999849e+05 -1.797628999999999877e+01 -9.543972999999999729e+02
2.318863399999999965e+05 -1.755284999999999940e+01 -9.615711000000000013e+02
2.318865399999999790e+05 -2.210460000000000136e+01 -9.862965000000000373e+02
2.318867399999999907e+05 -2.000190999999999875e+01 -9.724307999999999765e+02
2.318869400000000023e+05 -1.953733000000000075e+01 -9.915139000000000351e+02
2.318871399999999849e+05 -1.774230000000000018e+01 -9.931977000000000544e+02
2.318873399999999965e+05 -2.035237000000000052e+01 -9.976165999999999485e+02
2.318875399999999790e+05 -1.870449999999999946e+01 -9.923346999999999980e+02
2.318877399999999907e+05 -1.774348000000000170e+01 -9.887291000000000167e+02
2.318879400000000023e+05 -1.775915000000000177e+01 -9.776948999999999614e+02
2.318881399999999849e+05 -1.734793000000000163e+01 -9.765806999999999789e+02
2.318883399999999965e+05 -1.606169999999999831e+01 -9.697925000000000182e+02
2.318885399999999790e+05 -1.514245000000000019e+01 -9.816227999999999838e+02
2.318887399999999907e+05 -1.456134999999999913e+01 -9.895828000000000202e+02
2.318889400000000023e+05 -1.560679999999999978e+01 -9.965748999999999569e+02
2.318891399999999849e+05 -1.708944999999999936e+01 -9.782320999999999458e+02
2.318893399999999965e+05 -1.713397000000000148e+01 -9.603796999999999571e+02
2.318895399999999790e+05 -1.419412999999999947e+01 -9.868243999999999687e+02
2.318897399999999907e+05 -1.620367999999999853e+01 -9.771779000000000224e+02
2.318899400000000023e+05 -1.628255000000000052e+01 -9.770910000000000082e+02
2.318901399999999849e+05 -1.530702999999999925e+01 -9.686015999999999622e+02
2.318903399999999965e+05 -1.606266000000000105e+01 -9.936435999999999922e+02
2.318905399999999790e+05 -1.652821000000000140e+01 -9.728446999999999889e+02
2.318907399999999907e+05 -1.561885999999999974e+01 -9.860751000000000204e+02
