# Time finished:
# 2015-06-02 23.16.22
# Temp volt start:
# 1.0467376
# Temp volt stop:
# 1.0467376
# Approx start T:
# 65.8710580163
# Approx stop T:
# 65.896680833
# DC bias measured, messed up:
# 4.000106
# DC bias we asked for:
# 4
2.317805799999999872e+05 -1.486009999999999920e+01 8.978551000000000215e+01
2.317807799999999988e+05 -1.581555999999999962e+01 8.622764999999999702e+01
2.317809799999999814e+05 -1.514522999999999975e+01 9.904828999999999439e+01
2.317811799999999930e+05 -1.487734999999999985e+01 9.274093999999999482e+01
2.317813799999999756e+05 -1.473701999999999934e+01 9.475535000000000707e+01
2.317815799999999872e+05 -1.402792999999999957e+01 8.823640000000000327e+01
2.317817799999999988e+05 -1.453289000000000009e+01 8.751030000000000086e+01
2.317819799999999814e+05 -1.454080000000000084e+01 8.597191999999999723e+01
2.317821799999999930e+05 -1.459967999999999932e+01 8.868007000000000062e+01
2.317823799999999756e+05 -1.380036999999999914e+01 8.362724000000000046e+01
2.317825799999999872e+05 -1.435252999999999979e+01 8.483109000000000322e+01
2.317827799999999988e+05 -1.450566000000000066e+01 8.916334999999999411e+01
2.317829799999999814e+05 -1.362115000000000009e+01 8.658350000000000080e+01
2.317831799999999930e+05 -1.474638000000000027e+01 8.827187000000000694e+01
2.317833799999999756e+05 -1.440316999999999936e+01 8.565037999999999840e+01
2.317835799999999872e+05 -1.388380000000000081e+01 8.383898999999999546e+01
2.317837799999999988e+05 -1.380512000000000050e+01 8.594671999999999912e+01
2.317839799999999814e+05 -1.447275999999999918e+01 8.505267000000000621e+01
2.317841799999999930e+05 -1.367355000000000054e+01 8.705083000000000482e+01
2.317843799999999756e+05 -1.444242000000000026e+01 8.941702999999999690e+01
2.317845799999999872e+05 -1.390915999999999997e+01 7.997880000000000678e+01
2.317847799999999988e+05 -1.403414000000000073e+01 8.419787999999999784e+01
2.317849799999999814e+05 -1.313188000000000066e+01 8.349052000000000362e+01
2.317851799999999930e+05 -1.244410000000000061e+01 7.486768999999999608e+01
2.317853799999999756e+05 -1.396227999999999980e+01 8.920489999999999498e+01
2.317855799999999872e+05 -1.296824999999999939e+01 8.431104999999999450e+01
2.317857799999999988e+05 -1.269406000000000034e+01 8.225703000000000031e+01
2.317859799999999814e+05 -1.359922000000000075e+01 8.135401000000000238e+01
2.317861799999999930e+05 -1.296400000000000041e+01 7.799389999999999645e+01
2.317863799999999756e+05 -1.234549999999999947e+01 7.508087000000000444e+01
2.317865799999999872e+05 -1.208056999999999981e+01 7.564486999999999739e+01
2.317867799999999988e+05 -1.308642000000000039e+01 7.680400000000000205e+01
2.317869799999999814e+05 -1.135985999999999940e+01 7.627526000000000295e+01
2.317871799999999930e+05 -1.140648999999999980e+01 7.402607999999999322e+01
2.317873799999999756e+05 -1.084529000000000032e+01 7.185743999999999687e+01
2.317875799999999872e+05 -1.037889999999999979e+01 6.455778999999999712e+01
2.317877799999999988e+05 -9.447101999999999222e+00 6.266606999999999772e+01
2.317879799999999814e+05 -9.167759999999999465e+00 6.057450000000000045e+01
2.317881799999999930e+05 -8.814686000000000021e+00 5.224029999999999774e+01
2.317883799999999756e+05 -7.906800999999999746e+00 4.102396000000000242e+01
2.317885799999999872e+05 -7.203115000000000379e+00 3.051380999999999943e+01
2.317887799999999988e+05 -6.558188000000000351e+00 1.412090000000000067e+01
2.317889799999999814e+05 -5.924574999999999925e+00 -7.283438000000000301e+00
2.317891799999999930e+05 -5.481262000000000079e+00 -3.301863999999999777e+01
2.317893799999999756e+05 -5.180252000000000301e+00 -6.796411999999999409e+01
2.317895799999999872e+05 -4.918859999999999566e+00 -1.095875999999999948e+02
2.317897799999999988e+05 -4.611758000000000024e+00 -1.536354000000000042e+02
2.317899799999999814e+05 -4.628150999999999904e+00 -2.038221000000000060e+02
2.317901799999999930e+05 -5.016893999999999743e+00 -2.564313999999999965e+02
2.317903799999999756e+05 -7.206427999999999834e+00 -3.218457000000000221e+02
2.317905799999999872e+05 -1.103143999999999991e+01 -4.117522999999999911e+02
2.317907799999999988e+05 -8.137883000000000422e+00 -5.240644999999999527e+02
2.317909799999999814e+05 -6.962356999999999907e+00 -6.037169000000000096e+02
2.317911799999999930e+05 -9.169124000000000052e+00 -6.835555000000000518e+02
2.317913799999999756e+05 -1.423582000000000036e+01 -8.331004000000000360e+02
2.317915799999999872e+05 -7.789736999999999689e+00 -9.493869999999999436e+02
2.317917799999999988e+05 -1.137982000000000049e+01 -1.040740999999999985e+03
2.317919799999999814e+05 -1.434669000000000061e+01 -8.793523999999999887e+02
2.317921799999999930e+05 -9.038033999999999679e+00 -9.887100000000000364e+02
2.317923799999999756e+05 -2.378058000000000050e+01 -1.142467000000000098e+03
2.317925799999999872e+05 -9.459884000000000626e+00 -1.321737000000000080e+03
2.317927799999999988e+05 -1.922524999999999906e+01 -1.439159000000000106e+03
2.317929799999999814e+05 -1.080056000000000083e+01 -1.316411000000000058e+03
2.317931799999999930e+05 -2.372350000000000136e+01 -1.424241999999999962e+03
2.317933799999999756e+05 -1.125768000000000058e+01 -1.330465999999999894e+03
2.317935799999999872e+05 -2.673325000000000173e+01 -1.257354000000000042e+03
2.317937799999999988e+05 -1.228374999999999950e+01 -1.363115000000000009e+03
2.317939799999999814e+05 -1.562575999999999965e+01 -1.293308999999999969e+03
2.317941799999999930e+05 -2.151371999999999929e+01 -1.374782999999999902e+03
2.317943799999999756e+05 -1.242149999999999999e+01 -1.345373000000000047e+03
2.317945799999999872e+05 -1.584501999999999988e+01 -1.305320999999999913e+03
2.317947799999999988e+05 -2.270345000000000013e+01 -1.389938000000000102e+03
2.317949799999999814e+05 -1.465389000000000053e+01 -1.360874000000000024e+03
2.317951799999999930e+05 -1.345354999999999990e+01 -1.329203999999999951e+03
2.317953799999999756e+05 -1.617662999999999940e+01 -1.311836000000000013e+03
2.317955799999999872e+05 -2.164430000000000121e+01 -1.342203999999999951e+03
2.317957799999999988e+05 -1.866954000000000136e+01 -1.360012999999999920e+03
2.317959799999999814e+05 -1.523873000000000033e+01 -1.361006000000000085e+03
2.317961799999999930e+05 -1.496124999999999972e+01 -1.342675999999999931e+03
2.317963799999999756e+05 -1.411408999999999914e+01 -1.332429000000000087e+03
2.317965799999999872e+05 -1.488563000000000081e+01 -1.331275000000000091e+03
2.317967799999999988e+05 -1.555613999999999919e+01 -1.325840999999999894e+03
2.317969799999999814e+05 -1.508192000000000021e+01 -1.329579999999999927e+03
2.317971799999999930e+05 -1.594083999999999968e+01 -1.331067999999999984e+03
2.317973799999999756e+05 -1.649455000000000027e+01 -1.332977000000000089e+03
2.317975799999999872e+05 -1.582034999999999947e+01 -1.334164999999999964e+03
2.317977799999999988e+05 -1.506841000000000008e+01 -1.335248000000000047e+03
2.317979799999999814e+05 -1.561401000000000039e+01 -1.334345000000000027e+03
2.317981799999999930e+05 -1.510281999999999947e+01 -1.342836000000000013e+03
2.317983799999999756e+05 -1.521804999999999986e+01 -1.350107999999999947e+03
2.317985799999999872e+05 -1.754736000000000118e+01 -1.349853000000000065e+03
2.317987799999999988e+05 -1.761311999999999856e+01 -1.352362000000000080e+03
2.317989799999999814e+05 -1.763156000000000034e+01 -1.335787000000000035e+03
2.317991799999999930e+05 -1.487432000000000087e+01 -1.341352000000000089e+03
2.317993799999999756e+05 -1.681816999999999851e+01 -1.347477000000000089e+03
2.317995799999999872e+05 -1.701355999999999824e+01 -1.346186999999999898e+03
2.317997799999999988e+05 -1.792301000000000144e+01 -1.343213999999999942e+03
2.317999799999999814e+05 -1.660631000000000057e+01 -1.346919000000000096e+03
2.318001799999999930e+05 -1.795563999999999893e+01 -1.338963999999999942e+03
2.318003799999999756e+05 -1.621412000000000120e+01 -1.345721999999999980e+03
2.318005799999999872e+05 -1.543084999999999951e+01 -1.347638999999999896e+03
