# Time finished:
# 2015-06-03 16.39.55
# Temp volt start:
# 1.0119251
# Temp volt stop:
# 1.0119251
# Approx start T:
# 85.8823139089
# Approx stop T:
# 85.8866441497
# DC bias measured, messed up:
# 3.999798
# DC bias we asked for:
# 4
2.318204800000000105e+05 -1.498591000000000051e+01 8.026363999999999521e+01
2.318206800000000221e+05 -1.475629999999999953e+01 8.769176000000000215e+01
2.318208800000000047e+05 -1.490296000000000021e+01 9.061293999999999471e+01
2.318210800000000163e+05 -1.359179999999999922e+01 9.055809000000000708e+01
2.318212799999999988e+05 -1.397209999999999930e+01 8.473802999999999486e+01
2.318214800000000105e+05 -1.354940999999999995e+01 8.522826000000000590e+01
2.318216800000000221e+05 -1.396653000000000056e+01 8.595081000000000415e+01
2.318218800000000047e+05 -1.414939999999999998e+01 9.917669999999999675e+01
2.318220800000000163e+05 -1.466180999999999912e+01 9.166048000000000684e+01
2.318222799999999988e+05 -1.486974000000000018e+01 8.852580000000000382e+01
2.318224800000000105e+05 -1.425248000000000026e+01 8.634363000000000454e+01
2.318226800000000221e+05 -1.429612999999999978e+01 8.807992000000000132e+01
2.318228800000000047e+05 -1.310308999999999990e+01 8.076203999999999894e+01
2.318230800000000163e+05 -1.424441999999999986e+01 9.480231000000000563e+01
2.318232799999999988e+05 -1.386176000000000030e+01 8.682560999999999751e+01
2.318234800000000105e+05 -1.348473000000000077e+01 8.623805000000000121e+01
2.318236800000000221e+05 -1.402970000000000006e+01 8.792910000000000537e+01
2.318238800000000047e+05 -1.452969000000000044e+01 8.419714000000000453e+01
2.318240800000000163e+05 -1.421152000000000015e+01 8.575642000000000564e+01
2.318242799999999988e+05 -1.361434000000000033e+01 7.962190999999999974e+01
2.318244800000000105e+05 -1.308637000000000050e+01 8.408845999999999776e+01
2.318246800000000221e+05 -1.430251999999999946e+01 8.641264999999999930e+01
2.318248800000000047e+05 -1.300027000000000044e+01 8.336764999999999759e+01
2.318250800000000163e+05 -1.331462999999999930e+01 8.422758000000000322e+01
2.318252799999999988e+05 -1.343910999999999945e+01 8.094478999999999758e+01
2.318254800000000105e+05 -1.249986999999999959e+01 8.535721999999999809e+01
2.318256800000000221e+05 -1.282295000000000051e+01 8.329704999999999870e+01
2.318258800000000047e+05 -1.246531000000000056e+01 7.627843000000000018e+01
2.318260800000000163e+05 -1.268758000000000052e+01 7.736189000000000249e+01
2.318262799999999988e+05 -1.303607000000000049e+01 7.707447000000000514e+01
2.318264800000000105e+05 -1.246522000000000041e+01 7.845431999999999562e+01
2.318266800000000221e+05 -1.183009000000000022e+01 7.634629999999999939e+01
2.318268800000000047e+05 -1.124872000000000050e+01 7.129756000000000427e+01
2.318270800000000163e+05 -1.101068000000000069e+01 6.623502000000000578e+01
2.318272799999999988e+05 -1.043688000000000038e+01 6.770959000000000572e+01
2.318274800000000105e+05 -9.455258000000000607e+00 6.212051999999999907e+01
2.318276800000000221e+05 -9.868190999999999491e+00 5.510907000000000266e+01
2.318278800000000047e+05 -8.496994000000000824e+00 4.998879000000000161e+01
2.318280800000000163e+05 -7.694720000000000226e+00 3.943383000000000038e+01
2.318282799999999988e+05 -7.165920999999999985e+00 2.650806000000000040e+01
2.318284800000000105e+05 -6.841606999999999772e+00 1.267393000000000036e+01
2.318286800000000221e+05 -6.109787999999999997e+00 -1.366249000000000002e+01
2.318288800000000047e+05 -5.624615999999999616e+00 -4.068773999999999802e+01
2.318290800000000163e+05 -4.999334000000000167e+00 -7.442971000000000004e+01
2.318292799999999988e+05 -5.006000000000000227e+00 -1.167150000000000034e+02
2.318294800000000105e+05 -4.718194000000000443e+00 -1.627179999999999893e+02
2.318296800000000221e+05 -4.644478000000000328e+00 -2.145833000000000084e+02
2.318298800000000047e+05 -5.647014999999999674e+00 -2.673100999999999772e+02
2.318300800000000163e+05 -8.170702999999999605e+00 -3.358809999999999718e+02
2.318302799999999988e+05 -1.073723000000000027e+01 -4.332176999999999794e+02
2.318304800000000105e+05 -8.628513999999999129e+00 -5.375789999999999509e+02
2.318306800000000221e+05 -6.954951000000000327e+00 -6.151209999999999809e+02
2.318308800000000047e+05 -1.045916000000000068e+01 -7.031163999999999987e+02
2.318310800000000163e+05 -1.330420999999999943e+01 -8.625546000000000504e+02
2.318312799999999988e+05 -8.330292999999999282e+00 -9.658694000000000415e+02
2.318314800000000105e+05 -1.338180999999999976e+01 -1.064153000000000020e+03
2.318316800000000221e+05 -1.237344000000000044e+01 -9.024461999999999762e+02
2.318318800000000047e+05 -9.771860999999999464e+00 -1.001153999999999996e+03
2.318320800000000163e+05 -2.187811999999999912e+01 -8.446553000000000111e+02
2.318322799999999988e+05 -1.029477999999999938e+01 -9.834451999999999998e+02
2.318324800000000105e+05 -2.897241000000000000e+01 -8.092880999999999858e+02
2.318326800000000221e+05 -1.142957999999999963e+01 -9.826426999999999907e+02
2.318328800000000047e+05 -3.184309000000000012e+01 -8.329047000000000480e+02
2.318330800000000163e+05 -1.163423000000000052e+01 -9.925384999999999991e+02
2.318332799999999988e+05 -1.854468999999999923e+01 -9.168636999999999944e+02
2.318334800000000105e+05 -1.456840000000000046e+01 -1.011972999999999956e+03
2.318336800000000221e+05 -1.285844999999999949e+01 -9.615345999999999549e+02
2.318338800000000047e+05 -2.826644999999999897e+01 -9.669687000000000126e+02
2.318340800000000163e+05 -1.344524999999999970e+01 -1.001375000000000000e+03
2.318342799999999988e+05 -1.420914999999999928e+01 -9.607975999999999885e+02
2.318344800000000105e+05 -2.209835999999999956e+01 -9.492503000000000384e+02
2.318346800000000221e+05 -1.780004999999999882e+01 -1.006653999999999996e+03
2.318348800000000047e+05 -1.431662000000000035e+01 -9.824583000000000084e+02
2.318350800000000163e+05 -1.495093999999999923e+01 -9.637209000000000287e+02
2.318352799999999988e+05 -1.816638000000000019e+01 -9.609097000000000435e+02
2.318354800000000105e+05 -2.227301999999999893e+01 -9.823654000000000224e+02
2.318356800000000221e+05 -1.711674000000000007e+01 -9.990194999999999936e+02
2.318358800000000047e+05 -1.595701000000000036e+01 -1.000076999999999998e+03
2.318360800000000163e+05 -1.445660999999999952e+01 -9.904113999999999578e+02
2.318362799999999988e+05 -1.435628999999999955e+01 -9.888088000000000193e+02
2.318364800000000105e+05 -1.396610000000000085e+01 -9.846417000000000144e+02
2.318366800000000221e+05 -1.538943000000000083e+01 -9.810302000000000362e+02
2.318368800000000047e+05 -1.539912999999999954e+01 -9.796036000000000286e+02
2.318370800000000163e+05 -1.487570999999999977e+01 -9.828241000000000440e+02
2.318372799999999988e+05 -1.520126999999999917e+01 -9.815095999999999776e+02
2.318374800000000105e+05 -1.586045000000000016e+01 -9.834402000000000044e+02
2.318376800000000221e+05 -1.554794000000000054e+01 -9.836789999999999736e+02
2.318378800000000047e+05 -1.631062999999999974e+01 -9.841608999999999696e+02
2.318380800000000163e+05 -1.833825999999999823e+01 -9.848907000000000380e+02
2.318382799999999988e+05 -1.756119999999999948e+01 -9.770347000000000435e+02
2.318384800000000105e+05 -1.613441999999999865e+01 -9.764818999999999960e+02
2.318386800000000221e+05 -1.587339000000000055e+01 -9.854357999999999720e+02
2.318388800000000047e+05 -1.590765999999999991e+01 -9.825447000000000344e+02
2.318390800000000163e+05 -1.698002999999999929e+01 -9.878880000000000337e+02
2.318392799999999988e+05 -1.604766000000000048e+01 -9.831099000000000387e+02
2.318394800000000105e+05 -1.582243000000000066e+01 -9.906215999999999440e+02
2.318396800000000221e+05 -1.847606000000000037e+01 -9.908959999999999582e+02
2.318398800000000047e+05 -1.759727000000000174e+01 -9.795861999999999625e+02
2.318400800000000163e+05 -1.599502999999999986e+01 -9.818704000000000178e+02
2.318402799999999988e+05 -1.630198000000000036e+01 -9.874311000000000149e+02
2.318404800000000105e+05 -1.575773000000000046e+01 -9.812676999999999907e+02
