# Time finished:
# 2015-06-04 13.22.16
# Temp volt start:
# 0.90580074
# Temp volt stop:
# 0.90580074
# Approx start T:
# 142.068021438
# Approx stop T:
# 142.111849837
# DC bias measured, messed up:
# 3.999306
# DC bias we asked for:
# 4
2.319116499999999942e+05 -1.511161000000000065e+01 9.089906000000000574e+01
2.319118500000000058e+05 -1.430602000000000018e+01 8.398198999999999614e+01
2.319120499999999884e+05 -1.478937999999999953e+01 8.542637999999999465e+01
2.319122500000000000e+05 -1.469513000000000069e+01 8.649576999999999316e+01
2.319124499999999825e+05 -1.546160000000000068e+01 9.083061999999999614e+01
2.319126499999999942e+05 -1.606899999999999906e+01 8.865501000000000431e+01
2.319128500000000058e+05 -1.507400999999999947e+01 8.609135000000000559e+01
2.319130499999999884e+05 -1.391713000000000022e+01 8.439059000000000310e+01
2.319132500000000000e+05 -1.363940000000000019e+01 8.868355999999999995e+01
2.319134499999999825e+05 -1.478414000000000073e+01 8.915246000000000492e+01
2.319136499999999942e+05 -1.495691000000000059e+01 8.452339999999999520e+01
2.319138500000000058e+05 -1.539840000000000053e+01 8.087887999999999522e+01
2.319140499999999884e+05 -1.422554000000000052e+01 9.122977000000000203e+01
2.319142500000000000e+05 -1.369758000000000031e+01 8.383581999999999823e+01
2.319144499999999825e+05 -1.467360000000000042e+01 8.446022999999999570e+01
2.319146499999999942e+05 -1.448113999999999990e+01 8.211299999999999955e+01
2.319148500000000058e+05 -1.466309000000000040e+01 8.166209000000000628e+01
2.319150499999999884e+05 -1.425154999999999994e+01 8.570335000000000036e+01
2.319152500000000000e+05 -1.364527999999999963e+01 8.244875999999999294e+01
2.319154499999999825e+05 -1.442206000000000010e+01 8.848520999999999503e+01
2.319156499999999942e+05 -1.376420000000000066e+01 7.924921999999999400e+01
2.319158500000000058e+05 -1.490676999999999985e+01 8.446662999999999499e+01
2.319160499999999884e+05 -1.341578999999999944e+01 8.413943000000000438e+01
2.319162500000000000e+05 -1.343299000000000021e+01 8.261454999999999416e+01
2.319164499999999825e+05 -1.318767000000000067e+01 8.337246000000000379e+01
2.319166499999999942e+05 -1.282253000000000043e+01 7.882881000000000427e+01
2.319168500000000058e+05 -1.311186999999999969e+01 7.999421999999999855e+01
2.319170499999999884e+05 -1.292104999999999926e+01 7.721867000000000303e+01
2.319172500000000000e+05 -1.349619000000000035e+01 7.668643000000000143e+01
2.319174499999999825e+05 -1.246944000000000052e+01 8.034704000000000690e+01
2.319176499999999942e+05 -1.223385999999999996e+01 8.019871999999999446e+01
2.319178500000000058e+05 -1.194048000000000087e+01 7.471560999999999808e+01
2.319180499999999884e+05 -1.156018000000000079e+01 7.003551000000000215e+01
2.319182500000000000e+05 -1.124311999999999934e+01 7.074947000000000230e+01
2.319184499999999825e+05 -1.002397000000000027e+01 6.707980999999999483e+01
2.319186499999999942e+05 -1.047533999999999921e+01 6.363177000000000305e+01
2.319188500000000058e+05 -9.482820999999999501e+00 5.421690999999999860e+01
2.319190499999999884e+05 -8.733233000000000246e+00 4.706204999999999927e+01
2.319192500000000000e+05 -7.459375999999999785e+00 3.785853999999999786e+01
2.319194499999999825e+05 -7.484929000000000165e+00 2.639876999999999896e+01
2.319196499999999942e+05 -6.881910999999999667e+00 8.730778000000000816e+00
2.319198500000000058e+05 -6.005936000000000163e+00 -1.529851999999999990e+01
2.319200499999999884e+05 -5.650776999999999717e+00 -4.274777000000000271e+01
2.319202500000000000e+05 -5.177105000000000068e+00 -7.921496999999999389e+01
2.319204499999999825e+05 -5.117803000000000324e+00 -1.204488000000000056e+02
2.319206499999999942e+05 -4.999321000000000126e+00 -1.680278999999999883e+02
2.319208500000000058e+05 -4.963096000000000174e+00 -2.176388000000000034e+02
2.319210499999999884e+05 -6.228305999999999898e+00 -2.714390999999999963e+02
2.319212500000000000e+05 -8.914799999999999613e+00 -3.440538999999999987e+02
2.319214499999999825e+05 -1.177876000000000012e+01 -4.426506999999999721e+02
2.319216499999999942e+05 -8.289170999999999623e+00 -5.441869000000000369e+02
2.319218500000000058e+05 -7.634046999999999805e+00 -6.251832000000000562e+02
2.319220499999999884e+05 -1.320151000000000074e+01 -7.105299999999999727e+02
2.319222500000000000e+05 -1.335215999999999958e+01 -8.743244999999999436e+02
2.319224499999999825e+05 -8.920984000000000691e+00 -9.699380999999999631e+02
2.319226499999999942e+05 -1.501631000000000071e+01 -1.070478000000000065e+03
2.319228500000000058e+05 -1.273005999999999993e+01 -9.161898999999999660e+02
2.319230499999999884e+05 -1.136363000000000056e+01 -1.007227999999999952e+03
2.319232500000000000e+05 -1.998874999999999957e+01 -8.866395999999999731e+02
2.319234499999999825e+05 -1.095617000000000019e+01 -9.884719999999999800e+02
2.319236499999999942e+05 -2.673462999999999923e+01 -8.458737999999999602e+02
2.319238500000000058e+05 -1.190150000000000041e+01 -9.846896000000000413e+02
2.319240499999999884e+05 -2.540793999999999997e+01 -9.095573000000000548e+02
2.319242500000000000e+05 -1.260153999999999996e+01 -9.964990999999999985e+02
2.319244499999999825e+05 -1.623092000000000112e+01 -9.319450000000000500e+02
2.319246499999999942e+05 -1.728987000000000052e+01 -1.020633000000000038e+03
2.319248500000000058e+05 -1.287454999999999927e+01 -9.668079000000000178e+02
2.319250499999999884e+05 -2.272346999999999895e+01 -9.407971999999999753e+02
2.319252500000000000e+05 -1.476603000000000065e+01 -1.007357999999999947e+03
2.319254499999999825e+05 -1.399963999999999942e+01 -9.710071000000000367e+02
2.319256499999999942e+05 -2.033935999999999922e+01 -9.587299000000000433e+02
2.319258500000000058e+05 -1.927434999999999832e+01 -1.001817999999999984e+03
2.319260499999999884e+05 -1.482825000000000060e+01 -9.966731999999999516e+02
2.319262500000000000e+05 -1.411068000000000033e+01 -9.725714000000000397e+02
2.319264499999999825e+05 -1.564251999999999931e+01 -9.606929999999999836e+02
2.319266499999999942e+05 -1.783755000000000024e+01 -9.771977000000000544e+02
2.319268500000000058e+05 -1.807545999999999964e+01 -9.820344999999999800e+02
2.319270499999999884e+05 -1.624981999999999971e+01 -9.878469000000000051e+02
2.319272500000000000e+05 -1.644635999999999854e+01 -9.878578999999999724e+02
2.319274499999999825e+05 -1.545794000000000068e+01 -9.939886999999999944e+02
2.319276499999999942e+05 -1.516380000000000017e+01 -9.810551000000000386e+02
2.319278500000000058e+05 -1.450787000000000049e+01 -9.816923000000000457e+02
2.319280499999999884e+05 -1.555132000000000048e+01 -9.843422000000000480e+02
2.319282500000000000e+05 -1.501915999999999940e+01 -9.831663999999999533e+02
2.319284499999999825e+05 -1.599827999999999939e+01 -9.886843000000000075e+02
2.319286499999999942e+05 -1.607739000000000118e+01 -9.859406000000000176e+02
2.319288500000000058e+05 -1.632901999999999987e+01 -9.863019000000000460e+02
2.319290499999999884e+05 -1.768213000000000079e+01 -9.855851000000000113e+02
2.319292500000000000e+05 -1.768408000000000158e+01 -9.864968000000000075e+02
2.319294499999999825e+05 -1.656600999999999857e+01 -9.781535999999999831e+02
2.319296499999999942e+05 -1.545086000000000048e+01 -9.815670000000000073e+02
2.319298500000000058e+05 -1.575628999999999991e+01 -9.828246000000000322e+02
2.319300499999999884e+05 -1.543973000000000084e+01 -9.902154000000000451e+02
2.319302500000000000e+05 -1.758149999999999835e+01 -9.818615999999999531e+02
2.319304499999999825e+05 -1.635116999999999976e+01 -9.817536999999999807e+02
2.319306499999999942e+05 -1.577871999999999986e+01 -9.869406000000000176e+02
2.319308500000000058e+05 -1.736974000000000018e+01 -9.910317000000000007e+02
2.319310499999999884e+05 -1.505774000000000079e+01 -9.783090999999999440e+02
2.319312500000000000e+05 -1.616489999999999938e+01 -9.823669999999999618e+02
2.319314499999999825e+05 -1.639157000000000153e+01 -9.817296000000000049e+02
2.319316499999999942e+05 -1.609562000000000026e+01 -9.873207999999999629e+02
