# Time finished:
# 2015-06-03 01.16.05
# Temp volt start:
# 1.03028
# Temp volt stop:
# 1.03028
# Approx start T:
# 75.4413433608
# Approx stop T:
# 75.4605619334
# DC bias measured, messed up:
# 4.000069
# DC bias we asked for:
# 4
2.317994500000000116e+05 -1.448287999999999975e+01 9.666567999999999472e+01
2.317996500000000233e+05 -1.352759999999999962e+01 8.466074000000000410e+01
2.317998500000000058e+05 -1.410283000000000087e+01 8.669337000000000160e+01
2.318000500000000175e+05 -1.367070000000000007e+01 8.518739999999999668e+01
2.318002500000000000e+05 -1.463302000000000014e+01 8.478556000000000381e+01
2.318004500000000116e+05 -1.502234999999999943e+01 8.360389000000000692e+01
2.318006500000000233e+05 -1.459694000000000003e+01 8.460934000000000310e+01
2.318008500000000058e+05 -1.497395999999999994e+01 8.690766999999999598e+01
2.318010500000000175e+05 -1.452970999999999968e+01 8.922149000000000285e+01
2.318012500000000000e+05 -1.419194000000000067e+01 9.271773000000000309e+01
2.318014500000000116e+05 -1.388588000000000022e+01 8.627733999999999526e+01
2.318016500000000233e+05 -1.470884000000000036e+01 8.924821000000000026e+01
2.318018500000000058e+05 -1.436591999999999913e+01 8.567403000000000191e+01
2.318020500000000175e+05 -1.455901000000000067e+01 9.058253999999999451e+01
2.318022500000000000e+05 -1.495490999999999993e+01 9.112633999999999901e+01
2.318024500000000116e+05 -1.455749999999999922e+01 8.422943999999999676e+01
2.318026500000000233e+05 -1.457633000000000045e+01 8.772495000000000687e+01
2.318028500000000058e+05 -1.415320000000000000e+01 8.392898999999999887e+01
2.318030500000000175e+05 -1.364472999999999914e+01 8.866293000000000291e+01
2.318032500000000000e+05 -1.402086000000000077e+01 8.935922999999999661e+01
2.318034500000000116e+05 -1.318065999999999960e+01 8.410021999999999309e+01
2.318036500000000233e+05 -1.396371000000000073e+01 8.102454000000000178e+01
2.318038500000000058e+05 -1.332356000000000051e+01 8.367086999999999364e+01
2.318040500000000175e+05 -1.398869999999999969e+01 8.610532000000000608e+01
2.318042500000000000e+05 -1.311148000000000025e+01 8.408096000000000458e+01
2.318044500000000116e+05 -1.266943999999999981e+01 8.350351999999999464e+01
2.318046500000000233e+05 -1.273977000000000004e+01 8.020248999999999739e+01
2.318048500000000058e+05 -1.319462000000000046e+01 7.809595000000000198e+01
2.318050500000000175e+05 -1.309437999999999924e+01 8.065509000000000128e+01
2.318052500000000000e+05 -1.259191000000000038e+01 7.905080999999999847e+01
2.318054500000000116e+05 -1.212878000000000078e+01 7.448381999999999437e+01
2.318056500000000233e+05 -1.152304999999999957e+01 7.492692999999999870e+01
2.318058500000000058e+05 -1.216337000000000046e+01 7.185218000000000416e+01
2.318060500000000175e+05 -1.090014000000000038e+01 7.049791999999999348e+01
2.318062500000000000e+05 -1.112040000000000006e+01 6.723114999999999952e+01
2.318064500000000116e+05 -1.091625999999999941e+01 6.349940000000000140e+01
2.318066500000000233e+05 -9.134099000000000856e+00 5.671343999999999852e+01
2.318068500000000058e+05 -8.774755000000000749e+00 5.136563999999999908e+01
2.318070500000000175e+05 -7.737174999999999692e+00 4.140838000000000108e+01
2.318072500000000000e+05 -7.606982999999999606e+00 2.877095999999999876e+01
2.318074500000000116e+05 -6.788687000000000360e+00 1.674508000000000152e+01
2.318076500000000233e+05 -6.005214999999999748e+00 -5.914664000000000144e+00
2.318078500000000058e+05 -5.581921999999999606e+00 -3.341993000000000080e+01
2.318080500000000175e+05 -5.333190000000000097e+00 -6.769541999999999859e+01
2.318082500000000000e+05 -5.170584999999999987e+00 -1.075340999999999951e+02
2.318084500000000116e+05 -5.004288999999999987e+00 -1.515107000000000141e+02
2.318086500000000233e+05 -4.726754999999999818e+00 -2.011485000000000127e+02
2.318088500000000058e+05 -5.260264000000000273e+00 -2.534625000000000057e+02
2.318090500000000175e+05 -7.693018999999999608e+00 -3.150867999999999824e+02
2.318092500000000000e+05 -1.081174999999999997e+01 -4.104261000000000195e+02
2.318094500000000116e+05 -9.471374000000000848e+00 -5.163391000000000304e+02
2.318096500000000233e+05 -7.317022999999999833e+00 -5.985906999999999698e+02
2.318098500000000058e+05 -9.911782999999999788e+00 -6.797432999999999765e+02
2.318100500000000175e+05 -1.485638999999999932e+01 -8.287974000000000387e+02
2.318102500000000000e+05 -8.608337999999999823e+00 -9.441757000000000062e+02
2.318104500000000116e+05 -1.138302000000000014e+01 -1.038726000000000113e+03
2.318106500000000233e+05 -1.563949999999999996e+01 -8.785593999999999824e+02
2.318108500000000058e+05 -9.420932999999999780e+00 -9.821585999999999785e+02
2.318110500000000175e+05 -2.358342999999999989e+01 -1.120926999999999907e+03
2.318112500000000000e+05 -1.046579000000000015e+01 -9.590625999999999749e+02
2.318114500000000116e+05 -1.990260999999999925e+01 -1.064396999999999935e+03
2.318116500000000233e+05 -1.099240999999999957e+01 -9.522133000000000038e+02
2.318118500000000058e+05 -2.093933000000000177e+01 -1.053747000000000071e+03
2.318120500000000175e+05 -1.186894000000000027e+01 -9.699058999999999742e+02
2.318122500000000000e+05 -3.221793000000000262e+01 -9.627331000000000358e+02
2.318124500000000116e+05 -1.296034000000000042e+01 -9.979832000000000107e+02
2.318126500000000233e+05 -1.491078000000000081e+01 -9.492462000000000444e+02
2.318128500000000058e+05 -1.814922999999999931e+01 -1.019051000000000045e+03
2.318130500000000175e+05 -1.267230999999999952e+01 -9.819342000000000326e+02
2.318132500000000000e+05 -1.683846000000000132e+01 -9.556693000000000211e+02
2.318134500000000116e+05 -2.065284000000000120e+01 -1.003599000000000046e+03
2.318136500000000233e+05 -1.375571000000000055e+01 -9.969129000000000360e+02
2.318138500000000058e+05 -1.421311000000000035e+01 -9.761775999999999840e+02
2.318140500000000175e+05 -1.829078000000000159e+01 -9.573110000000000355e+02
2.318142500000000000e+05 -2.085423000000000116e+01 -9.944138000000000375e+02
2.318144500000000116e+05 -1.665248000000000062e+01 -9.972926999999999680e+02
2.318146500000000233e+05 -1.453816999999999915e+01 -9.936251999999999498e+02
2.318148500000000058e+05 -1.408913000000000082e+01 -9.810753999999999451e+02
2.318150500000000175e+05 -1.543904000000000032e+01 -9.769328000000000429e+02
2.318152500000000000e+05 -1.553726999999999947e+01 -9.680435999999999694e+02
2.318154500000000116e+05 -1.660044999999999860e+01 -9.707037000000000262e+02
2.318156500000000233e+05 -1.748147000000000162e+01 -9.651595999999999549e+02
2.318158500000000058e+05 -1.599721000000000082e+01 -9.718047000000000253e+02
2.318160500000000175e+05 -1.689401000000000153e+01 -9.629261000000000195e+02
2.318162500000000000e+05 -1.621918000000000148e+01 -9.874090999999999667e+02
2.318164500000000116e+05 -1.653248999999999924e+01 -9.764018999999999551e+02
2.318166500000000233e+05 -1.560834999999999972e+01 -9.796201999999999543e+02
2.318168500000000058e+05 -1.544101000000000035e+01 -9.793985999999999876e+02
2.318170500000000175e+05 -1.601518000000000086e+01 -9.898922999999999774e+02
2.318172500000000000e+05 -1.588868000000000080e+01 -9.946653000000000020e+02
2.318174500000000116e+05 -1.634373000000000076e+01 -9.836743999999999915e+02
2.318176500000000233e+05 -1.743067999999999884e+01 -9.816394999999999982e+02
2.318178500000000058e+05 -1.541310999999999964e+01 -9.820076999999999998e+02
2.318180500000000175e+05 -1.542540999999999940e+01 -9.816490999999999758e+02
2.318182500000000000e+05 -1.830721000000000132e+01 -9.879077999999999520e+02
2.318184500000000116e+05 -1.762515000000000143e+01 -9.775833999999999833e+02
2.318186500000000233e+05 -1.651444000000000045e+01 -9.800263999999999669e+02
2.318188500000000058e+05 -1.703074000000000154e+01 -9.907056000000000040e+02
2.318190500000000175e+05 -1.743943000000000154e+01 -9.850111000000000558e+02
2.318192500000000000e+05 -1.480015999999999998e+01 -9.821047999999999547e+02
2.318194500000000116e+05 -1.765154000000000067e+01 -9.831629000000000360e+02
