# Time finished:
# 2015-06-01 21.26.29
# Temp volt start:
# 0.84399027
# Temp volt stop:
# 0.84399027
# Approx start T:
# 172.157981768
# Approx stop T:
# 172.056989037
# DC bias measured, messed up:
# 8.001269
# DC bias we asked for:
# 8
2.319126600000000035e+05 -1.256789000000000023e+01 7.834350999999999487e+01
2.319128600000000151e+05 -1.320673999999999992e+01 8.902307000000000414e+01
2.319130599999999977e+05 -1.091860999999999926e+01 7.988719000000000392e+01
2.319132600000000093e+05 -1.205254000000000048e+01 7.658933000000000391e+01
2.319134599999999919e+05 -1.108048999999999928e+01 7.573563000000000045e+01
2.319136600000000035e+05 -1.177308000000000021e+01 6.901339000000000112e+01
2.319138600000000151e+05 -1.184553999999999974e+01 9.097047000000000594e+01
2.319140599999999977e+05 -1.349820000000000064e+01 9.632245000000000346e+01
2.319142600000000093e+05 -1.280317999999999934e+01 9.158317999999999870e+01
2.319144599999999919e+05 -1.428374999999999950e+01 5.447178000000000253e+01
2.319146600000000035e+05 -9.226501000000000730e+00 8.254246999999999446e+01
2.319148600000000151e+05 -1.064762999999999948e+01 6.536450000000000671e+01
2.319150599999999977e+05 -1.129574000000000034e+01 9.703125000000000000e+01
2.319152600000000093e+05 -1.074390000000000001e+01 7.230489000000000033e+01
2.319154599999999919e+05 -1.171803000000000061e+01 8.897968000000000188e+01
2.319156600000000035e+05 -1.151060000000000016e+01 8.870028000000000645e+01
2.319158600000000151e+05 -1.169637999999999955e+01 7.649585000000000434e+01
2.319160599999999977e+05 -1.403491000000000000e+01 6.559747000000000128e+01
2.319162600000000093e+05 -1.004826000000000086e+01 8.729362000000000421e+01
2.319164599999999919e+05 -1.210074999999999967e+01 7.530486000000000502e+01
2.319166600000000035e+05 -1.122010000000000041e+01 7.195015999999999678e+01
2.319168600000000151e+05 -1.122495999999999938e+01 8.096286999999999523e+01
2.319170599999999977e+05 -1.053809000000000040e+01 7.729607000000000028e+01
2.319172600000000093e+05 -9.395806000000000324e+00 8.113603000000000520e+01
2.319174599999999919e+05 -1.018634999999999913e+01 8.584789999999999566e+01
2.319176600000000035e+05 -8.550874999999999559e+00 6.766235000000000355e+01
2.319178600000000151e+05 -1.070947999999999922e+01 6.215605000000000047e+01
2.319180599999999977e+05 -1.033280000000000065e+01 6.492377999999999361e+01
2.319182600000000093e+05 -7.814494999999999969e+00 6.180931999999999960e+01
2.319184599999999919e+05 -8.536025000000000418e+00 6.257997000000000298e+01
2.319186600000000035e+05 -9.031926000000000343e+00 6.753051999999999566e+01
2.319188600000000151e+05 -8.106678000000000495e+00 6.754176999999999964e+01
2.319190599999999977e+05 -7.939846000000000181e+00 6.481058000000000163e+01
2.319192600000000093e+05 -7.441326000000000107e+00 6.808180000000000121e+01
2.319194599999999919e+05 -5.841427000000000369e+00 5.783117000000000019e+01
2.319196600000000035e+05 -5.531752000000000002e+00 6.639687999999999590e+01
2.319198600000000151e+05 -4.718360999999999805e+00 6.032833999999999719e+01
2.319200599999999977e+05 -4.004334000000000060e+00 6.001845999999999748e+01
2.319202600000000093e+05 -2.944478999999999846e+00 5.614280999999999722e+01
2.319204599999999919e+05 -1.797496999999999900e+00 4.330595000000000283e+01
2.319206600000000035e+05 -1.394681000000000060e+00 4.563756000000000057e+01
2.319208600000000151e+05 -8.622478999999999560e-01 3.868419000000000096e+01
2.319210599999999977e+05 9.997907999999999795e-01 3.067406000000000077e+01
2.319212600000000093e+05 1.509465000000000057e+00 1.671314999999999884e+01
2.319214599999999919e+05 3.073205000000000187e+00 4.059626999999999875e+00
2.319216600000000035e+05 4.133691999999999922e+00 -8.588457000000000008e+00
2.319218600000000151e+05 5.330633999999999872e+00 -2.953653999999999868e+01
2.319220599999999977e+05 6.252102999999999966e+00 -5.146253000000000100e+01
2.319222600000000093e+05 6.602824000000000026e+00 -8.124562000000000239e+01
2.319224599999999919e+05 6.206762000000000334e+00 -1.109727000000000032e+02
2.319226600000000035e+05 5.133227999999999902e+00 -1.491937000000000069e+02
2.319228600000000151e+05 2.393637000000000015e+00 -1.915240000000000009e+02
2.319230599999999977e+05 -1.995168999999999970e+00 -2.609336000000000126e+02
2.319232600000000093e+05 -2.954155000000000086e+00 -3.544008000000000038e+02
2.319234599999999919e+05 -1.330514999999999892e+00 -4.475357999999999947e+02
2.319236600000000035e+05 -1.131310000000000038e+00 -5.202315999999999576e+02
2.319238600000000151e+05 -5.273343999999999809e+00 -6.022734000000000378e+02
2.319240599999999977e+05 -8.779747000000000412e+00 -7.378242999999999938e+02
2.319242600000000093e+05 -4.390381999999999785e+00 -8.499375999999999749e+02
2.319244599999999919e+05 -6.690450000000000230e+00 -9.485574000000000296e+02
2.319246600000000035e+05 -1.500708999999999982e+01 -7.709732999999999947e+02
2.319248600000000151e+05 -7.942493999999999943e+00 -8.863239999999999554e+02
2.319250599999999977e+05 -1.548893999999999949e+01 -1.010859000000000037e+03
2.319252600000000093e+05 -1.035013000000000005e+01 -8.583659999999999854e+02
2.319254599999999919e+05 -1.401539000000000001e+01 -9.824444999999999482e+02
2.319256600000000035e+05 -1.809963000000000122e+01 -8.470786000000000513e+02
2.319258600000000151e+05 -1.418862000000000023e+01 -9.478835000000000264e+02
2.319260599999999977e+05 -1.607294999999999874e+01 -8.476878000000000384e+02
2.319262600000000093e+05 -1.675591000000000008e+01 -9.674582000000000335e+02
2.319264599999999919e+05 -1.578907000000000060e+01 -9.117256999999999607e+02
2.319266600000000035e+05 -2.413992000000000004e+01 -9.379125000000000227e+02
2.319268600000000151e+05 -1.539930000000000021e+01 -9.463080999999999676e+02
2.319270599999999977e+05 -2.197765000000000057e+01 -8.602051000000000158e+02
2.319272600000000093e+05 -2.370674999999999955e+01 -9.510716999999999643e+02
2.319274599999999919e+05 -1.630818999999999974e+01 -9.606711000000000240e+02
2.319276600000000035e+05 -2.101434000000000069e+01 -9.334012000000000171e+02
2.319278600000000151e+05 -2.104971000000000103e+01 -9.970882000000000289e+02
2.319280599999999977e+05 -2.060623999999999967e+01 -9.818558000000000447e+02
2.319282600000000093e+05 -1.429834999999999923e+01 -9.593021999999999707e+02
2.319284599999999919e+05 -1.915268000000000015e+01 -9.566942000000000235e+02
2.319286600000000035e+05 -1.905829999999999913e+01 -9.379235999999999649e+02
2.319288600000000151e+05 -2.080099999999999838e+01 -9.856834999999999809e+02
2.319290599999999977e+05 -1.988185999999999964e+01 -9.576053000000000566e+02
2.319292600000000093e+05 -1.609177000000000035e+01 -9.737812000000000126e+02
2.319294599999999919e+05 -1.331412000000000084e+01 -9.705059999999999718e+02
2.319296600000000035e+05 -1.549036000000000080e+01 -9.456959000000000515e+02
2.319298600000000151e+05 -1.828235000000000099e+01 -9.582983000000000402e+02
2.319300599999999977e+05 -2.914602999999999966e+01 -9.675629999999999882e+02
2.319302600000000093e+05 -1.872056999999999860e+01 -9.772794999999999845e+02
2.319304599999999919e+05 -1.925439000000000078e+01 -9.520067000000000235e+02
2.319306600000000035e+05 -1.893173000000000172e+01 -9.592422000000000253e+02
2.319308600000000151e+05 -2.319857999999999976e+01 -8.970729000000000042e+02
2.319310599999999977e+05 -2.120507999999999882e+01 -9.946802000000000135e+02
2.319312600000000093e+05 -1.549558999999999997e+01 -9.651405999999999494e+02
2.319314599999999919e+05 -1.656356999999999857e+01 -9.997338999999999487e+02
2.319316600000000035e+05 -2.301362999999999914e+01 -9.507184999999999491e+02
2.319318600000000151e+05 -1.762746999999999886e+01 -9.647165999999999713e+02
2.319320599999999977e+05 -2.518446000000000140e+01 -9.231058000000000447e+02
2.319322600000000093e+05 -3.460873000000000133e+01 -8.853750999999999749e+02
2.319324599999999919e+05 -1.676801000000000030e+01 -9.599846000000000004e+02
2.319326600000000035e+05 -1.622026999999999930e+01 -9.570755000000000337e+02
