# Time finished:
# 2015-06-02 01.55.41
# Temp volt start:
# 0.98005858
# Temp volt stop:
# 0.98005858
# Approx start T:
# 103.462552626
# Approx stop T:
# 103.4472271
# DC bias measured, messed up:
# 8.001269
# DC bias we asked for:
# 8
2.318406900000000023e+05 -1.433911999999999942e+01 9.405885000000000673e+01
2.318408900000000140e+05 -1.242347999999999963e+01 8.948451000000000022e+01
2.318410899999999965e+05 -1.339878999999999998e+01 9.548103000000000407e+01
2.318412900000000081e+05 -1.057648999999999972e+01 8.484198000000000661e+01
2.318414899999999907e+05 -1.265570999999999913e+01 8.318026999999999305e+01
2.318416900000000023e+05 -8.858487999999999474e+00 5.998651999999999873e+01
2.318418900000000140e+05 -1.170678999999999981e+01 8.066826000000000363e+01
2.318420899999999965e+05 -1.282843000000000089e+01 9.743596999999999753e+01
2.318422900000000081e+05 -1.485865000000000080e+01 8.313576999999999373e+01
2.318424899999999907e+05 -9.360723000000000127e+00 9.719401999999999475e+01
2.318426900000000023e+05 -1.369743000000000066e+01 9.951561999999999841e+01
2.318428900000000140e+05 -8.861964999999999648e+00 6.423711000000000126e+01
2.318430899999999965e+05 -1.069251000000000040e+01 9.999293000000000120e+01
2.318432900000000081e+05 -1.081584999999999930e+01 9.325681000000000154e+01
2.318434899999999907e+05 -1.123926999999999943e+01 6.187912000000000035e+01
2.318436900000000023e+05 -1.508976999999999968e+01 8.255459000000000458e+01
2.318438900000000140e+05 -1.128645999999999994e+01 9.498167999999999722e+01
2.318440899999999965e+05 -1.028489000000000075e+01 8.983244000000000540e+01
2.318442900000000081e+05 -1.367571000000000048e+01 7.545897999999999683e+01
2.318444899999999907e+05 -9.301479999999999748e+00 7.749419000000000324e+01
2.318446900000000023e+05 -7.225058999999999898e+00 8.226824000000000581e+01
2.318448900000000140e+05 -1.119236000000000075e+01 6.641755999999999460e+01
2.318450899999999965e+05 -1.157987999999999928e+01 7.216558000000000561e+01
2.318452900000000081e+05 -8.012795000000000556e+00 7.234113000000000682e+01
2.318454899999999907e+05 -9.748246999999999218e+00 8.332914999999999850e+01
2.318456900000000023e+05 -9.905022999999999911e+00 7.294311999999999330e+01
2.318458900000000140e+05 -8.493771000000000626e+00 7.684721999999999298e+01
2.318460899999999965e+05 -7.734085999999999572e+00 6.588080999999999676e+01
2.318462900000000081e+05 -9.394365000000000521e+00 7.738389999999999702e+01
2.318464899999999907e+05 -8.118828999999999851e+00 7.433923000000000059e+01
2.318466900000000023e+05 -7.365787000000000084e+00 7.316961000000000581e+01
2.318468900000000140e+05 -5.831221000000000210e+00 6.707381999999999778e+01
2.318470899999999965e+05 -6.280509999999999593e+00 6.880665999999999372e+01
2.318472900000000081e+05 -6.299134999999999707e+00 6.859646999999999650e+01
2.318474899999999907e+05 -6.398610999999999827e+00 5.594492000000000331e+01
2.318476900000000023e+05 -4.786425999999999625e+00 6.084215999999999980e+01
2.318478900000000140e+05 -5.057959999999999567e+00 5.556645999999999930e+01
2.318480899999999965e+05 -3.225417000000000201e+00 5.235844999999999771e+01
2.318482900000000081e+05 -2.148324999999999818e+00 4.514538999999999902e+01
2.318484899999999907e+05 -1.603966000000000003e+00 4.510242000000000218e+01
2.318486900000000023e+05 4.952992999999999979e-01 3.565456999999999965e+01
2.318488900000000140e+05 8.519816999999999529e-01 3.449792999999999665e+01
2.318490899999999965e+05 2.627658999999999967e+00 2.500075999999999965e+01
2.318492900000000081e+05 4.221032000000000117e+00 7.837106000000000350e+00
2.318494899999999907e+05 5.473381999999999969e+00 -1.012754999999999939e+01
2.318496900000000023e+05 7.182949999999999946e+00 -2.946919000000000111e+01
2.318498900000000140e+05 8.195360000000000866e+00 -5.321325000000000216e+01
2.318500899999999965e+05 8.625740000000000407e+00 -8.173851999999999407e+01
2.318502900000000081e+05 8.417628000000000554e+00 -1.175352000000000032e+02
2.318504899999999907e+05 8.012568999999999164e+00 -1.603307000000000073e+02
2.318506900000000023e+05 6.272655000000000314e+00 -2.104498000000000104e+02
2.318508900000000140e+05 4.115498999999999796e+00 -2.786945000000000050e+02
2.318510899999999965e+05 3.741417999999999910e+00 -3.690389999999999873e+02
2.318512900000000081e+05 4.868565000000000254e+00 -4.528208999999999946e+02
2.318514899999999907e+05 4.652135999999999605e+00 -5.340469000000000506e+02
2.318516900000000023e+05 1.846583000000000085e+00 -6.300425000000000182e+02
2.318518900000000140e+05 1.284958000000000045e+00 -7.553953000000000202e+02
2.318520899999999965e+05 2.207701999999999831e+00 -8.673635000000000446e+02
2.318522900000000081e+05 7.315726999999999647e-01 -9.842155000000000200e+02
2.318524899999999907e+05 -4.306455000000000144e-01 -1.132359999999999900e+03
2.318526900000000023e+05 9.678885000000000405e-01 -1.264729000000000042e+03
2.318528900000000140e+05 -1.563933000000000018e+00 -1.407218000000000075e+03
2.318530899999999965e+05 -1.324062999999999990e+00 -1.586080999999999904e+03
2.318532900000000081e+05 -3.471359000000000083e+00 -1.738160000000000082e+03
2.318534899999999907e+05 -1.742614000000000107e+00 -1.570643000000000029e+03
2.318536900000000023e+05 -3.763885000000000147e+00 -1.738133000000000038e+03
2.318538900000000140e+05 -3.853828000000000031e+00 -1.585422000000000025e+03
2.318540899999999965e+05 -6.105725999999999765e+00 -1.764911000000000058e+03
2.318542900000000081e+05 -3.594015999999999877e+00 -1.628477000000000089e+03
2.318544899999999907e+05 -1.036514999999999986e+01 -1.502253999999999905e+03
2.318546900000000023e+05 -6.354740999999999751e+00 -1.355156999999999925e+03
2.318548900000000140e+05 -7.946463999999999750e+00 -1.239054000000000087e+03
2.318550899999999965e+05 -1.175671999999999962e+01 -1.137459000000000060e+03
2.318552900000000081e+05 -7.160120000000000040e+00 -9.927971999999999753e+02
2.318554899999999907e+05 -7.367748999999999882e+00 -9.069092000000000553e+02
2.318556900000000023e+05 -1.436239999999999917e+01 -8.230366000000000213e+02
2.318558900000000140e+05 -1.575582999999999956e+01 -7.186693999999999960e+02
2.318560899999999965e+05 -1.125428999999999924e+01 -6.490873000000000275e+02
2.318562900000000081e+05 -8.635507000000000488e+00 -5.871382999999999583e+02
2.318564899999999907e+05 -9.709906000000000148e+00 -5.573450000000000273e+02
2.318566900000000023e+05 -1.544607000000000063e+01 -5.206046000000000049e+02
2.318568900000000140e+05 -1.414034999999999975e+01 -4.353827999999999747e+02
2.318570899999999965e+05 -2.234221000000000146e+01 -4.151467999999999847e+02
2.318572900000000081e+05 -1.993861000000000061e+01 -3.734458000000000197e+02
2.318574899999999907e+05 -1.720963000000000065e+01 -3.172649000000000115e+02
2.318576900000000023e+05 -1.623758000000000123e+01 -3.216447000000000003e+02
2.318578900000000140e+05 -1.574646000000000079e+01 -3.174377000000000066e+02
2.318580899999999965e+05 -2.183351000000000042e+01 -2.628245999999999754e+02
2.318582900000000081e+05 -2.266266999999999854e+01 -4.100283000000000015e+02
2.318584899999999907e+05 -2.138713999999999871e+01 -4.222549000000000206e+02
2.318586900000000023e+05 -1.940053999999999945e+01 -5.336362000000000307e+02
2.318588900000000140e+05 -1.407487000000000066e+01 -5.370859000000000378e+02
2.318590899999999965e+05 -1.534564999999999912e+01 -5.828350000000000364e+02
2.318592900000000081e+05 -1.390747999999999962e+01 -5.639973999999999705e+02
2.318594899999999907e+05 -1.481969999999999921e+01 -6.265657999999999674e+02
2.318596900000000023e+05 -2.879297000000000040e+01 -6.597858999999999696e+02
2.318598900000000140e+05 -1.385369999999999990e+01 -5.751250999999999749e+02
2.318600899999999965e+05 -1.187398999999999916e+01 -6.273790999999999940e+02
2.318602900000000081e+05 -2.321593999999999980e+01 -6.744483999999999924e+02
2.318604899999999907e+05 -1.990840999999999994e+01 -6.054104999999999563e+02
2.318606900000000023e+05 -1.610037000000000162e+01 -6.026417000000000144e+02
