# Time finished:
# 2015-06-03 21.47.25
# Temp volt start:
# 1.0099469
# Temp volt stop:
# 1.0099469
# Approx start T:
# 86.9934455052
# Approx stop T:
# 86.9876671057
# DC bias measured, messed up:
# 3.999552
# DC bias we asked for:
# 4
2.318226600000000035e+05 -1.449408000000000030e+01 8.777824999999999989e+01
2.318228600000000151e+05 -1.492140000000000022e+01 8.673351999999999862e+01
2.318230599999999977e+05 -1.391438999999999915e+01 9.498328999999999667e+01
2.318232600000000093e+05 -1.447284999999999933e+01 8.018504000000000076e+01
2.318234599999999919e+05 -1.406040999999999919e+01 8.674850000000000705e+01
2.318236600000000035e+05 -1.578209999999999980e+01 8.386767000000000394e+01
2.318238600000000151e+05 -1.509755000000000003e+01 8.977127000000000123e+01
2.318240599999999977e+05 -1.553930000000000078e+01 8.173185999999999751e+01
2.318242600000000093e+05 -1.431722000000000072e+01 8.553121000000000151e+01
2.318244599999999919e+05 -1.466544000000000025e+01 8.154079000000000121e+01
2.318246600000000035e+05 -1.437475000000000058e+01 8.692967000000000155e+01
2.318248600000000151e+05 -1.416991999999999940e+01 8.515294000000000096e+01
2.318250599999999977e+05 -1.509134000000000064e+01 8.763397999999999399e+01
2.318252600000000093e+05 -1.471719000000000044e+01 8.211880999999999631e+01
2.318254599999999919e+05 -1.427144999999999975e+01 8.639383999999999730e+01
2.318256600000000035e+05 -1.300437999999999938e+01 8.837275999999999954e+01
2.318258600000000151e+05 -1.496500999999999948e+01 8.382007000000000119e+01
2.318260599999999977e+05 -1.344824000000000019e+01 8.288541999999999632e+01
2.318262600000000093e+05 -1.435000999999999927e+01 8.174738999999999578e+01
2.318264599999999919e+05 -1.328758999999999979e+01 8.326627000000000578e+01
2.318266600000000035e+05 -1.399220000000000041e+01 8.928924000000000660e+01
2.318268600000000151e+05 -1.367093000000000025e+01 8.559968000000000643e+01
2.318270599999999977e+05 -1.330416999999999916e+01 8.509530999999999779e+01
2.318272600000000093e+05 -1.314513999999999960e+01 7.958339999999999748e+01
2.318274599999999919e+05 -1.392469999999999963e+01 8.655956000000000472e+01
2.318276600000000035e+05 -1.289944999999999986e+01 7.789798000000000400e+01
2.318278600000000151e+05 -1.316666999999999987e+01 8.394471000000000060e+01
2.318280599999999977e+05 -1.332234000000000052e+01 8.060934000000000310e+01
2.318282600000000093e+05 -1.295899999999999963e+01 7.942408000000000357e+01
2.318284599999999919e+05 -1.284397000000000055e+01 8.040693000000000268e+01
2.318286600000000035e+05 -1.210518000000000072e+01 7.037077999999999633e+01
2.318288600000000151e+05 -1.188522999999999996e+01 7.314019000000000403e+01
2.318290599999999977e+05 -1.154771000000000036e+01 7.706231999999999971e+01
2.318292600000000093e+05 -1.166182000000000052e+01 6.944903999999999655e+01
2.318294599999999919e+05 -1.029396000000000022e+01 6.952513999999999328e+01
2.318296600000000035e+05 -9.961278999999999328e+00 5.989820000000000277e+01
2.318298600000000151e+05 -9.504115999999999786e+00 5.691713000000000022e+01
2.318300599999999977e+05 -8.459117000000000886e+00 4.829104000000000241e+01
2.318302600000000093e+05 -7.476223000000000063e+00 4.086988999999999805e+01
2.318304599999999919e+05 -6.896796000000000149e+00 2.627497999999999934e+01
2.318306600000000035e+05 -6.760342999999999769e+00 1.028602000000000061e+01
2.318308600000000151e+05 -6.132029000000000174e+00 -1.502023999999999937e+01
2.318310599999999977e+05 -5.577077000000000062e+00 -4.064193999999999818e+01
2.318312600000000093e+05 -5.661210999999999771e+00 -7.612945999999999458e+01
2.318314599999999919e+05 -4.997901999999999845e+00 -1.183975999999999971e+02
2.318316600000000035e+05 -4.661539999999999573e+00 -1.637617999999999938e+02
2.318318600000000151e+05 -4.850805000000000256e+00 -2.131477999999999895e+02
2.318320599999999977e+05 -6.011440000000000339e+00 -2.683562999999999761e+02
2.318322600000000093e+05 -8.191689000000000220e+00 -3.355077999999999747e+02
2.318324599999999919e+05 -1.060041000000000011e+01 -4.346053999999999746e+02
2.318326600000000035e+05 -8.016989999999999839e+00 -5.388410000000000082e+02
2.318328600000000151e+05 -7.044934999999999725e+00 -6.164206000000000358e+02
2.318330599999999977e+05 -1.123920000000000030e+01 -7.034335999999999558e+02
2.318332600000000093e+05 -1.282202999999999982e+01 -8.661644000000000005e+02
2.318334599999999919e+05 -8.309443999999999164e+00 -9.662490000000000236e+02
2.318336600000000035e+05 -1.345370999999999917e+01 -1.066313000000000102e+03
2.318338600000000151e+05 -1.273867000000000083e+01 -9.069976000000000340e+02
2.318340599999999977e+05 -1.046039000000000030e+01 -1.007419999999999959e+03
2.318342600000000093e+05 -2.045165000000000077e+01 -8.500910999999999831e+02
2.318344599999999919e+05 -1.012782999999999944e+01 -9.799379000000000133e+02
2.318346600000000035e+05 -2.950428000000000139e+01 -1.154400000000000091e+03
2.318348600000000151e+05 -1.135045999999999999e+01 -9.769768000000000256e+02
2.318350599999999977e+05 -3.148357000000000028e+01 -8.732730999999999995e+02
2.318352600000000093e+05 -1.204773999999999923e+01 -9.954109999999999445e+02
2.318354599999999919e+05 -1.909649999999999892e+01 -9.239820999999999458e+02
2.318356600000000035e+05 -1.542683000000000071e+01 -1.012384000000000015e+03
2.318358600000000151e+05 -1.264100000000000001e+01 -9.658568000000000211e+02
2.318360599999999977e+05 -2.544498000000000104e+01 -9.621164999999999736e+02
2.318362600000000093e+05 -1.404686000000000057e+01 -1.009825000000000045e+03
2.318364599999999919e+05 -1.502208000000000077e+01 -9.687779000000000451e+02
2.318366600000000035e+05 -2.117989999999999995e+01 -9.583671000000000504e+02
2.318368600000000151e+05 -1.812789000000000073e+01 -1.014275999999999954e+03
2.318370599999999977e+05 -1.363062000000000040e+01 -9.956074999999999591e+02
2.318372600000000093e+05 -1.478500999999999976e+01 -9.728759000000000015e+02
2.318374599999999919e+05 -1.837976000000000099e+01 -9.561242999999999483e+02
2.318376600000000035e+05 -1.862292000000000058e+01 -9.785830999999999449e+02
2.318378600000000151e+05 -1.765972000000000008e+01 -9.982328999999999724e+02
2.318380599999999977e+05 -1.543192999999999948e+01 -9.963446999999999889e+02
2.318382600000000093e+05 -1.448971000000000053e+01 -9.876939999999999600e+02
2.318384599999999919e+05 -1.420932999999999957e+01 -9.866562999999999874e+02
2.318386600000000035e+05 -1.573082999999999920e+01 -9.829906999999999471e+02
2.318388600000000151e+05 -1.433148000000000089e+01 -9.807870000000000346e+02
2.318390599999999977e+05 -1.574888999999999939e+01 -9.856446999999999434e+02
2.318392600000000093e+05 -1.451781000000000077e+01 -9.829796000000000049e+02
2.318394599999999919e+05 -1.477402000000000015e+01 -9.890162000000000262e+02
2.318396600000000035e+05 -1.568079000000000001e+01 -9.940718000000000529e+02
2.318398600000000151e+05 -1.574529000000000067e+01 -9.887921000000000049e+02
2.318400599999999977e+05 -1.699716000000000093e+01 -9.899302000000000135e+02
2.318402600000000093e+05 -1.808839000000000041e+01 -9.822685999999999922e+02
2.318404599999999919e+05 -1.710604999999999976e+01 -9.838980999999999995e+02
2.318406600000000035e+05 -1.638355999999999923e+01 -9.794401000000000295e+02
2.318408600000000151e+05 -1.590386999999999951e+01 -9.819375999999999749e+02
2.318410599999999977e+05 -1.569791000000000025e+01 -9.950606999999999971e+02
2.318412600000000093e+05 -1.703122000000000114e+01 -9.861648999999999887e+02
2.318414599999999919e+05 -1.502177000000000007e+01 -9.801769000000000460e+02
2.318416600000000035e+05 -1.653594000000000008e+01 -9.862023000000000366e+02
2.318418600000000151e+05 -1.665450999999999837e+01 -9.853826000000000249e+02
2.318420599999999977e+05 -1.683070000000000022e+01 -9.898691000000000031e+02
2.318422600000000093e+05 -1.576798999999999928e+01 -9.860095999999999776e+02
2.318424599999999919e+05 -1.649745000000000061e+01 -9.814416999999999689e+02
2.318426600000000035e+05 -1.589739999999999931e+01 -9.814384999999999764e+02
