# Time finished:
# 2015-06-04 12.07.01
# Temp volt start:
# 0.92032298
# Temp volt stop:
# 0.92032298
# Approx start T:
# 134.751309416
# Approx stop T:
# 134.769962537
# DC bias measured, messed up:
# 3.999342
# DC bias we asked for:
# 4
2.319035899999999965e+05 -1.400286999999999971e+01 7.924840000000000373e+01
2.319037900000000081e+05 -1.465573000000000015e+01 7.848335000000000150e+01
2.319039899999999907e+05 -1.576844999999999963e+01 8.827406000000000574e+01
2.319041900000000023e+05 -1.680730000000000146e+01 8.736328000000000316e+01
2.319043899999999849e+05 -1.451309000000000005e+01 9.340095999999999776e+01
2.319045899999999965e+05 -1.350164000000000009e+01 9.117595000000000027e+01
2.319047900000000081e+05 -1.431784999999999997e+01 8.831197000000000230e+01
2.319049899999999907e+05 -1.541205000000000069e+01 8.945466999999999302e+01
2.319051900000000023e+05 -1.582443999999999917e+01 8.674105000000000132e+01
2.319053899999999849e+05 -1.374410999999999916e+01 9.251120000000000232e+01
2.319055899999999965e+05 -1.409787000000000035e+01 8.134698000000000206e+01
2.319057900000000081e+05 -1.467101000000000077e+01 8.488774999999999693e+01
2.319059899999999907e+05 -1.424428999999999945e+01 8.656367000000000189e+01
2.319061900000000023e+05 -1.421757999999999988e+01 8.795418999999999699e+01
2.319063899999999849e+05 -1.408324999999999960e+01 9.268778000000000361e+01
2.319065899999999965e+05 -1.357745000000000068e+01 8.638651000000000124e+01
2.319067900000000081e+05 -1.433339999999999925e+01 8.703427999999999543e+01
2.319069899999999907e+05 -1.313683999999999941e+01 8.532844000000000051e+01
2.319071900000000023e+05 -1.504721999999999937e+01 8.041297000000000139e+01
2.319073899999999849e+05 -1.389849000000000068e+01 8.500932000000000244e+01
2.319075899999999965e+05 -1.444566999999999979e+01 8.608883000000000152e+01
2.319077900000000081e+05 -1.418153000000000041e+01 8.662340000000000373e+01
2.319079899999999907e+05 -1.255804000000000009e+01 8.454079000000000121e+01
2.319081900000000023e+05 -1.337640000000000029e+01 8.587700999999999851e+01
2.319083899999999849e+05 -1.326858999999999966e+01 8.207165999999999428e+01
2.319085899999999965e+05 -1.333984000000000059e+01 8.111007999999999640e+01
2.319087900000000081e+05 -1.322898999999999958e+01 7.546293000000000006e+01
2.319089899999999907e+05 -1.315102000000000082e+01 8.250406999999999869e+01
2.319091900000000023e+05 -1.287363000000000035e+01 8.312417999999999552e+01
2.319093899999999849e+05 -1.271443999999999974e+01 7.944289999999999452e+01
2.319095899999999965e+05 -1.285964000000000063e+01 7.566237999999999886e+01
2.319097900000000081e+05 -1.179113000000000078e+01 7.948138000000000147e+01
2.319099899999999907e+05 -1.168130000000000024e+01 7.625615000000000521e+01
2.319101900000000023e+05 -1.189730999999999916e+01 6.964043999999999812e+01
2.319103899999999849e+05 -1.141165999999999947e+01 6.877370000000000516e+01
2.319105899999999965e+05 -1.040795999999999921e+01 6.715989000000000431e+01
2.319107900000000081e+05 -9.713592000000000226e+00 5.894330000000000069e+01
2.319109899999999907e+05 -9.117599999999999483e+00 5.184669000000000239e+01
2.319111900000000023e+05 -8.357115000000000293e+00 4.317322000000000060e+01
2.319113899999999849e+05 -7.635875999999999664e+00 3.855246999999999957e+01
2.319115899999999965e+05 -6.521136000000000266e+00 1.939317000000000135e+01
2.319117900000000081e+05 -6.281857999999999720e+00 1.119618000000000002e+00
2.319119899999999907e+05 -5.719267999999999574e+00 -2.341837999999999909e+01
2.319121900000000023e+05 -5.098971999999999838e+00 -5.438642999999999716e+01
2.319123899999999849e+05 -4.998281000000000418e+00 -9.143801999999999452e+01
2.319125899999999965e+05 -4.613167999999999935e+00 -1.373787000000000091e+02
2.319127900000000081e+05 -4.497530000000000250e+00 -1.842454999999999927e+02
2.319129899999999907e+05 -4.757105000000000139e+00 -2.363475999999999999e+02
2.319131900000000023e+05 -6.583788000000000196e+00 -2.949859999999999900e+02
2.319133899999999849e+05 -9.556642999999999333e+00 -3.717959000000000174e+02
2.319135899999999965e+05 -9.809416000000000579e+00 -4.825640000000000214e+02
2.319137900000000081e+05 -7.086796999999999791e+00 -5.708187000000000353e+02
2.319139899999999907e+05 -7.863487000000000116e+00 -6.498803000000000338e+02
2.319141900000000023e+05 -1.528256000000000014e+01 -7.586839999999999691e+02
2.319143899999999849e+05 -9.254258000000000095e+00 -9.154687999999999874e+02
2.319145899999999965e+05 -8.469666000000000139e+00 -1.000822999999999979e+03
2.319147900000000081e+05 -1.798218999999999923e+01 -1.149994999999999891e+03
2.319149899999999907e+05 -1.001521999999999935e+01 -1.311413000000000011e+03
2.319151900000000023e+05 -1.346560999999999986e+01 -1.410347999999999956e+03
2.319153899999999849e+05 -1.240806000000000076e+01 -1.281326000000000022e+03
2.319155899999999965e+05 -1.133337000000000039e+01 -1.386059999999999945e+03
2.319157900000000081e+05 -1.444927000000000028e+01 -1.270359999999999900e+03
2.319159899999999907e+05 -1.328218999999999994e+01 -1.379238000000000056e+03
2.319161900000000023e+05 -1.413237999999999950e+01 -1.291675999999999931e+03
2.319163899999999849e+05 -1.529321999999999981e+01 -1.392032999999999902e+03
2.319165899999999965e+05 -1.197921000000000014e+01 -1.324730999999999995e+03
2.319167900000000081e+05 -2.812665000000000148e+01 -1.299494999999999891e+03
2.319169899999999907e+05 -1.358402000000000065e+01 -1.356667999999999893e+03
2.319171900000000023e+05 -1.413078999999999930e+01 -1.312605000000000018e+03
2.319173899999999849e+05 -2.257694000000000045e+01 -1.359398999999999887e+03
2.319175899999999965e+05 -1.407235000000000014e+01 -1.366431000000000040e+03
2.319177900000000081e+05 -1.324395999999999951e+01 -1.326842000000000098e+03
2.319179899999999907e+05 -1.856233999999999895e+01 -1.306336000000000013e+03
2.319181900000000023e+05 -2.053863000000000127e+01 -1.366359999999999900e+03
2.319183899999999849e+05 -1.623104000000000013e+01 -1.367471999999999980e+03
2.319185899999999965e+05 -1.505016999999999960e+01 -1.342316000000000031e+03
2.319187900000000081e+05 -1.369721999999999973e+01 -1.327200000000000045e+03
2.319189899999999907e+05 -1.707464999999999833e+01 -1.320972999999999956e+03
2.319191900000000023e+05 -1.896313999999999922e+01 -1.332262999999999920e+03
2.319193899999999849e+05 -1.979956999999999923e+01 -1.330144999999999982e+03
2.319195899999999965e+05 -1.805256999999999934e+01 -1.345717000000000098e+03
2.319197900000000081e+05 -1.788345999999999947e+01 -1.354056000000000040e+03
2.319199899999999907e+05 -1.836131999999999920e+01 -1.361181000000000040e+03
2.319201900000000023e+05 -1.847281999999999869e+01 -1.357000999999999976e+03
2.319203899999999849e+05 -2.026169000000000153e+01 -1.353632000000000062e+03
2.319205899999999965e+05 -1.798793999999999826e+01 -1.338426999999999907e+03
2.319207900000000081e+05 -1.858984999999999843e+01 -1.337828999999999951e+03
2.319209899999999907e+05 -1.824186999999999870e+01 -1.333951999999999998e+03
2.319211900000000023e+05 -1.599835000000000029e+01 -1.329888999999999896e+03
2.319213899999999849e+05 -1.530151000000000039e+01 -1.335481999999999971e+03
2.319215899999999965e+05 -1.651878999999999920e+01 -1.347787000000000035e+03
2.319217900000000081e+05 -1.633580999999999861e+01 -1.346029999999999973e+03
2.319219899999999907e+05 -1.792886999999999986e+01 -1.351191000000000031e+03
2.319221900000000023e+05 -1.709930999999999912e+01 -1.339673000000000002e+03
2.319223899999999849e+05 -1.548795999999999928e+01 -1.335479000000000042e+03
2.319225899999999965e+05 -1.596627999999999936e+01 -1.341825000000000045e+03
2.319227900000000081e+05 -1.679851999999999990e+01 -1.329234999999999900e+03
2.319229899999999907e+05 -1.564077999999999946e+01 -1.339400000000000091e+03
2.319231900000000023e+05 -1.666476000000000113e+01 -1.342523999999999887e+03
2.319233899999999849e+05 -1.735206000000000159e+01 -1.335973999999999933e+03
2.319235899999999965e+05 -1.567313000000000045e+01 -1.347561999999999898e+03
