# Time finished:
# 2015-06-04 13.32.17
# Temp volt start:
# 0.90388494
# Temp volt stop:
# 0.90388494
# Approx start T:
# 143.025598821
# Approx stop T:
# 143.035001995
# DC bias measured, messed up:
# 3.999318
# DC bias we asked for:
# 4
2.319123500000000058e+05 -1.361051999999999929e+01 9.020107000000000141e+01
2.319125500000000175e+05 -1.415748999999999924e+01 8.191657999999999618e+01
2.319127500000000000e+05 -1.468619999999999948e+01 8.983455999999999619e+01
2.319129500000000116e+05 -1.431869000000000014e+01 8.430835999999999331e+01
2.319131499999999942e+05 -1.519984000000000002e+01 9.400857999999999493e+01
2.319133500000000058e+05 -1.459052999999999933e+01 8.625576999999999828e+01
2.319135500000000175e+05 -1.415249999999999986e+01 9.034313000000000216e+01
2.319137500000000000e+05 -1.463260999999999967e+01 9.207304000000000599e+01
2.319139500000000116e+05 -1.511969999999999992e+01 8.700928000000000395e+01
2.319141499999999942e+05 -1.480221000000000053e+01 9.227786999999999296e+01
2.319143500000000058e+05 -1.414666000000000068e+01 9.275451999999999941e+01
2.319145500000000175e+05 -1.395177999999999940e+01 8.652783999999999764e+01
2.319147500000000000e+05 -1.438463999999999920e+01 9.157402999999999338e+01
2.319149500000000116e+05 -1.451493999999999929e+01 8.223838999999999544e+01
2.319151499999999942e+05 -1.361921000000000070e+01 8.587926000000000215e+01
2.319153500000000058e+05 -1.419326000000000043e+01 9.159381000000000483e+01
2.319155500000000175e+05 -1.416413999999999973e+01 9.327415000000000589e+01
2.319157500000000000e+05 -1.452880000000000038e+01 8.476449999999999818e+01
2.319159500000000116e+05 -1.410965000000000025e+01 8.421438999999999453e+01
2.319161499999999942e+05 -1.361726999999999954e+01 8.746110000000000184e+01
2.319163500000000058e+05 -1.357868000000000031e+01 8.076095999999999719e+01
2.319165500000000175e+05 -1.230368999999999957e+01 8.594993999999999801e+01
2.319167500000000000e+05 -1.383306999999999931e+01 8.153606000000000620e+01
2.319169500000000116e+05 -1.331306999999999974e+01 7.997633999999999332e+01
2.319171499999999942e+05 -1.304609999999999914e+01 8.197969000000000506e+01
2.319173500000000058e+05 -1.317988000000000071e+01 8.501163999999999987e+01
2.319175500000000175e+05 -1.318749000000000038e+01 8.472485000000000355e+01
2.319177500000000000e+05 -1.235947999999999958e+01 8.778588999999999487e+01
2.319179500000000116e+05 -1.326481000000000066e+01 8.264122999999999308e+01
2.319181499999999942e+05 -1.284019999999999939e+01 8.213689999999999714e+01
2.319183500000000058e+05 -1.271931000000000012e+01 7.894706999999999653e+01
2.319185500000000175e+05 -1.155036999999999914e+01 8.112932999999999595e+01
2.319187500000000000e+05 -1.205866999999999933e+01 7.016973000000000127e+01
2.319189500000000116e+05 -1.191334999999999944e+01 7.238786000000000342e+01
2.319191499999999942e+05 -1.110482999999999976e+01 6.697999000000000080e+01
2.319193500000000058e+05 -1.068942000000000014e+01 7.222396999999999423e+01
2.319195500000000175e+05 -1.011855000000000082e+01 6.199365999999999843e+01
2.319197500000000000e+05 -9.715830000000000410e+00 5.746694999999999709e+01
2.319199500000000116e+05 -8.865667000000000186e+00 5.004064999999999941e+01
2.319201499999999942e+05 -7.993847999999999843e+00 3.937201000000000306e+01
2.319203500000000058e+05 -7.500334999999999752e+00 2.612268999999999863e+01
2.319205500000000175e+05 -6.802533999999999637e+00 1.026726999999999990e+01
2.319207500000000000e+05 -5.912741999999999720e+00 -6.818438000000000443e+00
2.319209500000000116e+05 -6.230625999999999998e+00 -3.866595000000000226e+01
2.319211499999999942e+05 -5.612459000000000309e+00 -7.112485999999999819e+01
2.319213500000000058e+05 -5.309499999999999886e+00 -1.128315999999999946e+02
2.319215500000000175e+05 -5.000122000000000178e+00 -1.557283999999999935e+02
2.319217500000000000e+05 -5.024858000000000047e+00 -2.070815000000000055e+02
2.319219500000000116e+05 -5.674539000000000222e+00 -2.614542000000000144e+02
2.319221499999999942e+05 -8.155991999999999464e+00 -3.234282999999999788e+02
2.319223500000000058e+05 -1.118651000000000018e+01 -4.220357999999999947e+02
2.319225500000000175e+05 -8.973034000000000177e+00 -5.297894000000000005e+02
2.319227500000000000e+05 -7.619101999999999819e+00 -6.059332000000000562e+02
2.319229500000000116e+05 -1.103325000000000067e+01 -6.891807999999999765e+02
2.319231499999999942e+05 -1.511381000000000085e+01 -8.459452999999999747e+02
2.319233500000000058e+05 -8.943977000000000288e+00 -9.570203000000000202e+02
2.319235500000000175e+05 -1.313856999999999964e+01 -1.047035000000000082e+03
2.319237500000000000e+05 -1.374352999999999980e+01 -8.986307000000000471e+02
2.319239500000000116e+05 -1.081361000000000061e+01 -9.930857999999999493e+02
2.319241499999999942e+05 -2.640199000000000140e+01 -8.173473999999999933e+02
2.319243500000000058e+05 -1.112012000000000000e+01 -9.699533000000000129e+02
2.319245500000000175e+05 -2.759078999999999837e+01 -1.058602000000000089e+03
2.319247500000000000e+05 -1.113583000000000034e+01 -9.693115999999999985e+02
2.319249500000000116e+05 -2.762003999999999948e+01 -1.054873000000000047e+03
2.319251499999999942e+05 -1.260670999999999964e+01 -9.771412000000000262e+02
2.319253500000000058e+05 -2.269828000000000046e+01 -9.264773999999999887e+02
2.319255500000000175e+05 -1.406352000000000046e+01 -1.000572000000000003e+03
2.319257500000000000e+05 -1.494514999999999993e+01 -9.524339999999999691e+02
2.319259500000000116e+05 -2.360874000000000095e+01 -1.001754000000000019e+03
2.319261499999999942e+05 -1.312128000000000050e+01 -9.936259999999999764e+02
2.319263500000000058e+05 -1.613979000000000141e+01 -9.560773000000000366e+02
2.319265500000000175e+05 -2.275916000000000139e+01 -9.853558000000000447e+02
2.319267500000000000e+05 -1.557188000000000017e+01 -1.003841999999999985e+03
2.319269500000000116e+05 -1.468096000000000068e+01 -9.851511000000000422e+02
2.319271499999999942e+05 -1.574651000000000067e+01 -9.598577000000000226e+02
2.319273500000000058e+05 -1.825694999999999979e+01 -9.833577000000000226e+02
2.319275500000000175e+05 -1.915572999999999837e+01 -1.000895999999999958e+03
2.319277500000000000e+05 -1.586965000000000003e+01 -9.992050000000000409e+02
2.319279500000000116e+05 -1.449709999999999965e+01 -9.983929000000000542e+02
2.319281499999999942e+05 -1.568239999999999945e+01 -9.871607000000000198e+02
2.319283500000000058e+05 -1.454707999999999934e+01 -9.828929000000000542e+02
2.319285500000000175e+05 -1.456187000000000076e+01 -9.735846999999999980e+02
2.319287500000000000e+05 -1.717687000000000097e+01 -9.797863999999999578e+02
2.319289500000000116e+05 -1.611632000000000176e+01 -9.798325999999999567e+02
2.319291499999999942e+05 -1.616872000000000043e+01 -9.720191999999999553e+02
2.319293500000000058e+05 -1.568547000000000047e+01 -9.796838000000000193e+02
2.319295500000000175e+05 -1.563997999999999955e+01 -9.814664000000000215e+02
2.319297500000000000e+05 -1.505990000000000073e+01 -9.805535999999999603e+02
2.319299500000000116e+05 -1.673279000000000138e+01 -9.845184000000000424e+02
2.319301499999999942e+05 -1.682670999999999850e+01 -9.861933000000000220e+02
2.319303500000000058e+05 -1.717839999999999989e+01 -9.827617000000000189e+02
2.319305500000000175e+05 -1.645566000000000173e+01 -9.784541000000000395e+02
2.319307500000000000e+05 -1.706741999999999848e+01 -9.761843000000000075e+02
2.319309500000000116e+05 -1.679416000000000153e+01 -9.981278999999999542e+02
2.319311499999999942e+05 -1.673551000000000144e+01 -9.892854999999999563e+02
2.319313500000000058e+05 -1.612349000000000032e+01 -9.829859999999999900e+02
2.319315500000000175e+05 -1.636636000000000024e+01 -9.875821999999999434e+02
2.319317500000000000e+05 -1.638458999999999932e+01 -9.855538999999999987e+02
2.319319500000000116e+05 -1.705058999999999969e+01 -9.834003999999999905e+02
2.319321499999999942e+05 -1.550034999999999918e+01 -9.838771000000000413e+02
2.319323500000000058e+05 -1.561707999999999963e+01 -9.845739999999999554e+02
