# Time finished:
# 2015-06-03 01.23.35
# Temp volt start:
# 1.0296334
# Temp volt stop:
# 1.0296334
# Approx start T:
# 75.813256613
# Approx stop T:
# 75.8456824862
# DC bias measured, messed up:
# 4.000069
# DC bias we asked for:
# 4
2.318002699999999895e+05 -1.387681000000000076e+01 9.339883000000000379e+01
2.318004700000000012e+05 -1.439134999999999920e+01 9.679816999999999894e+01
2.318006699999999837e+05 -1.409655000000000058e+01 8.300552999999999315e+01
2.318008699999999953e+05 -1.400713000000000008e+01 8.506660999999999717e+01
2.318010699999999779e+05 -1.509412999999999982e+01 9.194253000000000497e+01
2.318012699999999895e+05 -1.462382999999999988e+01 9.330608999999999753e+01
2.318014700000000012e+05 -1.433608000000000082e+01 8.560868000000000677e+01
2.318016699999999837e+05 -1.461983000000000033e+01 8.689449000000000467e+01
2.318018699999999953e+05 -1.466728999999999949e+01 8.498506999999999323e+01
2.318020699999999779e+05 -1.512354999999999983e+01 8.732066000000000372e+01
2.318022699999999895e+05 -1.492783000000000015e+01 8.711578000000000088e+01
2.318024700000000012e+05 -1.416070999999999991e+01 8.980759999999999366e+01
2.318026699999999837e+05 -1.442407000000000039e+01 8.198184000000000538e+01
2.318028699999999953e+05 -1.435635000000000083e+01 8.367131999999999437e+01
2.318030699999999779e+05 -1.370575999999999972e+01 8.762259000000000242e+01
2.318032699999999895e+05 -1.415719999999999956e+01 7.980190000000000339e+01
2.318034700000000012e+05 -1.434848000000000035e+01 8.111526000000000636e+01
2.318036699999999837e+05 -1.341729999999999912e+01 8.245498000000000616e+01
2.318038699999999953e+05 -1.428138000000000041e+01 8.386565000000000225e+01
2.318040699999999779e+05 -1.406112000000000073e+01 8.461677000000000248e+01
2.318042699999999895e+05 -1.405885999999999925e+01 8.109758999999999673e+01
2.318044700000000012e+05 -1.421481999999999957e+01 7.680965999999999383e+01
2.318046699999999837e+05 -1.406173000000000073e+01 8.026108000000000686e+01
2.318048699999999953e+05 -1.311334000000000088e+01 8.393301999999999907e+01
2.318050699999999779e+05 -1.319252999999999965e+01 8.914840999999999838e+01
2.318052699999999895e+05 -1.281312999999999924e+01 7.884978999999999871e+01
2.318054700000000012e+05 -1.296673999999999971e+01 8.126285000000000025e+01
2.318056699999999837e+05 -1.342980000000000018e+01 7.609189999999999543e+01
2.318058699999999953e+05 -1.285410000000000075e+01 7.814509999999999934e+01
2.318060699999999779e+05 -1.283514000000000088e+01 8.099854000000000553e+01
2.318062699999999895e+05 -1.224694000000000038e+01 7.686875999999999465e+01
2.318064700000000012e+05 -1.159833000000000069e+01 7.783123000000000502e+01
2.318066699999999837e+05 -1.177325000000000088e+01 7.131033999999999651e+01
2.318068699999999953e+05 -1.072542999999999935e+01 7.302320000000000277e+01
2.318070699999999779e+05 -1.061570000000000036e+01 6.431589999999999918e+01
2.318072699999999895e+05 -9.666195999999999344e+00 6.028410000000000224e+01
2.318074700000000012e+05 -9.161842999999999293e+00 5.354102000000000317e+01
2.318076699999999837e+05 -8.642751000000000516e+00 4.759770999999999930e+01
2.318078699999999953e+05 -7.766417999999999822e+00 4.142799000000000120e+01
2.318080699999999779e+05 -7.254190000000000360e+00 2.706881999999999877e+01
2.318082699999999895e+05 -6.102070000000000327e+00 1.065124999999999922e+01
2.318084700000000012e+05 -5.830956999999999724e+00 -1.001756999999999920e+01
2.318086699999999837e+05 -5.709309000000000189e+00 -4.102024000000000115e+01
2.318088699999999953e+05 -5.202124000000000414e+00 -7.726816999999999780e+01
2.318090699999999779e+05 -4.838677999999999813e+00 -1.178485000000000014e+02
2.318092699999999895e+05 -4.854621999999999993e+00 -1.660999999999999943e+02
2.318094700000000012e+05 -4.741998999999999853e+00 -2.147697000000000003e+02
2.318096699999999837e+05 -5.930274999999999963e+00 -2.689030999999999949e+02
2.318098699999999953e+05 -8.701456999999999553e+00 -3.376938000000000102e+02
2.318100699999999779e+05 -1.078604999999999947e+01 -4.387959000000000174e+02
2.318102699999999895e+05 -7.931780999999999970e+00 -5.392048999999999523e+02
2.318104700000000012e+05 -7.385430000000000383e+00 -6.187722999999999729e+02
2.318106699999999837e+05 -1.139781999999999940e+01 -7.046266000000000531e+02
2.318108699999999953e+05 -1.253410000000000046e+01 -8.708768000000000029e+02
2.318110699999999779e+05 -8.199737999999999971e+00 -9.674324000000000296e+02
2.318112699999999895e+05 -1.459172000000000047e+01 -1.071692000000000007e+03
2.318114700000000012e+05 -1.235861000000000054e+01 -9.120445999999999458e+02
2.318116699999999837e+05 -1.047710000000000008e+01 -1.006673000000000002e+03
2.318118699999999953e+05 -1.976067000000000107e+01 -8.635325000000000273e+02
2.318120699999999779e+05 -1.052142000000000088e+01 -9.835372999999999593e+02
2.318122699999999895e+05 -2.987328000000000117e+01 -8.156327999999999747e+02
2.318124700000000012e+05 -1.093472000000000044e+01 -9.863609999999999900e+02
2.318126699999999837e+05 -3.251574999999999704e+01 -9.010598999999999705e+02
2.318128699999999953e+05 -1.126728999999999914e+01 -9.958419000000000096e+02
2.318130699999999779e+05 -1.905505000000000138e+01 -9.194628000000000156e+02
2.318132699999999895e+05 -1.508426000000000045e+01 -1.019202999999999975e+03
2.318134700000000012e+05 -1.227370999999999945e+01 -9.669965999999999440e+02
2.318136699999999837e+05 -2.264448000000000150e+01 -9.429520999999999731e+02
2.318138699999999953e+05 -1.576149000000000022e+01 -1.008359000000000037e+03
2.318140699999999779e+05 -1.382002999999999915e+01 -9.669755999999999858e+02
2.318142699999999895e+05 -2.087634999999999863e+01 -9.459027999999999565e+02
2.318144700000000012e+05 -1.933191000000000059e+01 -1.015441000000000031e+03
2.318146699999999837e+05 -1.367027999999999999e+01 -9.945095999999999776e+02
2.318148699999999953e+05 -1.459459000000000017e+01 -9.714385999999999513e+02
2.318150699999999779e+05 -1.774605999999999995e+01 -9.627291000000000167e+02
2.318152699999999895e+05 -2.168076999999999899e+01 -9.794221000000000004e+02
2.318154700000000012e+05 -1.911748000000000047e+01 -9.950214999999999463e+02
2.318156699999999837e+05 -1.638710000000000022e+01 -9.957504999999999882e+02
2.318158699999999953e+05 -1.528050999999999959e+01 -9.916045000000000300e+02
2.318160699999999779e+05 -1.468797999999999959e+01 -9.884261000000000195e+02
2.318162699999999895e+05 -1.473869999999999969e+01 -9.883311999999999671e+02
2.318164700000000012e+05 -1.443220999999999954e+01 -9.820010999999999513e+02
2.318166699999999837e+05 -1.601589999999999847e+01 -9.812952000000000226e+02
2.318168699999999953e+05 -1.412720000000000020e+01 -9.855575999999999794e+02
2.318170699999999779e+05 -1.554499000000000031e+01 -9.877613000000000056e+02
2.318172699999999895e+05 -1.612383000000000166e+01 -9.895054000000000087e+02
2.318174700000000012e+05 -1.619162999999999997e+01 -9.865354999999999563e+02
2.318176699999999837e+05 -1.594727999999999923e+01 -9.898209000000000515e+02
2.318178699999999953e+05 -1.631935000000000002e+01 -9.793737999999999602e+02
2.318180699999999779e+05 -1.685011000000000081e+01 -9.798936999999999671e+02
2.318182699999999895e+05 -1.609630999999999901e+01 -9.719424000000000206e+02
2.318184700000000012e+05 -1.609239000000000175e+01 -9.879511999999999716e+02
2.318186699999999837e+05 -1.541464000000000034e+01 -9.908387000000000171e+02
2.318188699999999953e+05 -1.730745999999999896e+01 -9.866385000000000218e+02
2.318190699999999779e+05 -1.686310999999999893e+01 -9.784652999999999565e+02
2.318192699999999895e+05 -1.584487999999999985e+01 -9.862892000000000507e+02
2.318194700000000012e+05 -1.611192000000000135e+01 -9.878174000000000206e+02
2.318196699999999837e+05 -1.524909000000000070e+01 -9.822219000000000051e+02
2.318198699999999953e+05 -1.541646000000000072e+01 -9.921539000000000215e+02
2.318200699999999779e+05 -1.606846000000000174e+01 -9.844738999999999578e+02
2.318202699999999895e+05 -1.664836000000000027e+01 -9.896652000000000271e+02
