# Time finished:
# 2015-06-03 08.50.25
# Temp volt start:
# 1.0116647
# Temp volt stop:
# 1.0116647
# Approx start T:
# 86.0287320089
# Approx stop T:
# 86.0143396823
# DC bias measured, messed up:
# 3.999835
# DC bias we asked for:
# 4
2.318192600000000093e+05 -1.445756000000000085e+01 9.854433000000000220e+01
2.318194600000000210e+05 -1.464427000000000056e+01 9.688141000000000247e+01
2.318196600000000035e+05 -1.439057000000000031e+01 9.078661999999999921e+01
2.318198600000000151e+05 -1.389728000000000030e+01 8.431929999999999836e+01
2.318200599999999977e+05 -1.535580999999999996e+01 8.133778999999999826e+01
2.318202600000000093e+05 -1.575333999999999968e+01 8.077567000000000519e+01
2.318204600000000210e+05 -1.430436000000000085e+01 9.315027999999999508e+01
2.318206600000000035e+05 -1.394260000000000055e+01 9.346523000000000536e+01
2.318208600000000151e+05 -1.404603999999999964e+01 8.397496999999999900e+01
2.318210599999999977e+05 -1.474136999999999986e+01 8.566602000000000317e+01
2.318212600000000093e+05 -1.427000999999999920e+01 8.617855000000000132e+01
2.318214600000000210e+05 -1.447106999999999921e+01 8.284520000000000550e+01
2.318216600000000035e+05 -1.496161999999999992e+01 8.199754000000000076e+01
2.318218600000000151e+05 -1.424896000000000029e+01 8.096219000000000676e+01
2.318220599999999977e+05 -1.453651999999999944e+01 8.221661000000000286e+01
2.318222600000000093e+05 -1.493412000000000006e+01 9.497870000000000346e+01
2.318224600000000210e+05 -1.429856000000000016e+01 8.595300000000000296e+01
2.318226600000000035e+05 -1.413851999999999975e+01 8.681117000000000417e+01
2.318228600000000151e+05 -1.330658999999999992e+01 8.673623999999999512e+01
2.318230599999999977e+05 -1.451149000000000022e+01 8.587390000000000612e+01
2.318232600000000093e+05 -1.372372000000000014e+01 8.230904999999999916e+01
2.318234600000000210e+05 -1.324872000000000050e+01 8.593854000000000326e+01
2.318236600000000035e+05 -1.330666000000000082e+01 8.340437000000000012e+01
2.318238600000000151e+05 -1.345287000000000077e+01 8.459472999999999843e+01
2.318240599999999977e+05 -1.359580000000000055e+01 8.651870999999999867e+01
2.318242600000000093e+05 -1.249055000000000071e+01 8.000015999999999394e+01
2.318244600000000210e+05 -1.293468999999999980e+01 8.096442999999999302e+01
2.318246600000000035e+05 -1.316450999999999993e+01 7.794588000000000250e+01
2.318248600000000151e+05 -1.207316999999999929e+01 7.364100999999999431e+01
2.318250599999999977e+05 -1.183264999999999922e+01 7.604391999999999996e+01
2.318252600000000093e+05 -1.267962999999999951e+01 7.789475000000000193e+01
2.318254600000000210e+05 -1.144177000000000000e+01 7.666379999999999484e+01
2.318256600000000035e+05 -1.143683000000000050e+01 7.126646999999999821e+01
2.318258600000000151e+05 -1.095705000000000062e+01 6.844401999999999475e+01
2.318260599999999977e+05 -1.101146999999999920e+01 6.836006999999999323e+01
2.318262600000000093e+05 -9.687920999999999339e+00 6.286113000000000284e+01
2.318264600000000210e+05 -9.288579000000000363e+00 5.687615999999999872e+01
2.318266600000000035e+05 -9.065241000000000327e+00 5.015635999999999939e+01
2.318268600000000151e+05 -7.777362000000000108e+00 4.061636000000000024e+01
2.318270599999999977e+05 -7.283761000000000152e+00 2.436026999999999987e+01
2.318272600000000093e+05 -6.186287000000000091e+00 8.140416999999999348e+00
2.318274600000000210e+05 -6.014734999999999943e+00 -1.178963000000000072e+01
2.318276600000000035e+05 -5.519135999999999598e+00 -4.074924000000000035e+01
2.318278600000000151e+05 -5.297170000000000378e+00 -8.010871000000000208e+01
2.318280599999999977e+05 -4.873306000000000360e+00 -1.193427999999999969e+02
2.318282600000000093e+05 -4.669261999999999802e+00 -1.676094999999999970e+02
2.318284600000000210e+05 -4.495402999999999594e+00 -2.178504000000000076e+02
2.318286600000000035e+05 -5.721102000000000132e+00 -2.742776999999999816e+02
2.318288600000000151e+05 -8.677068000000000225e+00 -3.461983000000000175e+02
2.318290599999999977e+05 -1.084151999999999916e+01 -4.424648000000000252e+02
2.318292600000000093e+05 -8.225778999999999286e+00 -5.450710000000000264e+02
2.318294600000000210e+05 -7.153350999999999793e+00 -6.237965000000000373e+02
2.318296600000000035e+05 -1.190473000000000070e+01 -7.152034999999999627e+02
2.318298600000000151e+05 -1.274549000000000021e+01 -8.748773999999999660e+02
2.318300599999999977e+05 -8.066636000000000806e+00 -9.746064000000000078e+02
2.318302600000000093e+05 -1.453317000000000014e+01 -1.077058999999999969e+03
2.318304600000000210e+05 -1.164929000000000059e+01 -9.165457000000000107e+02
2.318306600000000035e+05 -1.087692000000000014e+01 -1.017764999999999986e+03
2.318308600000000151e+05 -2.044769000000000148e+01 -8.680488000000000284e+02
2.318310599999999977e+05 -1.081047000000000047e+01 -9.897046000000000276e+02
2.318312600000000093e+05 -2.359367999999999910e+01 -8.722337999999999738e+02
2.318314600000000210e+05 -1.126914000000000016e+01 -9.885982000000000198e+02
2.318316600000000035e+05 -2.466685999999999979e+01 -8.988283000000000129e+02
2.318318600000000151e+05 -1.248963000000000001e+01 -9.988467000000000553e+02
2.318320599999999977e+05 -1.667339000000000127e+01 -9.391719000000000506e+02
2.318322600000000093e+05 -1.539662000000000042e+01 -1.029015000000000100e+03
2.318324600000000210e+05 -1.270509999999999984e+01 -9.666784999999999854e+02
2.318326600000000035e+05 -2.157984000000000080e+01 -9.465786000000000513e+02
2.318328600000000151e+05 -1.630423000000000044e+01 -1.012524000000000001e+03
2.318330599999999977e+05 -1.316029999999999944e+01 -9.684039999999999964e+02
2.318332600000000093e+05 -1.976078000000000046e+01 -9.533128000000000384e+02
2.318334600000000210e+05 -1.995690000000000097e+01 -1.014836999999999989e+03
2.318336600000000035e+05 -1.376725000000000065e+01 -1.005793999999999983e+03
2.318338600000000151e+05 -1.402985999999999933e+01 -9.755806999999999789e+02
2.318340599999999977e+05 -1.587022999999999939e+01 -9.532826999999999771e+02
2.318342600000000093e+05 -1.974454000000000065e+01 -9.573247000000000071e+02
2.318344600000000210e+05 -2.040965999999999880e+01 -9.798682000000000016e+02
2.318346600000000035e+05 -1.651062999999999903e+01 -9.970186999999999671e+02
2.318348600000000151e+05 -1.629849000000000103e+01 -9.908630000000000564e+02
2.318350599999999977e+05 -1.612259999999999849e+01 -9.920905999999999949e+02
2.318352600000000093e+05 -1.446247999999999934e+01 -9.889959000000000060e+02
2.318354600000000210e+05 -1.493923999999999985e+01 -9.861557000000000244e+02
2.318356600000000035e+05 -1.476904000000000039e+01 -9.961561000000000377e+02
2.318358600000000151e+05 -1.482781999999999911e+01 -9.841384000000000469e+02
2.318360599999999977e+05 -1.585449999999999982e+01 -9.985818000000000438e+02
2.318362600000000093e+05 -1.642980000000000018e+01 -9.836235000000000355e+02
2.318364600000000210e+05 -1.706005000000000038e+01 -9.938759999999999764e+02
2.318366600000000035e+05 -1.713609999999999900e+01 -9.834954000000000178e+02
2.318368600000000151e+05 -1.764819999999999922e+01 -9.798768999999999778e+02
2.318370599999999977e+05 -1.717520000000000024e+01 -9.723007000000000062e+02
2.318372600000000093e+05 -1.595650999999999975e+01 -9.813515999999999622e+02
2.318374600000000210e+05 -1.638786999999999949e+01 -9.848487999999999829e+02
2.318376600000000035e+05 -1.583309999999999995e+01 -9.890100999999999658e+02
2.318378600000000151e+05 -1.703577999999999903e+01 -9.705927000000000362e+02
2.318380599999999977e+05 -1.646319000000000088e+01 -9.782921000000000049e+02
2.318382600000000093e+05 -1.644635999999999854e+01 -9.890344999999999800e+02
2.318384600000000210e+05 -1.505017999999999923e+01 -9.802634000000000469e+02
2.318386600000000035e+05 -1.635120999999999825e+01 -9.867285000000000537e+02
2.318388600000000151e+05 -1.668207999999999913e+01 -9.867224999999999682e+02
2.318390599999999977e+05 -1.695859000000000094e+01 -9.808225999999999658e+02
2.318392600000000093e+05 -1.541111000000000075e+01 -9.815566000000000031e+02
