# Time finished:
# 2015-06-04 14.55.03
# Temp volt start:
# 0.88790239
# Temp volt stop:
# 0.88790239
# Approx start T:
# 150.947758834
# Approx stop T:
# 150.966102554
# DC bias measured, messed up:
# 3.999306
# DC bias we asked for:
# 4
2.319190000000000000e+05 -1.485402999999999984e+01 8.660093999999999426e+01
2.319192000000000116e+05 -1.517783000000000015e+01 8.794258000000000663e+01
2.319193999999999942e+05 -1.487340999999999980e+01 9.047790000000000532e+01
2.319196000000000058e+05 -1.441689000000000043e+01 8.075284999999999513e+01
2.319197999999999884e+05 -1.502148000000000039e+01 8.939221000000000572e+01
2.319200000000000000e+05 -1.493904000000000032e+01 8.520035000000000025e+01
2.319202000000000116e+05 -1.476581999999999972e+01 9.021953000000000600e+01
2.319203999999999942e+05 -1.488542999999999950e+01 8.730983999999999412e+01
2.319206000000000058e+05 -1.409763000000000055e+01 9.156086999999999421e+01
2.319207999999999884e+05 -1.454889999999999972e+01 8.555823999999999785e+01
2.319210000000000000e+05 -1.482564999999999955e+01 8.847095000000000198e+01
2.319212000000000116e+05 -1.440975000000000072e+01 9.053919999999999391e+01
2.319213999999999942e+05 -1.477096000000000053e+01 8.526017000000000223e+01
2.319216000000000058e+05 -1.492750000000000021e+01 8.697794000000000381e+01
2.319217999999999884e+05 -1.383449000000000062e+01 8.962318000000000495e+01
2.319220000000000000e+05 -1.433098000000000027e+01 8.381495999999999924e+01
2.319222000000000116e+05 -1.371424999999999983e+01 9.431705999999999790e+01
2.319223999999999942e+05 -1.356081999999999965e+01 8.249000999999999806e+01
2.319226000000000058e+05 -1.348794999999999966e+01 9.246035000000000537e+01
2.319227999999999884e+05 -1.406713000000000058e+01 8.372532999999999959e+01
2.319230000000000000e+05 -1.444134000000000029e+01 8.536695000000000277e+01
2.319232000000000116e+05 -1.437937999999999938e+01 7.963053999999999633e+01
2.319233999999999942e+05 -1.295295999999999914e+01 8.264321999999999946e+01
2.319236000000000058e+05 -1.327467000000000041e+01 8.267390000000000327e+01
2.319237999999999884e+05 -1.443892999999999915e+01 8.182281999999999300e+01
2.319240000000000000e+05 -1.309769999999999968e+01 7.965179000000000542e+01
2.319242000000000116e+05 -1.330977999999999994e+01 8.123095999999999606e+01
2.319243999999999942e+05 -1.282238000000000078e+01 8.125198000000000320e+01
2.319246000000000058e+05 -1.285267999999999944e+01 7.568399999999999750e+01
2.319247999999999884e+05 -1.194382000000000055e+01 7.868744999999999834e+01
2.319250000000000000e+05 -1.222700999999999993e+01 7.709244999999999948e+01
2.319252000000000116e+05 -1.195819000000000010e+01 7.684251999999999327e+01
2.319253999999999942e+05 -1.172176999999999936e+01 7.566348000000000695e+01
2.319256000000000058e+05 -1.156414999999999971e+01 6.951896999999999593e+01
2.319257999999999884e+05 -1.141510000000000069e+01 6.935083000000000197e+01
2.319260000000000000e+05 -1.092037999999999975e+01 6.323875000000000313e+01
2.319262000000000116e+05 -9.483546999999999727e+00 5.939788000000000068e+01
2.319263999999999942e+05 -9.811583000000000609e+00 5.404657999999999873e+01
2.319266000000000058e+05 -8.931834999999999525e+00 4.621475999999999829e+01
2.319267999999999884e+05 -8.097891000000000616e+00 3.450224000000000046e+01
2.319270000000000000e+05 -7.374490999999999907e+00 1.754164000000000101e+01
2.319272000000000116e+05 -6.927711999999999648e+00 5.049443000000000126e-01
2.319273999999999942e+05 -6.409112000000000364e+00 -2.387641999999999953e+01
2.319276000000000058e+05 -6.063728000000000229e+00 -5.758449999999999847e+01
2.319277999999999884e+05 -5.921729000000000021e+00 -9.346569999999999823e+01
2.319280000000000000e+05 -5.650990000000000180e+00 -1.389009000000000071e+02
2.319282000000000116e+05 -5.791208000000000133e+00 -1.857818000000000040e+02
2.319283999999999942e+05 -5.796903999999999613e+00 -2.373652999999999906e+02
2.319286000000000058e+05 -7.712727000000000110e+00 -2.944214000000000055e+02
2.319287999999999884e+05 -1.223118000000000016e+01 -3.738553999999999746e+02
2.319290000000000000e+05 -1.183379000000000048e+01 -4.871739999999999782e+02
2.319292000000000116e+05 -8.379818000000000211e+00 -5.748352999999999611e+02
2.319293999999999942e+05 -9.905383999999999745e+00 -6.481328999999999496e+02
2.319296000000000058e+05 -1.829410999999999987e+01 -7.617536000000000058e+02
2.319297999999999884e+05 -1.153065999999999924e+01 -9.213003999999999678e+02
2.319300000000000000e+05 -1.092464000000000013e+01 -1.001538999999999987e+03
2.319302000000000116e+05 -2.578206000000000131e+01 -1.165319999999999936e+03
2.319303999999999942e+05 -1.179123000000000054e+01 -1.316477000000000089e+03
2.319306000000000058e+05 -1.766682000000000130e+01 -1.396721999999999980e+03
2.319307999999999884e+05 -1.464736000000000082e+01 -1.296402000000000044e+03
2.319310000000000000e+05 -1.518105000000000082e+01 -1.378946999999999889e+03
2.319312000000000116e+05 -1.642764999999999986e+01 -1.299511999999999944e+03
2.319313999999999942e+05 -1.541099999999999959e+01 -1.375750000000000000e+03
2.319316000000000058e+05 -1.532724999999999937e+01 -1.307836999999999989e+03
2.319317999999999884e+05 -1.842642000000000024e+01 -1.376818999999999960e+03
2.319320000000000000e+05 -1.341948000000000008e+01 -1.331205999999999904e+03
2.319322000000000116e+05 -2.350677999999999912e+01 -1.320798999999999978e+03
2.319323999999999942e+05 -1.530307999999999957e+01 -1.356549999999999955e+03
2.319326000000000058e+05 -1.595808000000000071e+01 -1.317808999999999969e+03
2.319327999999999884e+05 -1.996912000000000020e+01 -1.343445999999999913e+03
2.319330000000000000e+05 -1.610304999999999964e+01 -1.360867999999999938e+03
2.319332000000000116e+05 -1.427957999999999927e+01 -1.338240999999999985e+03
2.319333999999999942e+05 -1.766505000000000081e+01 -1.321005000000000109e+03
2.319336000000000058e+05 -1.746349999999999980e+01 -1.347711999999999989e+03
2.319337999999999884e+05 -1.723583999999999961e+01 -1.347820999999999913e+03
2.319340000000000000e+05 -1.435594000000000037e+01 -1.339813000000000102e+03
2.319342000000000116e+05 -1.592690999999999946e+01 -1.338778999999999996e+03
2.319343999999999942e+05 -1.662371999999999872e+01 -1.334558999999999969e+03
2.319346000000000058e+05 -1.720870000000000033e+01 -1.337643000000000029e+03
2.319347999999999884e+05 -1.833679000000000059e+01 -1.337287000000000035e+03
2.319350000000000000e+05 -1.724491000000000085e+01 -1.341650000000000091e+03
2.319352000000000116e+05 -1.766416999999999859e+01 -1.340405999999999949e+03
2.319353999999999942e+05 -1.625997999999999877e+01 -1.346147999999999911e+03
2.319356000000000058e+05 -1.762730000000000175e+01 -1.348848999999999933e+03
2.319357999999999884e+05 -1.720692999999999984e+01 -1.340464999999999918e+03
2.319360000000000000e+05 -1.679517999999999844e+01 -1.336386999999999944e+03
2.319362000000000116e+05 -1.661121999999999943e+01 -1.346503999999999905e+03
2.319363999999999942e+05 -1.641062000000000154e+01 -1.334486000000000104e+03
2.319366000000000058e+05 -1.648883000000000010e+01 -1.337128999999999905e+03
2.319367999999999884e+05 -1.626041999999999987e+01 -1.347348999999999933e+03
2.319370000000000000e+05 -1.642829000000000050e+01 -1.338554000000000087e+03
2.319372000000000116e+05 -1.652739000000000047e+01 -1.351324000000000069e+03
2.319373999999999942e+05 -1.723661999999999850e+01 -1.341118999999999915e+03
2.319376000000000058e+05 -1.655537999999999954e+01 -1.339178000000000111e+03
2.319377999999999884e+05 -1.570351999999999926e+01 -1.352595000000000027e+03
2.319380000000000000e+05 -1.655493999999999843e+01 -1.339179000000000087e+03
2.319382000000000116e+05 -1.629519000000000162e+01 -1.342907999999999902e+03
2.319383999999999942e+05 -1.662546999999999997e+01 -1.344878999999999905e+03
2.319386000000000058e+05 -1.646172999999999931e+01 -1.347241999999999962e+03
2.319387999999999884e+05 -1.622870999999999952e+01 -1.337165999999999940e+03
2.319390000000000000e+05 -1.723272000000000048e+01 -1.340855999999999995e+03
