# Time finished:
# 2015-06-03 05.10.41
# Temp volt start:
# 1.017812
# Temp volt stop:
# 1.017812
# Approx start T:
# 82.5596243844
# Approx stop T:
# 82.5755988945
# DC bias measured, messed up:
# 4.000007
# DC bias we asked for:
# 4
2.318135000000000000e+05 -1.529481999999999964e+01 9.430339999999999634e+01
2.318137000000000116e+05 -1.420988999999999969e+01 8.352961999999999421e+01
2.318138999999999942e+05 -1.468976999999999933e+01 9.019665999999999428e+01
2.318141000000000058e+05 -1.487493000000000087e+01 8.703645000000000209e+01
2.318142999999999884e+05 -1.580794999999999995e+01 8.953386999999999318e+01
2.318145000000000000e+05 -1.454592000000000063e+01 8.671939999999999316e+01
2.318147000000000116e+05 -1.417572000000000010e+01 8.826891000000000531e+01
2.318148999999999942e+05 -1.374689000000000050e+01 8.910641999999999996e+01
2.318151000000000058e+05 -1.382779999999999987e+01 8.180176000000000158e+01
2.318152999999999884e+05 -1.443510999999999989e+01 8.614976000000000056e+01
2.318155000000000000e+05 -1.396948000000000079e+01 8.714081000000000188e+01
2.318157000000000116e+05 -1.436711999999999989e+01 8.794875000000000398e+01
2.318158999999999942e+05 -1.453466000000000058e+01 8.318188000000000670e+01
2.318161000000000058e+05 -1.416540999999999961e+01 8.080679000000000656e+01
2.318162999999999884e+05 -1.497493000000000052e+01 8.206052999999999997e+01
2.318165000000000000e+05 -1.388329000000000057e+01 8.761827999999999861e+01
2.318167000000000116e+05 -1.410363000000000078e+01 8.090220999999999663e+01
2.318168999999999942e+05 -1.303326999999999991e+01 8.814825000000000443e+01
2.318171000000000058e+05 -1.400610999999999962e+01 8.188698999999999728e+01
2.318172999999999884e+05 -1.359359000000000073e+01 8.591888000000000147e+01
2.318175000000000000e+05 -1.346448000000000000e+01 8.010201000000000704e+01
2.318177000000000116e+05 -1.418080999999999925e+01 8.487257999999999925e+01
2.318178999999999942e+05 -1.277994999999999948e+01 8.175072000000000116e+01
2.318181000000000058e+05 -1.410496999999999979e+01 8.197123000000000559e+01
2.318182999999999884e+05 -1.345905999999999914e+01 9.022814999999999941e+01
2.318185000000000000e+05 -1.298643999999999998e+01 8.204134000000000526e+01
2.318187000000000116e+05 -1.379489000000000054e+01 7.895895000000000152e+01
2.318188999999999942e+05 -1.319064000000000014e+01 7.838026000000000693e+01
2.318191000000000058e+05 -1.253622000000000014e+01 7.585621999999999332e+01
2.318192999999999884e+05 -1.237293000000000021e+01 7.974657000000000551e+01
2.318195000000000000e+05 -1.219209999999999994e+01 7.575960999999999501e+01
2.318197000000000116e+05 -1.189151000000000025e+01 7.577903999999999485e+01
2.318198999999999942e+05 -1.163416999999999923e+01 7.171092000000000155e+01
2.318201000000000058e+05 -1.152633999999999936e+01 7.249193999999999960e+01
2.318202999999999884e+05 -1.167937000000000047e+01 6.859244999999999948e+01
2.318205000000000000e+05 -1.021504000000000012e+01 6.992795999999999879e+01
2.318207000000000116e+05 -9.992971999999999966e+00 5.777600999999999942e+01
2.318208999999999942e+05 -9.148341000000000278e+00 4.924757000000000318e+01
2.318211000000000058e+05 -8.088718000000000075e+00 4.779288999999999987e+01
2.318212999999999884e+05 -7.644731000000000165e+00 3.007318000000000069e+01
2.318215000000000000e+05 -6.951367000000000296e+00 1.734174000000000149e+01
2.318217000000000116e+05 -6.403008999999999951e+00 -1.759378000000000108e+00
2.318218999999999942e+05 -5.647840999999999667e+00 -2.567826000000000164e+01
2.318221000000000058e+05 -5.187713999999999714e+00 -5.976068000000000069e+01
2.318222999999999884e+05 -4.864057999999999993e+00 -1.006886999999999972e+02
2.318225000000000000e+05 -4.528249999999999886e+00 -1.447933999999999912e+02
2.318227000000000116e+05 -4.713073999999999764e+00 -1.930151999999999930e+02
2.318228999999999942e+05 -5.215086000000000332e+00 -2.441833000000000027e+02
2.318231000000000058e+05 -6.835602999999999874e+00 -3.050761999999999716e+02
2.318232999999999884e+05 -1.111543999999999954e+01 -3.886422000000000025e+02
2.318235000000000000e+05 -9.825832000000000122e+00 -5.032307000000000130e+02
2.318237000000000116e+05 -7.428494999999999848e+00 -5.829882999999999811e+02
2.318238999999999942e+05 -8.707641999999999882e+00 -6.623301000000000158e+02
2.318241000000000058e+05 -1.500652999999999970e+01 -7.967260999999999740e+02
2.318242999999999884e+05 -9.547974999999999213e+00 -9.297626000000000204e+02
2.318245000000000000e+05 -1.001295999999999964e+01 -1.021350999999999999e+03
2.318247000000000116e+05 -1.823713000000000051e+01 -1.197311999999999898e+03
2.318248999999999942e+05 -9.683393999999999835e+00 -1.324980000000000018e+03
2.318251000000000058e+05 -1.745954000000000050e+01 -1.441229000000000042e+03
2.318252999999999884e+05 -1.117745999999999995e+01 -1.299544000000000096e+03
2.318255000000000000e+05 -1.551711000000000062e+01 -1.403691000000000031e+03
2.318257000000000116e+05 -1.277233000000000018e+01 -1.297192999999999984e+03
2.318258999999999942e+05 -1.675340999999999880e+01 -1.394968000000000075e+03
2.318261000000000058e+05 -1.213293999999999961e+01 -1.313875000000000000e+03
2.318262999999999884e+05 -2.429102999999999923e+01 -1.404286000000000058e+03
2.318265000000000000e+05 -1.245969999999999978e+01 -1.339903000000000020e+03
2.318267000000000116e+05 -2.052120000000000033e+01 -1.293365999999999985e+03
2.318268999999999942e+05 -1.585449999999999982e+01 -1.373154999999999973e+03
2.318271000000000058e+05 -1.274877000000000038e+01 -1.328839999999999918e+03
2.318272999999999884e+05 -2.100257999999999825e+01 -1.302413999999999987e+03
2.318275000000000000e+05 -1.617055999999999827e+01 -1.371838999999999942e+03
2.318277000000000116e+05 -1.320190000000000019e+01 -1.344218000000000075e+03
2.318278999999999942e+05 -1.495693999999999946e+01 -1.316781999999999925e+03
2.318281000000000058e+05 -2.175050999999999846e+01 -1.341200000000000045e+03
2.318282999999999884e+05 -1.775763999999999854e+01 -1.362569999999999936e+03
2.318285000000000000e+05 -1.453595999999999933e+01 -1.359622000000000071e+03
2.318287000000000116e+05 -1.392085999999999935e+01 -1.344811999999999898e+03
2.318288999999999942e+05 -1.482850999999999964e+01 -1.339689000000000078e+03
2.318291000000000058e+05 -1.522339000000000020e+01 -1.327346000000000004e+03
2.318292999999999884e+05 -1.755385000000000062e+01 -1.329211999999999989e+03
2.318295000000000000e+05 -1.734788999999999959e+01 -1.335746000000000095e+03
2.318297000000000116e+05 -1.722317999999999927e+01 -1.339096999999999980e+03
2.318298999999999942e+05 -1.911402000000000001e+01 -1.333982999999999947e+03
2.318301000000000058e+05 -1.970937999999999946e+01 -1.344559999999999945e+03
2.318302999999999884e+05 -1.788689000000000107e+01 -1.344490999999999985e+03
2.318305000000000000e+05 -1.873404000000000025e+01 -1.339784000000000106e+03
2.318307000000000116e+05 -1.549032000000000053e+01 -1.332746000000000095e+03
2.318308999999999942e+05 -1.547114999999999974e+01 -1.339393000000000029e+03
2.318311000000000058e+05 -1.698983000000000132e+01 -1.342969000000000051e+03
2.318312999999999884e+05 -1.462371000000000087e+01 -1.343538000000000011e+03
2.318315000000000000e+05 -1.637406999999999968e+01 -1.349890000000000100e+03
2.318317000000000116e+05 -1.674490000000000123e+01 -1.347900000000000091e+03
2.318318999999999942e+05 -1.651774999999999949e+01 -1.337178000000000111e+03
2.318321000000000058e+05 -1.582438999999999929e+01 -1.341018000000000029e+03
2.318322999999999884e+05 -1.572972000000000037e+01 -1.353462999999999965e+03
2.318325000000000000e+05 -1.696351999999999904e+01 -1.345884999999999991e+03
2.318327000000000116e+05 -1.678077000000000041e+01 -1.340478000000000065e+03
2.318328999999999942e+05 -1.686129000000000033e+01 -1.341428000000000111e+03
2.318331000000000058e+05 -1.626463999999999999e+01 -1.347160000000000082e+03
2.318332999999999884e+05 -1.751114000000000104e+01 -1.340865000000000009e+03
2.318335000000000000e+05 -1.636714999999999876e+01 -1.345945999999999913e+03
