# Time finished:
# 2015-06-02 08.13.20
# Temp volt start:
# 1.0183714
# Temp volt stop:
# 1.0183714
# Approx start T:
# 82.2426241638
# Approx stop T:
# 82.23463114
# DC bias measured, messed up:
# 8.000998
# DC bias we asked for:
# 8
2.317994200000000128e+05 -1.204531000000000063e+01 8.222916999999999632e+01
2.317996200000000244e+05 -1.253752000000000066e+01 4.629625000000000057e+01
2.317998200000000070e+05 -1.131221000000000032e+01 6.685724999999999341e+01
2.318000200000000186e+05 -1.412982000000000049e+01 7.674434999999999718e+01
2.318002200000000012e+05 -1.342538000000000054e+01 9.123833999999999378e+01
2.318004200000000128e+05 -1.044246000000000052e+01 9.150794999999999391e+01
2.318006200000000244e+05 -1.093735999999999997e+01 8.794923000000000002e+01
2.318008200000000070e+05 -9.507597000000000520e+00 8.098924999999999841e+01
2.318010200000000186e+05 -1.037833999999999968e+01 8.669585999999999615e+01
2.318012200000000012e+05 -1.197378999999999927e+01 5.799645999999999901e+01
2.318014200000000128e+05 -1.109990999999999950e+01 7.680010000000000048e+01
2.318016200000000244e+05 -1.118056999999999945e+01 8.434390000000000498e+01
2.318018200000000070e+05 -1.227183999999999919e+01 9.184601000000000681e+01
2.318020200000000186e+05 -1.205272000000000077e+01 7.039177999999999713e+01
2.318022200000000012e+05 -1.384723999999999933e+01 9.458638000000000545e+01
2.318024200000000128e+05 -1.045021999999999984e+01 6.526910999999999774e+01
2.318026200000000244e+05 -1.206996999999999964e+01 9.025494000000000483e+01
2.318028200000000070e+05 -1.044411999999999985e+01 6.434412000000000376e+01
2.318030200000000186e+05 -9.222676999999999126e+00 6.090202000000000027e+01
2.318032200000000012e+05 -9.924765000000000725e+00 7.052172000000000196e+01
2.318034200000000128e+05 -1.215014000000000038e+01 5.777020999999999873e+01
2.318036200000000244e+05 -1.068928999999999974e+01 6.126485000000000269e+01
2.318038200000000070e+05 -9.986076999999999870e+00 7.305061000000000604e+01
2.318040200000000186e+05 -8.775366000000000000e+00 7.026637999999999806e+01
2.318042200000000012e+05 -1.089184000000000019e+01 7.640650999999999726e+01
2.318044200000000128e+05 -8.418290999999999968e+00 7.170360999999999763e+01
2.318046200000000244e+05 -8.003788000000000125e+00 7.244400000000000261e+01
2.318048200000000070e+05 -9.067826999999999416e+00 9.294134999999999991e+01
2.318050200000000186e+05 -7.778575000000000017e+00 7.487127999999999872e+01
2.318052200000000012e+05 -9.590875000000000483e+00 8.503994000000000142e+01
2.318054200000000128e+05 -8.278653999999999513e+00 7.513594000000000506e+01
2.318056200000000244e+05 -5.736920999999999715e+00 7.077930000000000632e+01
2.318058200000000070e+05 -7.248534000000000255e+00 6.737921000000000049e+01
2.318060200000000186e+05 -5.136949999999999683e+00 5.749266000000000076e+01
2.318062200000000012e+05 -5.690762999999999572e+00 6.324258999999999986e+01
2.318064200000000128e+05 -3.876860999999999891e+00 5.910264999999999702e+01
2.318066200000000244e+05 -2.988706999999999780e+00 5.927056999999999931e+01
2.318068200000000070e+05 -2.074977000000000071e+00 6.053383999999999787e+01
2.318070200000000186e+05 -9.532386000000000470e-01 4.757616999999999763e+01
2.318072200000000012e+05 -3.289230000000000209e-01 3.917896999999999963e+01
2.318074200000000128e+05 1.241981999999999919e+00 3.516700000000000159e+01
2.318076200000000244e+05 2.715014000000000038e+00 2.628414000000000073e+01
2.318078200000000070e+05 3.455048000000000119e+00 1.015236999999999945e+01
2.318080200000000186e+05 5.268756999999999913e+00 -3.574910000000000032e+00
2.318082200000000012e+05 6.605739999999999945e+00 -2.357369999999999877e+01
2.318084200000000128e+05 7.793868999999999936e+00 -4.708520000000000039e+01
2.318086200000000244e+05 8.428758000000000195e+00 -7.283201999999999998e+01
2.318088200000000070e+05 8.352396999999999849e+00 -1.054564000000000021e+02
2.318090200000000186e+05 8.084676999999999225e+00 -1.451886000000000081e+02
2.318092200000000012e+05 6.364304999999999879e+00 -1.924567000000000121e+02
2.318094200000000128e+05 4.198953000000000380e+00 -2.585962999999999852e+02
2.318096200000000244e+05 3.257766999999999857e+00 -3.434811000000000263e+02
2.318098200000000070e+05 3.904930999999999930e+00 -4.308127999999999815e+02
2.318100200000000186e+05 4.075173000000000378e+00 -5.095792000000000144e+02
2.318102200000000012e+05 1.643823999999999952e+00 -6.024106000000000449e+02
2.318104200000000128e+05 -6.503979999999999484e-02 -7.189039000000000215e+02
2.318106200000000244e+05 7.152330000000000076e-01 -8.376002999999999474e+02
2.318108200000000070e+05 6.822850999999999777e-01 -9.450823000000000320e+02
2.318110200000000186e+05 -2.216256000000000004e+00 -1.082449000000000069e+03
2.318112200000000012e+05 -2.071389999999999898e-01 -1.230743999999999915e+03
2.318114200000000128e+05 -3.122660000000000213e+00 -1.366008000000000038e+03
2.318116200000000244e+05 -3.161862999999999868e+00 -1.542737000000000080e+03
2.318118200000000070e+05 -2.662443000000000115e+00 -1.684469000000000051e+03
2.318120200000000186e+05 -4.444345000000000212e+00 -1.521890000000000100e+03
2.318122200000000012e+05 -4.536260999999999655e+00 -1.683576000000000022e+03
2.318124200000000128e+05 -5.449423999999999602e+00 -1.528907999999999902e+03
2.318126200000000244e+05 -5.037257999999999569e+00 -1.357914999999999964e+03
2.318128200000000070e+05 -5.141396000000000299e+00 -1.224988000000000056e+03
2.318130200000000186e+05 -8.420322999999999780e+00 -1.049263999999999896e+03
2.318132200000000012e+05 -5.273928999999999867e+00 -9.270651000000000295e+02
2.318134200000000128e+05 -9.597239999999999327e+00 -8.017045000000000528e+02
2.318136200000000244e+05 -1.011480000000000068e+01 -6.655982000000000198e+02
2.318138200000000070e+05 -8.193025000000000446e+00 -5.800719000000000278e+02
2.318140200000000186e+05 -1.208267999999999986e+01 -4.980319000000000074e+02
2.318142200000000012e+05 -1.632495000000000118e+01 -3.678131000000000199e+02
2.318144200000000128e+05 -1.116447999999999929e+01 -2.654648000000000252e+02
2.318146200000000244e+05 -8.661993999999999971e+00 -2.118055999999999983e+02
2.318148200000000070e+05 -1.072222000000000008e+01 -1.701368999999999971e+02
2.318150200000000186e+05 -1.430967000000000056e+01 -1.132352000000000061e+02
2.318152200000000012e+05 -1.901169000000000153e+01 -6.427952999999999406e+01
2.318154200000000128e+05 -1.868438000000000088e+01 5.763967999999999847e+01
2.318156200000000244e+05 -1.710611000000000104e+01 1.021089999999999947e+02
2.318158200000000070e+05 -1.343499000000000088e+01 1.016045000000000016e+02
2.318160200000000186e+05 -1.219717999999999947e+01 1.377248999999999910e+02
2.318162200000000012e+05 -1.342961999999999989e+01 1.234958000000000027e+02
2.318164200000000128e+05 -1.571934000000000076e+01 1.185382000000000033e+02
2.318166200000000244e+05 -1.430930999999999997e+01 9.215088000000000079e+01
2.318168200000000070e+05 -1.336997999999999998e+01 1.045995000000000061e+02
2.318170200000000186e+05 -1.499070999999999998e+01 9.105791000000000679e+01
2.318172200000000012e+05 -2.072552999999999912e+01 8.896514999999999418e+01
2.318174200000000128e+05 -1.761927999999999983e+01 1.181658999999999935e+02
2.318176200000000244e+05 -2.023539999999999850e+01 1.240370000000000061e+02
2.318178200000000070e+05 -1.772286000000000072e+01 1.469569999999999936e+02
2.318180200000000186e+05 -1.482466999999999935e+01 1.117678999999999974e+02
2.318182200000000012e+05 -1.883829000000000065e+01 1.206685999999999979e+02
2.318184200000000128e+05 -1.980969999999999942e+01 7.984575999999999851e+01
2.318186200000000244e+05 -2.353021000000000029e+01 1.516094999999999970e+02
2.318188200000000070e+05 -1.465365000000000073e+01 1.250241000000000042e+02
2.318190200000000186e+05 -1.554490000000000016e+01 1.203611999999999966e+02
2.318192200000000012e+05 -2.417745999999999995e+01 8.847396000000000527e+01
2.318194200000000128e+05 -1.299314000000000036e+01 1.139288999999999987e+02
