# Time finished:
# 2015-06-03 15.09.59
# Temp volt start:
# 1.0115197
# Temp volt stop:
# 1.0115197
# Approx start T:
# 86.1102424915
# Approx stop T:
# 86.1117039261
# DC bias measured, messed up:
# 3.999613
# DC bias we asked for:
# 4
2.318207399999999907e+05 -1.566342999999999996e+01 8.087682999999999822e+01
2.318209400000000023e+05 -1.458229000000000042e+01 8.568415000000000248e+01
2.318211399999999849e+05 -1.510739000000000054e+01 9.377467000000000041e+01
2.318213399999999965e+05 -1.458361000000000018e+01 8.493260999999999683e+01
2.318215399999999790e+05 -1.420864000000000082e+01 8.961078999999999439e+01
2.318217399999999907e+05 -1.428242000000000012e+01 8.312771999999999650e+01
2.318219400000000023e+05 -1.495907000000000053e+01 8.446775999999999840e+01
2.318221399999999849e+05 -1.418701000000000079e+01 9.555353999999999814e+01
2.318223399999999965e+05 -1.451129000000000069e+01 8.959905999999999437e+01
2.318225399999999790e+05 -1.365249000000000024e+01 8.829631999999999437e+01
2.318227399999999907e+05 -1.460960999999999999e+01 8.816481000000000279e+01
2.318229400000000023e+05 -1.404302000000000028e+01 8.553784000000000276e+01
2.318231399999999849e+05 -1.403414000000000073e+01 8.514374999999999716e+01
2.318233399999999965e+05 -1.515165000000000006e+01 8.125454999999999472e+01
2.318235399999999790e+05 -1.447522999999999982e+01 9.119597000000000264e+01
2.318237399999999907e+05 -1.413077999999999967e+01 8.019608999999999810e+01
2.318239400000000023e+05 -1.372739999999999938e+01 8.483301000000000158e+01
2.318241399999999849e+05 -1.416362999999999950e+01 8.398664999999999736e+01
2.318243399999999965e+05 -1.456250999999999962e+01 8.464097999999999900e+01
2.318245399999999790e+05 -1.450831999999999944e+01 8.437337999999999738e+01
2.318247399999999907e+05 -1.391243000000000052e+01 8.264139000000000124e+01
2.318249400000000023e+05 -1.431966000000000072e+01 8.456131000000000597e+01
2.318251399999999849e+05 -1.359487000000000023e+01 8.205384999999999707e+01
2.318253399999999965e+05 -1.327576000000000001e+01 8.692663000000000295e+01
2.318255399999999790e+05 -1.372676000000000052e+01 8.483338999999999430e+01
2.318257399999999907e+05 -1.326148000000000060e+01 7.728297000000000594e+01
2.318259400000000023e+05 -1.328438000000000052e+01 8.450570999999999344e+01
2.318261399999999849e+05 -1.293796000000000035e+01 7.943026999999999305e+01
2.318263399999999965e+05 -1.295753000000000021e+01 7.921569999999999823e+01
2.318265399999999790e+05 -1.262832000000000043e+01 8.105707999999999913e+01
2.318267399999999907e+05 -1.183943999999999974e+01 7.762729000000000212e+01
2.318269400000000023e+05 -1.251957999999999949e+01 7.455840999999999497e+01
2.318271399999999849e+05 -1.187233999999999945e+01 7.813369000000000142e+01
2.318273399999999965e+05 -1.119516999999999918e+01 7.238115000000000521e+01
2.318275399999999790e+05 -1.121059999999999945e+01 6.974764000000000408e+01
2.318277399999999907e+05 -1.061208000000000062e+01 6.672190999999999406e+01
2.318279400000000023e+05 -9.690132000000000190e+00 6.487355999999999767e+01
2.318281399999999849e+05 -9.184087999999999141e+00 5.436509000000000214e+01
2.318283399999999965e+05 -8.319020999999999333e+00 4.869257999999999953e+01
2.318285399999999790e+05 -7.794175000000000075e+00 3.411871000000000009e+01
2.318287399999999907e+05 -6.706655999999999729e+00 2.211283999999999850e+01
2.318289400000000023e+05 -6.663410999999999973e+00 3.311643000000000114e+00
2.318291399999999849e+05 -5.698002999999999929e+00 -1.810578999999999894e+01
2.318293399999999965e+05 -5.318421999999999983e+00 -4.763470999999999833e+01
2.318295399999999790e+05 -5.041995000000000005e+00 -8.532532000000000494e+01
2.318297399999999907e+05 -4.902739999999999654e+00 -1.289627000000000123e+02
2.318299400000000023e+05 -4.643703999999999610e+00 -1.774379000000000133e+02
2.318301399999999849e+05 -4.789437999999999640e+00 -2.257196999999999889e+02
2.318303399999999965e+05 -6.107096000000000302e+00 -2.860022999999999911e+02
2.318305399999999790e+05 -9.496098999999999180e+00 -3.596992999999999938e+02
2.318307399999999907e+05 -1.078950000000000031e+01 -4.673025000000000091e+02
2.318309400000000023e+05 -6.993859999999999744e+00 -5.605004000000000133e+02
2.318311399999999849e+05 -7.889403999999999861e+00 -6.374483000000000175e+02
2.318313399999999965e+05 -1.355869999999999997e+01 -7.398390000000000555e+02
2.318315399999999790e+05 -1.130048999999999992e+01 -8.932281000000000404e+02
2.318317399999999907e+05 -8.629498999999999143e+00 -9.905058999999999969e+02
2.318319400000000023e+05 -1.784291999999999945e+01 -1.110365999999999985e+03
2.318321399999999849e+05 -1.027443000000000062e+01 -9.362708000000000084e+02
2.318323399999999965e+05 -1.240740000000000087e+01 -1.034604000000000042e+03
2.318325399999999790e+05 -1.530259000000000036e+01 -9.042309999999999945e+02
2.318327399999999907e+05 -1.160622000000000043e+01 -1.002732999999999947e+03
2.318329400000000023e+05 -1.690791000000000111e+01 -9.088592999999999620e+02
2.318331399999999849e+05 -1.203965999999999958e+01 -1.005581000000000017e+03
2.318333399999999965e+05 -1.629654000000000025e+01 -9.169791999999999916e+02
2.318335399999999790e+05 -1.408126999999999995e+01 -1.013596999999999980e+03
2.318337399999999907e+05 -1.352661999999999942e+01 -9.534971000000000458e+02
2.318339400000000023e+05 -2.298207999999999984e+01 -1.031499000000000024e+03
2.318341399999999849e+05 -1.286253999999999920e+01 -9.871618999999999460e+02
2.318343399999999965e+05 -1.757261000000000095e+01 -9.511192999999999529e+02
2.318345399999999790e+05 -1.853718999999999895e+01 -1.015943999999999960e+03
2.318347399999999907e+05 -1.347705000000000020e+01 -9.889690000000000509e+02
2.318349400000000023e+05 -1.530300000000000082e+01 -9.573656999999999471e+02
2.318351399999999849e+05 -2.203461000000000070e+01 -9.638321999999999434e+02
2.318353399999999965e+05 -1.689241000000000170e+01 -1.012591999999999985e+03
2.318355399999999790e+05 -1.408760000000000012e+01 -9.918535000000000537e+02
2.318357399999999907e+05 -1.461844999999999928e+01 -9.749980000000000473e+02
2.318359400000000023e+05 -1.607771999999999935e+01 -9.685410000000000537e+02
2.318361399999999849e+05 -2.052301999999999893e+01 -9.710104999999999791e+02
2.318363399999999965e+05 -1.878478000000000137e+01 -9.889787999999999784e+02
2.318365399999999790e+05 -2.023526999999999987e+01 -1.001828999999999951e+03
2.318367399999999907e+05 -1.758315999999999946e+01 -9.931017000000000507e+02
2.318369400000000023e+05 -1.699275000000000091e+01 -9.907114000000000260e+02
2.318371399999999849e+05 -1.646062999999999832e+01 -9.841058000000000447e+02
2.318373399999999965e+05 -1.681901999999999830e+01 -9.949453999999999496e+02
2.318375399999999790e+05 -1.572708000000000084e+01 -9.915386999999999489e+02
2.318377399999999907e+05 -1.680972999999999828e+01 -9.932646999999999480e+02
2.318379400000000023e+05 -1.605913999999999930e+01 -9.976119999999999663e+02
2.318381399999999849e+05 -1.889095000000000013e+01 -9.777290000000000418e+02
2.318383399999999965e+05 -1.763296000000000063e+01 -9.743392999999999802e+02
2.318385399999999790e+05 -1.648455999999999833e+01 -9.749628000000000156e+02
2.318387399999999907e+05 -1.532132999999999967e+01 -9.869047000000000480e+02
2.318389400000000023e+05 -1.650194000000000116e+01 -9.820943999999999505e+02
2.318391399999999849e+05 -1.688407000000000124e+01 -9.870330999999999904e+02
2.318393399999999965e+05 -1.758989000000000047e+01 -9.767128000000000156e+02
2.318395399999999790e+05 -1.637812999999999874e+01 -9.795149999999999864e+02
2.318397399999999907e+05 -1.635180000000000078e+01 -9.865027999999999793e+02
2.318399400000000023e+05 -1.708699000000000012e+01 -9.933343999999999596e+02
2.318401399999999849e+05 -1.568577999999999939e+01 -9.836096000000000004e+02
2.318403399999999965e+05 -1.579086999999999996e+01 -9.883744000000000369e+02
2.318405399999999790e+05 -1.680369999999999919e+01 -9.802523999999999660e+02
2.318407399999999907e+05 -1.494528999999999996e+01 -9.775960999999999785e+02
