# Time finished:
# 2015-06-02 23.08.53
# Temp volt start:
# 1.0483642
# Temp volt stop:
# 1.0483642
# Approx start T:
# 64.9141015092
# Approx stop T:
# 64.942781934
# DC bias measured, messed up:
# 4.000044
# DC bias we asked for:
# 4
2.317791499999999942e+05 -1.473203999999999958e+01 9.682464000000000226e+01
2.317793500000000058e+05 -1.346759999999999913e+01 9.612040000000000362e+01
2.317795499999999884e+05 -1.415912999999999933e+01 8.108468999999999482e+01
2.317797500000000000e+05 -1.442877999999999972e+01 8.171289000000000158e+01
2.317799499999999825e+05 -1.507010000000000005e+01 8.805883000000000038e+01
2.317801499999999942e+05 -1.482911000000000001e+01 8.717220000000000368e+01
2.317803500000000058e+05 -1.414006000000000007e+01 9.933392000000000621e+01
2.317805499999999884e+05 -1.341426000000000052e+01 9.030508000000000379e+01
2.317807500000000000e+05 -1.392969000000000079e+01 8.578476999999999464e+01
2.317809499999999825e+05 -1.570923999999999943e+01 8.283866000000000440e+01
2.317811499999999942e+05 -1.446739999999999959e+01 9.693668999999999869e+01
2.317813500000000058e+05 -1.430152000000000001e+01 8.243130999999999631e+01
2.317815499999999884e+05 -1.524934000000000012e+01 9.275054000000000087e+01
2.317817500000000000e+05 -1.353092000000000006e+01 8.858217000000000496e+01
2.317819499999999825e+05 -1.503486999999999973e+01 8.491795000000000471e+01
2.317821499999999942e+05 -1.441976000000000013e+01 9.300428999999999746e+01
2.317823500000000058e+05 -1.348961000000000077e+01 8.517933999999999628e+01
2.317825499999999884e+05 -1.466968999999999923e+01 9.266165999999999769e+01
2.317827500000000000e+05 -1.416655000000000086e+01 8.022932000000000130e+01
2.317829499999999825e+05 -1.332379000000000069e+01 8.026465000000000316e+01
2.317831499999999942e+05 -1.342233000000000054e+01 8.248721999999999355e+01
2.317833500000000058e+05 -1.489586000000000077e+01 8.689576999999999884e+01
2.317835499999999884e+05 -1.379754999999999932e+01 8.335088000000000363e+01
2.317837500000000000e+05 -1.316788000000000025e+01 8.231654000000000337e+01
2.317839499999999825e+05 -1.333667999999999942e+01 8.308204000000000633e+01
2.317841499999999942e+05 -1.386688999999999972e+01 8.244227999999999668e+01
2.317843500000000058e+05 -1.323324000000000034e+01 7.617837000000000103e+01
2.317845499999999884e+05 -1.272743999999999964e+01 8.566375999999999635e+01
2.317847500000000000e+05 -1.227566000000000024e+01 8.200587000000000160e+01
2.317849499999999825e+05 -1.253847000000000023e+01 7.467728999999999928e+01
2.317851499999999942e+05 -1.204360999999999926e+01 7.650824000000000069e+01
2.317853500000000058e+05 -1.171954999999999991e+01 7.820440999999999576e+01
2.317855499999999884e+05 -1.148062000000000005e+01 7.482165000000000532e+01
2.317857500000000000e+05 -1.037276999999999916e+01 6.923762999999999579e+01
2.317859499999999825e+05 -1.091536999999999935e+01 6.759051999999999794e+01
2.317861499999999942e+05 -1.015035999999999916e+01 6.217425000000000068e+01
2.317863500000000058e+05 -9.186671000000000475e+00 5.732607000000000141e+01
2.317865499999999884e+05 -8.901303000000000409e+00 5.014773000000000280e+01
2.317867500000000000e+05 -8.144591999999999388e+00 4.062740000000000151e+01
2.317869499999999825e+05 -7.110346999999999973e+00 2.802512000000000114e+01
2.317871499999999942e+05 -6.081343000000000387e+00 7.779849999999999710e+00
2.317873500000000058e+05 -6.032289999999999708e+00 -1.386077000000000048e+01
2.317875499999999884e+05 -5.390012999999999721e+00 -4.183787000000000234e+01
2.317877500000000000e+05 -4.810792000000000179e+00 -7.642995000000000516e+01
2.317879499999999825e+05 -4.543701999999999686e+00 -1.184010999999999996e+02
2.317881499999999942e+05 -4.349173999999999651e+00 -1.673284999999999911e+02
2.317883500000000058e+05 -3.942486000000000157e+00 -2.166863999999999919e+02
2.317885499999999884e+05 -5.378039000000000236e+00 -2.722692999999999870e+02
2.317887500000000000e+05 -7.970674999999999955e+00 -3.438992000000000075e+02
2.317889499999999825e+05 -1.016034999999999933e+01 -4.432271000000000072e+02
2.317891499999999942e+05 -7.738833999999999769e+00 -5.397113000000000511e+02
2.317893500000000058e+05 -6.752506999999999593e+00 -6.189473000000000411e+02
2.317895499999999884e+05 -1.101988000000000056e+01 -7.132048999999999523e+02
2.317897500000000000e+05 -1.186261000000000010e+01 -8.698192999999999984e+02
2.317899499999999825e+05 -7.852184000000000275e+00 -9.766820000000000164e+02
2.317901499999999942e+05 -1.381531999999999982e+01 -1.077595000000000027e+03
2.317903500000000058e+05 -1.124914000000000058e+01 -9.063615999999999531e+02
2.317905499999999884e+05 -9.872391999999999612e+00 -1.010052999999999997e+03
2.317907500000000000e+05 -1.868757000000000090e+01 -8.516349000000000160e+02
2.317909499999999825e+05 -9.827730999999999995e+00 -9.900276999999999816e+02
2.317911499999999942e+05 -2.558996000000000137e+01 -8.513337000000000216e+02
2.317913500000000058e+05 -1.012444999999999951e+01 -9.827717000000000098e+02
2.317915499999999884e+05 -2.320205999999999946e+01 -8.805338000000000420e+02
2.317917500000000000e+05 -1.183433999999999919e+01 -9.928700000000000045e+02
2.317919499999999825e+05 -1.609444999999999837e+01 -9.209130999999999858e+02
2.317921499999999942e+05 -1.652991000000000099e+01 -1.022038999999999987e+03
2.317923500000000058e+05 -1.260651000000000010e+01 -9.609571999999999434e+02
2.317925499999999884e+05 -2.926662999999999926e+01 -9.538668999999999869e+02
2.317927500000000000e+05 -1.406329999999999991e+01 -1.015735999999999990e+03
2.317929499999999825e+05 -1.310434000000000054e+01 -9.628246000000000322e+02
2.317931499999999942e+05 -2.105303999999999931e+01 -9.468428000000000111e+02
2.317933500000000058e+05 -1.852962000000000131e+01 -1.034106999999999971e+03
2.317935499999999884e+05 -1.402487999999999957e+01 -9.970141999999999598e+02
2.317937500000000000e+05 -1.351346999999999987e+01 -9.711130000000000564e+02
2.317939499999999825e+05 -1.740374999999999872e+01 -9.494960999999999558e+02
2.317941499999999942e+05 -2.157829999999999870e+01 -9.715916999999999462e+02
2.317943500000000058e+05 -1.993853000000000009e+01 -9.940861999999999625e+02
2.317945499999999884e+05 -1.565028000000000041e+01 -1.006833999999999946e+03
2.317947500000000000e+05 -1.615552999999999884e+01 -9.899420999999999822e+02
2.317949499999999825e+05 -1.405447999999999986e+01 -9.914761999999999489e+02
2.317951499999999942e+05 -1.455364999999999931e+01 -9.865555000000000518e+02
2.317953500000000058e+05 -1.491885000000000083e+01 -9.897649999999999864e+02
2.317955499999999884e+05 -1.565152999999999928e+01 -9.809892999999999574e+02
2.317957500000000000e+05 -1.482610000000000028e+01 -9.865467999999999620e+02
2.317959499999999825e+05 -1.384831999999999930e+01 -9.901449999999999818e+02
2.317961499999999942e+05 -1.489873000000000047e+01 -9.963478999999999814e+02
2.317963500000000058e+05 -1.725187999999999988e+01 -9.945877000000000407e+02
2.317965499999999884e+05 -1.936403999999999925e+01 -1.000462999999999965e+03
2.317967500000000000e+05 -1.685947000000000173e+01 -9.877531999999999925e+02
2.317969499999999825e+05 -1.760060999999999964e+01 -9.779157999999999902e+02
2.317971499999999942e+05 -1.602550000000000097e+01 -9.790134000000000469e+02
2.317973500000000058e+05 -1.564555000000000007e+01 -9.837640999999999849e+02
2.317975499999999884e+05 -1.636326999999999998e+01 -9.894728999999999814e+02
2.317977500000000000e+05 -1.735805999999999827e+01 -9.977786999999999580e+02
2.317979499999999825e+05 -1.564434999999999931e+01 -9.835023999999999660e+02
2.317981499999999942e+05 -1.521409000000000056e+01 -9.879610999999999876e+02
2.317983500000000058e+05 -1.623687999999999931e+01 -9.931920999999999822e+02
2.317985499999999884e+05 -1.605358000000000018e+01 -9.805727000000000544e+02
2.317987500000000000e+05 -1.533968999999999916e+01 -9.854325999999999794e+02
2.317989499999999825e+05 -1.730385000000000062e+01 -9.850709000000000515e+02
2.317991499999999942e+05 -1.684740000000000038e+01 -9.764858000000000402e+02
