# Time finished:
# 2015-06-03 11.37.44
# Temp volt start:
# 1.0089694
# Temp volt stop:
# 1.0089694
# Approx start T:
# 87.5415004782
# Approx stop T:
# 87.5400436067
# DC bias measured, messed up:
# 3.999773
# DC bias we asked for:
# 4
2.318221000000000058e+05 -1.348166999999999938e+01 8.637278999999999485e+01
2.318223000000000175e+05 -1.450695999999999941e+01 8.358144000000000062e+01
2.318225000000000000e+05 -1.477195000000000036e+01 8.577188999999999908e+01
2.318227000000000116e+05 -1.467022000000000048e+01 8.640627999999999531e+01
2.318228999999999942e+05 -1.515287999999999968e+01 9.357057000000000357e+01
2.318231000000000058e+05 -1.448274999999999935e+01 8.582062999999999420e+01
2.318233000000000175e+05 -1.458605000000000018e+01 8.807103999999999644e+01
2.318235000000000000e+05 -1.442042999999999964e+01 8.441782000000000608e+01
2.318237000000000116e+05 -1.420442000000000071e+01 8.032477000000000089e+01
2.318238999999999942e+05 -1.448682999999999943e+01 8.677279000000000053e+01
2.318241000000000058e+05 -1.460554999999999914e+01 8.476439000000000590e+01
2.318243000000000175e+05 -1.474229000000000056e+01 8.581126000000000431e+01
2.318245000000000000e+05 -1.492685999999999957e+01 9.083089999999999975e+01
2.318247000000000116e+05 -1.403323999999999927e+01 8.382577000000000567e+01
2.318248999999999942e+05 -1.414741000000000071e+01 8.794568999999999903e+01
2.318251000000000058e+05 -1.369913000000000025e+01 8.476766000000000645e+01
2.318253000000000175e+05 -1.413189000000000028e+01 8.694660000000000366e+01
2.318255000000000000e+05 -1.353800000000000026e+01 8.529980999999999369e+01
2.318257000000000116e+05 -1.391995000000000005e+01 8.146184999999999832e+01
2.318258999999999942e+05 -1.388908999999999949e+01 8.348847999999999558e+01
2.318261000000000058e+05 -1.385458000000000034e+01 8.587988000000000000e+01
2.318263000000000175e+05 -1.350226999999999933e+01 8.918173000000000172e+01
2.318265000000000000e+05 -1.435502999999999929e+01 8.428413999999999362e+01
2.318267000000000116e+05 -1.361148000000000025e+01 8.159754999999999825e+01
2.318268999999999942e+05 -1.449958999999999953e+01 8.371041999999999916e+01
2.318271000000000058e+05 -1.350938999999999979e+01 8.353915000000000646e+01
2.318273000000000175e+05 -1.339879999999999960e+01 8.542793000000000347e+01
2.318275000000000000e+05 -1.298949999999999960e+01 8.438532999999999618e+01
2.318277000000000116e+05 -1.303966999999999921e+01 7.838088999999999373e+01
2.318278999999999942e+05 -1.203240000000000087e+01 7.532441000000000031e+01
2.318281000000000058e+05 -1.296401000000000003e+01 8.112125000000000341e+01
2.318283000000000175e+05 -1.233158000000000065e+01 7.466512000000000171e+01
2.318285000000000000e+05 -1.151943999999999946e+01 7.624755000000000393e+01
2.318287000000000116e+05 -1.154191999999999929e+01 7.455773999999999546e+01
2.318288999999999942e+05 -1.147865000000000002e+01 7.092363000000000284e+01
2.318291000000000058e+05 -1.009633999999999965e+01 6.293332999999999799e+01
2.318293000000000175e+05 -9.903321999999999292e+00 5.736692000000000036e+01
2.318295000000000000e+05 -9.095686000000000604e+00 5.282475999999999772e+01
2.318297000000000116e+05 -8.833266000000000062e+00 4.684783000000000186e+01
2.318298999999999942e+05 -7.918317000000000050e+00 3.612859000000000265e+01
2.318301000000000058e+05 -7.008136999999999617e+00 2.100712000000000046e+01
2.318303000000000175e+05 -6.623489000000000182e+00 4.522699000000000247e+00
2.318305000000000000e+05 -5.854591000000000101e+00 -1.802508999999999872e+01
2.318307000000000116e+05 -5.578768000000000171e+00 -4.810598999999999847e+01
2.318308999999999942e+05 -5.196451999999999849e+00 -8.449384999999999479e+01
2.318311000000000058e+05 -4.841741999999999990e+00 -1.291068999999999960e+02
2.318313000000000175e+05 -4.609827000000000119e+00 -1.735985000000000014e+02
2.318315000000000000e+05 -5.133450999999999986e+00 -2.264163000000000068e+02
2.318317000000000116e+05 -6.156196999999999697e+00 -2.850749999999999886e+02
2.318318999999999942e+05 -9.281698000000000448e+00 -3.561381999999999834e+02
2.318321000000000058e+05 -1.037411999999999956e+01 -4.614336999999999875e+02
2.318323000000000175e+05 -7.301673000000000080e+00 -5.552294000000000551e+02
2.318325000000000000e+05 -7.027467999999999826e+00 -6.385960999999999785e+02
2.318327000000000116e+05 -1.343338999999999928e+01 -7.366077999999999975e+02
2.318328999999999942e+05 -1.124328000000000038e+01 -8.942396999999999707e+02
2.318331000000000058e+05 -8.790300000000000225e+00 -9.859370999999999867e+02
2.318333000000000175e+05 -1.641047999999999973e+01 -1.108932000000000016e+03
2.318335000000000000e+05 -1.048602999999999952e+01 -9.334186999999999443e+02
2.318337000000000116e+05 -1.187499000000000038e+01 -1.032738000000000056e+03
2.318338999999999942e+05 -1.535968000000000089e+01 -9.004575999999999567e+02
2.318341000000000058e+05 -1.139128000000000007e+01 -1.006493000000000052e+03
2.318343000000000175e+05 -1.844451000000000107e+01 -8.932505999999999631e+02
2.318345000000000000e+05 -1.181683999999999912e+01 -1.004533000000000015e+03
2.318347000000000116e+05 -1.743252000000000024e+01 -9.253913000000000011e+02
2.318348999999999942e+05 -1.354454999999999920e+01 -1.014359000000000037e+03
2.318351000000000058e+05 -1.308431999999999995e+01 -9.466812999999999647e+02
2.318353000000000175e+05 -2.110093000000000174e+01 -1.027118999999999915e+03
2.318355000000000000e+05 -1.235929999999999929e+01 -9.883401000000000067e+02
2.318357000000000116e+05 -1.748229999999999862e+01 -9.386215999999999440e+02
2.318358999999999942e+05 -1.858342999999999989e+01 -1.013773000000000025e+03
2.318361000000000058e+05 -1.308567000000000036e+01 -9.865376999999999725e+02
2.318363000000000175e+05 -1.577429000000000059e+01 -9.549945999999999913e+02
2.318365000000000000e+05 -2.305864000000000047e+01 -9.677526000000000295e+02
2.318367000000000116e+05 -1.623432999999999993e+01 -1.010136999999999944e+03
2.318368999999999942e+05 -1.473465999999999987e+01 -9.886793999999999869e+02
2.318371000000000058e+05 -1.525054000000000087e+01 -9.686020999999999503e+02
2.318373000000000175e+05 -1.775433999999999912e+01 -9.626185000000000400e+02
2.318375000000000000e+05 -1.893653000000000119e+01 -9.813124000000000251e+02
2.318377000000000116e+05 -1.971536000000000044e+01 -9.882504999999999882e+02
2.318378999999999942e+05 -1.765340000000000131e+01 -1.002028000000000020e+03
2.318381000000000058e+05 -1.671761000000000053e+01 -9.935578000000000429e+02
2.318383000000000175e+05 -1.650916000000000139e+01 -9.948538999999999533e+02
2.318385000000000000e+05 -1.598615999999999993e+01 -9.962414999999999736e+02
2.318387000000000116e+05 -1.536769999999999925e+01 -9.935942999999999756e+02
2.318388999999999942e+05 -1.690637999999999863e+01 -9.979003000000000156e+02
2.318391000000000058e+05 -1.734947999999999979e+01 -9.940911999999999580e+02
2.318393000000000175e+05 -1.893976999999999933e+01 -9.842649999999999864e+02
2.318395000000000000e+05 -1.692642000000000024e+01 -9.880578000000000429e+02
2.318397000000000116e+05 -1.769576999999999956e+01 -9.709678000000000111e+02
2.318398999999999942e+05 -1.702805999999999997e+01 -9.757226000000000568e+02
2.318401000000000058e+05 -1.586288000000000054e+01 -9.764732999999999947e+02
2.318403000000000175e+05 -1.636711000000000027e+01 -9.899074000000000524e+02
2.318405000000000000e+05 -1.658885000000000076e+01 -9.949358999999999469e+02
2.318407000000000116e+05 -1.732302999999999926e+01 -9.833641999999999825e+02
2.318408999999999942e+05 -1.649076000000000164e+01 -9.792999999999999545e+02
2.318411000000000058e+05 -1.653971999999999909e+01 -9.860089000000000397e+02
2.318413000000000175e+05 -1.701446999999999932e+01 -9.866812999999999647e+02
2.318415000000000000e+05 -1.770844999999999914e+01 -9.800336999999999534e+02
2.318417000000000116e+05 -1.599732999999999983e+01 -9.860379000000000360e+02
2.318418999999999942e+05 -1.737794999999999845e+01 -9.850932999999999993e+02
2.318421000000000058e+05 -1.614386999999999972e+01 -9.885593000000000075e+02
