# Time finished:
# 2015-06-02 02.00.45
# Temp volt start:
# 0.98155704
# Temp volt stop:
# 0.98155704
# Approx start T:
# 102.650673503
# Approx stop T:
# 102.6246216
# DC bias measured, messed up:
# 8.00122
# DC bias we asked for:
# 8
2.318397500000000000e+05 -1.211467999999999989e+01 9.504895999999999390e+01
2.318399500000000116e+05 -1.244624999999999915e+01 1.010699000000000041e+02
2.318401499999999942e+05 -1.241109999999999935e+01 9.012969999999999970e+01
2.318403500000000058e+05 -1.114264999999999972e+01 6.647101000000000681e+01
2.318405499999999884e+05 -1.346565999999999974e+01 1.002539000000000016e+02
2.318407500000000000e+05 -1.226120000000000054e+01 7.614175000000000182e+01
2.318409500000000116e+05 -1.000475999999999921e+01 7.636687000000000580e+01
2.318411499999999942e+05 -9.880919000000000452e+00 7.169071999999999889e+01
2.318413500000000058e+05 -1.255186999999999919e+01 6.871174000000000603e+01
2.318415499999999884e+05 -1.354198000000000057e+01 8.248493000000000563e+01
2.318417500000000000e+05 -1.143384999999999962e+01 7.714315999999999462e+01
2.318419500000000116e+05 -1.065285000000000082e+01 6.005255999999999972e+01
2.318421499999999942e+05 -1.031162999999999919e+01 6.281841000000000008e+01
2.318423500000000058e+05 -9.390212000000000003e+00 7.201650999999999669e+01
2.318425499999999884e+05 -9.679648999999999504e+00 8.415035000000000309e+01
2.318427500000000000e+05 -1.253716999999999970e+01 8.790479000000000553e+01
2.318429500000000116e+05 -8.255724000000000729e+00 7.833723000000000525e+01
2.318431499999999942e+05 -1.156794999999999973e+01 9.357016000000000133e+01
2.318433500000000058e+05 -8.744305999999999912e+00 8.399406000000000461e+01
2.318435499999999884e+05 -1.041198999999999941e+01 6.946563000000000443e+01
2.318437500000000000e+05 -1.096715000000000018e+01 8.464311999999999614e+01
2.318439500000000116e+05 -9.535645000000000593e+00 6.499330000000000496e+01
2.318441499999999942e+05 -9.731498000000000204e+00 7.027221000000000117e+01
2.318443500000000058e+05 -9.973102000000000800e+00 6.978104999999999336e+01
2.318445499999999884e+05 -1.018526999999999916e+01 7.674043000000000347e+01
2.318447500000000000e+05 -1.143316000000000088e+01 6.996197999999999695e+01
2.318449500000000116e+05 -7.550334999999999575e+00 7.624644000000000688e+01
2.318451499999999942e+05 -6.802609000000000350e+00 6.686835999999999558e+01
2.318453500000000058e+05 -1.028392999999999979e+01 6.539122999999999308e+01
2.318455499999999884e+05 -7.574945999999999735e+00 6.535066000000000486e+01
2.318457500000000000e+05 -6.542904000000000053e+00 7.025915999999999428e+01
2.318459500000000116e+05 -6.479046999999999557e+00 7.527389999999999759e+01
2.318461499999999942e+05 -5.123797999999999853e+00 6.650544999999999618e+01
2.318463500000000058e+05 -3.936469000000000218e+00 6.820242000000000360e+01
2.318465499999999884e+05 -5.355761000000000216e+00 6.064612999999999943e+01
2.318467500000000000e+05 -2.839151999999999898e+00 5.424768000000000256e+01
2.318469500000000116e+05 -3.772835999999999856e+00 5.034071000000000140e+01
2.318471499999999942e+05 -2.333994999999999820e+00 4.973897000000000190e+01
2.318473500000000058e+05 -4.573983999999999828e-01 4.135412999999999784e+01
2.318475499999999884e+05 1.066810999999999954e+00 3.734837999999999880e+01
2.318477500000000000e+05 2.134268000000000054e+00 2.516334000000000160e+01
2.318479500000000116e+05 3.501749999999999918e+00 1.367422000000000004e+01
2.318481499999999942e+05 5.173099999999999810e+00 7.890034000000000214e-01
2.318483500000000058e+05 6.005271999999999721e+00 -1.746603999999999957e+01
2.318485499999999884e+05 7.500061999999999784e+00 -3.920138000000000034e+01
2.318487500000000000e+05 8.220430999999999599e+00 -6.705062999999999818e+01
2.318489500000000116e+05 8.706353000000000009e+00 -9.602479999999999905e+01
2.318491499999999942e+05 8.539305999999999841e+00 -1.347230000000000132e+02
2.318493500000000058e+05 7.297544000000000253e+00 -1.811967999999999961e+02
2.318495499999999884e+05 5.418556999999999846e+00 -2.399312999999999931e+02
2.318497500000000000e+05 3.590326000000000128e+00 -3.191745999999999981e+02
2.318499500000000116e+05 4.147388000000000297e+00 -4.080742999999999938e+02
2.318501499999999942e+05 4.721176999999999957e+00 -4.900106000000000108e+02
2.318503500000000058e+05 3.291573000000000082e+00 -5.769106000000000449e+02
2.318505499999999884e+05 1.570402000000000076e+00 -6.843374000000000024e+02
2.318507500000000000e+05 2.023254000000000108e+00 -8.088443999999999505e+02
2.318509500000000116e+05 1.899758999999999975e+00 -9.191606000000000449e+02
2.318511499999999942e+05 -7.804706999999999617e-01 -1.046853000000000065e+03
2.318513500000000058e+05 1.863375999999999921e-01 -1.187817999999999984e+03
2.318515499999999884e+05 -2.783841000000000232e-01 -1.326771999999999935e+03
2.318517500000000000e+05 -1.934193999999999969e+00 -1.491166999999999916e+03
2.318519500000000116e+05 -1.705845000000000056e+00 -1.649325000000000045e+03
2.318521499999999942e+05 -4.668432000000000137e+00 -1.829219000000000051e+03
2.318523500000000058e+05 -2.158659000000000106e+00 -2.007448000000000093e+03
2.318525499999999884e+05 -6.267466999999999899e+00 -1.829426999999999907e+03
2.318527500000000000e+05 -3.829302000000000206e+00 -1.667232999999999947e+03
2.318529500000000116e+05 -6.331570000000000142e+00 -1.522851000000000113e+03
2.318531499999999942e+05 -5.711924999999999919e+00 -1.364425999999999931e+03
2.318533500000000058e+05 -5.480326999999999948e+00 -1.232900000000000091e+03
2.318535499999999884e+05 -9.023106999999999545e+00 -1.093477000000000089e+03
2.318537500000000000e+05 -6.633231999999999573e+00 -9.771939999999999600e+02
2.318539500000000116e+05 -7.065579999999999750e+00 -8.814930000000000518e+02
2.318541499999999942e+05 -1.223188999999999993e+01 -7.429120000000000346e+02
2.318543500000000058e+05 -9.457421999999999329e+00 -6.511117000000000417e+02
2.318545499999999884e+05 -6.258663999999999561e+00 -5.750638000000000147e+02
2.318547500000000000e+05 -9.598371999999999460e+00 -5.124510999999999967e+02
2.318549500000000116e+05 -1.810553000000000168e+01 -4.499966999999999757e+02
2.318551499999999942e+05 -1.723217999999999961e+01 -3.374347999999999956e+02
2.318553500000000058e+05 -1.189980000000000082e+01 -3.033396000000000186e+02
2.318555499999999884e+05 -8.806495999999999214e+00 -2.770188999999999737e+02
2.318557500000000000e+05 -1.158267000000000024e+01 -2.278550999999999931e+02
2.318559500000000116e+05 -1.216294000000000075e+01 -2.319110000000000014e+02
2.318561499999999942e+05 -1.104412999999999911e+01 -2.161100000000000136e+02
2.318563500000000058e+05 -1.145923999999999943e+01 -2.135836999999999932e+02
2.318565499999999884e+05 -1.115156999999999954e+01 -2.098257999999999868e+02
2.318567500000000000e+05 -1.421800999999999959e+01 -2.073431999999999960e+02
2.318569500000000116e+05 -1.352026000000000039e+01 -2.134048999999999978e+02
2.318571499999999942e+05 -1.240925000000000011e+01 -2.140612999999999886e+02
2.318573500000000058e+05 -1.100558000000000014e+01 -2.498395999999999901e+02
2.318575499999999884e+05 -1.423086999999999946e+01 -2.705581999999999994e+02
2.318577500000000000e+05 -1.565473000000000070e+01 -3.148054999999999950e+02
2.318579500000000116e+05 -1.519792999999999950e+01 -2.540860000000000127e+02
2.318581499999999942e+05 -1.807456000000000174e+01 -1.885776999999999930e+02
2.318583500000000058e+05 -1.627768000000000015e+01 -2.112376999999999896e+02
2.318585499999999884e+05 -1.282217999999999947e+01 -2.306119999999999948e+02
2.318587500000000000e+05 -2.777609999999999957e+01 -2.641329999999999814e+02
2.318589500000000116e+05 -1.692134000000000071e+01 -1.941468999999999880e+02
2.318591499999999942e+05 -1.517379999999999995e+01 -1.915603999999999871e+02
2.318593500000000058e+05 -1.960624999999999929e+01 -2.668790999999999940e+02
2.318595499999999884e+05 -2.291606000000000165e+01 -3.072226999999999748e+02
2.318597500000000000e+05 -1.474332000000000065e+01 -2.174917000000000087e+02
