# Time finished:
# 2015-06-02 20.49.16
# Temp volt start:
# 1.1174635
# Temp volt stop:
# 1.1174635
# Approx start T:
# 22.2791482244
# Approx stop T:
# 22.453333468
# DC bias measured, messed up:
# 4.000253
# DC bias we asked for:
# 4
2.317203200000000070e+05 -8.208254999999999413e+00 7.711001000000000261e+01
2.317205200000000186e+05 -1.969043999999999883e+01 3.856819000000000219e+00
2.317207200000000012e+05 -9.610537000000000774e+00 1.339179000000000030e+02
2.317209200000000128e+05 -9.073136999999999119e+00 5.548586000000000240e+01
2.317211199999999953e+05 -2.098258999999999830e+01 1.775511999999999944e+02
2.317213200000000070e+05 -8.144888999999999157e+00 8.096471999999999980e+01
2.317215200000000186e+05 -3.938808000000000220e+01 -1.713252999999999915e+01
2.317217200000000012e+05 -8.404681999999999320e+00 9.693332999999999799e+01
2.317219200000000128e+05 -3.078087999999999980e+01 1.284965000000000135e-01
2.317221199999999953e+05 -8.070778000000000674e+00 8.632635000000000502e+01
2.317223200000000070e+05 -2.034432999999999936e+01 1.559307000000000016e+02
2.317225200000000186e+05 -8.504944999999999311e+00 6.316483999999999810e+01
2.317227200000000012e+05 -1.153031999999999968e+01 1.271483000000000061e+02
2.317229200000000128e+05 -1.656205999999999889e+01 2.903106999999999971e+01
2.317231199999999953e+05 -7.793338000000000321e+00 8.243774000000000513e+01
2.317233200000000070e+05 -1.237982000000000049e+01 1.380101999999999975e+02
2.317235200000000186e+05 -1.672775999999999996e+01 2.483117000000000019e+01
2.317237200000000012e+05 -8.585264999999999702e+00 7.026668999999999699e+01
2.317239200000000128e+05 -9.002700000000000813e+00 1.026059000000000054e+02
2.317241199999999953e+05 -1.646064000000000149e+01 1.158186000000000035e+02
2.317243200000000070e+05 -1.489016999999999946e+01 3.707582000000000022e+01
2.317245200000000186e+05 -8.825919999999999987e+00 5.226518999999999693e+01
2.317247200000000012e+05 -7.359562000000000381e+00 7.472862999999999545e+01
2.317249200000000128e+05 -7.254247999999999585e+00 8.953288999999999476e+01
2.317251199999999953e+05 -9.911322000000000187e+00 9.994414999999999338e+01
2.317253200000000070e+05 -1.163015000000000043e+01 8.805089999999999861e+01
2.317255200000000186e+05 -1.362711000000000006e+01 6.940006999999999948e+01
2.317257200000000012e+05 -1.184305999999999948e+01 4.116747000000000156e+01
2.317259200000000128e+05 -9.499574000000000851e+00 2.605595999999999890e+01
2.317261199999999953e+05 -8.088034999999999641e+00 1.074629000000000012e+01
2.317263200000000070e+05 -6.644739999999999647e+00 -8.383893000000000484e+00
2.317265200000000186e+05 -5.228952999999999740e+00 -3.019543000000000177e+01
2.317267200000000012e+05 -4.562852999999999604e+00 -5.576398999999999972e+01
2.317269200000000128e+05 -3.144057000000000102e+00 -9.364262999999999693e+01
2.317271199999999953e+05 -2.563791000000000153e+00 -1.342804999999999893e+02
2.317273200000000070e+05 -2.023715000000000153e+00 -1.805927000000000078e+02
2.317275200000000186e+05 -1.899278999999999940e+00 -2.332564999999999884e+02
2.317277200000000012e+05 -3.473665000000000003e+00 -2.951037999999999784e+02
2.317279200000000128e+05 -4.756433999999999607e+00 -3.731938999999999851e+02
2.317281199999999953e+05 -4.900897999999999755e+00 -4.715971999999999866e+02
2.317283200000000070e+05 -2.860672999999999799e+00 -5.616380000000000337e+02
2.317285200000000186e+05 -3.223688999999999805e+00 -6.479090999999999667e+02
2.317287200000000012e+05 -6.059434999999999683e+00 -7.589347999999999956e+02
2.317289200000000128e+05 -3.908856999999999804e+00 -8.944994000000000369e+02
2.317291199999999953e+05 -3.067800999999999778e+00 -1.000908999999999992e+03
2.317293200000000070e+05 -6.612021000000000370e+00 -1.139736000000000104e+03
2.317295200000000186e+05 -3.663933000000000106e+00 -1.290977000000000089e+03
2.317297200000000012e+05 -5.290224000000000260e+00 -1.420449000000000069e+03
2.317299200000000128e+05 -5.204661999999999900e+00 -1.250578999999999951e+03
2.317301199999999953e+05 -5.030133000000000187e+00 -1.389623000000000047e+03
2.317303200000000070e+05 -6.428270000000000373e+00 -1.230676999999999907e+03
2.317305200000000186e+05 -5.230287999999999826e+00 -1.391325000000000045e+03
2.317307200000000012e+05 -5.975994000000000028e+00 -1.252269999999999982e+03
2.317309200000000128e+05 -6.603424000000000404e+00 -1.417489000000000033e+03
2.317311199999999953e+05 -4.563337999999999894e+00 -1.294762999999999920e+03
2.317313200000000070e+05 -9.449581999999999482e+00 -1.137645999999999958e+03
2.317315200000000186e+05 -4.768176000000000414e+00 -1.000400999999999954e+03
2.317317200000000012e+05 -6.508623000000000047e+00 -9.040401000000000522e+02
2.317319200000000128e+05 -9.953220999999999208e+00 -7.513415999999999713e+02
2.317321199999999953e+05 -5.362777999999999601e+00 -6.459767000000000507e+02
2.317323200000000070e+05 -5.919970000000000176e+00 -5.726217000000000326e+02
2.317325200000000186e+05 -1.098348000000000013e+01 -4.747875999999999976e+02
2.317327200000000012e+05 -8.793570000000000775e+00 -3.600255999999999972e+02
2.317329200000000128e+05 -5.517174999999999940e+00 -2.916576000000000022e+02
2.317331199999999953e+05 -5.845564999999999678e+00 -2.429698999999999955e+02
2.317333200000000070e+05 -7.096192000000000277e+00 -2.005455000000000041e+02
2.317335200000000186e+05 -1.128248999999999924e+01 -1.464416999999999973e+02
2.317337200000000012e+05 -1.280372999999999983e+01 -9.195821999999999719e+01
2.317339200000000128e+05 -1.235300999999999938e+01 -3.456609999999999872e+01
2.317341199999999953e+05 -1.116658999999999935e+01 -9.401414000000000160e-01
2.317343200000000070e+05 -9.180642000000000635e+00 1.651321000000000083e+01
2.317345200000000186e+05 -9.711335000000000051e+00 2.817077000000000098e+01
2.317347200000000012e+05 -9.240242999999999540e+00 2.650626000000000104e+01
2.317349200000000128e+05 -1.103134000000000015e+01 1.750954000000000121e+01
2.317351199999999953e+05 -1.124247000000000085e+01 8.709915000000000518e+00
2.317353200000000070e+05 -1.551618999999999993e+01 -1.744893000000000072e+01
2.317355200000000186e+05 -1.553923999999999950e+01 -9.263863000000000625e+01
2.317357200000000012e+05 -1.332062999999999953e+01 -1.530805000000000007e+02
2.317359200000000128e+05 -9.828132000000000090e+00 -1.996954000000000065e+02
2.317361199999999953e+05 -7.436881999999999771e+00 -2.431437999999999988e+02
2.317363200000000070e+05 -7.651760999999999591e+00 -2.825269999999999868e+02
2.317365200000000186e+05 -1.180033000000000065e+01 -3.389615999999999758e+02
2.317367200000000012e+05 -1.839079999999999870e+01 -4.806483000000000061e+02
2.317369200000000128e+05 -9.177637999999999963e+00 -5.732459999999999809e+02
2.317371199999999953e+05 -8.279659999999999798e+00 -6.391371000000000322e+02
2.317373200000000070e+05 -1.607722000000000051e+01 -7.211500999999999522e+02
2.317375200000000186e+05 -1.385341999999999985e+01 -5.520528000000000475e+02
2.317377200000000012e+05 -8.061913000000000551e+00 -6.306663999999999533e+02
2.317379200000000128e+05 -1.948194000000000159e+01 -7.258238999999999805e+02
2.317381199999999953e+05 -1.021326999999999963e+01 -5.802214000000000169e+02
2.317383200000000070e+05 -1.024601999999999968e+01 -6.677892000000000507e+02
2.317385200000000186e+05 -1.475271000000000043e+01 -5.433234999999999673e+02
2.317387200000000012e+05 -8.932755999999999474e+00 -6.494343999999999824e+02
2.317389200000000128e+05 -1.635745000000000005e+01 -5.374863000000000284e+02
2.317391199999999953e+05 -9.808422000000000196e+00 -6.487636999999999716e+02
2.317393200000000070e+05 -1.397930999999999990e+01 -5.478319000000000187e+02
2.317395200000000186e+05 -1.207781999999999911e+01 -6.627042999999999893e+02
2.317397200000000012e+05 -1.116798000000000002e+01 -5.872427000000000135e+02
2.317399200000000128e+05 -1.996637000000000128e+01 -7.015270000000000437e+02
2.317401199999999953e+05 -9.873454000000000619e+00 -6.287765000000000555e+02
2.317403200000000070e+05 -1.508793000000000006e+01 -5.645674000000000206e+02
