# Time finished:
# 2015-06-02 09.52.56
# Temp volt start:
# 1.0193271
# Temp volt stop:
# 1.0193271
# Approx start T:
# 81.7005382438
# Approx stop T:
# 81.7041705565
# DC bias measured, messed up:
# 8.00106
# DC bias we asked for:
# 8
2.317980400000000081e+05 -1.110466000000000086e+01 8.170344000000000051e+01
2.317982400000000198e+05 -1.139284999999999926e+01 8.583787999999999840e+01
2.317984400000000023e+05 -1.436609999999999943e+01 5.554070000000000107e+01
2.317986400000000140e+05 -1.407460000000000022e+01 7.623229000000000610e+01
2.317988399999999965e+05 -1.010971999999999937e+01 9.036619000000000312e+01
2.317990400000000081e+05 -1.170124000000000031e+01 7.465385000000000559e+01
2.317992400000000198e+05 -1.446779000000000082e+01 1.137382999999999953e+02
2.317994400000000023e+05 -1.277511999999999937e+01 7.616916999999999405e+01
2.317996400000000140e+05 -1.165288999999999930e+01 6.940605999999999653e+01
2.317998399999999965e+05 -1.173053999999999952e+01 8.266612999999999545e+01
2.318000400000000081e+05 -9.000050999999999135e+00 6.376711000000000240e+01
2.318002400000000198e+05 -1.145937999999999946e+01 9.257265999999999906e+01
2.318004400000000023e+05 -1.329130999999999929e+01 7.294653999999999883e+01
2.318006400000000140e+05 -1.310116000000000014e+01 6.206808000000000192e+01
2.318008399999999965e+05 -1.207418999999999976e+01 8.465137000000000000e+01
2.318010400000000081e+05 -8.185553000000000523e+00 8.742113999999999407e+01
2.318012400000000198e+05 -9.055861999999999412e+00 6.279735000000000156e+01
2.318014400000000023e+05 -1.429646999999999935e+01 9.794732000000000482e+01
2.318016400000000140e+05 -1.036392000000000024e+01 7.588629000000000246e+01
2.318018399999999965e+05 -1.041639999999999944e+01 8.298557999999999879e+01
2.318020400000000081e+05 -1.398098000000000063e+01 6.989647999999999683e+01
2.318022400000000198e+05 -7.632888999999999591e+00 8.156553999999999860e+01
2.318024400000000023e+05 -7.926811999999999969e+00 7.525947999999999638e+01
2.318026400000000140e+05 -8.807100000000000151e+00 6.594422000000000139e+01
2.318028399999999965e+05 -9.070869999999999322e+00 6.632802999999999827e+01
2.318030400000000081e+05 -1.046305000000000085e+01 7.787565999999999633e+01
2.318032400000000198e+05 -7.908032000000000394e+00 7.710105000000000075e+01
2.318034400000000023e+05 -9.672238000000000113e+00 7.481783000000000072e+01
2.318036400000000140e+05 -6.939004999999999868e+00 5.847700999999999993e+01
2.318038399999999965e+05 -8.697411999999999921e+00 6.750436999999999443e+01
2.318040400000000081e+05 -6.226079000000000363e+00 8.296586000000000638e+01
2.318042400000000198e+05 -7.410891000000000339e+00 6.290185999999999922e+01
2.318044400000000023e+05 -5.633227999999999902e+00 7.048404999999999632e+01
2.318046400000000140e+05 -6.756293000000000326e+00 6.974896999999999991e+01
2.318048399999999965e+05 -5.456762000000000334e+00 6.799206999999999823e+01
2.318050400000000081e+05 -5.764012000000000135e+00 6.335463000000000022e+01
2.318052400000000198e+05 -4.720602000000000409e+00 5.834407000000000210e+01
2.318054400000000023e+05 -2.344440000000000079e+00 5.714748000000000161e+01
2.318056400000000140e+05 -9.843893999999999700e-01 5.133469999999999800e+01
2.318058399999999965e+05 -9.872965000000000213e-01 4.320926999999999651e+01
2.318060400000000081e+05 1.168518999999999947e-01 3.703726999999999947e+01
2.318062400000000198e+05 2.306798999999999822e+00 3.210439000000000220e+01
2.318064400000000023e+05 2.881597999999999882e+00 1.749030000000000129e+01
2.318066400000000140e+05 4.673548000000000258e+00 1.229549000000000003e+00
2.318068399999999965e+05 5.646156000000000397e+00 -1.465934999999999988e+01
2.318070400000000081e+05 6.812196000000000140e+00 -3.303963000000000250e+01
2.318072400000000198e+05 8.130705999999999989e+00 -5.818032999999999788e+01
2.318074400000000023e+05 8.565713000000000577e+00 -8.916589000000000453e+01
2.318076400000000140e+05 8.134831000000000145e+00 -1.244163999999999959e+02
2.318078399999999965e+05 7.373876000000000097e+00 -1.685166999999999859e+02
2.318080400000000081e+05 5.156680999999999848e+00 -2.222879000000000076e+02
2.318082400000000198e+05 3.035581000000000085e+00 -2.986807999999999765e+02
2.318084400000000023e+05 2.687997000000000192e+00 -3.876979999999999791e+02
2.318086400000000140e+05 3.703148999999999802e+00 -4.711055000000000064e+02
2.318088399999999965e+05 3.212359999999999882e+00 -5.512098999999999478e+02
2.318090400000000081e+05 4.870972000000000079e-01 -6.551526000000000067e+02
2.318092400000000198e+05 4.308343000000000034e-01 -7.765380000000000109e+02
2.318094400000000023e+05 1.771724999999999994e+00 -8.897578999999999496e+02
2.318096400000000140e+05 -1.056721000000000021e+00 -1.007147000000000048e+03
2.318098399999999965e+05 -1.398684999999999956e+00 -1.165106999999999971e+03
2.318100400000000081e+05 -1.593134999999999968e-01 -1.292625999999999976e+03
2.318102400000000198e+05 -3.394121999999999861e+00 -1.449880000000000109e+03
2.318104400000000023e+05 -1.799924999999999997e+00 -1.612501999999999953e+03
2.318106400000000140e+05 -6.740007000000000303e+00 -1.787847999999999956e+03
2.318108399999999965e+05 -2.866036999999999946e+00 -1.964525000000000091e+03
2.318110400000000081e+05 -5.516767999999999894e+00 -2.142802000000000135e+03
2.318112400000000198e+05 -4.791424000000000127e+00 -1.978574000000000069e+03
2.318114400000000023e+05 -7.252413999999999916e+00 -1.810058999999999969e+03
2.318116400000000140e+05 -5.042218000000000089e+00 -1.659381000000000085e+03
2.318118399999999965e+05 -9.701271999999999451e+00 -1.540785000000000082e+03
2.318120400000000081e+05 -8.130347999999999686e+00 -1.370967000000000098e+03
2.318122400000000198e+05 -7.055992999999999959e+00 -1.292161000000000058e+03
2.318124400000000023e+05 -1.164377999999999957e+01 -1.188436999999999898e+03
2.318126400000000140e+05 -1.226561000000000057e+01 -1.036772999999999911e+03
2.318128399999999965e+05 -7.005203999999999986e+00 -9.601201999999999543e+02
2.318130400000000081e+05 -9.540639999999999787e+00 -8.685412999999999784e+02
2.318132400000000198e+05 -1.718077999999999861e+01 -8.076070999999999458e+02
2.318134400000000023e+05 -1.326739000000000068e+01 -6.760660000000000309e+02
2.318136400000000140e+05 -1.189284999999999926e+01 -6.285676999999999452e+02
2.318138399999999965e+05 -1.232709999999999972e+01 -5.919959999999999809e+02
2.318140400000000081e+05 -1.022911999999999999e+01 -5.857373000000000047e+02
2.318142400000000198e+05 -1.310431999999999952e+01 -5.176994999999999436e+02
2.318144400000000023e+05 -1.107545000000000002e+01 -5.354057999999999993e+02
2.318146400000000140e+05 -2.384771999999999892e+01 -5.413959999999999582e+02
2.318148399999999965e+05 -1.773975000000000080e+01 -5.511490000000000009e+02
2.318150400000000081e+05 -1.841386999999999929e+01 -5.825268999999999551e+02
2.318152400000000198e+05 -3.004450999999999894e+01 -4.470874000000000024e+02
2.318154400000000023e+05 -2.330255000000000010e+01 -4.729341000000000008e+02
2.318156400000000140e+05 -2.178114000000000061e+01 -5.406013000000000375e+02
2.318158399999999965e+05 -2.269585999999999970e+01 -4.689218999999999937e+02
2.318160400000000081e+05 -1.761066999999999894e+01 -5.608250000000000455e+02
2.318162400000000198e+05 -1.189498000000000033e+01 -6.060943999999999505e+02
2.318164400000000023e+05 -1.593628999999999962e+01 -5.909778999999999769e+02
2.318166400000000140e+05 -2.380307000000000173e+01 -6.187989000000000033e+02
2.318168399999999965e+05 -1.874993999999999872e+01 -5.756375000000000455e+02
2.318170400000000081e+05 -1.848939000000000021e+01 -5.428187000000000353e+02
2.318172400000000198e+05 -1.480109000000000030e+01 -5.913016999999999825e+02
2.318174400000000023e+05 -1.463302999999999976e+01 -6.420502000000000180e+02
2.318176400000000140e+05 -1.685410999999999859e+01 -6.124189999999999827e+02
2.318178399999999965e+05 -1.420073999999999970e+01 -6.029547000000000025e+02
2.318180400000000081e+05 -1.386411000000000016e+01 -6.194296000000000504e+02
