# Time finished:
# 2015-06-02 21.56.35
# Temp volt start:
# 1.066418
# Temp volt stop:
# 1.066418
# Approx start T:
# 54.1547088272
# Approx stop T:
# 54.2382902641
# DC bias measured, messed up:
# 4.000192
# DC bias we asked for:
# 4
2.317598200000000070e+05 -1.811250000000000071e+01 8.496827000000000396e+01
2.317600200000000186e+05 -1.968016000000000076e+01 9.957829999999999870e+01
2.317602200000000012e+05 -1.543980999999999959e+01 1.065884999999999962e+02
2.317604200000000128e+05 -1.313893999999999984e+01 9.931013000000000090e+01
2.317606199999999953e+05 -1.181091999999999942e+01 8.717680000000000007e+01
2.317608200000000070e+05 -1.288730999999999938e+01 7.804886999999999375e+01
2.317610200000000186e+05 -1.543113999999999919e+01 7.826936000000000604e+01
2.317612200000000012e+05 -1.659462999999999866e+01 9.144482000000000710e+01
2.317614200000000128e+05 -1.282764000000000060e+01 9.359184000000000481e+01
2.317616199999999953e+05 -1.320134999999999970e+01 8.012041000000000679e+01
2.317618200000000070e+05 -1.539771000000000001e+01 7.518258000000000152e+01
2.317620200000000186e+05 -1.350732999999999961e+01 9.321650999999999954e+01
2.317622200000000012e+05 -1.282835999999999999e+01 8.357367000000000701e+01
2.317624200000000128e+05 -1.516159000000000034e+01 8.215446000000000026e+01
2.317626199999999953e+05 -1.376664000000000065e+01 9.452818000000000609e+01
2.317628200000000070e+05 -1.385401000000000060e+01 7.426445999999999970e+01
2.317630200000000186e+05 -1.419392000000000031e+01 9.644550999999999874e+01
2.317632200000000012e+05 -1.222929000000000066e+01 8.198837000000000330e+01
2.317634200000000128e+05 -1.427139000000000024e+01 8.312794999999999845e+01
2.317636199999999953e+05 -1.296066000000000074e+01 8.181083999999999889e+01
2.317638200000000070e+05 -1.459187999999999974e+01 9.035602000000000089e+01
2.317640200000000186e+05 -1.360497999999999941e+01 7.949457999999999913e+01
2.317642200000000012e+05 -1.317831999999999937e+01 8.975142999999999915e+01
2.317644200000000128e+05 -1.355028000000000077e+01 7.616217000000000326e+01
2.317646199999999953e+05 -1.273746000000000045e+01 8.249081999999999937e+01
2.317648200000000070e+05 -1.436989999999999945e+01 8.158938999999999453e+01
2.317650200000000186e+05 -1.346973000000000020e+01 7.587595000000000312e+01
2.317652200000000012e+05 -1.301961000000000013e+01 7.937002999999999986e+01
2.317654200000000128e+05 -1.330011999999999972e+01 7.763146999999999309e+01
2.317656199999999953e+05 -1.286068999999999996e+01 7.891875000000000284e+01
2.317658200000000070e+05 -1.197038000000000046e+01 7.423126999999999498e+01
2.317660200000000186e+05 -1.206695999999999991e+01 8.081551000000000329e+01
2.317662200000000012e+05 -1.125803999999999938e+01 7.840968999999999767e+01
2.317664200000000128e+05 -1.211517000000000088e+01 7.571529999999999916e+01
2.317666199999999953e+05 -1.093856000000000073e+01 6.884197000000000344e+01
2.317668200000000070e+05 -1.120006000000000057e+01 6.476691999999999894e+01
2.317670200000000186e+05 -9.658787999999999485e+00 6.180210999999999899e+01
2.317672200000000012e+05 -9.077488000000000667e+00 5.669807999999999737e+01
2.317674200000000128e+05 -8.627399999999999736e+00 4.495667999999999864e+01
2.317676199999999953e+05 -7.365941000000000294e+00 3.765070999999999657e+01
2.317678200000000070e+05 -6.644322999999999979e+00 2.691557999999999851e+01
2.317680200000000186e+05 -5.614094999999999835e+00 8.678580000000000183e+00
2.317682200000000012e+05 -5.313405000000000378e+00 -1.224116000000000071e+01
2.317684200000000128e+05 -4.887910999999999895e+00 -4.238434999999999775e+01
2.317686199999999953e+05 -4.534936000000000078e+00 -7.856516999999999484e+01
2.317688200000000070e+05 -4.024242000000000097e+00 -1.217334000000000032e+02
2.317690200000000186e+05 -3.449078999999999784e+00 -1.677647000000000048e+02
2.317692200000000012e+05 -3.809804999999999886e+00 -2.181971000000000060e+02
2.317694200000000128e+05 -4.573890999999999707e+00 -2.747450999999999794e+02
2.317696199999999953e+05 -6.813328000000000273e+00 -3.446922000000000139e+02
2.317698200000000070e+05 -8.655697999999999226e+00 -4.443992000000000075e+02
2.317700200000000186e+05 -6.351067999999999714e+00 -5.456076000000000477e+02
2.317702200000000012e+05 -4.896532999999999802e+00 -6.230724999999999909e+02
2.317704200000000128e+05 -9.906404999999999461e+00 -7.170920999999999594e+02
2.317706199999999953e+05 -9.504955000000000709e+00 -8.710389000000000124e+02
2.317708200000000070e+05 -6.199645000000000294e+00 -9.761798999999999751e+02
2.317710200000000186e+05 -1.260214000000000034e+01 -1.085983999999999924e+03
2.317712200000000012e+05 -9.741879000000000843e+00 -9.087047999999999774e+02
2.317714200000000128e+05 -8.336004000000000858e+00 -1.020413000000000011e+03
2.317716199999999953e+05 -1.431398000000000081e+01 -8.574743999999999460e+02
2.317718200000000070e+05 -8.356097000000000108e+00 -9.865907999999999447e+02
2.317720200000000186e+05 -1.962247999999999948e+01 -8.265426999999999680e+02
2.317722200000000012e+05 -8.884928999999999633e+00 -9.853301000000000158e+02
2.317724200000000128e+05 -1.843177999999999983e+01 -8.524030999999999949e+02
2.317726199999999953e+05 -9.797879000000000005e+00 -1.006104000000000042e+03
2.317728200000000070e+05 -1.437730999999999959e+01 -9.087898999999999887e+02
2.317730200000000186e+05 -1.377208000000000077e+01 -1.045922000000000025e+03
2.317732200000000012e+05 -1.122916999999999987e+01 -9.676240999999999985e+02
2.317734200000000128e+05 -2.117169000000000167e+01 -8.781262000000000398e+02
2.317736199999999953e+05 -1.267442999999999920e+01 -1.018702999999999975e+03
2.317738200000000070e+05 -1.084215000000000018e+01 -9.633139999999999645e+02
2.317740200000000186e+05 -1.929505999999999943e+01 -9.175324000000000524e+02
2.317742200000000012e+05 -1.959805000000000064e+01 -1.037019999999999982e+03
2.317744200000000128e+05 -1.240260999999999925e+01 -1.003427000000000021e+03
2.317746199999999953e+05 -1.180213000000000001e+01 -9.685519000000000460e+02
2.317748200000000070e+05 -1.590967000000000020e+01 -9.402943000000000211e+02
2.317750200000000186e+05 -2.657158000000000087e+01 -9.405333000000000538e+02
2.317752200000000012e+05 -2.000835000000000008e+01 -1.025858999999999924e+03
2.317754200000000128e+05 -1.493753000000000064e+01 -1.017971000000000004e+03
2.317756199999999953e+05 -1.360163000000000011e+01 -9.996259000000000015e+02
2.317758200000000070e+05 -1.366985000000000028e+01 -9.975126000000000204e+02
2.317760200000000186e+05 -1.265282000000000018e+01 -9.869761999999999489e+02
2.317762200000000012e+05 -1.308371999999999957e+01 -9.878935999999999922e+02
2.317764200000000128e+05 -1.313744999999999941e+01 -9.842401999999999589e+02
2.317766199999999953e+05 -1.349217999999999940e+01 -9.808424999999999727e+02
2.317768200000000070e+05 -1.429676000000000080e+01 -9.878164000000000442e+02
2.317770200000000186e+05 -1.406422000000000061e+01 -9.960628000000000384e+02
2.317772200000000012e+05 -1.506206000000000067e+01 -9.997767000000000053e+02
2.317774200000000128e+05 -1.701319000000000159e+01 -1.001312000000000012e+03
2.317776199999999953e+05 -1.836168999999999940e+01 -9.954376999999999498e+02
2.317778200000000070e+05 -1.789009000000000071e+01 -9.708953000000000202e+02
2.317780200000000186e+05 -1.656261999999999901e+01 -9.715014999999999645e+02
2.317782200000000012e+05 -1.391897999999999946e+01 -9.875569000000000415e+02
2.317784200000000128e+05 -1.538485000000000014e+01 -1.001908999999999992e+03
2.317786199999999953e+05 -1.809431000000000012e+01 -9.915666999999999689e+02
2.317788200000000070e+05 -1.732918000000000092e+01 -9.788011000000000195e+02
2.317790200000000186e+05 -1.617471000000000103e+01 -9.871681999999999562e+02
2.317792200000000012e+05 -1.777177999999999969e+01 -1.002476999999999975e+03
2.317794200000000128e+05 -1.658868000000000009e+01 -9.679743999999999460e+02
2.317796199999999953e+05 -1.408709999999999951e+01 -9.855262000000000171e+02
2.317798200000000070e+05 -1.764363000000000170e+01 -9.882468999999999824e+02
