# Time finished:
# 2015-06-03 07.27.58
# Temp volt start:
# 1.0134619
# Temp volt stop:
# 1.0134619
# Approx start T:
# 85.0172425314
# Approx stop T:
# 85.0598927851
# DC bias measured, messed up:
# 3.999921
# DC bias we asked for:
# 4
2.318172900000000081e+05 -1.580314000000000085e+01 9.604747000000000412e+01
2.318174900000000198e+05 -1.427523000000000053e+01 9.692569000000000301e+01
2.318176900000000023e+05 -1.461225999999999914e+01 9.214360000000000639e+01
2.318178900000000140e+05 -1.406399000000000044e+01 8.979323999999999728e+01
2.318180899999999965e+05 -1.493770999999999916e+01 9.054870999999999981e+01
2.318182900000000081e+05 -1.487034000000000056e+01 7.961612999999999829e+01
2.318184900000000198e+05 -1.474884999999999913e+01 8.984573000000000320e+01
2.318186900000000023e+05 -1.369622999999999990e+01 8.684646999999999650e+01
2.318188900000000140e+05 -1.488579999999999970e+01 8.634723999999999933e+01
2.318190899999999965e+05 -1.493586999999999954e+01 9.010582999999999743e+01
2.318192900000000081e+05 -1.514405999999999963e+01 9.049738999999999578e+01
2.318194900000000198e+05 -1.422622999999999927e+01 8.675853999999999644e+01
2.318196900000000023e+05 -1.546852999999999945e+01 8.777576000000000533e+01
2.318198900000000140e+05 -1.439677999999999969e+01 8.746598000000000184e+01
2.318200899999999965e+05 -1.343412999999999968e+01 8.238911000000000229e+01
2.318202900000000081e+05 -1.466272999999999982e+01 8.933807000000000187e+01
2.318204900000000198e+05 -1.443083000000000027e+01 8.500965999999999667e+01
2.318206900000000023e+05 -1.421649999999999991e+01 8.706835999999999842e+01
2.318208900000000140e+05 -1.404704000000000086e+01 8.475854999999999961e+01
2.318210899999999965e+05 -1.398235999999999990e+01 8.461784000000000106e+01
2.318212900000000081e+05 -1.438603999999999949e+01 8.515870999999999924e+01
2.318214900000000198e+05 -1.389577000000000062e+01 8.048547000000000651e+01
2.318216900000000023e+05 -1.329576999999999920e+01 8.416110000000000468e+01
2.318218900000000140e+05 -1.372686000000000028e+01 8.043944000000000472e+01
2.318220899999999965e+05 -1.290835000000000043e+01 8.312660999999999945e+01
2.318222900000000081e+05 -1.351699999999999946e+01 7.958008999999999844e+01
2.318224900000000198e+05 -1.316053999999999924e+01 7.892718000000000700e+01
2.318226900000000023e+05 -1.293340000000000067e+01 7.848811000000000604e+01
2.318228900000000140e+05 -1.237467999999999968e+01 7.406332000000000448e+01
2.318230899999999965e+05 -1.209446999999999939e+01 7.470221999999999696e+01
2.318232900000000081e+05 -1.216836999999999946e+01 7.028924000000000660e+01
2.318234900000000198e+05 -1.203955999999999982e+01 7.489132999999999640e+01
2.318236900000000023e+05 -1.116153000000000084e+01 7.451928999999999803e+01
2.318238900000000140e+05 -1.123094999999999999e+01 7.024630000000000507e+01
2.318240899999999965e+05 -1.027984000000000009e+01 6.678606999999999516e+01
2.318242900000000081e+05 -9.903931000000000040e+00 6.004254999999999853e+01
2.318244900000000198e+05 -9.955260000000000886e+00 5.777346000000000004e+01
2.318246900000000023e+05 -8.118446000000000495e+00 4.773169000000000040e+01
2.318248900000000140e+05 -7.858559999999999768e+00 3.962776000000000209e+01
2.318250899999999965e+05 -6.814049999999999940e+00 2.288550000000000040e+01
2.318252900000000081e+05 -6.438321000000000183e+00 5.748492999999999853e+00
2.318254900000000198e+05 -5.769605999999999568e+00 -1.640303000000000111e+01
2.318256900000000023e+05 -5.293300999999999590e+00 -4.580807999999999680e+01
2.318258900000000140e+05 -5.179820999999999565e+00 -8.397540999999999656e+01
2.318260899999999965e+05 -4.711808999999999692e+00 -1.246135000000000019e+02
2.318262900000000081e+05 -4.409275000000000055e+00 -1.734892000000000110e+02
2.318264900000000198e+05 -5.019773999999999958e+00 -2.242786000000000115e+02
2.318266900000000023e+05 -5.902649000000000257e+00 -2.827902000000000271e+02
2.318268900000000140e+05 -9.377606999999999360e+00 -3.521218999999999824e+02
2.318270899999999965e+05 -1.098873000000000033e+01 -4.626533000000000015e+02
2.318272900000000081e+05 -7.486321000000000225e+00 -5.560049000000000206e+02
2.318274900000000198e+05 -8.021124000000000365e+00 -6.322952999999999975e+02
2.318276900000000023e+05 -1.360369000000000028e+01 -7.287847000000000435e+02
2.318278900000000140e+05 -1.163141000000000069e+01 -8.873691000000000031e+02
2.318280899999999965e+05 -9.099315999999999960e+00 -9.875647999999999911e+02
2.318282900000000081e+05 -1.724268000000000001e+01 -1.094012999999999920e+03
2.318284900000000198e+05 -1.046509999999999962e+01 -9.285756999999999834e+02
2.318286900000000023e+05 -1.169537000000000049e+01 -1.025028999999999996e+03
2.318288900000000140e+05 -1.660237000000000052e+01 -9.005415000000000418e+02
2.318290899999999965e+05 -1.139875999999999934e+01 -1.004456000000000017e+03
2.318292900000000081e+05 -2.157843000000000089e+01 -9.008386000000000422e+02
2.318294900000000198e+05 -1.130766000000000027e+01 -9.975285999999999831e+02
2.318296900000000023e+05 -1.942580999999999847e+01 -9.175606999999999971e+02
2.318298900000000140e+05 -1.437354000000000021e+01 -1.008561000000000035e+03
2.318300899999999965e+05 -1.371241000000000021e+01 -9.403999000000000024e+02
2.318302900000000081e+05 -2.030642999999999887e+01 -1.029429000000000087e+03
2.318304900000000198e+05 -1.233793000000000006e+01 -9.832146999999999935e+02
2.318306900000000023e+05 -1.848078999999999894e+01 -9.427100000000000364e+02
2.318308900000000140e+05 -1.890228000000000108e+01 -1.007976999999999975e+03
2.318310899999999965e+05 -1.379283999999999999e+01 -9.830547000000000253e+02
2.318312900000000081e+05 -1.611413999999999902e+01 -9.610569000000000415e+02
2.318314900000000198e+05 -2.248301999999999978e+01 -9.711869000000000369e+02
2.318316900000000023e+05 -1.644789000000000101e+01 -1.002184999999999945e+03
2.318318900000000140e+05 -1.403228999999999971e+01 -9.884736000000000331e+02
2.318320899999999965e+05 -1.518035000000000068e+01 -9.702826000000000022e+02
2.318322900000000081e+05 -1.752657999999999916e+01 -9.690902999999999565e+02
2.318324900000000198e+05 -1.995831000000000088e+01 -9.654433000000000220e+02
2.318326900000000023e+05 -1.873014999999999830e+01 -9.982079999999999700e+02
2.318328900000000140e+05 -1.857637000000000072e+01 -9.988745999999999867e+02
2.318330899999999965e+05 -1.655782999999999916e+01 -9.979734999999999445e+02
2.318332900000000081e+05 -1.586180000000000057e+01 -9.949597999999999729e+02
2.318334900000000198e+05 -1.653887999999999892e+01 -9.856893000000000029e+02
2.318336900000000023e+05 -1.569303999999999988e+01 -9.978890999999999849e+02
2.318338900000000140e+05 -1.564466000000000001e+01 -9.936721000000000004e+02
2.318340899999999965e+05 -1.612915999999999883e+01 -9.974301000000000386e+02
2.318342900000000081e+05 -1.656982999999999961e+01 -9.941767999999999574e+02
2.318344900000000198e+05 -1.736861000000000033e+01 -9.857365999999999531e+02
2.318346900000000023e+05 -1.696431000000000111e+01 -9.764518000000000484e+02
2.318348900000000140e+05 -1.643879000000000090e+01 -9.858432999999999993e+02
2.318350899999999965e+05 -1.714995000000000047e+01 -9.768174999999999955e+02
2.318352900000000081e+05 -1.567146999999999935e+01 -9.868970000000000482e+02
2.318354900000000198e+05 -1.616047000000000011e+01 -9.908754999999999882e+02
2.318356900000000023e+05 -1.827390000000000114e+01 -9.936480999999999995e+02
2.318358900000000140e+05 -1.700344000000000122e+01 -9.813979000000000497e+02
2.318360899999999965e+05 -1.645773000000000152e+01 -9.880914000000000215e+02
2.318362900000000081e+05 -1.640606999999999971e+01 -9.804248999999999796e+02
2.318364900000000198e+05 -1.675345000000000084e+01 -9.899201000000000477e+02
2.318366900000000023e+05 -1.672125000000000128e+01 -9.786760000000000446e+02
2.318368900000000140e+05 -1.619094000000000122e+01 -9.838070999999999913e+02
2.318370899999999965e+05 -1.580049999999999955e+01 -9.862765000000000555e+02
2.318372900000000081e+05 -1.594843000000000011e+01 -9.852698000000000320e+02
