# Time finished:
# 2015-06-02 18.09.48
# Temp volt start:
# 1.5326831
# Temp volt stop:
# 1.5326831
# Approx start T:
# -348.421324125
# Approx stop T:
# -348.200276029
# DC bias measured, messed up:
# 4.000303
# DC bias we asked for:
# 4
2.317070199999999895e+05 -5.968085999999999558e+00 9.140825999999999851e+01
2.317072200000000012e+05 -1.715556000000000125e+01 2.301231999999999971e+02
2.317074199999999837e+05 -5.725143000000000093e+00 5.589215000000000089e+01
2.317076199999999953e+05 -8.036856000000000222e+00 1.437108000000000061e+02
2.317078199999999779e+05 -1.313822000000000045e+01 -9.651128999999999181e+00
2.317080199999999895e+05 -5.271345000000000169e+00 7.260548000000000002e+01
2.317082200000000012e+05 -8.612904000000000337e+00 1.487129999999999939e+02
2.317084199999999837e+05 -1.667765999999999948e+01 3.183281000000000063e+02
2.317086199999999953e+05 -6.229688000000000336e+00 4.074239999999999782e+02
2.317088199999999779e+05 -5.062638999999999889e+00 4.590167000000000144e+02
2.317090199999999895e+05 -9.163304000000000116e+00 5.035246000000000208e+02
2.317092200000000012e+05 -2.016450999999999993e+01 6.247300999999999931e+02
2.317094199999999837e+05 -9.511245999999999867e+00 7.323337000000000216e+02
2.317096199999999953e+05 -5.198277000000000037e+00 7.647867999999999711e+02
2.317098199999999779e+05 -4.183889999999999887e+00 7.876396999999999480e+02
2.317100199999999895e+05 -3.939252000000000198e+00 8.026314999999999600e+02
2.317102200000000012e+05 -5.365915000000000212e+00 8.114352000000000089e+02
2.317104199999999837e+05 -5.863241999999999621e+00 8.171101999999999634e+02
2.317106199999999953e+05 -7.986100000000000421e+00 8.077444000000000415e+02
2.317108199999999779e+05 -8.982499000000000677e+00 7.934111000000000331e+02
2.317110199999999895e+05 -9.456445000000000434e+00 7.682789000000000215e+02
2.317112200000000012e+05 -9.068023000000000167e+00 7.384405000000000427e+02
2.317114199999999837e+05 -7.945537999999999990e+00 7.085135999999999967e+02
2.317116199999999953e+05 -7.225178999999999796e+00 6.699255000000000564e+02
2.317118199999999779e+05 -5.073370999999999853e+00 6.249927000000000135e+02
2.317120199999999895e+05 -4.217424000000000284e+00 5.818541000000000167e+02
2.317122200000000012e+05 -3.108490999999999893e+00 5.279117999999999711e+02
2.317124199999999837e+05 -3.383023000000000113e+00 4.751225000000000023e+02
2.317126199999999953e+05 -4.608490999999999893e+00 4.095274999999999750e+02
2.317128199999999779e+05 -6.551097999999999644e+00 3.174825999999999908e+02
2.317130199999999895e+05 -5.038343000000000238e+00 2.136045000000000016e+02
2.317132200000000012e+05 -3.312149999999999928e+00 1.267703000000000060e+02
2.317134199999999837e+05 -4.915757000000000154e+00 3.374078999999999695e+01
2.317136199999999953e+05 -6.856084000000000067e+00 -9.730518999999999608e+01
2.317138199999999779e+05 -3.464179000000000119e+00 -2.205160999999999945e+02
2.317140199999999895e+05 -4.996659000000000184e+00 -3.326857999999999720e+02
2.317142200000000012e+05 -6.220749999999999780e+00 -4.960912000000000148e+02
2.317144199999999837e+05 -3.290739999999999998e+00 -6.282593000000000529e+02
2.317146199999999953e+05 -7.653512000000000093e+00 -7.907868999999999460e+02
2.317148199999999779e+05 -3.714020000000000099e+00 -9.581914000000000442e+02
2.317150199999999895e+05 -7.667838999999999849e+00 -1.124257000000000062e+03
2.317152200000000012e+05 -3.219676000000000204e+00 -9.562192999999999756e+02
2.317154199999999837e+05 -7.224293000000000298e+00 -7.804438000000000102e+02
2.317156199999999953e+05 -3.500214000000000159e+00 -6.211407000000000380e+02
2.317158199999999779e+05 -7.488306999999999825e+00 -4.752574000000000183e+02
2.317160199999999895e+05 -4.330887999999999849e+00 -3.088983999999999810e+02
2.317162200000000012e+05 -4.462871999999999950e+00 -1.988369999999999891e+02
2.317164199999999837e+05 -8.456913000000000125e+00 -5.138745000000000118e+01
2.317166199999999953e+05 -3.757950999999999819e+00 6.775527999999999906e+01
2.317168199999999779e+05 -4.614444999999999908e+00 1.588824999999999932e+02
2.317170199999999895e+05 -8.669926999999999495e+00 2.689519000000000233e+02
2.317172200000000012e+05 -5.647353999999999985e+00 3.863632000000000062e+02
2.317174199999999837e+05 -3.725906000000000162e+00 4.557613999999999805e+02
2.317176199999999953e+05 -4.681182999999999872e+00 5.197101000000000113e+02
2.317178199999999779e+05 -7.470354999999999634e+00 5.832894000000000005e+02
2.317180199999999895e+05 -8.523842000000000141e+00 6.684453999999999496e+02
2.317182200000000012e+05 -6.574930000000000163e+00 7.292797000000000480e+02
2.317184199999999837e+05 -4.663698000000000121e+00 7.691796000000000504e+02
2.317186199999999953e+05 -4.212119999999999642e+00 8.004677000000000362e+02
2.317188199999999779e+05 -4.135657000000000139e+00 8.187595999999999776e+02
2.317190199999999895e+05 -4.145234999999999559e+00 8.335198000000000320e+02
2.317192200000000012e+05 -4.166529999999999845e+00 8.398528000000000020e+02
2.317194199999999837e+05 -4.453140999999999572e+00 8.436938000000000102e+02
2.317196199999999953e+05 -4.334386000000000294e+00 8.374714999999999918e+02
2.317198199999999779e+05 -3.919599999999999973e+00 8.262036000000000513e+02
2.317200199999999895e+05 -4.669995000000000118e+00 8.068982999999999493e+02
2.317202200000000012e+05 -4.805222999999999800e+00 7.842086000000000467e+02
2.317204199999999837e+05 -6.439341999999999899e+00 7.489360000000000355e+02
2.317206199999999953e+05 -9.019899000000000555e+00 6.999384999999999764e+02
2.317208199999999779e+05 -1.068873999999999924e+01 6.189565000000000055e+02
2.317210199999999895e+05 -7.160664999999999836e+00 5.412173000000000229e+02
2.317212200000000012e+05 -4.758378999999999692e+00 4.794995000000000118e+02
2.317214199999999837e+05 -5.362801000000000151e+00 4.179494000000000256e+02
2.317216199999999953e+05 -1.047922999999999938e+01 3.339214000000000055e+02
2.317218199999999779e+05 -8.613265000000000171e+00 1.919449999999999932e+02
2.317220199999999895e+05 -5.152290999999999954e+00 1.045434000000000054e+02
2.317222200000000012e+05 -8.699104000000000170e+00 1.079593999999999987e+01
2.317224199999999837e+05 -8.919178000000000495e+00 -1.555460999999999956e+02
2.317226199999999953e+05 -5.114094999999999835e+00 -2.672336000000000240e+02
2.317228199999999779e+05 -1.147150000000000070e+01 -3.908831000000000131e+02
2.317230199999999895e+05 -5.798386999999999958e+00 -2.134712000000000103e+02
2.317232200000000012e+05 -7.664126000000000438e+00 -3.336123000000000047e+02
2.317234199999999837e+05 -8.111107999999999763e+00 -1.866602000000000032e+02
2.317236199999999953e+05 -6.589567999999999870e+00 -3.146166000000000054e+02
2.317238199999999779e+05 -8.215662000000000020e+00 -1.805945000000000107e+02
2.317240199999999895e+05 -7.090654999999999930e+00 -3.278326999999999884e+02
2.317242200000000012e+05 -6.784958999999999740e+00 -2.079594999999999914e+02
2.317244199999999837e+05 -1.051234000000000002e+01 -3.748378000000000156e+02
2.317246199999999953e+05 -5.343392999999999837e+00 -2.569332999999999743e+02
2.317248199999999779e+05 -1.098605000000000054e+01 -1.408922000000000025e+02
2.317250199999999895e+05 -8.282996000000000691e+00 3.054608999999999952e+01
2.317252200000000012e+05 -6.238332999999999906e+00 1.161697000000000060e+02
2.317254199999999837e+05 -1.101577999999999946e+01 2.057146999999999935e+02
2.317256199999999953e+05 -1.027946999999999989e+01 3.612275000000000205e+02
2.317258199999999779e+05 -6.285573000000000299e+00 4.403729999999999905e+02
2.317260199999999895e+05 -6.889545000000000030e+00 4.940507999999999811e+02
2.317262200000000012e+05 -1.179307000000000016e+01 5.641068999999999960e+02
2.317264199999999837e+05 -1.346127000000000073e+01 6.757122000000000526e+02
2.317266199999999953e+05 -9.620298000000000016e+00 7.445814000000000306e+02
2.317268199999999779e+05 -6.947845000000000049e+00 7.828097999999999956e+02
2.317270199999999895e+05 -6.678601999999999705e+00 8.133383000000000038e+02
