# Time finished:
# 2015-06-04 07.18.55
# Temp volt start:
# 0.96963373
# Temp volt stop:
# 0.96963373
# Approx start T:
# 109.072183458
# Approx stop T:
# 109.09211885
# DC bias measured, messed up:
# 3.999404
# DC bias we asked for:
# 4
2.318649299999999930e+05 -1.442717999999999989e+01 7.464002999999999588e+01
2.318651300000000047e+05 -1.479461000000000048e+01 7.843090999999999724e+01
2.318653299999999872e+05 -1.604162000000000177e+01 8.215448000000000661e+01
2.318655299999999988e+05 -1.567414999999999914e+01 9.183033000000000357e+01
2.318657299999999814e+05 -1.517069000000000045e+01 9.085444999999999993e+01
2.318659299999999930e+05 -1.417048999999999914e+01 8.667739000000000260e+01
2.318661300000000047e+05 -1.377370999999999945e+01 7.918036999999999637e+01
2.318663299999999872e+05 -1.489650999999999925e+01 7.696577000000000623e+01
2.318665299999999988e+05 -1.445156000000000063e+01 8.678831999999999880e+01
2.318667299999999814e+05 -1.368290999999999968e+01 9.212721000000000515e+01
2.318669299999999930e+05 -1.267149000000000036e+01 8.171205999999999392e+01
2.318671300000000047e+05 -1.443083000000000027e+01 8.174227000000000487e+01
2.318673299999999872e+05 -1.553702000000000005e+01 9.051014000000000692e+01
2.318675299999999988e+05 -1.424169999999999980e+01 8.939642000000000621e+01
2.318677299999999814e+05 -1.417482000000000042e+01 8.921957999999999345e+01
2.318679299999999930e+05 -1.445889000000000024e+01 8.984533999999999310e+01
2.318681300000000047e+05 -1.421442000000000050e+01 7.801138000000000261e+01
2.318683299999999872e+05 -1.380183000000000071e+01 8.714977000000000373e+01
2.318685299999999988e+05 -1.427885000000000026e+01 8.216862999999999317e+01
2.318687299999999814e+05 -1.435726000000000013e+01 9.429466999999999643e+01
2.318689299999999930e+05 -1.410369999999999990e+01 8.482581000000000415e+01
2.318691300000000047e+05 -1.373611000000000004e+01 8.325806000000000040e+01
2.318693299999999872e+05 -1.450127999999999950e+01 8.075741999999999621e+01
2.318695299999999988e+05 -1.357637000000000072e+01 8.829881000000000313e+01
2.318697299999999814e+05 -1.429044000000000025e+01 8.691167000000000087e+01
2.318699299999999930e+05 -1.299825000000000053e+01 8.509704000000000690e+01
2.318701300000000047e+05 -1.330133000000000010e+01 8.132017999999999347e+01
2.318703299999999872e+05 -1.334708000000000006e+01 8.881412000000000262e+01
2.318705299999999988e+05 -1.314756999999999998e+01 7.758030999999999722e+01
2.318707299999999814e+05 -1.246193000000000062e+01 7.879227000000000203e+01
2.318709299999999930e+05 -1.273568000000000033e+01 7.411017999999999972e+01
2.318711300000000047e+05 -1.230146000000000051e+01 7.914835999999999672e+01
2.318713299999999872e+05 -1.160716999999999999e+01 7.161754999999999427e+01
2.318715299999999988e+05 -1.161214999999999975e+01 7.126668999999999699e+01
2.318717299999999814e+05 -1.121765000000000079e+01 6.713593000000000188e+01
2.318719299999999930e+05 -1.014218999999999937e+01 6.339480999999999966e+01
2.318721300000000047e+05 -9.703391999999999129e+00 6.254762000000000199e+01
2.318723299999999872e+05 -9.498898999999999759e+00 6.059855000000000302e+01
2.318725299999999988e+05 -8.811056000000000665e+00 5.305790999999999968e+01
2.318727299999999814e+05 -7.983297000000000310e+00 4.127400999999999698e+01
2.318729299999999930e+05 -7.308836999999999584e+00 2.820739000000000019e+01
2.318731300000000047e+05 -6.233522999999999925e+00 1.227050999999999981e+01
2.318733299999999872e+05 -5.871895999999999560e+00 -8.107295999999999836e+00
2.318735299999999988e+05 -5.369426999999999950e+00 -3.428553999999999746e+01
2.318737299999999814e+05 -4.705104000000000397e+00 -6.927682000000000073e+01
2.318739299999999930e+05 -4.753383000000000358e+00 -1.075678000000000054e+02
2.318741300000000047e+05 -4.136425000000000018e+00 -1.566785999999999888e+02
2.318743299999999872e+05 -4.024009999999999643e+00 -2.082101000000000113e+02
2.318745299999999988e+05 -4.982489000000000168e+00 -2.599934000000000083e+02
2.318747299999999814e+05 -7.101750000000000007e+00 -3.291385999999999967e+02
2.318749299999999930e+05 -9.640278999999999598e+00 -4.194821000000000026e+02
2.318751300000000047e+05 -7.812916999999999668e+00 -5.248232000000000426e+02
2.318753299999999872e+05 -6.281996000000000357e+00 -6.059147000000000389e+02
2.318755299999999988e+05 -9.181020999999999432e+00 -6.914470000000000027e+02
2.318757299999999814e+05 -1.273518999999999934e+01 -8.420007000000000517e+02
2.318759299999999930e+05 -7.410554999999999559e+00 -9.534153000000000020e+02
2.318761300000000047e+05 -1.137920000000000087e+01 -1.048773999999999887e+03
2.318763299999999872e+05 -1.282944999999999958e+01 -8.829053000000000111e+02
2.318765299999999988e+05 -8.635236000000000800e+00 -9.936355999999999540e+02
2.318767299999999814e+05 -1.885745999999999967e+01 -1.160428000000000111e+03
2.318769299999999930e+05 -9.194516000000000133e+00 -1.331688000000000102e+03
2.318771300000000047e+05 -2.038234999999999886e+01 -1.457936999999999898e+03
2.318773299999999872e+05 -1.019035000000000046e+01 -1.323188000000000102e+03
2.318775299999999988e+05 -2.099964999999999904e+01 -1.466542999999999893e+03
2.318777299999999814e+05 -1.049066000000000010e+01 -1.336785000000000082e+03
2.318779299999999930e+05 -2.218666999999999945e+01 -1.255710000000000036e+03
2.318781300000000047e+05 -1.291721000000000075e+01 -1.374892000000000053e+03
2.318783299999999872e+05 -1.331691999999999965e+01 -1.300284000000000106e+03
2.318785299999999988e+05 -2.137735999999999947e+01 -1.414205999999999904e+03
2.318787299999999814e+05 -1.294739000000000040e+01 -1.355968000000000075e+03
2.318789299999999930e+05 -1.430911000000000044e+01 -1.306625000000000000e+03
2.318791300000000047e+05 -2.835103000000000151e+01 -1.364864000000000033e+03
2.318793299999999872e+05 -1.474935999999999936e+01 -1.370422000000000025e+03
2.318795299999999988e+05 -1.259370999999999974e+01 -1.336260999999999967e+03
2.318797299999999814e+05 -1.666980999999999824e+01 -1.313789999999999964e+03
2.318799299999999930e+05 -2.251313000000000031e+01 -1.311557000000000016e+03
2.318801300000000047e+05 -2.079386999999999830e+01 -1.365632000000000062e+03
2.318803299999999872e+05 -1.590883999999999965e+01 -1.367979000000000042e+03
2.318805299999999988e+05 -1.395874000000000059e+01 -1.351817999999999984e+03
2.318807299999999814e+05 -1.432499999999999929e+01 -1.345489000000000033e+03
2.318809299999999930e+05 -1.373520000000000074e+01 -1.336801999999999907e+03
2.318811300000000047e+05 -1.526296999999999926e+01 -1.331279999999999973e+03
2.318813299999999872e+05 -1.580114000000000019e+01 -1.324481999999999971e+03
2.318815299999999988e+05 -1.543828000000000067e+01 -1.328034000000000106e+03
2.318817299999999814e+05 -1.554160000000000075e+01 -1.331537000000000035e+03
2.318819299999999930e+05 -1.539043000000000028e+01 -1.337273999999999887e+03
2.318821300000000047e+05 -1.485773000000000010e+01 -1.333541999999999916e+03
2.318823299999999872e+05 -1.493140999999999963e+01 -1.345391000000000076e+03
2.318825299999999988e+05 -1.488249000000000066e+01 -1.354801999999999907e+03
2.318827299999999814e+05 -1.564489000000000019e+01 -1.355928000000000111e+03
2.318829299999999930e+05 -1.672303000000000139e+01 -1.351306000000000040e+03
2.318831300000000047e+05 -1.723704999999999998e+01 -1.346778000000000020e+03
2.318833299999999872e+05 -1.700996999999999915e+01 -1.339595000000000027e+03
2.318835299999999988e+05 -1.552617000000000047e+01 -1.345415999999999940e+03
2.318837299999999814e+05 -1.564056000000000068e+01 -1.346402000000000044e+03
2.318839299999999930e+05 -1.753962999999999894e+01 -1.332167999999999893e+03
2.318841300000000047e+05 -1.604838000000000164e+01 -1.342965999999999894e+03
2.318843299999999872e+05 -1.630648000000000053e+01 -1.345021999999999935e+03
2.318845299999999988e+05 -1.727701000000000064e+01 -1.351441000000000031e+03
2.318847299999999814e+05 -1.594546000000000063e+01 -1.338863000000000056e+03
2.318849299999999930e+05 -1.680839999999999890e+01 -1.342194999999999936e+03
