# Time finished:
# 2015-06-03 19.02.24
# Temp volt start:
# 1.0117237
# Temp volt stop:
# 1.0117237
# Approx start T:
# 85.9955615121
# Approx stop T:
# 85.9912323035
# DC bias measured, messed up:
# 3.999527
# DC bias we asked for:
# 4
2.318207900000000081e+05 -1.482207000000000008e+01 8.868188999999999567e+01
2.318209900000000198e+05 -1.450154999999999994e+01 8.970149999999999579e+01
2.318211900000000023e+05 -1.427443000000000062e+01 8.936292000000000257e+01
2.318213900000000140e+05 -1.495628999999999920e+01 8.119185000000000230e+01
2.318215899999999965e+05 -1.500371999999999950e+01 8.493957000000000335e+01
2.318217900000000081e+05 -1.595012999999999970e+01 8.540707000000000448e+01
2.318219900000000198e+05 -1.466742999999999952e+01 8.602125999999999806e+01
2.318221900000000023e+05 -1.397105999999999959e+01 8.859225000000000705e+01
2.318223900000000140e+05 -1.549155999999999977e+01 9.015636999999999546e+01
2.318225899999999965e+05 -1.418213000000000079e+01 8.453149000000000513e+01
2.318227900000000081e+05 -1.465291999999999994e+01 8.812172999999999945e+01
2.318229900000000198e+05 -1.471771000000000029e+01 8.509287000000000489e+01
2.318231900000000023e+05 -1.335712000000000010e+01 8.615740999999999872e+01
2.318233900000000140e+05 -1.430349999999999966e+01 8.493641999999999825e+01
2.318235899999999965e+05 -1.466779999999999973e+01 9.282362000000000535e+01
2.318237900000000081e+05 -1.394491000000000014e+01 8.770135000000000502e+01
2.318239900000000198e+05 -1.457723000000000013e+01 8.555396000000000356e+01
2.318241900000000023e+05 -1.411884000000000050e+01 8.261432000000000642e+01
2.318243900000000140e+05 -1.421538999999999930e+01 8.618260999999999683e+01
2.318245899999999965e+05 -1.405650999999999939e+01 8.516652999999999452e+01
2.318247900000000081e+05 -1.341173999999999999e+01 8.459775999999999385e+01
2.318249900000000198e+05 -1.361713999999999913e+01 7.755640999999999963e+01
2.318251900000000023e+05 -1.362153999999999954e+01 8.478173999999999921e+01
2.318253900000000140e+05 -1.332152999999999921e+01 7.876166000000000622e+01
2.318255899999999965e+05 -1.274628000000000050e+01 8.167288999999999533e+01
2.318257900000000081e+05 -1.346889999999999965e+01 8.453461000000000070e+01
2.318259900000000198e+05 -1.272227999999999959e+01 8.321023999999999887e+01
2.318261900000000023e+05 -1.348379000000000083e+01 7.798712999999999340e+01
2.318263900000000140e+05 -1.325788000000000011e+01 8.020960999999999785e+01
2.318265899999999965e+05 -1.263469000000000086e+01 7.565104999999999791e+01
2.318267900000000081e+05 -1.287504000000000026e+01 7.663563000000000613e+01
2.318269900000000198e+05 -1.224488000000000021e+01 7.565437000000000012e+01
2.318271900000000023e+05 -1.174036000000000080e+01 6.892266999999999655e+01
2.318273900000000140e+05 -1.189859000000000044e+01 6.932017999999999347e+01
2.318275899999999965e+05 -1.074597999999999942e+01 6.803471000000000402e+01
2.318277900000000081e+05 -1.008153000000000077e+01 5.988752000000000209e+01
2.318279900000000198e+05 -9.428739999999999455e+00 5.859002999999999872e+01
2.318281900000000023e+05 -9.204083000000000681e+00 4.705850000000000222e+01
2.318283900000000140e+05 -8.037055999999999756e+00 3.892450999999999794e+01
2.318285899999999965e+05 -6.956726999999999883e+00 2.878575999999999979e+01
2.318287900000000081e+05 -6.470119000000000398e+00 1.090551999999999921e+01
2.318289900000000198e+05 -6.156889999999999752e+00 -9.822257000000000460e+00
2.318291900000000023e+05 -5.543885000000000396e+00 -3.892605999999999966e+01
2.318293900000000140e+05 -5.353736999999999746e+00 -7.096348999999999307e+01
2.318295899999999965e+05 -5.076143000000000072e+00 -1.156394999999999982e+02
2.318297900000000081e+05 -4.568001999999999896e+00 -1.598157999999999959e+02
2.318299900000000198e+05 -4.435482999999999620e+00 -2.105558000000000050e+02
2.318301900000000023e+05 -5.764574999999999783e+00 -2.651514000000000237e+02
2.318303900000000140e+05 -7.958966000000000207e+00 -3.297328999999999724e+02
2.318305899999999965e+05 -1.082943999999999996e+01 -4.286515999999999735e+02
2.318307900000000081e+05 -8.801178999999999419e+00 -5.320498000000000047e+02
2.318309900000000198e+05 -6.829026999999999958e+00 -6.092459000000000060e+02
2.318311900000000023e+05 -1.091940999999999917e+01 -6.947437999999999647e+02
2.318313900000000140e+05 -1.461927000000000021e+01 -8.599743999999999460e+02
2.318315899999999965e+05 -8.795045999999999253e+00 -9.569049999999999727e+02
2.318317900000000081e+05 -1.300981999999999950e+01 -1.052855999999999995e+03
2.318319900000000198e+05 -1.343497999999999948e+01 -8.963854000000000042e+02
2.318321900000000023e+05 -1.013292000000000037e+01 -9.983110000000000355e+02
2.318323900000000140e+05 -2.429127000000000081e+01 -8.406475000000000364e+02
2.318325899999999965e+05 -9.867093999999999809e+00 -9.756237999999999602e+02
2.318327900000000081e+05 -2.297306000000000026e+01 -1.106064000000000078e+03
2.318329900000000198e+05 -1.059957999999999956e+01 -9.702926999999999680e+02
2.318331900000000023e+05 -3.400401999999999703e+01 -1.121949000000000069e+03
2.318333900000000140e+05 -1.171822000000000052e+01 -9.875687000000000353e+02
2.318335899999999965e+05 -2.039671999999999841e+01 -9.237109000000000378e+02
2.318337900000000081e+05 -1.370965999999999951e+01 -1.018826000000000022e+03
2.318339900000000198e+05 -1.463899999999999935e+01 -9.501445999999999685e+02
2.318341900000000023e+05 -2.542878999999999934e+01 -1.006591000000000008e+03
2.318343900000000140e+05 -1.336130999999999958e+01 -9.979320999999999913e+02
2.318345899999999965e+05 -1.398212000000000010e+01 -9.601190000000000282e+02
2.318347900000000081e+05 -2.287009000000000114e+01 -9.710012000000000398e+02
2.318349900000000198e+05 -1.749468999999999852e+01 -1.015001999999999953e+03
2.318351900000000023e+05 -1.392253999999999969e+01 -9.858532000000000153e+02
2.318353900000000140e+05 -1.493393999999999977e+01 -9.660907999999999447e+02
2.318355899999999965e+05 -1.832848999999999862e+01 -9.577083000000000084e+02
2.318357900000000081e+05 -2.073744999999999905e+01 -9.964524000000000115e+02
2.318359900000000198e+05 -1.640887000000000029e+01 -1.009871999999999957e+03
2.318361900000000023e+05 -1.447812000000000054e+01 -9.953280999999999494e+02
2.318363900000000140e+05 -1.380002999999999957e+01 -9.882350000000000136e+02
2.318365899999999965e+05 -1.637372999999999834e+01 -9.820245999999999640e+02
2.318367900000000081e+05 -1.485341999999999985e+01 -9.755976000000000568e+02
2.318369900000000198e+05 -1.508102000000000054e+01 -9.790117000000000189e+02
2.318371900000000023e+05 -1.443886000000000003e+01 -9.808719999999999573e+02
2.318373900000000140e+05 -1.484758000000000067e+01 -9.814779999999999518e+02
2.318375899999999965e+05 -1.646643999999999863e+01 -9.872233999999999696e+02
2.318377900000000081e+05 -1.525201000000000029e+01 -9.905838999999999714e+02
2.318379900000000198e+05 -1.660782000000000025e+01 -9.851779999999999973e+02
2.318381900000000023e+05 -1.518768999999999991e+01 -9.939320999999999913e+02
2.318383900000000140e+05 -1.622174000000000049e+01 -9.890539999999999736e+02
2.318385899999999965e+05 -1.782470999999999961e+01 -9.894782999999999902e+02
2.318387900000000081e+05 -1.601569999999999894e+01 -9.819686000000000377e+02
2.318389900000000198e+05 -1.560280000000000022e+01 -9.822065000000000055e+02
2.318391900000000023e+05 -1.686418000000000106e+01 -9.865436999999999443e+02
2.318393900000000140e+05 -1.606180000000000163e+01 -9.928645999999999958e+02
2.318395899999999965e+05 -1.626005999999999929e+01 -9.848531000000000404e+02
2.318397900000000081e+05 -1.565084000000000053e+01 -9.862219000000000051e+02
2.318399900000000198e+05 -1.578185000000000038e+01 -9.816042999999999665e+02
2.318401900000000023e+05 -1.696809999999999974e+01 -9.852408000000000357e+02
2.318403900000000140e+05 -1.547124999999999950e+01 -9.753645999999999958e+02
2.318405899999999965e+05 -1.646736999999999895e+01 -9.800771999999999480e+02
2.318407900000000081e+05 -1.612836000000000070e+01 -9.783836000000000013e+02
