# Time finished:
# 2015-06-04 08.14.00
# Temp volt start:
# 0.96166743
# Temp volt stop:
# 0.96166743
# Approx start T:
# 113.314293242
# Approx stop T:
# 113.342405353
# DC bias measured, messed up:
# 3.999416
# DC bias we asked for:
# 4
2.318723699999999953e+05 -1.532316999999999929e+01 8.560813000000000272e+01
2.318725700000000070e+05 -1.608857000000000070e+01 9.678351999999999578e+01
2.318727699999999895e+05 -1.506230000000000047e+01 9.745667000000000257e+01
2.318729700000000012e+05 -1.341613000000000078e+01 9.522377000000000180e+01
2.318731699999999837e+05 -1.325281999999999982e+01 8.291132000000000346e+01
2.318733699999999953e+05 -1.453364999999999974e+01 8.149338000000000193e+01
2.318735700000000070e+05 -1.545620000000000083e+01 8.537680000000000291e+01
2.318737699999999895e+05 -1.597386999999999979e+01 8.984014999999999418e+01
2.318739700000000012e+05 -1.423412000000000077e+01 8.903028999999999371e+01
2.318741699999999837e+05 -1.348318000000000083e+01 8.293937999999999988e+01
2.318743699999999953e+05 -1.474441000000000024e+01 8.143224999999999625e+01
2.318745700000000070e+05 -1.473719999999999963e+01 8.831834000000000628e+01
2.318747699999999895e+05 -1.351889000000000074e+01 8.105534000000000106e+01
2.318749700000000012e+05 -1.372314000000000078e+01 8.514330999999999960e+01
2.318751699999999837e+05 -1.429621000000000031e+01 8.855975999999999715e+01
2.318753699999999953e+05 -1.431640999999999941e+01 8.111499999999999488e+01
2.318755700000000070e+05 -1.466661000000000037e+01 8.814149999999999352e+01
2.318757699999999895e+05 -1.322968000000000011e+01 8.831122000000000583e+01
2.318759700000000012e+05 -1.490808000000000000e+01 8.668654999999999688e+01
2.318761699999999837e+05 -1.337294999999999945e+01 8.694422000000000139e+01
2.318763699999999953e+05 -1.290465000000000018e+01 8.606174000000000035e+01
2.318765700000000070e+05 -1.322053999999999974e+01 7.618967999999999563e+01
2.318767699999999895e+05 -1.373653999999999975e+01 8.761347999999999558e+01
2.318769700000000012e+05 -1.361252999999999957e+01 7.453633999999999560e+01
2.318771699999999837e+05 -1.329383999999999943e+01 8.028315000000000623e+01
2.318773699999999953e+05 -1.400477000000000061e+01 8.754119000000000028e+01
2.318775700000000070e+05 -1.306231999999999971e+01 8.140915999999999997e+01
2.318777699999999895e+05 -1.311044000000000054e+01 7.611503000000000441e+01
2.318779700000000012e+05 -1.295691000000000059e+01 8.222120999999999924e+01
2.318781699999999837e+05 -1.301446999999999932e+01 7.699594000000000449e+01
2.318783699999999953e+05 -1.213860000000000028e+01 7.866912999999999556e+01
2.318785700000000070e+05 -1.178007000000000026e+01 8.095306999999999675e+01
2.318787699999999895e+05 -1.145815999999999946e+01 7.897234000000000265e+01
2.318789700000000012e+05 -1.196790999999999983e+01 7.282106000000000279e+01
2.318791699999999837e+05 -1.116755000000000031e+01 6.650092999999999677e+01
2.318793699999999953e+05 -1.044722999999999935e+01 6.876559000000000310e+01
2.318795700000000070e+05 -9.919081999999999510e+00 6.088378999999999763e+01
2.318797699999999895e+05 -9.089297000000000182e+00 5.668551000000000073e+01
2.318799700000000012e+05 -8.876094000000000150e+00 4.957016000000000133e+01
2.318801699999999837e+05 -8.083790000000000475e+00 3.920313999999999766e+01
2.318803699999999953e+05 -6.932012000000000285e+00 2.729146000000000072e+01
2.318805700000000070e+05 -6.565630999999999773e+00 9.779723999999999862e+00
2.318807699999999895e+05 -5.715003000000000277e+00 -1.271950999999999965e+01
2.318809700000000012e+05 -5.182959000000000316e+00 -4.026577000000000339e+01
2.318811699999999837e+05 -4.948323000000000249e+00 -7.561432999999999538e+01
2.318813699999999953e+05 -4.186198000000000086e+00 -1.161834000000000060e+02
2.318815700000000070e+05 -3.990575000000000205e+00 -1.641810000000000116e+02
2.318817699999999895e+05 -4.352039999999999687e+00 -2.161665000000000134e+02
2.318819700000000012e+05 -5.005671999999999677e+00 -2.706279999999999859e+02
2.318821699999999837e+05 -7.544203000000000436e+00 -3.403718999999999824e+02
2.318823699999999953e+05 -1.015530000000000044e+01 -4.372857000000000198e+02
2.318825700000000070e+05 -7.079316000000000386e+00 -5.376996000000000322e+02
2.318827699999999895e+05 -6.536392000000000202e+00 -6.201502000000000407e+02
2.318829700000000012e+05 -1.024105999999999916e+01 -7.116180000000000518e+02
2.318831699999999837e+05 -1.109198999999999913e+01 -8.632459999999999809e+02
2.318833699999999953e+05 -7.911243999999999943e+00 -9.693613000000000284e+02
2.318835700000000070e+05 -1.286538999999999966e+01 -1.074511999999999944e+03
2.318837699999999895e+05 -1.098836999999999975e+01 -9.091109999999999900e+02
2.318839700000000012e+05 -8.827883999999999176e+00 -1.010849000000000046e+03
2.318841699999999837e+05 -1.828340999999999994e+01 -8.508568999999999960e+02
2.318843699999999953e+05 -9.120564999999999145e+00 -9.850262000000000171e+02
2.318845700000000070e+05 -2.350320999999999927e+01 -8.109415000000000191e+02
2.318847699999999895e+05 -9.724814999999999543e+00 -9.804272999999999456e+02
2.318849700000000012e+05 -2.241625000000000156e+01 -8.561695999999999458e+02
2.318851699999999837e+05 -1.103092999999999968e+01 -9.995624000000000251e+02
2.318853699999999953e+05 -1.626773999999999987e+01 -9.157069999999999936e+02
2.318855700000000070e+05 -1.456635999999999953e+01 -1.031839999999999918e+03
2.318857699999999895e+05 -1.146474000000000082e+01 -9.640557999999999765e+02
2.318859700000000012e+05 -2.957397999999999882e+01 -9.282382000000000062e+02
2.318861699999999837e+05 -1.305133000000000010e+01 -1.011578999999999951e+03
2.318863699999999953e+05 -1.220964000000000027e+01 -9.593925000000000409e+02
2.318865700000000070e+05 -2.056238000000000099e+01 -9.478862000000000307e+02
2.318867699999999895e+05 -1.785883000000000109e+01 -1.036268000000000029e+03
2.318869700000000012e+05 -1.307802000000000042e+01 -9.994901999999999589e+02
2.318871699999999837e+05 -1.360266000000000020e+01 -9.656552000000000362e+02
2.318873699999999953e+05 -1.657046000000000063e+01 -9.617323000000000093e+02
2.318875700000000070e+05 -2.165040000000000120e+01 -9.700172000000000025e+02
2.318877699999999895e+05 -1.990774000000000044e+01 -1.006193999999999960e+03
2.318879700000000012e+05 -1.639159000000000077e+01 -1.002635999999999967e+03
2.318881699999999837e+05 -1.443127999999999922e+01 -1.001893000000000029e+03
2.318883699999999953e+05 -1.362547999999999959e+01 -9.912975999999999885e+02
2.318885700000000070e+05 -1.375483000000000011e+01 -9.892019999999999982e+02
2.318887699999999895e+05 -1.391783000000000037e+01 -9.807558999999999969e+02
2.318889700000000012e+05 -1.438751000000000069e+01 -9.848493999999999460e+02
2.318891699999999837e+05 -1.437429000000000023e+01 -9.905947999999999638e+02
2.318893699999999953e+05 -1.462857999999999947e+01 -9.879732999999999947e+02
2.318895700000000070e+05 -1.483708999999999989e+01 -9.943046000000000504e+02
2.318897699999999895e+05 -1.586965000000000003e+01 -9.946005999999999858e+02
2.318899700000000012e+05 -1.747488999999999848e+01 -9.990778999999999996e+02
2.318901699999999837e+05 -1.752842000000000056e+01 -9.873220999999999776e+02
2.318903699999999953e+05 -1.770703999999999922e+01 -9.734340999999999440e+02
2.318905700000000070e+05 -1.458719999999999928e+01 -9.712648000000000366e+02
2.318907699999999895e+05 -1.523157999999999923e+01 -9.825762999999999465e+02
2.318909700000000012e+05 -1.655115999999999943e+01 -9.868397999999999683e+02
2.318911699999999837e+05 -1.566147999999999918e+01 -9.838994999999999891e+02
2.318913699999999953e+05 -1.691036000000000072e+01 -9.801663999999999533e+02
2.318915700000000070e+05 -1.501670000000000016e+01 -9.858834000000000515e+02
2.318917699999999895e+05 -1.686470999999999876e+01 -9.815374000000000478e+02
2.318919700000000012e+05 -1.637952999999999903e+01 -9.857217000000000553e+02
2.318921699999999837e+05 -1.699088000000000065e+01 -9.928160000000000309e+02
2.318923699999999953e+05 -1.787943999999999889e+01 -9.746797000000000253e+02
