# Time finished:
# 2015-06-04 02.45.22
# Temp volt start:
# 0.99821045
# Temp volt stop:
# 0.99821045
# Approx start T:
# 93.5308080261
# Approx stop T:
# 93.5299563013
# DC bias measured, messed up:
# 3.999367
# DC bias we asked for:
# 4
2.318359299999999930e+05 -1.512401999999999980e+01 8.455388999999999555e+01
2.318361300000000047e+05 -1.486525999999999925e+01 9.333101999999999521e+01
2.318363299999999872e+05 -1.481776999999999944e+01 8.981801000000000101e+01
2.318365299999999988e+05 -1.404887000000000086e+01 8.546755000000000280e+01
2.318367299999999814e+05 -1.486533000000000015e+01 8.803835999999999729e+01
2.318369299999999930e+05 -1.443790000000000084e+01 8.923337999999999681e+01
2.318371300000000047e+05 -1.429391999999999996e+01 8.378963000000000250e+01
2.318373299999999872e+05 -1.428285999999999945e+01 8.816973000000000127e+01
2.318375299999999988e+05 -1.497305000000000064e+01 8.266746999999999446e+01
2.318377299999999814e+05 -1.435482000000000014e+01 7.914974999999999739e+01
2.318379299999999930e+05 -1.488421999999999912e+01 8.814703000000000088e+01
2.318381300000000047e+05 -1.438231999999999999e+01 8.738155999999999324e+01
2.318383299999999872e+05 -1.471859000000000073e+01 8.452622999999999820e+01
2.318385299999999988e+05 -1.407305999999999990e+01 8.758853999999999473e+01
2.318387299999999814e+05 -1.315798999999999985e+01 8.072104000000000212e+01
2.318389299999999930e+05 -1.489390000000000036e+01 8.658392000000000621e+01
2.318391300000000047e+05 -1.453659999999999997e+01 8.801814000000000249e+01
2.318393299999999872e+05 -1.420778999999999925e+01 9.221356000000000108e+01
2.318395299999999988e+05 -1.307760999999999996e+01 8.421994999999999720e+01
2.318397299999999814e+05 -1.449272999999999989e+01 8.720497000000000298e+01
2.318399299999999930e+05 -1.374169999999999980e+01 8.447538000000000125e+01
2.318401300000000047e+05 -1.382253000000000043e+01 7.920372999999999308e+01
2.318403299999999872e+05 -1.354404000000000075e+01 8.062669999999999959e+01
2.318405299999999988e+05 -1.348989000000000082e+01 7.838092000000000326e+01
2.318407299999999814e+05 -1.346463999999999928e+01 8.044912999999999670e+01
2.318409299999999930e+05 -1.275712000000000046e+01 8.331785000000000707e+01
2.318411300000000047e+05 -1.256469000000000058e+01 8.216362999999999772e+01
2.318413299999999872e+05 -1.321378999999999948e+01 7.734456000000000131e+01
2.318415299999999988e+05 -1.226366999999999940e+01 8.279547999999999774e+01
2.318417299999999814e+05 -1.244650000000000034e+01 7.168012000000000228e+01
2.318419299999999930e+05 -1.204433000000000042e+01 7.515753999999999735e+01
2.318421300000000047e+05 -1.145655000000000001e+01 7.292006999999999550e+01
2.318423299999999872e+05 -1.065498999999999974e+01 7.239499000000000706e+01
2.318425299999999988e+05 -1.130358999999999980e+01 6.909496000000000038e+01
2.318427299999999814e+05 -1.066812000000000005e+01 6.124613000000000085e+01
2.318429299999999930e+05 -9.731894999999999740e+00 5.717667999999999751e+01
2.318431300000000047e+05 -9.309542000000000428e+00 5.516832999999999743e+01
2.318433299999999872e+05 -8.362560999999999467e+00 4.387847000000000008e+01
2.318435299999999988e+05 -7.699396000000000129e+00 3.094960000000000022e+01
2.318437299999999814e+05 -7.203618999999999772e+00 1.524695999999999962e+01
2.318439299999999930e+05 -5.923602999999999952e+00 -3.315383999999999887e+00
2.318441300000000047e+05 -5.594924999999999926e+00 -2.610726999999999975e+01
2.318443299999999872e+05 -5.341248000000000218e+00 -6.049613000000000085e+01
2.318445299999999988e+05 -4.854807000000000095e+00 -9.788214000000000681e+01
2.318447299999999814e+05 -4.719884000000000412e+00 -1.458740999999999985e+02
2.318449299999999930e+05 -4.409442000000000306e+00 -1.930334000000000003e+02
2.318451300000000047e+05 -4.765692999999999735e+00 -2.443928999999999974e+02
2.318453299999999872e+05 -6.485421999999999798e+00 -3.041240999999999985e+02
2.318455299999999988e+05 -1.017426000000000030e+01 -3.915142000000000166e+02
2.318457299999999814e+05 -9.282204000000000121e+00 -5.005704999999999814e+02
2.318459299999999930e+05 -6.964821999999999846e+00 -5.840892999999999802e+02
2.318461300000000047e+05 -8.731151999999999802e+00 -6.633369999999999891e+02
2.318463299999999872e+05 -1.490362999999999971e+01 -7.960590999999999440e+02
2.318465299999999988e+05 -8.753624000000000294e+00 -9.265203000000000202e+02
2.318467299999999814e+05 -8.956013999999999697e+00 -1.022230000000000018e+03
2.318469299999999930e+05 -1.779936000000000007e+01 -8.431951999999999998e+02
2.318471300000000047e+05 -9.323263999999999996e+00 -9.680679999999999836e+02
2.318473299999999872e+05 -1.630268999999999835e+01 -1.077285000000000082e+03
2.318475299999999988e+05 -1.034615999999999936e+01 -9.446326000000000249e+02
2.318477299999999814e+05 -1.561238999999999955e+01 -1.041500000000000000e+03
2.318479299999999930e+05 -1.179903000000000013e+01 -9.341684999999999945e+02
2.318481300000000047e+05 -1.550148000000000081e+01 -1.045830999999999904e+03
2.318483299999999872e+05 -1.178031999999999968e+01 -9.509937999999999647e+02
2.318485299999999988e+05 -2.466253000000000029e+01 -1.070269999999999982e+03
2.318487299999999814e+05 -1.190227999999999930e+01 -9.804722000000000435e+02
2.318489299999999930e+05 -2.052433999999999870e+01 -9.218986999999999625e+02
2.318491300000000047e+05 -1.490136000000000038e+01 -1.014412000000000035e+03
2.318493299999999872e+05 -1.285031000000000034e+01 -9.699838999999999487e+02
2.318495299999999988e+05 -2.062458000000000169e+01 -9.564569999999999936e+02
2.318497299999999814e+05 -1.689091000000000165e+01 -1.017625000000000000e+03
2.318499299999999930e+05 -1.300414999999999921e+01 -9.775443999999999960e+02
2.318501300000000047e+05 -1.559892999999999930e+01 -9.446525000000000318e+02
2.318503299999999872e+05 -2.278941000000000017e+01 -9.644963999999999942e+02
2.318505299999999988e+05 -1.684966999999999970e+01 -1.008788999999999987e+03
2.318507299999999814e+05 -1.551075999999999944e+01 -9.984910999999999603e+02
2.318509299999999930e+05 -1.363738999999999990e+01 -9.832116999999999507e+02
2.318511300000000047e+05 -1.501360000000000028e+01 -9.693192999999999984e+02
2.318513299999999872e+05 -1.659006000000000114e+01 -9.671322999999999865e+02
2.318515299999999988e+05 -1.664856999999999942e+01 -9.743306000000000040e+02
2.318517299999999814e+05 -1.859890000000000043e+01 -9.620883000000000038e+02
2.318519299999999930e+05 -1.850447000000000131e+01 -9.732128999999999905e+02
2.318521300000000047e+05 -1.867353999999999914e+01 -9.780044000000000324e+02
2.318523299999999872e+05 -1.877095999999999876e+01 -9.787740000000000009e+02
2.318525299999999988e+05 -1.763701000000000008e+01 -9.762193999999999505e+02
2.318527299999999814e+05 -1.701585000000000036e+01 -9.737898999999999887e+02
2.318529299999999930e+05 -1.735613000000000028e+01 -9.645950000000000273e+02
2.318531300000000047e+05 -1.617971000000000004e+01 -9.707559999999999718e+02
2.318533299999999872e+05 -1.670070000000000121e+01 -9.795204999999999700e+02
2.318535299999999988e+05 -1.545551999999999992e+01 -9.882921999999999798e+02
2.318537299999999814e+05 -1.635643999999999920e+01 -9.912224999999999682e+02
2.318539299999999930e+05 -1.805854000000000070e+01 -9.947590000000000146e+02
2.318541300000000047e+05 -1.716910000000000025e+01 -9.773686999999999898e+02
2.318543299999999872e+05 -1.628031000000000006e+01 -9.850743999999999687e+02
2.318545299999999988e+05 -1.577830999999999939e+01 -9.893381000000000540e+02
2.318547299999999814e+05 -1.693621999999999872e+01 -9.909664000000000215e+02
2.318549299999999930e+05 -1.582694000000000045e+01 -9.743392000000000053e+02
2.318551300000000047e+05 -1.644217000000000084e+01 -9.858306999999999789e+02
2.318553299999999872e+05 -1.686334000000000088e+01 -9.898173000000000457e+02
2.318555299999999988e+05 -1.622321000000000168e+01 -9.780810999999999922e+02
2.318557299999999814e+05 -1.522521000000000058e+01 -9.883642999999999574e+02
2.318559299999999930e+05 -1.724757999999999925e+01 -9.800594999999999573e+02
