# Time finished:
# 2015-06-03 10.05.20
# Temp volt start:
# 1.0105345
# Temp volt stop:
# 1.0105345
# Approx start T:
# 86.6636794223
# Approx stop T:
# 86.6413908665
# DC bias measured, messed up:
# 3.999773
# DC bias we asked for:
# 4
2.318203299999999872e+05 -1.349680999999999997e+01 8.732322000000000628e+01
2.318205299999999988e+05 -1.431728999999999985e+01 8.290198999999999785e+01
2.318207299999999814e+05 -1.405971000000000082e+01 8.310930000000000462e+01
2.318209299999999930e+05 -1.517120000000000068e+01 8.137044000000000210e+01
2.318211299999999756e+05 -1.591606999999999950e+01 8.766456999999999766e+01
2.318213299999999872e+05 -1.469877999999999929e+01 9.460541999999999518e+01
2.318215299999999988e+05 -1.372006999999999977e+01 9.254609999999999559e+01
2.318217299999999814e+05 -1.399998000000000076e+01 8.369355000000000189e+01
2.318219299999999930e+05 -1.359326000000000079e+01 8.460438000000000613e+01
2.318221299999999756e+05 -1.570182999999999929e+01 8.696242999999999768e+01
2.318223299999999872e+05 -1.409149999999999991e+01 9.321890999999999394e+01
2.318225299999999988e+05 -1.441417999999999999e+01 8.969579000000000235e+01
2.318227299999999814e+05 -1.501160999999999923e+01 8.911269000000000062e+01
2.318229299999999930e+05 -1.318497999999999948e+01 8.980109000000000208e+01
2.318231299999999756e+05 -1.397621999999999964e+01 8.670864000000000260e+01
2.318233299999999872e+05 -1.514864000000000033e+01 8.014511000000000251e+01
2.318235299999999988e+05 -1.391783000000000037e+01 8.179810000000000514e+01
2.318237299999999814e+05 -1.405438999999999972e+01 8.463863000000000625e+01
2.318239299999999930e+05 -1.378176999999999985e+01 8.588800000000000523e+01
2.318241299999999756e+05 -1.407065000000000055e+01 8.230186000000000490e+01
2.318243299999999872e+05 -1.310346000000000011e+01 8.589404000000000394e+01
2.318245299999999988e+05 -1.310046999999999962e+01 8.446371000000000606e+01
2.318247299999999814e+05 -1.383070000000000022e+01 8.141696000000000311e+01
2.318249299999999930e+05 -1.476276999999999973e+01 8.368577999999999406e+01
2.318251299999999756e+05 -1.365202000000000027e+01 8.340394999999999470e+01
2.318253299999999872e+05 -1.350843000000000060e+01 8.242210000000000036e+01
2.318255299999999988e+05 -1.420519999999999960e+01 8.592422999999999433e+01
2.318257299999999814e+05 -1.301665000000000028e+01 7.584157999999999333e+01
2.318259299999999930e+05 -1.251821999999999946e+01 8.292735000000000412e+01
2.318261299999999756e+05 -1.284721000000000046e+01 7.637198999999999671e+01
2.318263299999999872e+05 -1.267181000000000068e+01 7.698969999999999914e+01
2.318265299999999988e+05 -1.153486999999999973e+01 7.732868999999999460e+01
2.318267299999999814e+05 -1.221868000000000087e+01 7.733334999999999582e+01
2.318269299999999930e+05 -1.228819999999999979e+01 7.397235000000000582e+01
2.318271299999999756e+05 -1.090970000000000084e+01 7.018273000000000650e+01
2.318273299999999872e+05 -1.056784999999999997e+01 6.689588000000000534e+01
2.318275299999999988e+05 -1.065230000000000032e+01 6.728632000000000346e+01
2.318277299999999814e+05 -9.803603000000000733e+00 5.765232999999999919e+01
2.318279299999999930e+05 -9.018962000000000145e+00 5.240301000000000187e+01
2.318281299999999756e+05 -8.172522999999999982e+00 4.486561999999999983e+01
2.318283299999999872e+05 -7.303232999999999642e+00 3.056600999999999857e+01
2.318285299999999988e+05 -7.131418000000000035e+00 1.572772999999999932e+01
2.318287299999999814e+05 -6.303310999999999886e+00 -5.484732000000000163e+00
2.318289299999999930e+05 -5.887610999999999706e+00 -2.877073999999999998e+01
2.318291299999999756e+05 -5.405839000000000283e+00 -6.220163000000000153e+01
2.318293299999999872e+05 -5.069372000000000433e+00 -1.026602000000000032e+02
2.318295299999999988e+05 -4.730688999999999922e+00 -1.488513000000000090e+02
2.318297299999999814e+05 -4.448055000000000092e+00 -1.967065000000000055e+02
2.318299299999999930e+05 -5.119406999999999819e+00 -2.491269000000000062e+02
2.318301299999999756e+05 -7.397744999999999571e+00 -3.106650000000000205e+02
2.318303299999999872e+05 -1.069166000000000061e+01 -3.998682999999999765e+02
2.318305299999999988e+05 -9.720798999999999523e+00 -5.084816000000000145e+02
2.318307299999999814e+05 -7.004720999999999975e+00 -5.897336000000000240e+02
2.318309299999999930e+05 -8.769496000000000180e+00 -6.724710000000000036e+02
2.318311299999999756e+05 -1.515948999999999991e+01 -8.098233999999999924e+02
2.318313299999999872e+05 -8.785932999999999993e+00 -9.391731999999999516e+02
2.318315299999999988e+05 -1.043115000000000059e+01 -1.027511999999999944e+03
2.318317299999999814e+05 -1.771903000000000006e+01 -8.621135000000000446e+02
2.318319299999999930e+05 -9.420707000000000164e+00 -9.712486999999999853e+02
2.318321299999999756e+05 -2.119487000000000165e+01 -1.087468000000000075e+03
2.318323299999999872e+05 -1.076066999999999929e+01 -9.443781999999999925e+02
2.318325299999999988e+05 -1.617291000000000167e+01 -1.049644999999999982e+03
2.318327299999999814e+05 -1.185661999999999949e+01 -9.453867000000000189e+02
2.318329299999999930e+05 -1.835902000000000100e+01 -1.045753999999999905e+03
2.318331299999999756e+05 -1.181578999999999979e+01 -9.610335000000000036e+02
2.318333299999999872e+05 -2.694254000000000104e+01 -1.016085000000000036e+03
2.318335299999999988e+05 -1.238044000000000011e+01 -9.863701999999999543e+02
2.318337299999999814e+05 -1.681862999999999886e+01 -9.297065000000000055e+02
2.318339299999999930e+05 -1.704716000000000165e+01 -1.022408000000000015e+03
2.318341299999999756e+05 -1.332114999999999938e+01 -9.718060000000000400e+02
2.318343299999999872e+05 -1.880424999999999969e+01 -9.366761000000000195e+02
2.318345299999999988e+05 -1.917626999999999882e+01 -1.010774000000000001e+03
2.318347299999999814e+05 -1.451097999999999999e+01 -9.872965000000000373e+02
2.318349299999999930e+05 -1.378861000000000026e+01 -9.609394999999999527e+02
2.318351299999999756e+05 -1.914013999999999882e+01 -9.710488000000000284e+02
2.318353299999999872e+05 -2.126569999999999894e+01 -9.897457000000000562e+02
2.318355299999999988e+05 -1.627637000000000000e+01 -9.985401000000000522e+02
2.318357299999999814e+05 -1.412125999999999948e+01 -9.857749000000000024e+02
2.318359299999999930e+05 -1.396216000000000079e+01 -9.697169000000000096e+02
2.318361299999999756e+05 -1.464040999999999926e+01 -9.711671000000000049e+02
2.318363299999999872e+05 -1.713532000000000011e+01 -9.609719999999999800e+02
2.318365299999999988e+05 -1.714492999999999867e+01 -9.631309999999999718e+02
2.318367299999999814e+05 -1.783025999999999911e+01 -9.698003999999999678e+02
2.318369299999999930e+05 -1.753557999999999950e+01 -9.723751999999999498e+02
2.318371299999999756e+05 -1.711357999999999890e+01 -9.738115999999999985e+02
2.318373299999999872e+05 -1.703173999999999921e+01 -9.767871999999999844e+02
2.318375299999999988e+05 -1.726761000000000124e+01 -9.847614999999999554e+02
2.318377299999999814e+05 -1.644191999999999965e+01 -9.773134999999999764e+02
2.318379299999999930e+05 -1.601818000000000097e+01 -9.768839000000000397e+02
2.318381299999999756e+05 -1.530311000000000021e+01 -9.845993999999999460e+02
2.318383299999999872e+05 -1.603078000000000003e+01 -9.886523999999999432e+02
2.318385299999999988e+05 -1.748472999999999900e+01 -9.841271000000000413e+02
2.318387299999999814e+05 -1.736784000000000106e+01 -9.834301000000000386e+02
2.318389299999999930e+05 -1.646744999999999948e+01 -9.783563000000000329e+02
2.318391299999999756e+05 -1.493904999999999994e+01 -9.839169000000000551e+02
2.318393299999999872e+05 -1.602395999999999887e+01 -9.839121999999999844e+02
2.318395299999999988e+05 -1.673562000000000083e+01 -9.784950000000000045e+02
2.318397299999999814e+05 -1.623933999999999855e+01 -9.788279999999999745e+02
2.318399299999999930e+05 -1.750458000000000069e+01 -9.898801999999999452e+02
2.318401299999999756e+05 -1.759669999999999845e+01 -9.896191000000000031e+02
2.318403299999999872e+05 -1.597771000000000008e+01 -9.862847000000000435e+02
