# Time finished:
# 2015-06-03 23.14.54
# Temp volt start:
# 1.0082715
# Temp volt stop:
# 1.0082715
# Approx start T:
# 87.9323907689
# Approx stop T:
# 87.9388290657
# DC bias measured, messed up:
# 3.999502
# DC bias we asked for:
# 4
2.318245499999999884e+05 -1.520059999999999967e+01 7.933993999999999858e+01
2.318247500000000000e+05 -1.366831999999999958e+01 8.507756000000000540e+01
2.318249499999999825e+05 -1.590850999999999971e+01 9.174635000000000673e+01
2.318251499999999942e+05 -1.534533000000000058e+01 9.518274999999999864e+01
2.318253499999999767e+05 -1.412632999999999939e+01 9.220752000000000237e+01
2.318255499999999884e+05 -1.375913000000000075e+01 8.761697999999999809e+01
2.318257500000000000e+05 -1.456178000000000061e+01 8.196004000000000644e+01
2.318259499999999825e+05 -1.484937000000000040e+01 8.555410000000000537e+01
2.318261499999999942e+05 -1.447031999999999918e+01 9.238057000000000585e+01
2.318263499999999767e+05 -1.400032000000000032e+01 8.677340999999999838e+01
2.318265499999999884e+05 -1.404321999999999981e+01 8.211611000000000615e+01
2.318267500000000000e+05 -1.420477999999999952e+01 9.432728000000000179e+01
2.318269499999999825e+05 -1.478773999999999944e+01 8.899196999999999491e+01
2.318271499999999942e+05 -1.395942999999999934e+01 8.342462999999999340e+01
2.318273499999999767e+05 -1.365002999999999922e+01 8.702384999999999593e+01
2.318275499999999884e+05 -1.313144999999999918e+01 8.267865999999999360e+01
2.318277500000000000e+05 -1.504157000000000011e+01 9.222320999999999458e+01
2.318279499999999825e+05 -1.430863000000000085e+01 8.105134999999999934e+01
2.318281499999999942e+05 -1.377195999999999998e+01 9.263814000000000703e+01
2.318283499999999767e+05 -1.331381999999999977e+01 8.273865000000000691e+01
2.318285499999999884e+05 -1.366822999999999944e+01 8.959622000000000241e+01
2.318287500000000000e+05 -1.396041999999999916e+01 8.342441999999999780e+01
2.318289499999999825e+05 -1.340307999999999922e+01 8.524696000000000140e+01
2.318291499999999942e+05 -1.377494000000000085e+01 8.576867000000000019e+01
2.318293499999999767e+05 -1.318680999999999948e+01 8.371178999999999348e+01
2.318295499999999884e+05 -1.319276999999999944e+01 8.021420000000000528e+01
2.318297500000000000e+05 -1.391682999999999915e+01 8.475928000000000395e+01
2.318299499999999825e+05 -1.338242999999999938e+01 7.735532999999999504e+01
2.318301499999999942e+05 -1.220720000000000027e+01 8.285093999999999426e+01
2.318303499999999767e+05 -1.265198999999999963e+01 7.918505000000000393e+01
2.318305499999999884e+05 -1.239639000000000024e+01 8.035581000000000529e+01
2.318307500000000000e+05 -1.138658000000000037e+01 7.402660000000000196e+01
2.318309499999999825e+05 -1.185716000000000037e+01 7.243255000000000621e+01
2.318311499999999942e+05 -1.136317999999999984e+01 6.922329999999999472e+01
2.318313499999999767e+05 -1.035854999999999926e+01 6.692289999999999850e+01
2.318315499999999884e+05 -1.027474999999999916e+01 6.275097000000000236e+01
2.318317500000000000e+05 -9.338825999999999183e+00 5.730857000000000312e+01
2.318319499999999825e+05 -9.119305000000000661e+00 5.098136999999999830e+01
2.318321499999999942e+05 -8.034109000000000833e+00 4.197690999999999661e+01
2.318323499999999767e+05 -7.647660000000000124e+00 3.054882999999999882e+01
2.318325499999999884e+05 -6.883592000000000155e+00 1.697285000000000110e+01
2.318327500000000000e+05 -6.187850000000000072e+00 -6.666676999999999964e+00
2.318329499999999825e+05 -5.505681000000000047e+00 -3.179025000000000034e+01
2.318331499999999942e+05 -5.324855000000000338e+00 -6.557285000000000252e+01
2.318333499999999767e+05 -5.059556999999999860e+00 -1.078739000000000061e+02
2.318335499999999884e+05 -4.420323999999999920e+00 -1.512779999999999916e+02
2.318337500000000000e+05 -4.748501000000000083e+00 -1.985612999999999886e+02
2.318339499999999825e+05 -5.473756999999999984e+00 -2.527411999999999921e+02
2.318341499999999942e+05 -7.566322999999999688e+00 -3.155470000000000255e+02
2.318343499999999767e+05 -1.135352999999999923e+01 -4.076609000000000265e+02
2.318345499999999884e+05 -8.900434999999999874e+00 -5.158102999999999838e+02
2.318347500000000000e+05 -6.940688999999999886e+00 -5.964913000000000238e+02
2.318349499999999825e+05 -9.183467000000000269e+00 -6.757468999999999824e+02
2.318351499999999942e+05 -1.403509000000000029e+01 -8.289598999999999478e+02
2.318353499999999767e+05 -8.306086999999999776e+00 -9.441331000000000131e+02
2.318355499999999884e+05 -1.110149999999999970e+01 -1.035596000000000004e+03
2.318357500000000000e+05 -1.539306999999999981e+01 -8.728701999999999543e+02
2.318359499999999825e+05 -9.463324000000000069e+00 -9.854212999999999738e+02
2.318361499999999942e+05 -2.031511000000000067e+01 -1.115798000000000002e+03
2.318363499999999767e+05 -1.051834999999999987e+01 -9.554026000000000067e+02
2.318365499999999884e+05 -1.882075000000000031e+01 -1.054635999999999967e+03
2.318367500000000000e+05 -1.154719000000000051e+01 -9.515227999999999611e+02
2.318369499999999825e+05 -1.943725999999999843e+01 -1.049403000000000020e+03
2.318371499999999942e+05 -1.161955999999999989e+01 -9.635488000000000284e+02
2.318373499999999767e+05 -4.273232999999999748e+01 -9.418848000000000411e+02
2.318375499999999884e+05 -1.199958999999999953e+01 -9.957943000000000211e+02
2.318377500000000000e+05 -1.536668000000000056e+01 -9.438446000000000140e+02
2.318379499999999825e+05 -1.755320999999999998e+01 -1.021729000000000042e+03
2.318381499999999942e+05 -1.260735999999999990e+01 -9.803065000000000282e+02
2.318383499999999767e+05 -1.754891999999999896e+01 -9.450395999999999503e+02
2.318385499999999884e+05 -1.938507999999999853e+01 -1.004625999999999976e+03
2.318387500000000000e+05 -1.390304000000000073e+01 -9.937465999999999440e+02
2.318389499999999825e+05 -1.424563999999999986e+01 -9.682531999999999925e+02
2.318391499999999942e+05 -1.791711000000000098e+01 -9.578907000000000380e+02
2.318393499999999767e+05 -2.047056999999999860e+01 -9.845946000000000140e+02
2.318395499999999884e+05 -1.631938999999999851e+01 -1.001226999999999975e+03
2.318397500000000000e+05 -1.541034999999999933e+01 -9.929432000000000471e+02
2.318399499999999825e+05 -1.426995999999999931e+01 -9.821896000000000413e+02
2.318401499999999942e+05 -1.492986999999999931e+01 -9.757111999999999625e+02
2.318403499999999767e+05 -1.553552000000000000e+01 -9.688961000000000467e+02
2.318405499999999884e+05 -1.650937000000000054e+01 -9.750555000000000518e+02
2.318407500000000000e+05 -1.715802000000000049e+01 -9.697080999999999449e+02
2.318409499999999825e+05 -1.785369999999999990e+01 -9.695271999999999935e+02
2.318411499999999942e+05 -1.635392999999999830e+01 -9.682827999999999520e+02
2.318413499999999767e+05 -1.703837000000000046e+01 -9.715607999999999720e+02
2.318415499999999884e+05 -1.555117000000000083e+01 -9.765497000000000298e+02
2.318417500000000000e+05 -1.494036999999999971e+01 -9.766979000000000042e+02
2.318419499999999825e+05 -1.473775000000000013e+01 -9.826864000000000487e+02
2.318421499999999942e+05 -1.593064999999999998e+01 -9.881263000000000147e+02
2.318423499999999767e+05 -1.580607999999999969e+01 -9.902988000000000284e+02
2.318425499999999884e+05 -1.880356000000000094e+01 -9.972585000000000264e+02
2.318427500000000000e+05 -1.668805000000000049e+01 -9.808203999999999496e+02
2.318429499999999825e+05 -1.693054000000000059e+01 -9.803632999999999811e+02
2.318431499999999942e+05 -1.576252000000000031e+01 -9.910054000000000087e+02
2.318433499999999767e+05 -1.628485999999999834e+01 -9.839319000000000415e+02
2.318435499999999884e+05 -1.677776000000000067e+01 -9.800597999999999956e+02
2.318437500000000000e+05 -1.543849999999999945e+01 -9.886353000000000293e+02
2.318439499999999825e+05 -1.690272999999999826e+01 -9.872981999999999516e+02
2.318441499999999942e+05 -1.501077000000000083e+01 -9.864379999999999882e+02
2.318443499999999767e+05 -1.638137000000000043e+01 -9.785375999999999976e+02
2.318445499999999884e+05 -1.637988000000000000e+01 -9.817996000000000549e+02
