# Time finished:
# 2015-06-04 04.29.42
# Temp volt start:
# 0.98948838
# Temp volt stop:
# 0.98948838
# Approx start T:
# 98.3296479024
# Approx stop T:
# 98.3518040287
# DC bias measured, messed up:
# 3.999404
# DC bias we asked for:
# 4
2.318450700000000070e+05 -1.561020000000000074e+01 8.303364999999999441e+01
2.318452700000000186e+05 -1.464850000000000030e+01 8.368804000000000087e+01
2.318454700000000012e+05 -1.473935999999999957e+01 8.621900999999999726e+01
2.318456700000000128e+05 -1.605553000000000097e+01 8.951381999999999550e+01
2.318458699999999953e+05 -1.479508000000000045e+01 9.036588999999999317e+01
2.318460700000000070e+05 -1.368699999999999939e+01 9.302794000000000096e+01
2.318462700000000186e+05 -1.425168999999999997e+01 8.599598000000000297e+01
2.318464700000000012e+05 -1.498404999999999987e+01 8.895032999999999390e+01
2.318466700000000128e+05 -1.542597999999999914e+01 8.801676000000000499e+01
2.318468699999999953e+05 -1.410228999999999999e+01 9.139930999999999983e+01
2.318470700000000070e+05 -1.335476000000000063e+01 8.193571000000000026e+01
2.318472700000000186e+05 -1.399731000000000058e+01 7.847335999999999956e+01
2.318474700000000012e+05 -1.333027000000000051e+01 9.258400000000000318e+01
2.318476700000000128e+05 -1.436725000000000030e+01 8.810706000000000415e+01
2.318478699999999953e+05 -1.495695000000000086e+01 9.175560000000000116e+01
2.318480700000000070e+05 -1.382479999999999976e+01 8.685062999999999533e+01
2.318482700000000186e+05 -1.413824999999999932e+01 7.803015999999999508e+01
2.318484700000000012e+05 -1.311936999999999998e+01 8.970359000000000549e+01
2.318486700000000128e+05 -1.416605000000000025e+01 7.914073999999999387e+01
2.318488699999999953e+05 -1.393634999999999913e+01 8.944969000000000392e+01
2.318490700000000070e+05 -1.529873000000000083e+01 8.774497999999999820e+01
2.318492700000000186e+05 -1.331142000000000003e+01 7.973201000000000249e+01
2.318494700000000012e+05 -1.402386000000000088e+01 8.467897000000000673e+01
2.318496700000000128e+05 -1.307781999999999911e+01 8.521708999999999889e+01
2.318498699999999953e+05 -1.389221000000000039e+01 8.200757000000000119e+01
2.318500700000000070e+05 -1.368727999999999945e+01 8.129296999999999684e+01
2.318502700000000186e+05 -1.324419999999999931e+01 8.523901999999999646e+01
2.318504700000000012e+05 -1.410431999999999952e+01 8.142109000000000663e+01
2.318506700000000128e+05 -1.288207000000000058e+01 7.878037000000000489e+01
2.318508699999999953e+05 -1.261519999999999975e+01 7.957367000000000701e+01
2.318510700000000070e+05 -1.206920999999999999e+01 8.157451000000000363e+01
2.318512700000000186e+05 -1.179977000000000054e+01 7.762547000000000708e+01
2.318514700000000012e+05 -1.255477999999999916e+01 7.483298000000000627e+01
2.318516700000000128e+05 -1.100694999999999979e+01 7.408015000000000327e+01
2.318518699999999953e+05 -1.156174000000000035e+01 6.925144000000000233e+01
2.318520700000000070e+05 -1.031963000000000008e+01 6.930122000000000071e+01
2.318522700000000186e+05 -9.878439999999999444e+00 6.197697000000000145e+01
2.318524700000000012e+05 -9.511558000000000845e+00 5.795313999999999766e+01
2.318526700000000128e+05 -8.249596000000000373e+00 4.541472000000000264e+01
2.318528699999999953e+05 -7.325115000000000265e+00 3.905254000000000048e+01
2.318530700000000070e+05 -7.032173000000000229e+00 2.337160000000000082e+01
2.318532700000000186e+05 -6.684806000000000026e+00 7.582068999999999726e+00
2.318534700000000012e+05 -5.360358999999999874e+00 -1.609069999999999823e+01
2.318536700000000128e+05 -5.140792000000000250e+00 -4.564679999999999893e+01
2.318538699999999953e+05 -5.012760000000000105e+00 -7.945977000000000601e+01
2.318540700000000070e+05 -4.397305000000000241e+00 -1.235656000000000034e+02
2.318542700000000186e+05 -4.344229000000000340e+00 -1.689370000000000118e+02
2.318544700000000012e+05 -4.598241999999999940e+00 -2.204422000000000139e+02
2.318546700000000128e+05 -5.186393999999999949e+00 -2.763879999999999768e+02
2.318548699999999953e+05 -8.082926000000000499e+00 -3.471940000000000168e+02
2.318550700000000070e+05 -1.020867999999999931e+01 -4.480980000000000132e+02
2.318552700000000186e+05 -7.149477000000000082e+00 -5.464699000000000524e+02
2.318554700000000012e+05 -6.880264999999999631e+00 -6.259258999999999560e+02
2.318556700000000128e+05 -1.206349999999999945e+01 -7.186784999999999854e+02
2.318558699999999953e+05 -1.144913000000000025e+01 -8.739118999999999460e+02
2.318560700000000070e+05 -7.897448999999999941e+00 -9.787430000000000518e+02
2.318562700000000186e+05 -1.434357999999999933e+01 -1.085010999999999967e+03
2.318564700000000012e+05 -1.048188000000000031e+01 -9.174255000000000564e+02
2.318566700000000128e+05 -1.086225999999999914e+01 -1.018380999999999972e+03
2.318568699999999953e+05 -1.795623000000000147e+01 -8.709515000000000100e+02
2.318570700000000070e+05 -1.017436999999999969e+01 -9.947332000000000107e+02
2.318572700000000186e+05 -2.220346999999999937e+01 -8.626326000000000249e+02
2.318574700000000012e+05 -1.130733999999999995e+01 -9.923202999999999747e+02
2.318576700000000128e+05 -2.364576999999999884e+01 -8.863197000000000116e+02
2.318578699999999953e+05 -1.147411999999999921e+01 -1.005447000000000003e+03
2.318580700000000070e+05 -1.473204999999999920e+01 -9.372164000000000215e+02
2.318582700000000186e+05 -1.741288000000000125e+01 -1.030423999999999978e+03
2.318584700000000012e+05 -1.215351000000000070e+01 -9.740666999999999689e+02
2.318586700000000128e+05 -2.200349999999999895e+01 -9.198769999999999527e+02
2.318588699999999953e+05 -1.543127999999999922e+01 -1.016344000000000051e+03
2.318590700000000070e+05 -1.270024000000000086e+01 -9.754351000000000340e+02
2.318592700000000186e+05 -1.845571999999999946e+01 -9.428509000000000242e+02
2.318594700000000012e+05 -2.001894000000000062e+01 -1.012707999999999970e+03
2.318596700000000128e+05 -1.380780000000000030e+01 -1.000479000000000042e+03
2.318598699999999953e+05 -1.300985000000000014e+01 -9.799751999999999725e+02
2.318600700000000070e+05 -1.597011000000000003e+01 -9.589253999999999678e+02
2.318602700000000186e+05 -2.001576000000000022e+01 -9.615366999999999962e+02
2.318604700000000012e+05 -1.859787999999999997e+01 -9.931244000000000369e+02
2.318606700000000128e+05 -1.701849999999999952e+01 -1.006719000000000051e+03
2.318608699999999953e+05 -1.613295000000000101e+01 -9.982326000000000477e+02
2.318610700000000070e+05 -1.500075000000000003e+01 -9.894750000000000227e+02
2.318612700000000186e+05 -1.441050000000000075e+01 -9.894992999999999483e+02
2.318614700000000012e+05 -1.545942999999999934e+01 -9.846675999999999931e+02
2.318616700000000128e+05 -1.450325999999999915e+01 -9.924959000000000060e+02
2.318618699999999953e+05 -1.514877000000000073e+01 -9.872513999999999896e+02
2.318620700000000070e+05 -1.548213999999999935e+01 -9.918911000000000513e+02
2.318622700000000186e+05 -1.606587000000000032e+01 -9.927703000000000202e+02
2.318624700000000012e+05 -1.631347999999999843e+01 -9.951678000000000566e+02
2.318626700000000128e+05 -1.744022000000000006e+01 -9.842990999999999531e+02
2.318628699999999953e+05 -1.823342999999999847e+01 -9.755624000000000251e+02
2.318630700000000070e+05 -1.639939999999999998e+01 -9.740843999999999596e+02
2.318632700000000186e+05 -1.473550000000000004e+01 -9.791666999999999916e+02
2.318634700000000012e+05 -1.527007000000000048e+01 -9.866770000000000209e+02
2.318636700000000128e+05 -1.796699999999999875e+01 -9.920461999999999989e+02
2.318638699999999953e+05 -1.717808000000000135e+01 -9.822150000000000318e+02
2.318640700000000070e+05 -1.510416999999999987e+01 -9.821432999999999538e+02
2.318642700000000186e+05 -1.497696000000000005e+01 -9.874595000000000482e+02
2.318644700000000012e+05 -1.688736000000000104e+01 -9.901554999999999609e+02
2.318646700000000128e+05 -1.505106999999999928e+01 -9.797838000000000420e+02
2.318648699999999953e+05 -1.584850999999999921e+01 -9.876658999999999651e+02
2.318650700000000070e+05 -1.733487999999999829e+01 -9.876997999999999820e+02
