# Time finished:
# 2015-06-03 16.37.25
# Temp volt start:
# 1.0119392
# Temp volt stop:
# 1.0119392
# Approx start T:
# 85.8743844005
# Approx stop T:
# 85.8765776825
# DC bias measured, messed up:
# 3.999724
# DC bias we asked for:
# 4
2.318203699999999953e+05 -1.532198999999999955e+01 7.835550999999999533e+01
2.318205700000000070e+05 -1.488987999999999978e+01 8.282990999999999815e+01
2.318207699999999895e+05 -1.544167000000000023e+01 9.145803999999999689e+01
2.318209700000000012e+05 -1.489995000000000047e+01 9.099202999999999975e+01
2.318211699999999837e+05 -1.277767000000000053e+01 9.323058000000000334e+01
2.318213699999999953e+05 -1.333267000000000024e+01 8.917074999999999818e+01
2.318215700000000070e+05 -1.451697000000000060e+01 8.099266000000000076e+01
2.318217699999999895e+05 -1.458948999999999963e+01 9.138846999999999809e+01
2.318219700000000012e+05 -1.559040000000000070e+01 8.915380999999999290e+01
2.318221699999999837e+05 -1.427557000000000009e+01 8.384707000000000221e+01
2.318223699999999953e+05 -1.469783999999999935e+01 8.383847000000000094e+01
2.318225700000000070e+05 -1.502743000000000073e+01 8.791795999999999367e+01
2.318227699999999895e+05 -1.335571000000000019e+01 9.000542000000000087e+01
2.318229700000000012e+05 -1.368948999999999927e+01 7.892074999999999818e+01
2.318231699999999837e+05 -1.426870000000000083e+01 8.490634000000000015e+01
2.318233699999999953e+05 -1.372757999999999967e+01 8.135291999999999746e+01
2.318235700000000070e+05 -1.467088999999999999e+01 8.562085999999999331e+01
2.318237699999999895e+05 -1.406925999999999988e+01 8.590449999999999875e+01
2.318239700000000012e+05 -1.364639999999999986e+01 8.380830000000000268e+01
2.318241699999999837e+05 -1.368375999999999948e+01 8.347440000000000282e+01
2.318243699999999953e+05 -1.421415999999999968e+01 8.970485999999999649e+01
2.318245700000000070e+05 -1.401487999999999978e+01 8.075697999999999865e+01
2.318247699999999895e+05 -1.384923000000000037e+01 8.409856000000000620e+01
2.318249700000000012e+05 -1.339855000000000018e+01 7.948939000000000021e+01
2.318251699999999837e+05 -1.281800999999999924e+01 8.509023000000000536e+01
2.318253699999999953e+05 -1.390460999999999991e+01 8.212490999999999985e+01
2.318255700000000070e+05 -1.350003000000000064e+01 7.942955000000000609e+01
2.318257699999999895e+05 -1.290460000000000029e+01 8.412023999999999546e+01
2.318259700000000012e+05 -1.328388999999999953e+01 7.662014000000000635e+01
2.318261699999999837e+05 -1.289616000000000007e+01 7.853900000000000148e+01
2.318263699999999953e+05 -1.232609000000000066e+01 7.351805000000000234e+01
2.318265700000000070e+05 -1.251318000000000019e+01 7.680843000000000131e+01
2.318267699999999895e+05 -1.185037999999999947e+01 7.450275000000000603e+01
2.318269700000000012e+05 -1.138141000000000069e+01 6.868098999999999421e+01
2.318271699999999837e+05 -1.037444999999999951e+01 6.553292000000000428e+01
2.318273699999999953e+05 -1.021912000000000020e+01 6.684636999999999318e+01
2.318275700000000070e+05 -9.881035999999999930e+00 5.826928999999999803e+01
2.318277699999999895e+05 -9.174602999999999398e+00 5.580190000000000339e+01
2.318279700000000012e+05 -8.641621999999999915e+00 4.636511999999999745e+01
2.318281699999999837e+05 -7.557690000000000019e+00 3.189939999999999998e+01
2.318283699999999953e+05 -6.771779000000000437e+00 1.843314000000000163e+01
2.318285700000000070e+05 -6.531212000000000018e+00 2.858200000000000074e+00
2.318287699999999895e+05 -5.872558999999999862e+00 -2.237042999999999893e+01
2.318289700000000012e+05 -5.377627000000000379e+00 -5.363900000000000290e+01
2.318291699999999837e+05 -5.085707000000000200e+00 -9.401583999999999719e+01
2.318293699999999953e+05 -4.810509999999999842e+00 -1.339714999999999918e+02
2.318295700000000070e+05 -4.366206000000000031e+00 -1.831329000000000065e+02
2.318297699999999895e+05 -4.780624000000000429e+00 -2.358794000000000040e+02
2.318299700000000012e+05 -6.434229000000000198e+00 -2.951259000000000015e+02
2.318301699999999837e+05 -1.022906000000000049e+01 -3.738933999999999855e+02
2.318303699999999953e+05 -1.024878999999999962e+01 -4.824882000000000062e+02
2.318305700000000070e+05 -7.098798000000000386e+00 -5.716100000000000136e+02
2.318307699999999895e+05 -8.142875999999999337e+00 -6.467264000000000124e+02
2.318309700000000012e+05 -1.396330000000000027e+01 -7.626684000000000196e+02
2.318311699999999837e+05 -9.729589999999999961e+00 -9.143321999999999434e+02
2.318313699999999953e+05 -9.034940000000000637e+00 -1.002386999999999944e+03
2.318315700000000070e+05 -1.966808999999999941e+01 -1.154886999999999944e+03
2.318317699999999895e+05 -1.015631999999999913e+01 -1.309579999999999927e+03
2.318319700000000012e+05 -1.416751000000000005e+01 -1.411540999999999940e+03
2.318321699999999837e+05 -1.253278000000000070e+01 -1.280147999999999911e+03
2.318323699999999953e+05 -1.313777999999999935e+01 -1.383082000000000107e+03
2.318325700000000070e+05 -1.588589999999999947e+01 -1.283835000000000036e+03
2.318327699999999895e+05 -1.316577999999999982e+01 -1.381875999999999976e+03
2.318329700000000012e+05 -1.431648000000000032e+01 -1.291317000000000007e+03
2.318331699999999837e+05 -1.703740000000000165e+01 -1.392306000000000040e+03
2.318333699999999953e+05 -1.281697999999999915e+01 -1.318269999999999982e+03
2.318335700000000070e+05 -2.577572999999999936e+01 -1.327682000000000016e+03
2.318337699999999895e+05 -1.250717999999999996e+01 -1.363612000000000080e+03
2.318339700000000012e+05 -1.467162000000000077e+01 -1.309624000000000024e+03
2.318341699999999837e+05 -2.316182999999999836e+01 -1.361347999999999956e+03
2.318343699999999953e+05 -1.500128999999999913e+01 -1.359339999999999918e+03
2.318345700000000070e+05 -1.402777000000000029e+01 -1.332675999999999931e+03
2.318347699999999895e+05 -1.827253999999999934e+01 -1.309769999999999982e+03
2.318349700000000012e+05 -1.995380000000000109e+01 -1.370192000000000007e+03
2.318351699999999837e+05 -1.663037999999999883e+01 -1.358575000000000045e+03
2.318353699999999953e+05 -1.457785999999999937e+01 -1.346567000000000007e+03
2.318355700000000070e+05 -1.502955000000000041e+01 -1.328377999999999929e+03
2.318357699999999895e+05 -1.607291000000000025e+01 -1.319459000000000060e+03
2.318359700000000012e+05 -1.919485999999999848e+01 -1.324859999999999900e+03
2.318361699999999837e+05 -1.767602000000000118e+01 -1.333509000000000015e+03
2.318363699999999953e+05 -1.773397999999999897e+01 -1.356537000000000035e+03
2.318365700000000070e+05 -1.686511000000000138e+01 -1.345570999999999913e+03
2.318367699999999895e+05 -1.719584000000000046e+01 -1.353917999999999893e+03
2.318369700000000012e+05 -1.795983999999999980e+01 -1.357915999999999940e+03
2.318371699999999837e+05 -1.883260999999999896e+01 -1.343079999999999927e+03
2.318373699999999953e+05 -1.912777000000000172e+01 -1.338204999999999927e+03
2.318375700000000070e+05 -1.657411000000000101e+01 -1.335155999999999949e+03
2.318377699999999895e+05 -1.713595000000000113e+01 -1.338449000000000069e+03
2.318379700000000012e+05 -1.762794999999999845e+01 -1.340388999999999896e+03
2.318381699999999837e+05 -1.540770999999999979e+01 -1.332699000000000069e+03
2.318383699999999953e+05 -1.555034000000000027e+01 -1.341352000000000089e+03
2.318385700000000070e+05 -1.591583999999999932e+01 -1.350107999999999947e+03
2.318387699999999895e+05 -1.656043000000000021e+01 -1.343462999999999965e+03
2.318389700000000012e+05 -1.644898999999999845e+01 -1.338973999999999933e+03
2.318391699999999837e+05 -1.575638000000000005e+01 -1.343181000000000040e+03
2.318393699999999953e+05 -1.571545000000000059e+01 -1.352846000000000004e+03
2.318395700000000070e+05 -1.694390999999999892e+01 -1.344431000000000040e+03
2.318397699999999895e+05 -1.616819999999999879e+01 -1.342465999999999894e+03
2.318399700000000012e+05 -1.702899999999999991e+01 -1.349798999999999978e+03
2.318401699999999837e+05 -1.794643999999999906e+01 -1.337586000000000013e+03
2.318403699999999953e+05 -1.594073000000000029e+01 -1.349232999999999947e+03
