# Time finished:
# 2015-06-04 08.09.00
# Temp volt start:
# 0.96244215
# Temp volt stop:
# 0.96244215
# Approx start T:
# 112.903411363
# Approx stop T:
# 112.932428499
# DC bias measured, messed up:
# 3.999355
# DC bias we asked for:
# 4
2.318717099999999919e+05 -1.551277999999999935e+01 7.905771000000000015e+01
2.318719100000000035e+05 -1.524938000000000038e+01 8.478164999999999907e+01
2.318721099999999860e+05 -1.615257000000000076e+01 9.516300999999999988e+01
2.318723099999999977e+05 -1.478247999999999962e+01 9.521720999999999435e+01
2.318725099999999802e+05 -1.414766999999999975e+01 9.486450000000000671e+01
2.318727099999999919e+05 -1.360177999999999976e+01 8.805885999999999569e+01
2.318729100000000035e+05 -1.387041999999999931e+01 8.132447999999999411e+01
2.318731099999999860e+05 -1.471332999999999913e+01 8.207350999999999885e+01
2.318733099999999977e+05 -1.423916999999999966e+01 9.898546000000000333e+01
2.318735099999999802e+05 -1.293435999999999986e+01 9.214189000000000362e+01
2.318737099999999919e+05 -1.441671000000000014e+01 7.146783999999999537e+01
2.318739100000000035e+05 -1.554588000000000036e+01 8.740511999999999659e+01
2.318741099999999860e+05 -1.353658000000000072e+01 8.590873999999999455e+01
2.318743099999999977e+05 -1.392698999999999998e+01 8.156722999999999502e+01
2.318745099999999802e+05 -1.507606999999999964e+01 9.659882000000000346e+01
2.318747099999999919e+05 -1.447478000000000087e+01 7.956051999999999680e+01
2.318749100000000035e+05 -1.463273000000000046e+01 8.934149999999999636e+01
2.318751099999999860e+05 -1.312602000000000046e+01 8.690717999999999677e+01
2.318753099999999977e+05 -1.493805000000000049e+01 8.450350000000000250e+01
2.318755099999999802e+05 -1.337038000000000082e+01 8.506611999999999796e+01
2.318757099999999919e+05 -1.406104000000000021e+01 8.342726999999999293e+01
2.318759100000000035e+05 -1.288471000000000011e+01 8.355101999999999407e+01
2.318761099999999860e+05 -1.391333000000000020e+01 8.944008999999999787e+01
2.318763099999999977e+05 -1.309543000000000035e+01 7.926971000000000345e+01
2.318765099999999802e+05 -1.337153999999999954e+01 8.663378000000000156e+01
2.318767099999999919e+05 -1.356052999999999997e+01 9.197315000000000396e+01
2.318769100000000035e+05 -1.281466999999999956e+01 7.669852000000000203e+01
2.318771099999999860e+05 -1.291329999999999956e+01 7.946450000000000102e+01
2.318773099999999977e+05 -1.265803000000000011e+01 8.024381999999999948e+01
2.318775099999999802e+05 -1.212371000000000087e+01 7.702353999999999701e+01
2.318777099999999919e+05 -1.171480999999999995e+01 7.661440000000000339e+01
2.318779100000000035e+05 -1.217895000000000039e+01 7.532384999999999309e+01
2.318781099999999860e+05 -1.221138999999999974e+01 7.462726999999999578e+01
2.318783099999999977e+05 -1.155219999999999914e+01 7.268357000000000312e+01
2.318785099999999802e+05 -1.084464000000000006e+01 6.637532000000000210e+01
2.318787099999999919e+05 -1.019377000000000066e+01 6.451390999999999565e+01
2.318789100000000035e+05 -9.629939000000000249e+00 6.272066000000000230e+01
2.318791099999999860e+05 -8.870976999999999890e+00 5.506792999999999694e+01
2.318793099999999977e+05 -8.339475999999999445e+00 4.739882999999999669e+01
2.318795099999999802e+05 -8.079155999999999338e+00 4.006555999999999784e+01
2.318797099999999919e+05 -7.214955999999999925e+00 2.490633000000000052e+01
2.318799100000000035e+05 -6.292441000000000173e+00 7.089728000000000030e+00
2.318801099999999860e+05 -5.955244999999999678e+00 -1.625825999999999993e+01
2.318803099999999977e+05 -5.111636999999999986e+00 -4.571576999999999913e+01
2.318805099999999802e+05 -4.271621999999999808e+00 -8.040068999999999733e+01
2.318807099999999919e+05 -4.505055999999999727e+00 -1.224117999999999995e+02
2.318809100000000035e+05 -4.036096999999999824e+00 -1.713437999999999874e+02
2.318811099999999860e+05 -4.363146000000000413e+00 -2.200751999999999953e+02
2.318813099999999977e+05 -5.216180999999999734e+00 -2.780473999999999819e+02
2.318815099999999802e+05 -7.582855000000000345e+00 -3.507264000000000124e+02
2.318817099999999919e+05 -9.220316000000000400e+00 -4.502167999999999779e+02
2.318819100000000035e+05 -6.777225999999999750e+00 -5.480159999999999627e+02
2.318821099999999860e+05 -7.065784999999999982e+00 -6.314034000000000333e+02
2.318823099999999977e+05 -1.158266000000000062e+01 -7.238137000000000398e+02
2.318825099999999802e+05 -1.005263000000000062e+01 -8.839084000000000287e+02
2.318827099999999919e+05 -7.359079999999999622e+00 -9.813214000000000397e+02
2.318829100000000035e+05 -1.387365999999999921e+01 -1.092913999999999987e+03
2.318831099999999860e+05 -9.909230000000000871e+00 -9.205579999999999927e+02
2.318833099999999977e+05 -1.006437999999999988e+01 -1.024288000000000011e+03
2.318835099999999802e+05 -1.466533000000000087e+01 -8.797486000000000104e+02
2.318837099999999919e+05 -9.030407000000000295e+00 -1.001940000000000055e+03
2.318839100000000035e+05 -2.004145000000000110e+01 -8.604655999999999949e+02
2.318841099999999860e+05 -1.041327000000000069e+01 -9.972722999999999729e+02
2.318843099999999977e+05 -1.783905000000000030e+01 -9.012274999999999636e+02
2.318845099999999802e+05 -1.157943999999999996e+01 -1.011238000000000056e+03
2.318847099999999919e+05 -1.376299000000000028e+01 -9.327223999999999933e+02
2.318849100000000035e+05 -1.823104999999999976e+01 -1.052249000000000024e+03
2.318851099999999860e+05 -1.091746999999999979e+01 -9.744864999999999782e+02
2.318853099999999977e+05 -2.119262000000000157e+01 -9.076739999999999782e+02
2.318855099999999802e+05 -1.583549000000000007e+01 -1.022097999999999956e+03
2.318857099999999919e+05 -1.248676999999999992e+01 -9.726249000000000251e+02
2.318859100000000035e+05 -1.690990000000000038e+01 -9.468030999999999722e+02
2.318861099999999860e+05 -2.211993000000000009e+01 -1.004424999999999955e+03
2.318863099999999977e+05 -1.512981000000000087e+01 -1.009715000000000032e+03
2.318865099999999802e+05 -1.250775999999999932e+01 -9.776336000000000013e+02
2.318867099999999919e+05 -1.502413999999999916e+01 -9.620617999999999483e+02
2.318869100000000035e+05 -1.939996000000000009e+01 -9.515225000000000364e+02
2.318871099999999860e+05 -2.170223999999999975e+01 -9.911561000000000377e+02
2.318873099999999977e+05 -1.901433000000000106e+01 -9.986532999999999447e+02
2.318875099999999802e+05 -1.672045999999999921e+01 -1.006539999999999964e+03
2.318877099999999919e+05 -1.486580000000000013e+01 -1.001311000000000035e+03
2.318879100000000035e+05 -1.460696000000000083e+01 -9.899791999999999916e+02
2.318881099999999860e+05 -1.483628999999999998e+01 -9.912105999999999995e+02
2.318883099999999977e+05 -1.424778000000000056e+01 -9.931947999999999865e+02
2.318885099999999802e+05 -1.545350999999999964e+01 -9.955247000000000526e+02
2.318887099999999919e+05 -1.543129000000000062e+01 -1.001674999999999955e+03
2.318889100000000035e+05 -1.603313999999999950e+01 -9.939850000000000136e+02
2.318891099999999860e+05 -1.909972000000000136e+01 -9.995424000000000433e+02
2.318893099999999977e+05 -1.945399000000000100e+01 -9.895778999999999996e+02
2.318895099999999802e+05 -1.694837000000000060e+01 -9.859533000000000129e+02
2.318897099999999919e+05 -1.528556000000000026e+01 -9.742381000000000313e+02
2.318899100000000035e+05 -1.548271000000000086e+01 -9.744501999999999953e+02
2.318901099999999860e+05 -1.544020000000000081e+01 -9.975208000000000084e+02
2.318903099999999977e+05 -1.748574999999999946e+01 -9.937231000000000449e+02
2.318905099999999802e+05 -1.667472000000000065e+01 -9.743515999999999622e+02
2.318907099999999919e+05 -1.549546999999999919e+01 -9.736675999999999931e+02
2.318909100000000035e+05 -1.597284999999999933e+01 -9.914347999999999956e+02
2.318911099999999860e+05 -1.682004999999999839e+01 -9.769346000000000458e+02
2.318913099999999977e+05 -1.535243999999999964e+01 -9.796001999999999725e+02
2.318915099999999802e+05 -1.639856999999999942e+01 -9.818682999999999765e+02
2.318917099999999919e+05 -1.598128999999999955e+01 -9.773256999999999834e+02
