# Time finished:
# 2015-06-03 17.52.26
# Temp volt start:
# 1.0119443
# Temp volt stop:
# 1.0119443
# Approx start T:
# 85.8715162466
# Approx stop T:
# 85.8686480746
# DC bias measured, messed up:
# 3.999589
# DC bias we asked for:
# 4
2.318203999999999942e+05 -1.639613999999999905e+01 8.059216000000000690e+01
2.318206000000000058e+05 -1.562625000000000064e+01 9.140412999999999499e+01
2.318207999999999884e+05 -1.516760999999999981e+01 9.509932000000000585e+01
2.318210000000000000e+05 -1.478829999999999956e+01 9.340129000000000303e+01
2.318211999999999825e+05 -1.401514000000000060e+01 9.149201999999999657e+01
2.318213999999999942e+05 -1.449602999999999930e+01 8.604153999999999769e+01
2.318216000000000058e+05 -1.491576000000000057e+01 8.112099000000000615e+01
2.318217999999999884e+05 -1.519129000000000040e+01 9.409450999999999965e+01
2.318220000000000000e+05 -1.365193999999999974e+01 9.317220000000000368e+01
2.318221999999999825e+05 -1.356348999999999982e+01 8.638087000000000160e+01
2.318223999999999942e+05 -1.509314000000000000e+01 8.304694000000000642e+01
2.318226000000000058e+05 -1.427895999999999965e+01 8.807438999999999396e+01
2.318227999999999884e+05 -1.367991999999999919e+01 8.311417000000000144e+01
2.318230000000000000e+05 -1.451435999999999993e+01 8.263267999999999347e+01
2.318231999999999825e+05 -1.392351999999999990e+01 8.600507000000000346e+01
2.318233999999999942e+05 -1.479386000000000045e+01 8.262447000000000230e+01
2.318236000000000058e+05 -1.445330000000000048e+01 8.828665999999999769e+01
2.318237999999999884e+05 -1.411372000000000071e+01 7.756521999999999650e+01
2.318240000000000000e+05 -1.560288000000000075e+01 8.987270999999999788e+01
2.318241999999999825e+05 -1.379462000000000010e+01 7.531476000000000681e+01
2.318243999999999942e+05 -1.452814000000000050e+01 8.378898999999999830e+01
2.318246000000000058e+05 -1.341197000000000017e+01 8.003727000000000658e+01
2.318247999999999884e+05 -1.322411999999999921e+01 8.546246999999999616e+01
2.318250000000000000e+05 -1.384980999999999973e+01 8.390881000000000256e+01
2.318251999999999825e+05 -1.249170999999999943e+01 8.667534000000000560e+01
2.318253999999999942e+05 -1.316216999999999970e+01 7.902419000000000437e+01
2.318256000000000058e+05 -1.373001000000000005e+01 8.588258999999999332e+01
2.318257999999999884e+05 -1.250400999999999918e+01 7.602491999999999450e+01
2.318260000000000000e+05 -1.295194000000000045e+01 8.428791999999999973e+01
2.318261999999999825e+05 -1.233430000000000071e+01 7.940162999999999727e+01
2.318263999999999942e+05 -1.294059999999999988e+01 7.902459000000000344e+01
2.318266000000000058e+05 -1.221334000000000053e+01 7.618092000000000041e+01
2.318267999999999884e+05 -1.126688000000000045e+01 7.465192000000000405e+01
2.318270000000000000e+05 -1.136246000000000045e+01 7.358305000000000007e+01
2.318271999999999825e+05 -1.139549000000000056e+01 6.501466999999999530e+01
2.318273999999999942e+05 -1.042294000000000054e+01 6.645704999999999529e+01
2.318276000000000058e+05 -9.991020000000000678e+00 5.649112000000000222e+01
2.318277999999999884e+05 -8.898519999999999541e+00 5.415447000000000344e+01
2.318280000000000000e+05 -8.702462000000000586e+00 4.512434999999999974e+01
2.318281999999999825e+05 -7.221827000000000218e+00 3.043430000000000035e+01
2.318283999999999942e+05 -6.727679000000000187e+00 1.962581000000000131e+01
2.318286000000000058e+05 -6.455926999999999971e+00 3.209842000000000084e+00
2.318287999999999884e+05 -5.885419999999999874e+00 -2.449756999999999962e+01
2.318290000000000000e+05 -5.261136999999999730e+00 -5.234940999999999889e+01
2.318291999999999825e+05 -5.190248000000000417e+00 -9.414207000000000392e+01
2.318293999999999942e+05 -4.644460999999999729e+00 -1.371048000000000116e+02
2.318296000000000058e+05 -4.600848000000000049e+00 -1.858992000000000075e+02
2.318297999999999884e+05 -4.730463000000000306e+00 -2.382492000000000019e+02
2.318300000000000000e+05 -6.640512000000000192e+00 -2.944456000000000131e+02
2.318301999999999825e+05 -1.008248000000000033e+01 -3.777839999999999918e+02
2.318303999999999942e+05 -1.005349999999999966e+01 -4.852389000000000010e+02
2.318306000000000058e+05 -6.790626999999999747e+00 -5.756136000000000195e+02
2.318307999999999884e+05 -8.813622000000000511e+00 -6.517983000000000402e+02
2.318310000000000000e+05 -1.426211999999999946e+01 -7.763355999999999995e+02
2.318311999999999825e+05 -9.065139000000000280e+00 -9.133260000000000218e+02
2.318313999999999942e+05 -9.487918000000000518e+00 -1.004422000000000025e+03
2.318316000000000058e+05 -1.870391000000000048e+01 -1.152127999999999929e+03
2.318317999999999884e+05 -8.860469999999999402e+00 -1.315423000000000002e+03
2.318320000000000000e+05 -1.392417000000000016e+01 -1.410393000000000029e+03
2.318321999999999825e+05 -1.227544999999999931e+01 -1.288487000000000080e+03
2.318323999999999942e+05 -1.237567999999999913e+01 -1.382237000000000080e+03
2.318326000000000058e+05 -1.506357999999999997e+01 -1.282083000000000084e+03
2.318327999999999884e+05 -1.319780000000000086e+01 -1.379573000000000093e+03
2.318330000000000000e+05 -1.425552000000000064e+01 -1.292070999999999913e+03
2.318331999999999825e+05 -1.790400999999999954e+01 -1.401161000000000058e+03
2.318333999999999942e+05 -1.163106999999999935e+01 -1.326855000000000018e+03
2.318336000000000058e+05 -2.798029999999999973e+01 -1.325667999999999893e+03
2.318337999999999884e+05 -1.296011999999999986e+01 -1.357505000000000109e+03
2.318340000000000000e+05 -1.357558000000000042e+01 -1.313175999999999931e+03
2.318341999999999825e+05 -2.637080999999999875e+01 -1.361446999999999889e+03
2.318343999999999942e+05 -1.413388999999999918e+01 -1.364453999999999951e+03
2.318346000000000058e+05 -1.349328000000000038e+01 -1.329479000000000042e+03
2.318347999999999884e+05 -1.887211999999999890e+01 -1.316784000000000106e+03
2.318350000000000000e+05 -1.984034000000000120e+01 -1.359211000000000013e+03
2.318351999999999825e+05 -1.533878999999999948e+01 -1.359354000000000042e+03
2.318353999999999942e+05 -1.492345000000000077e+01 -1.346800999999999931e+03
2.318356000000000058e+05 -1.374568999999999974e+01 -1.333344000000000051e+03
2.318357999999999884e+05 -1.611599000000000004e+01 -1.329358999999999924e+03
2.318360000000000000e+05 -1.868486000000000047e+01 -1.326656999999999925e+03
2.318361999999999825e+05 -1.936664000000000030e+01 -1.337326000000000022e+03
2.318363999999999942e+05 -1.890499000000000152e+01 -1.331780999999999949e+03
2.318366000000000058e+05 -1.821180999999999983e+01 -1.360366999999999962e+03
2.318367999999999884e+05 -2.028014999999999901e+01 -1.352220000000000027e+03
2.318370000000000000e+05 -1.829708000000000112e+01 -1.351785000000000082e+03
2.318371999999999825e+05 -1.800748000000000104e+01 -1.353361000000000104e+03
2.318373999999999942e+05 -1.923732000000000042e+01 -1.342215999999999894e+03
2.318376000000000058e+05 -1.773903999999999925e+01 -1.338826999999999998e+03
2.318377999999999884e+05 -1.672125000000000128e+01 -1.340550999999999931e+03
2.318380000000000000e+05 -1.538217000000000034e+01 -1.337836000000000013e+03
2.318381999999999825e+05 -1.644297999999999860e+01 -1.341019000000000005e+03
2.318383999999999942e+05 -1.572533999999999921e+01 -1.350788000000000011e+03
2.318386000000000058e+05 -1.671046000000000120e+01 -1.352598999999999933e+03
2.318387999999999884e+05 -1.884114999999999895e+01 -1.336152000000000044e+03
2.318390000000000000e+05 -1.563978000000000002e+01 -1.339729000000000042e+03
2.318391999999999825e+05 -1.602315000000000111e+01 -1.341538000000000011e+03
2.318393999999999942e+05 -1.601548999999999978e+01 -1.351411000000000058e+03
2.318396000000000058e+05 -1.637128999999999834e+01 -1.346261999999999944e+03
2.318397999999999884e+05 -1.630604999999999905e+01 -1.349237000000000080e+03
2.318400000000000000e+05 -1.647102999999999895e+01 -1.346905999999999949e+03
2.318401999999999825e+05 -1.690922000000000125e+01 -1.344144000000000005e+03
2.318403999999999942e+05 -1.477031000000000027e+01 -1.348855999999999995e+03
