# Time finished:
# 2015-06-04 04.32.14
# Temp volt start:
# 0.98922988
# Temp volt stop:
# 0.98922988
# Approx start T:
# 98.4711158114
# Approx stop T:
# 98.4831700535
# DC bias measured, messed up:
# 3.999453
# DC bias we asked for:
# 4
2.318452000000000116e+05 -1.530085000000000051e+01 7.903302999999999656e+01
2.318454000000000233e+05 -1.571720999999999968e+01 9.021199000000000012e+01
2.318456000000000058e+05 -1.619022000000000006e+01 9.569534000000000162e+01
2.318458000000000175e+05 -1.604138999999999982e+01 9.037398000000000309e+01
2.318460000000000000e+05 -1.455887000000000064e+01 9.551341999999999643e+01
2.318462000000000116e+05 -1.344492999999999938e+01 9.191549999999999443e+01
2.318464000000000233e+05 -1.494880000000000031e+01 8.881041999999999348e+01
2.318466000000000058e+05 -1.502646999999999977e+01 8.925985000000000014e+01
2.318468000000000175e+05 -1.393384999999999962e+01 8.546090999999999838e+01
2.318470000000000000e+05 -1.364508000000000010e+01 8.943296999999999741e+01
2.318472000000000116e+05 -1.425906999999999947e+01 8.516470999999999947e+01
2.318474000000000233e+05 -1.478510999999999953e+01 8.251516999999999769e+01
2.318476000000000058e+05 -1.407033999999999985e+01 8.424170999999999765e+01
2.318478000000000175e+05 -1.390869999999999962e+01 9.058003999999999678e+01
2.318480000000000000e+05 -1.497780999999999985e+01 8.506707000000000107e+01
2.318482000000000116e+05 -1.512224999999999930e+01 8.957828000000000657e+01
2.318484000000000233e+05 -1.479383999999999943e+01 8.416483999999999810e+01
2.318486000000000058e+05 -1.420675999999999917e+01 8.587999999999999545e+01
2.318488000000000175e+05 -1.404879000000000033e+01 8.393768000000000029e+01
2.318490000000000000e+05 -1.408965000000000067e+01 8.586715999999999838e+01
2.318492000000000116e+05 -1.334332999999999991e+01 8.013036999999999921e+01
2.318494000000000233e+05 -1.418360000000000021e+01 8.633562000000000580e+01
2.318496000000000058e+05 -1.355328000000000088e+01 8.466834000000000060e+01
2.318498000000000175e+05 -1.322733999999999988e+01 8.449354999999999905e+01
2.318500000000000000e+05 -1.370236000000000054e+01 8.147007999999999583e+01
2.318502000000000116e+05 -1.341324000000000005e+01 8.399706000000000472e+01
2.318504000000000233e+05 -1.276043999999999912e+01 8.137456000000000245e+01
2.318506000000000058e+05 -1.363704000000000072e+01 7.914742999999999995e+01
2.318508000000000175e+05 -1.345303999999999967e+01 7.810156000000000631e+01
2.318510000000000000e+05 -1.239464000000000077e+01 8.178101999999999805e+01
2.318512000000000116e+05 -1.276806000000000019e+01 7.667158000000000584e+01
2.318514000000000233e+05 -1.195309999999999917e+01 7.880067999999999984e+01
2.318516000000000058e+05 -1.264742000000000033e+01 7.364024000000000569e+01
2.318518000000000175e+05 -1.174850999999999956e+01 7.098930000000000007e+01
2.318520000000000000e+05 -1.111874000000000073e+01 6.862435999999999581e+01
2.318522000000000116e+05 -1.066999999999999993e+01 6.516543000000000063e+01
2.318524000000000233e+05 -1.057793000000000028e+01 6.637349000000000387e+01
2.318526000000000058e+05 -9.699519999999999698e+00 6.076494000000000284e+01
2.318528000000000175e+05 -8.935052999999999912e+00 5.262042000000000286e+01
2.318530000000000000e+05 -8.136293999999999471e+00 4.197894000000000148e+01
2.318532000000000116e+05 -7.714926000000000172e+00 3.416069999999999851e+01
2.318534000000000233e+05 -6.930291999999999675e+00 1.656003000000000114e+01
2.318536000000000058e+05 -6.152357000000000298e+00 1.323471000000000064e+00
2.318538000000000175e+05 -5.494934999999999903e+00 -2.559675999999999974e+01
2.318540000000000000e+05 -5.212523000000000017e+00 -5.491261999999999688e+01
2.318542000000000116e+05 -4.665987000000000329e+00 -9.437663999999999476e+01
2.318544000000000233e+05 -4.463388000000000133e+00 -1.360130000000000052e+02
2.318546000000000058e+05 -4.199562000000000239e+00 -1.859858000000000118e+02
2.318548000000000175e+05 -4.704881000000000313e+00 -2.374165999999999883e+02
2.318550000000000000e+05 -6.041663999999999923e+00 -2.967200000000000273e+02
2.318552000000000116e+05 -9.401153000000000759e+00 -3.750808000000000106e+02
2.318554000000000233e+05 -9.343425999999999121e+00 -4.888444999999999823e+02
2.318556000000000058e+05 -6.845661999999999914e+00 -5.751885999999999513e+02
2.318558000000000175e+05 -7.880964999999999776e+00 -6.557974000000000387e+02
2.318560000000000000e+05 -1.285009999999999941e+01 -7.732351999999999634e+02
2.318562000000000116e+05 -9.015978999999999743e+00 -9.164237000000000535e+02
2.318564000000000233e+05 -9.111167000000000016e+00 -1.011451999999999998e+03
2.318566000000000058e+05 -1.821732000000000085e+01 -1.162771999999999935e+03
2.318568000000000175e+05 -9.192341000000000761e+00 -1.313234999999999900e+03
2.318570000000000000e+05 -1.420542999999999978e+01 -1.416190000000000055e+03
2.318572000000000116e+05 -1.134878999999999927e+01 -1.285617999999999938e+03
2.318574000000000233e+05 -1.238184000000000040e+01 -1.396546000000000049e+03
2.318576000000000058e+05 -1.327294999999999980e+01 -1.280116999999999962e+03
2.318578000000000175e+05 -1.245373999999999981e+01 -1.388346999999999980e+03
2.318580000000000000e+05 -1.287020000000000053e+01 -1.298583000000000084e+03
2.318582000000000116e+05 -1.753213999999999828e+01 -1.413145999999999958e+03
2.318584000000000233e+05 -1.116250999999999927e+01 -1.326282999999999902e+03
2.318586000000000058e+05 -3.096278999999999826e+01 -1.292138999999999896e+03
2.318588000000000175e+05 -1.366821999999999981e+01 -1.370932999999999993e+03
2.318590000000000000e+05 -1.361449999999999960e+01 -1.311950000000000045e+03
2.318592000000000116e+05 -2.586703999999999937e+01 -1.326211999999999989e+03
2.318594000000000233e+05 -1.525249999999999950e+01 -1.367467000000000098e+03
2.318596000000000058e+05 -1.245814000000000021e+01 -1.332759000000000015e+03
2.318598000000000175e+05 -1.807791999999999888e+01 -1.301767000000000053e+03
2.318600000000000000e+05 -2.073867999999999867e+01 -1.353516000000000076e+03
2.318602000000000116e+05 -1.551118999999999915e+01 -1.370603000000000065e+03
2.318604000000000233e+05 -1.336792999999999942e+01 -1.354640000000000100e+03
2.318606000000000058e+05 -1.429960999999999949e+01 -1.332108999999999924e+03
2.318608000000000175e+05 -1.594608000000000025e+01 -1.326555000000000064e+03
2.318610000000000000e+05 -1.889754999999999896e+01 -1.329994999999999891e+03
2.318612000000000116e+05 -1.915427999999999997e+01 -1.320720000000000027e+03
2.318614000000000233e+05 -1.801154999999999973e+01 -1.339458000000000084e+03
2.318616000000000058e+05 -1.897293000000000163e+01 -1.349425999999999931e+03
2.318618000000000175e+05 -1.722513999999999967e+01 -1.350333000000000084e+03
2.318620000000000000e+05 -1.809487999999999985e+01 -1.349852000000000089e+03
2.318622000000000116e+05 -1.986065999999999931e+01 -1.355191000000000031e+03
2.318624000000000233e+05 -1.912871000000000166e+01 -1.334324000000000069e+03
2.318626000000000058e+05 -1.642167999999999850e+01 -1.341672000000000025e+03
2.318628000000000175e+05 -1.826472000000000051e+01 -1.331201999999999998e+03
2.318630000000000000e+05 -1.490128999999999948e+01 -1.345228000000000065e+03
2.318632000000000116e+05 -1.418443000000000076e+01 -1.338333000000000084e+03
2.318634000000000233e+05 -1.563367000000000040e+01 -1.350771999999999935e+03
2.318636000000000058e+05 -1.677124999999999844e+01 -1.343673999999999978e+03
2.318638000000000175e+05 -1.811292999999999864e+01 -1.342817000000000007e+03
2.318640000000000000e+05 -1.626228000000000051e+01 -1.337851000000000113e+03
2.318642000000000116e+05 -1.644904999999999973e+01 -1.348751999999999953e+03
2.318644000000000233e+05 -1.691945000000000121e+01 -1.355019000000000005e+03
2.318646000000000058e+05 -1.844183999999999912e+01 -1.339792999999999893e+03
2.318648000000000175e+05 -1.500253000000000014e+01 -1.342196999999999889e+03
2.318650000000000000e+05 -1.517647999999999975e+01 -1.345539999999999964e+03
2.318652000000000116e+05 -1.694082999999999828e+01 -1.346169000000000096e+03
