# Time finished:
# 2015-06-03 01.21.05
# Temp volt start:
# 1.02984
# Temp volt stop:
# 1.02984
# Approx start T:
# 75.6944569472
# Approx stop T:
# 75.6952045738
# DC bias measured, messed up:
# 4.000057
# DC bias we asked for:
# 4
2.317997200000000012e+05 -1.494037999999999933e+01 9.432129999999999370e+01
2.317999200000000128e+05 -1.461564000000000085e+01 8.934712000000000387e+01
2.318001199999999953e+05 -1.417869999999999919e+01 8.913679999999999382e+01
2.318003200000000070e+05 -1.456138999999999939e+01 8.749173999999999296e+01
2.318005199999999895e+05 -1.440403000000000056e+01 8.305370999999999526e+01
2.318007200000000012e+05 -1.443873999999999924e+01 9.046757999999999811e+01
2.318009200000000128e+05 -1.459068000000000076e+01 8.726785999999999888e+01
2.318011199999999953e+05 -1.504288000000000025e+01 8.595134000000000185e+01
2.318013200000000070e+05 -1.460810000000000031e+01 8.736786999999999637e+01
2.318015199999999895e+05 -1.461555000000000071e+01 8.259026000000000067e+01
2.318017200000000012e+05 -1.503791000000000011e+01 9.060353000000000634e+01
2.318019200000000128e+05 -1.425275000000000070e+01 8.659161000000000286e+01
2.318021199999999953e+05 -1.364145000000000074e+01 9.127510999999999797e+01
2.318023200000000070e+05 -1.406404000000000032e+01 8.811852000000000373e+01
2.318025199999999895e+05 -1.344571000000000005e+01 8.838361000000000445e+01
2.318027200000000012e+05 -1.429767999999999972e+01 8.757374000000000080e+01
2.318029200000000128e+05 -1.333179999999999943e+01 8.278933999999999571e+01
2.318031199999999953e+05 -1.350534000000000034e+01 8.992081000000000301e+01
2.318033200000000070e+05 -1.441338999999999970e+01 8.934569999999999368e+01
2.318035199999999895e+05 -1.469692000000000043e+01 8.783525000000000205e+01
2.318037200000000012e+05 -1.478991000000000078e+01 8.356533000000000300e+01
2.318039200000000128e+05 -1.296181999999999945e+01 8.864900000000000091e+01
2.318041199999999953e+05 -1.391571000000000069e+01 8.489368000000000336e+01
2.318043200000000070e+05 -1.372809999999999953e+01 8.498018999999999323e+01
2.318045199999999895e+05 -1.382935999999999943e+01 8.825843999999999312e+01
2.318047200000000012e+05 -1.384121000000000024e+01 8.156144000000000460e+01
2.318049200000000128e+05 -1.331935999999999964e+01 7.760671999999999571e+01
2.318051199999999953e+05 -1.315928000000000075e+01 8.353654000000000224e+01
2.318053200000000070e+05 -1.295875000000000021e+01 8.129055999999999926e+01
2.318055199999999895e+05 -1.241422000000000025e+01 7.986469999999999914e+01
2.318057200000000012e+05 -1.326173000000000002e+01 7.827725999999999829e+01
2.318059200000000128e+05 -1.239240999999999993e+01 7.568564999999999543e+01
2.318061199999999953e+05 -1.152130999999999972e+01 7.448609999999999332e+01
2.318063200000000070e+05 -1.149133999999999922e+01 7.601699000000000694e+01
2.318065199999999895e+05 -1.104327999999999932e+01 6.819874000000000080e+01
2.318067200000000012e+05 -1.037050999999999945e+01 6.878065999999999747e+01
2.318069200000000128e+05 -1.042685999999999957e+01 6.717256999999999323e+01
2.318071199999999953e+05 -9.527361000000000857e+00 5.594463999999999970e+01
2.318073200000000070e+05 -8.684692999999999330e+00 5.402423999999999893e+01
2.318075199999999895e+05 -8.548140999999999323e+00 4.522617000000000331e+01
2.318077200000000012e+05 -8.048771999999999593e+00 3.122288999999999959e+01
2.318079200000000128e+05 -7.042068000000000438e+00 1.746995000000000076e+01
2.318081199999999953e+05 -6.261910999999999561e+00 -2.326893999999999796e+00
2.318083200000000070e+05 -6.060173999999999950e+00 -2.725972000000000151e+01
2.318085199999999895e+05 -5.002862999999999616e+00 -5.713094000000000250e+01
2.318087200000000012e+05 -5.054605999999999710e+00 -9.634717999999999449e+01
2.318089200000000128e+05 -4.933921999999999919e+00 -1.402964000000000055e+02
2.318091199999999953e+05 -4.574256000000000100e+00 -1.912663000000000011e+02
2.318093200000000070e+05 -5.079959999999999809e+00 -2.424250000000000114e+02
2.318095199999999895e+05 -6.905141000000000417e+00 -3.034211000000000240e+02
2.318097200000000012e+05 -1.033713000000000015e+01 -3.851166000000000054e+02
2.318099200000000128e+05 -9.813314000000000092e+00 -4.978188999999999851e+02
2.318101199999999953e+05 -7.034326000000000079e+00 -5.813170000000000073e+02
2.318103200000000070e+05 -9.151934999999999931e+00 -6.609355000000000473e+02
2.318105199999999895e+05 -1.515587999999999980e+01 -7.885918000000000347e+02
2.318107200000000012e+05 -9.510158999999999807e+00 -9.299764999999999873e+02
2.318109200000000128e+05 -1.007447999999999944e+01 -1.014621999999999957e+03
2.318111199999999953e+05 -1.919059000000000026e+01 -8.372859999999999445e+02
2.318113200000000070e+05 -9.256145999999999319e+00 -9.598079000000000178e+02
2.318115199999999895e+05 -1.683229000000000042e+01 -1.068471000000000004e+03
2.318117200000000012e+05 -1.180573000000000050e+01 -9.410071000000000367e+02
2.318119200000000128e+05 -1.439855999999999980e+01 -1.044145999999999958e+03
2.318121199999999953e+05 -1.305185999999999957e+01 -9.345548000000000002e+02
2.318123200000000070e+05 -1.457952000000000048e+01 -1.027465999999999894e+03
2.318125199999999895e+05 -1.310712999999999973e+01 -9.500081000000000131e+02
2.318127200000000012e+05 -2.068881000000000014e+01 -1.033247000000000071e+03
2.318129200000000128e+05 -1.232996999999999943e+01 -9.771177999999999884e+02
2.318131199999999953e+05 -2.331064999999999898e+01 -9.429650000000000318e+02
2.318133200000000070e+05 -1.397640999999999956e+01 -1.010610999999999990e+03
2.318135199999999895e+05 -1.387163999999999930e+01 -9.585911999999999580e+02
2.318137200000000012e+05 -2.551208000000000098e+01 -9.532689000000000306e+02
2.318139200000000128e+05 -1.609165000000000134e+01 -1.006131999999999948e+03
2.318141199999999953e+05 -1.366813999999999929e+01 -9.751114000000000033e+02
2.318143200000000070e+05 -1.656436000000000064e+01 -9.583098999999999705e+02
2.318145199999999895e+05 -2.145536999999999850e+01 -9.756209999999999809e+02
2.318147200000000012e+05 -1.773594999999999899e+01 -1.003195000000000050e+03
2.318149200000000128e+05 -1.510828000000000060e+01 -9.923069000000000415e+02
2.318151199999999953e+05 -1.494557000000000002e+01 -9.766840999999999440e+02
2.318153200000000070e+05 -1.533291999999999966e+01 -9.661586999999999534e+02
2.318155199999999895e+05 -1.734506000000000014e+01 -9.635909000000000333e+02
2.318157200000000012e+05 -1.766413000000000011e+01 -9.752084999999999582e+02
2.318159200000000128e+05 -1.937904999999999944e+01 -9.739468000000000529e+02
2.318161199999999953e+05 -1.819368000000000052e+01 -9.870738000000000056e+02
2.318163200000000070e+05 -1.887668999999999997e+01 -9.783304000000000542e+02
2.318165199999999895e+05 -1.825904999999999845e+01 -9.779538000000000011e+02
2.318167200000000012e+05 -1.754335000000000022e+01 -9.852804999999999609e+02
2.318169200000000128e+05 -1.684160999999999930e+01 -9.799598999999999478e+02
2.318171199999999953e+05 -1.749190000000000111e+01 -9.803192999999999984e+02
2.318173200000000070e+05 -1.637324999999999875e+01 -9.808458000000000538e+02
2.318175199999999895e+05 -1.530596000000000068e+01 -9.835724000000000160e+02
2.318177200000000012e+05 -1.545410000000000039e+01 -9.849085999999999785e+02
2.318179200000000128e+05 -1.598016999999999932e+01 -9.856548999999999978e+02
2.318181199999999953e+05 -1.674867000000000061e+01 -9.839451000000000249e+02
2.318183200000000070e+05 -1.710212999999999894e+01 -9.773632999999999811e+02
2.318185199999999895e+05 -1.628374000000000166e+01 -9.829466999999999643e+02
2.318187200000000012e+05 -1.471167999999999942e+01 -9.922842000000000553e+02
2.318189200000000128e+05 -1.607436999999999827e+01 -9.862612000000000307e+02
2.318191199999999953e+05 -1.598901000000000039e+01 -9.838043999999999869e+02
2.318193200000000070e+05 -1.447800999999999938e+01 -9.885034000000000560e+02
2.318195199999999895e+05 -1.723668999999999940e+01 -9.927160000000000082e+02
2.318197200000000012e+05 -1.694412000000000162e+01 -9.873040999999999485e+02
