# Time finished:
# 2015-06-03 13.20.06
# Temp volt start:
# 1.009412
# Temp volt stop:
# 1.009412
# Approx start T:
# 87.2934292662
# Approx stop T:
# 87.2962885124
# DC bias measured, messed up:
# 3.999687
# DC bias we asked for:
# 4
2.318217600000000093e+05 -1.454035000000000011e+01 8.872505999999999915e+01
2.318219600000000210e+05 -1.406048999999999971e+01 8.249917000000000655e+01
2.318221600000000035e+05 -1.469678000000000040e+01 8.775082000000000448e+01
2.318223600000000151e+05 -1.435007000000000055e+01 8.366961999999999477e+01
2.318225599999999977e+05 -1.507962999999999987e+01 8.926985000000000525e+01
2.318227600000000093e+05 -1.495705000000000062e+01 9.229137000000000057e+01
2.318229600000000210e+05 -1.422667000000000037e+01 9.235455000000000325e+01
2.318231600000000035e+05 -1.463660999999999923e+01 8.702897000000000105e+01
2.318233600000000151e+05 -1.424959999999999916e+01 9.025522999999999740e+01
2.318235599999999977e+05 -1.534800000000000075e+01 8.771474000000000615e+01
2.318237600000000093e+05 -1.369688999999999979e+01 8.914606000000000563e+01
2.318239600000000210e+05 -1.471510999999999925e+01 8.484347999999999956e+01
2.318241600000000035e+05 -1.417378000000000071e+01 8.765793999999999642e+01
2.318243600000000151e+05 -1.385899000000000036e+01 8.368998000000000559e+01
2.318245599999999977e+05 -1.405785000000000018e+01 8.179316000000000031e+01
2.318247600000000093e+05 -1.419425999999999988e+01 7.957484999999999786e+01
2.318249600000000210e+05 -1.340723000000000020e+01 8.494513000000000602e+01
2.318251600000000035e+05 -1.248933000000000071e+01 8.784699999999999420e+01
2.318253600000000151e+05 -1.415114999999999945e+01 8.219661000000000683e+01
2.318255599999999977e+05 -1.352216999999999913e+01 9.184498999999999569e+01
2.318257600000000093e+05 -1.373628000000000071e+01 8.432802999999999827e+01
2.318259600000000210e+05 -1.466175999999999924e+01 8.210166999999999859e+01
2.318261600000000035e+05 -1.414061000000000057e+01 7.987236000000000047e+01
2.318263600000000151e+05 -1.359680000000000000e+01 8.048654999999999404e+01
2.318265599999999977e+05 -1.346109000000000044e+01 8.402060000000000173e+01
2.318267600000000093e+05 -1.268382000000000076e+01 8.248945999999999401e+01
2.318269600000000210e+05 -1.352669999999999995e+01 8.019827999999999690e+01
2.318271600000000035e+05 -1.248610000000000042e+01 8.088827999999999463e+01
2.318273600000000151e+05 -1.276717000000000013e+01 8.075320999999999572e+01
2.318275599999999977e+05 -1.294378000000000029e+01 7.759730999999999312e+01
2.318277600000000093e+05 -1.238837000000000010e+01 7.575054000000000087e+01
2.318279600000000210e+05 -1.146190999999999960e+01 7.936229000000000156e+01
2.318281600000000035e+05 -1.193631000000000064e+01 7.411002000000000578e+01
2.318283600000000151e+05 -1.151219999999999999e+01 7.569055000000000177e+01
2.318285599999999977e+05 -1.157529000000000075e+01 7.070355999999999597e+01
2.318287600000000093e+05 -1.035281999999999947e+01 6.750082999999999345e+01
2.318289600000000210e+05 -9.832646999999999693e+00 6.149539000000000044e+01
2.318291600000000035e+05 -9.604701000000000377e+00 5.721820000000000306e+01
2.318293600000000151e+05 -8.220986999999999156e+00 5.040859999999999985e+01
2.318295599999999977e+05 -8.135172000000000736e+00 4.078842999999999819e+01
2.318297600000000093e+05 -7.385006999999999877e+00 2.562805000000000177e+01
2.318299600000000210e+05 -6.481935000000000002e+00 1.162520999999999916e+01
2.318301600000000035e+05 -5.936767999999999823e+00 -1.167042999999999964e+01
2.318303600000000151e+05 -5.436228999999999978e+00 -3.870873999999999882e+01
2.318305599999999977e+05 -5.415269000000000332e+00 -7.374853000000000236e+01
2.318307600000000093e+05 -4.773831999999999631e+00 -1.137757000000000005e+02
2.318309600000000210e+05 -4.801394000000000162e+00 -1.622105999999999995e+02
2.318311600000000035e+05 -4.985764999999999780e+00 -2.112703999999999951e+02
2.318313600000000151e+05 -5.582920999999999800e+00 -2.651113000000000284e+02
2.318315599999999977e+05 -7.975170999999999566e+00 -3.335346999999999866e+02
2.318317600000000093e+05 -1.122860999999999976e+01 -4.338278000000000247e+02
2.318319600000000210e+05 -8.453011999999999304e+00 -5.328304000000000542e+02
2.318321600000000035e+05 -6.893169000000000324e+00 -6.122405999999999722e+02
2.318323600000000151e+05 -1.097786999999999935e+01 -6.953537000000000035e+02
2.318325599999999977e+05 -1.343047999999999931e+01 -8.567785999999999831e+02
2.318327600000000093e+05 -8.381624999999999659e+00 -9.593057999999999765e+02
2.318329600000000210e+05 -1.309610999999999947e+01 -1.060914999999999964e+03
2.318331600000000035e+05 -1.320036999999999949e+01 -9.030696000000000367e+02
2.318333600000000151e+05 -1.039091999999999949e+01 -9.987356999999999516e+02
2.318335599999999977e+05 -2.053832999999999842e+01 -8.357015000000000100e+02
2.318337600000000093e+05 -9.563300999999999163e+00 -9.782608000000000175e+02
2.318339600000000210e+05 -2.859462999999999866e+01 -1.142544000000000096e+03
2.318341600000000035e+05 -1.092661999999999978e+01 -9.768551999999999680e+02
2.318343600000000151e+05 -2.995610999999999891e+01 -8.036820999999999913e+02
2.318345599999999977e+05 -1.153561000000000014e+01 -6.254298999999999751e+02
2.318347600000000093e+05 -1.956260999999999939e+01 -5.611189000000000533e+02
2.318349600000000210e+05 -1.421789000000000058e+01 -6.548682999999999765e+02
2.318351600000000035e+05 -1.330195999999999934e+01 -5.959328000000000429e+02
2.318353600000000151e+05 -2.634504000000000090e+01 -6.290117000000000189e+02
2.318355599999999977e+05 -1.445025000000000048e+01 -6.493604000000000269e+02
2.318357600000000093e+05 -1.508404999999999951e+01 -5.951322999999999865e+02
2.318359600000000210e+05 -2.467733000000000132e+01 -6.000145999999999731e+02
2.318361600000000035e+05 -1.667642999999999986e+01 -6.500942999999999756e+02
2.318363600000000151e+05 -1.516533000000000087e+01 -6.226808999999999514e+02
2.318365599999999977e+05 -1.382288999999999923e+01 -6.094710999999999785e+02
2.318367600000000093e+05 -1.789585999999999899e+01 -5.993934000000000424e+02
2.318369600000000210e+05 -2.175134999999999863e+01 -6.369257999999999811e+02
2.318371600000000035e+05 -1.725769999999999982e+01 -6.539203999999999724e+02
2.318373600000000151e+05 -1.471725999999999956e+01 -6.317830999999999904e+02
2.318375599999999977e+05 -1.514644000000000013e+01 -6.272436999999999898e+02
2.318377600000000093e+05 -1.518129000000000062e+01 -6.272356999999999516e+02
2.318379600000000210e+05 -1.418590000000000018e+01 -6.205013999999999896e+02
2.318381600000000035e+05 -1.486794000000000082e+01 -6.173587999999999738e+02
2.318383600000000151e+05 -1.478794000000000075e+01 -6.191453999999999951e+02
2.318385599999999977e+05 -1.429630000000000045e+01 -6.226562000000000126e+02
2.318387600000000093e+05 -1.530233999999999916e+01 -6.249921000000000504e+02
2.318389600000000210e+05 -1.510970999999999975e+01 -6.260824999999999818e+02
2.318391600000000035e+05 -1.607828999999999908e+01 -6.259856999999999516e+02
2.318393600000000151e+05 -1.689527000000000001e+01 -6.399954999999999927e+02
2.318395599999999977e+05 -1.818133999999999872e+01 -6.288837999999999511e+02
2.318397600000000093e+05 -1.616839999999999833e+01 -6.242775000000000318e+02
2.318399600000000210e+05 -1.593055000000000021e+01 -6.207562000000000353e+02
2.318401600000000035e+05 -1.583968999999999916e+01 -6.247458000000000311e+02
2.318403600000000151e+05 -1.576815999999999995e+01 -6.257635999999999967e+02
2.318405599999999977e+05 -1.596218999999999966e+01 -6.270253999999999905e+02
2.318407600000000093e+05 -1.713219000000000136e+01 -6.190976000000000568e+02
2.318409600000000210e+05 -1.594549999999999912e+01 -6.303513000000000375e+02
2.318411600000000035e+05 -1.688253999999999877e+01 -6.274586000000000467e+02
2.318413600000000151e+05 -1.667764999999999986e+01 -6.173772999999999911e+02
2.318415599999999977e+05 -1.607895999999999859e+01 -6.275389000000000124e+02
2.318417600000000093e+05 -1.625503000000000142e+01 -6.284764000000000124e+02
