# Time finished:
# 2015-06-03 14.32.31
# Temp volt start:
# 1.0111926
# Temp volt stop:
# 1.0111926
# Approx start T:
# 86.294065519
# Approx stop T:
# 86.2810862518
# DC bias measured, messed up:
# 3.99965
# DC bias we asked for:
# 4
2.318210899999999965e+05 -1.334450999999999965e+01 9.089073999999999387e+01
2.318212900000000081e+05 -1.317623000000000033e+01 9.021367999999999654e+01
2.318214899999999907e+05 -1.340950999999999915e+01 8.446574999999999989e+01
2.318216900000000023e+05 -1.396106999999999942e+01 8.008388999999999669e+01
2.318218899999999849e+05 -1.580307999999999957e+01 8.083774999999999977e+01
2.318220899999999965e+05 -1.443967999999999918e+01 9.018898000000000081e+01
2.318222900000000081e+05 -1.438413000000000075e+01 9.496209000000000344e+01
2.318224899999999907e+05 -1.351385999999999932e+01 8.237796000000000163e+01
2.318226900000000023e+05 -1.497718000000000060e+01 8.197259999999999991e+01
2.318228899999999849e+05 -1.462462999999999980e+01 8.596841000000000577e+01
2.318230899999999965e+05 -1.401036000000000037e+01 8.865054000000000656e+01
2.318232900000000081e+05 -1.410157000000000060e+01 8.101386999999999716e+01
2.318234899999999907e+05 -1.465124999999999922e+01 9.044393999999999778e+01
2.318236900000000023e+05 -1.406811000000000078e+01 8.641638000000000375e+01
2.318238899999999849e+05 -1.435547000000000040e+01 8.264753000000000327e+01
2.318240899999999965e+05 -1.437071000000000076e+01 8.690152999999999395e+01
2.318242900000000081e+05 -1.398235999999999990e+01 8.067794999999999561e+01
2.318244899999999907e+05 -1.413105000000000011e+01 8.495153000000000532e+01
2.318246900000000023e+05 -1.431944999999999979e+01 8.090802999999999656e+01
2.318248899999999849e+05 -1.436725000000000030e+01 8.669758000000000209e+01
2.318250899999999965e+05 -1.390911999999999971e+01 8.595082999999999629e+01
2.318252900000000081e+05 -1.336167000000000016e+01 8.684861999999999682e+01
2.318254899999999907e+05 -1.384514000000000067e+01 7.817739000000000260e+01
2.318256900000000023e+05 -1.312827000000000055e+01 8.313503000000000043e+01
2.318258899999999849e+05 -1.391169000000000011e+01 8.336576999999999771e+01
2.318260899999999965e+05 -1.382699000000000034e+01 8.483271999999999480e+01
2.318262900000000081e+05 -1.322011000000000003e+01 7.164691000000000543e+01
2.318264899999999907e+05 -1.279587000000000074e+01 8.105826999999999316e+01
2.318266900000000023e+05 -1.271724999999999994e+01 7.543210999999999444e+01
2.318268899999999849e+05 -1.231818999999999953e+01 7.802151000000000636e+01
2.318270899999999965e+05 -1.228820999999999941e+01 7.477221000000000117e+01
2.318272900000000081e+05 -1.231356000000000073e+01 7.853927000000000191e+01
2.318274899999999907e+05 -1.146311000000000035e+01 7.219732000000000482e+01
2.318276900000000023e+05 -1.157038000000000011e+01 7.217616999999999905e+01
2.318278899999999849e+05 -1.025961999999999996e+01 6.766706999999999539e+01
2.318280899999999965e+05 -1.042526999999999937e+01 7.044929999999999382e+01
2.318282900000000081e+05 -1.011004999999999932e+01 6.063311000000000206e+01
2.318284899999999907e+05 -9.374268999999999963e+00 5.246303000000000338e+01
2.318286900000000023e+05 -8.300387999999999877e+00 4.244494000000000256e+01
2.318288899999999849e+05 -7.758487999999999829e+00 3.364159000000000077e+01
2.318290899999999965e+05 -6.961843000000000004e+00 1.837590000000000146e+01
2.318292900000000081e+05 -6.198229999999999684e+00 2.467994000000000021e-01
2.318294899999999907e+05 -5.716743000000000130e+00 -2.488494999999999990e+01
2.318296900000000023e+05 -5.591731000000000229e+00 -5.316864000000000345e+01
2.318298899999999849e+05 -5.377252000000000365e+00 -9.301478000000000179e+01
2.318300899999999965e+05 -4.701234999999999609e+00 -1.361174000000000035e+02
2.318302900000000081e+05 -4.481470999999999982e+00 -1.859865000000000066e+02
2.318304899999999907e+05 -5.295404999999999696e+00 -2.365201000000000136e+02
2.318306900000000023e+05 -6.760518000000000249e+00 -2.949331000000000245e+02
2.318308899999999849e+05 -9.644759999999999778e+00 -3.712264999999999873e+02
2.318310899999999965e+05 -1.070261999999999958e+01 -4.861354000000000042e+02
2.318312900000000081e+05 -7.343415000000000248e+00 -5.747811000000000377e+02
2.318314899999999907e+05 -8.537601000000000440e+00 -6.510034000000000560e+02
2.318316900000000023e+05 -1.531681999999999988e+01 -7.664487000000000307e+02
2.318318899999999849e+05 -1.039606999999999992e+01 -9.127676999999999907e+02
2.318320899999999965e+05 -8.949037999999999826e+00 -1.005567999999999984e+03
2.318322900000000081e+05 -1.933641000000000076e+01 -1.157160000000000082e+03
2.318324899999999907e+05 -9.903494000000000241e+00 -1.312234999999999900e+03
2.318326900000000023e+05 -1.448925000000000018e+01 -1.412290999999999940e+03
2.318328899999999849e+05 -1.281126000000000076e+01 -1.280678000000000111e+03
2.318330899999999965e+05 -1.279432000000000080e+01 -1.379625000000000000e+03
2.318332900000000081e+05 -1.554457999999999984e+01 -1.279442999999999984e+03
2.318334899999999907e+05 -1.426045000000000051e+01 -1.382184999999999945e+03
2.318336900000000023e+05 -1.460984000000000016e+01 -1.294670000000000073e+03
2.318338899999999849e+05 -1.726250999999999891e+01 -1.395147999999999911e+03
2.318340899999999965e+05 -1.218038999999999916e+01 -1.325207000000000107e+03
2.318342900000000081e+05 -2.772297000000000011e+01 -1.315588999999999942e+03
2.318344899999999907e+05 -1.354954999999999998e+01 -1.364731999999999971e+03
2.318346900000000023e+05 -1.449944999999999951e+01 -1.316714999999999918e+03
2.318348899999999849e+05 -2.312058999999999997e+01 -1.341797000000000025e+03
2.318350899999999965e+05 -1.482229000000000063e+01 -1.358707000000000107e+03
2.318352900000000081e+05 -1.448892000000000024e+01 -1.334018000000000029e+03
2.318354899999999907e+05 -1.771871000000000151e+01 -1.316863000000000056e+03
2.318356900000000023e+05 -1.903827000000000069e+01 -1.365767000000000053e+03
2.318358899999999849e+05 -1.525849999999999973e+01 -1.359098999999999933e+03
2.318360899999999965e+05 -1.466281000000000034e+01 -1.343471999999999980e+03
2.318362900000000081e+05 -1.431166999999999945e+01 -1.332282999999999902e+03
2.318364899999999907e+05 -1.607901999999999987e+01 -1.320319999999999936e+03
2.318366900000000023e+05 -1.849930000000000163e+01 -1.331605000000000018e+03
2.318368899999999849e+05 -1.977752999999999872e+01 -1.346506000000000085e+03
2.318370899999999965e+05 -1.873247999999999891e+01 -1.348247000000000071e+03
2.318372900000000081e+05 -1.886144000000000176e+01 -1.345332000000000107e+03
2.318374899999999907e+05 -1.910977000000000103e+01 -1.340824000000000069e+03
2.318376900000000023e+05 -1.713899999999999935e+01 -1.356586000000000013e+03
2.318378899999999849e+05 -1.810210999999999970e+01 -1.349577999999999975e+03
2.318380899999999965e+05 -1.805743999999999971e+01 -1.344836000000000013e+03
2.318382900000000081e+05 -1.657573000000000008e+01 -1.339287000000000035e+03
2.318384899999999907e+05 -1.691743999999999915e+01 -1.341067999999999984e+03
2.318386900000000023e+05 -1.551411000000000051e+01 -1.338027000000000044e+03
2.318388899999999849e+05 -1.551401000000000074e+01 -1.350190000000000055e+03
2.318390899999999965e+05 -1.499103000000000030e+01 -1.347451000000000022e+03
2.318392900000000081e+05 -1.798790999999999940e+01 -1.356478000000000065e+03
2.318394899999999907e+05 -1.737271000000000143e+01 -1.347034000000000106e+03
2.318396900000000023e+05 -1.596161999999999992e+01 -1.342548999999999978e+03
2.318398899999999849e+05 -1.600553000000000026e+01 -1.346142000000000053e+03
2.318400899999999965e+05 -1.670170999999999850e+01 -1.349858999999999924e+03
2.318402900000000081e+05 -1.726155999999999935e+01 -1.348326000000000022e+03
2.318404899999999907e+05 -1.559759999999999991e+01 -1.345462999999999965e+03
2.318406900000000023e+05 -1.570125999999999955e+01 -1.341112000000000080e+03
2.318408899999999849e+05 -1.549366000000000021e+01 -1.337930000000000064e+03
2.318410899999999965e+05 -1.622637999999999892e+01 -1.344338999999999942e+03
