# Time finished:
# 2015-06-01 20.41.09
# Temp volt start:
# 0.79841665
# Temp volt stop:
# 0.79841665
# Approx start T:
# 193.453601667
# Approx stop T:
# 193.048718433
# DC bias measured, messed up:
# 5.174075
# DC bias we asked for:
# 0
2.319041499999999942e+05 -1.476754999999999995e+01 9.198479000000000383e+01
2.319043500000000058e+05 -1.726895000000000024e+01 1.035742000000000047e+02
2.319045499999999884e+05 -1.701878999999999920e+01 9.389937999999999363e+01
2.319047500000000000e+05 -1.634078999999999837e+01 1.017670999999999992e+02
2.319049499999999825e+05 -1.621183999999999870e+01 8.759474000000000160e+01
2.319051499999999942e+05 -1.698651999999999873e+01 9.650915999999999428e+01
2.319053500000000058e+05 -1.545594999999999963e+01 9.728216999999999359e+01
2.319055499999999884e+05 -1.536952999999999925e+01 1.102425999999999959e+02
2.319057500000000000e+05 -1.651651000000000025e+01 9.740984000000000265e+01
2.319059499999999825e+05 -1.642885000000000062e+01 9.857981999999999800e+01
2.319061499999999942e+05 -1.528808000000000078e+01 1.047965999999999980e+02
2.319063500000000058e+05 -1.498123000000000005e+01 8.791262999999999295e+01
2.319065499999999884e+05 -1.608980000000000032e+01 1.104108999999999980e+02
2.319067500000000000e+05 -1.617143000000000086e+01 9.913137000000000398e+01
2.319069499999999825e+05 -1.524496000000000073e+01 8.750064999999999316e+01
2.319071499999999942e+05 -1.509232000000000085e+01 1.055532000000000039e+02
2.319073500000000058e+05 -1.498126000000000069e+01 8.791844000000000392e+01
2.319075499999999884e+05 -1.478700000000000081e+01 1.022254999999999967e+02
2.319077500000000000e+05 -1.488640999999999970e+01 1.006347999999999985e+02
2.319079499999999825e+05 -1.428439000000000014e+01 8.392373000000000616e+01
2.319081499999999942e+05 -1.541269999999999918e+01 8.852857000000000198e+01
2.319083500000000058e+05 -1.533076999999999934e+01 9.466289999999999338e+01
2.319085499999999884e+05 -1.448155000000000037e+01 9.848516999999999655e+01
2.319087500000000000e+05 -1.546758999999999951e+01 9.656428999999999974e+01
2.319089499999999825e+05 -1.735138999999999854e+01 9.862555999999999301e+01
2.319091499999999942e+05 -1.523968999999999951e+01 9.319750000000000512e+01
2.319093500000000058e+05 -1.620880999999999972e+01 9.316438999999999737e+01
2.319095499999999884e+05 -1.460833000000000048e+01 8.269753000000000043e+01
2.319097500000000000e+05 -1.465020999999999951e+01 9.765469000000000221e+01
2.319099499999999825e+05 -1.563175999999999988e+01 8.774954999999999927e+01
2.319101499999999942e+05 -1.585936000000000057e+01 8.769400000000000261e+01
2.319103500000000058e+05 -1.582198999999999955e+01 9.876909000000000560e+01
2.319105499999999884e+05 -1.519258999999999915e+01 9.671930000000000405e+01
2.319107500000000000e+05 -1.487731999999999921e+01 8.794866000000000383e+01
2.319109499999999825e+05 -1.632672000000000168e+01 9.766321999999999548e+01
2.319111499999999942e+05 -1.603338000000000108e+01 8.726990999999999588e+01
2.319113500000000058e+05 -1.615805999999999898e+01 9.196732000000000085e+01
2.319115499999999884e+05 -1.529003999999999941e+01 8.641987000000000307e+01
2.319117500000000000e+05 -1.535275999999999996e+01 9.251317000000000235e+01
2.319119499999999825e+05 -1.505192000000000085e+01 1.022646000000000015e+02
2.319121499999999942e+05 -1.465088000000000079e+01 9.765706000000000131e+01
2.319123500000000058e+05 -1.511011000000000060e+01 9.525208000000000652e+01
2.319125499999999884e+05 -1.403115000000000023e+01 9.898933999999999855e+01
2.319127500000000000e+05 -1.485211999999999932e+01 8.523856000000000677e+01
2.319129499999999825e+05 -1.521574000000000026e+01 9.531905000000000427e+01
2.319131499999999942e+05 -1.769725999999999999e+01 9.518474000000000501e+01
2.319133500000000058e+05 -1.513165000000000049e+01 1.030901000000000067e+02
2.319135499999999884e+05 -1.485216999999999921e+01 9.475813999999999737e+01
2.319137500000000000e+05 -1.518321000000000076e+01 8.646180999999999983e+01
2.319139499999999825e+05 -1.683765000000000001e+01 9.256383999999999901e+01
2.319141499999999942e+05 -1.446759999999999913e+01 9.913930000000000575e+01
2.319143500000000058e+05 -1.460924999999999940e+01 8.635021999999999309e+01
2.319145499999999884e+05 -1.519847999999999999e+01 1.010267000000000053e+02
2.319147500000000000e+05 -1.443431999999999960e+01 1.020644000000000062e+02
2.319149499999999825e+05 -1.608747999999999934e+01 9.746854999999999336e+01
2.319151499999999942e+05 -1.479518999999999984e+01 9.812790999999999997e+01
2.319153500000000058e+05 -1.616973000000000127e+01 9.633462000000000103e+01
2.319155499999999884e+05 -1.530710000000000015e+01 9.071232000000000539e+01
2.319157500000000000e+05 -1.542225999999999964e+01 1.042960999999999956e+02
2.319159499999999825e+05 -1.521832000000000029e+01 1.021406000000000063e+02
2.319161499999999942e+05 -1.567914999999999992e+01 9.749621000000000492e+01
2.319163500000000058e+05 -1.623460000000000036e+01 9.599398999999999660e+01
2.319165499999999884e+05 -1.458027000000000051e+01 9.859412000000000376e+01
2.319167500000000000e+05 -1.499628000000000050e+01 1.064732999999999947e+02
2.319169499999999825e+05 -1.461660999999999966e+01 9.297418999999999301e+01
2.319171499999999942e+05 -1.525117999999999974e+01 1.043854000000000042e+02
2.319173500000000058e+05 -1.584205000000000041e+01 9.802029000000000281e+01
2.319175499999999884e+05 -1.586721999999999966e+01 9.000193000000000154e+01
2.319177500000000000e+05 -1.545431999999999917e+01 1.017308000000000021e+02
2.319179499999999825e+05 -1.506096999999999930e+01 9.486767999999999290e+01
2.319181499999999942e+05 -1.388729000000000013e+01 9.701525999999999783e+01
2.319183500000000058e+05 -1.486603999999999992e+01 9.956856999999999402e+01
2.319185499999999884e+05 -1.561454999999999949e+01 9.780965000000000487e+01
2.319187500000000000e+05 -1.547755000000000081e+01 1.010216000000000065e+02
2.319189499999999825e+05 -1.589808999999999983e+01 1.004158000000000044e+02
2.319191499999999942e+05 -1.628371999999999886e+01 9.040452999999999406e+01
2.319193500000000058e+05 -1.488372999999999990e+01 9.068595000000000539e+01
2.319195499999999884e+05 -1.539978999999999942e+01 8.638039999999999452e+01
2.319197500000000000e+05 -1.512053000000000047e+01 1.048881999999999977e+02
2.319199499999999825e+05 -1.683571999999999846e+01 1.060088999999999970e+02
2.319201499999999942e+05 -1.555129999999999946e+01 9.814000000000000057e+01
2.319203500000000058e+05 -1.482005000000000017e+01 9.305406000000000688e+01
2.319205499999999884e+05 -1.581898999999999944e+01 9.608294999999999675e+01
2.319207500000000000e+05 -1.611604000000000170e+01 9.590998999999999342e+01
2.319209499999999825e+05 -1.601968000000000103e+01 9.429300999999999533e+01
2.319211499999999942e+05 -1.510532000000000075e+01 9.843425999999999476e+01
2.319213500000000058e+05 -1.494135999999999953e+01 9.861356000000000677e+01
2.319215499999999884e+05 -1.331906999999999996e+01 9.200222999999999729e+01
2.319217500000000000e+05 -1.631980000000000075e+01 1.005324999999999989e+02
2.319219499999999825e+05 -1.570776000000000039e+01 1.043926000000000016e+02
2.319221499999999942e+05 -1.609573999999999927e+01 8.765645999999999560e+01
2.319223500000000058e+05 -1.510924999999999940e+01 9.525966999999999985e+01
2.319225499999999884e+05 -1.590297999999999945e+01 9.422401000000000693e+01
2.319227500000000000e+05 -1.585185000000000066e+01 9.996529999999999916e+01
2.319229499999999825e+05 -1.541010999999999953e+01 8.782912000000000319e+01
2.319231499999999942e+05 -1.520140999999999920e+01 1.068680999999999983e+02
2.319233500000000058e+05 -1.614048000000000016e+01 9.792248999999999626e+01
2.319235499999999884e+05 -1.734683000000000064e+01 1.070112000000000023e+02
2.319237500000000000e+05 -1.575510000000000055e+01 9.642723999999999762e+01
2.319239499999999825e+05 -1.639040999999999926e+01 1.002014999999999958e+02
2.319241499999999942e+05 -1.580541000000000018e+01 8.317280999999999835e+01
