# Time finished:
# 2015-06-02 23.20.55
# Temp volt start:
# 1.0459178
# Temp volt stop:
# 1.0459178
# Approx start T:
# 66.3525950334
# Approx stop T:
# 66.4218641587
# DC bias measured, messed up:
# 1.243135
# DC bias we asked for:
# 0
2.317809200000000128e+05 -1.531853000000000087e+01 9.265104999999999791e+01
2.317811200000000244e+05 -1.488668999999999976e+01 9.221259000000000583e+01
2.317813200000000070e+05 -1.595561000000000007e+01 9.224228999999999701e+01
2.317815200000000186e+05 -1.496071000000000062e+01 9.338254999999999484e+01
2.317817200000000012e+05 -1.552929999999999922e+01 8.915167999999999893e+01
2.317819200000000128e+05 -1.593759000000000015e+01 9.342597000000000662e+01
2.317821200000000244e+05 -1.564591000000000065e+01 8.935313999999999623e+01
2.317823200000000070e+05 -1.558590000000000053e+01 9.416639999999999588e+01
2.317825200000000186e+05 -1.512269000000000041e+01 9.279819000000000528e+01
2.317827200000000012e+05 -1.570137000000000072e+01 9.418392000000000053e+01
2.317829200000000128e+05 -1.570172999999999952e+01 9.392444999999999311e+01
2.317831200000000244e+05 -1.569192999999999927e+01 9.596690999999999860e+01
2.317833200000000070e+05 -1.551226999999999911e+01 9.316270000000000095e+01
2.317835200000000186e+05 -1.592789999999999928e+01 9.578463000000000704e+01
2.317837200000000012e+05 -1.573825000000000074e+01 9.137009000000000469e+01
2.317839200000000128e+05 -1.581053999999999959e+01 9.032594000000000278e+01
2.317841200000000244e+05 -1.576102999999999987e+01 9.303289999999999793e+01
2.317843200000000070e+05 -1.570241000000000042e+01 9.239597000000000548e+01
2.317845200000000186e+05 -1.576057999999999915e+01 9.354994999999999550e+01
2.317847200000000012e+05 -1.557699999999999996e+01 9.014012999999999920e+01
2.317849200000000128e+05 -1.503167999999999971e+01 8.925478999999999985e+01
2.317851200000000244e+05 -1.589450000000000074e+01 9.472898000000000707e+01
2.317853200000000070e+05 -1.577788999999999930e+01 9.161406999999999812e+01
2.317855200000000186e+05 -1.562293000000000021e+01 9.442576999999999998e+01
2.317857200000000012e+05 -1.541906999999999961e+01 8.945072999999999297e+01
2.317859200000000128e+05 -1.545481999999999978e+01 9.228461000000000070e+01
2.317861200000000244e+05 -1.553073000000000015e+01 9.303361999999999910e+01
2.317863200000000070e+05 -1.534249999999999936e+01 9.229834999999999923e+01
2.317865200000000186e+05 -1.549867000000000061e+01 8.991902000000000328e+01
2.317867200000000012e+05 -1.531567000000000078e+01 9.560090999999999894e+01
2.317869200000000128e+05 -1.592182000000000031e+01 8.779424000000000206e+01
2.317871200000000244e+05 -1.572178000000000075e+01 9.226824999999999477e+01
2.317873200000000070e+05 -1.587926000000000037e+01 9.277378000000000213e+01
2.317875200000000186e+05 -1.577569000000000088e+01 8.865679000000000087e+01
2.317877200000000012e+05 -1.609554999999999936e+01 9.156475000000000364e+01
2.317879200000000128e+05 -1.569675999999999938e+01 9.520396999999999821e+01
2.317881200000000244e+05 -1.549755000000000038e+01 8.804210999999999387e+01
2.317883200000000070e+05 -1.572180000000000000e+01 9.226608000000000231e+01
2.317885200000000186e+05 -1.510393999999999970e+01 9.410544000000000153e+01
2.317887200000000012e+05 -1.549867000000000061e+01 8.991516000000000020e+01
2.317889200000000128e+05 -1.540196000000000076e+01 9.649009999999999820e+01
2.317891200000000244e+05 -1.571574999999999989e+01 9.073372999999999422e+01
2.317893200000000070e+05 -1.577830999999999939e+01 9.187489999999999668e+01
2.317895200000000186e+05 -1.557662000000000013e+01 9.593209000000000231e+01
2.317897200000000012e+05 -1.574125000000000085e+01 9.239467999999999392e+01
2.317899200000000128e+05 -1.537513000000000041e+01 9.106824000000000296e+01
2.317901200000000244e+05 -1.549430000000000085e+01 8.942018000000000200e+01
2.317903200000000070e+05 -1.556851999999999947e+01 9.253593999999999653e+01
2.317905200000000186e+05 -1.599623000000000062e+01 9.197934999999999661e+01
2.317907200000000012e+05 -1.590047000000000033e+01 8.937894000000000005e+01
2.317909200000000128e+05 -1.570182999999999929e+01 9.367358000000000118e+01
2.317911200000000244e+05 -1.560557000000000016e+01 9.404663999999999646e+01
2.317913200000000070e+05 -1.544514000000000031e+01 9.031038999999999817e+01
2.317915200000000186e+05 -1.551215999999999973e+01 9.266477000000000430e+01
2.317917200000000012e+05 -1.495994999999999919e+01 9.174734999999999729e+01
2.317919200000000128e+05 -1.581941999999999915e+01 9.264422999999999320e+01
2.317921200000000244e+05 -1.628897999999999868e+01 8.783957999999999799e+01
2.317923200000000070e+05 -1.535832000000000086e+01 9.463285000000000480e+01
2.317925200000000186e+05 -1.535604000000000013e+01 9.095197000000000287e+01
2.317927200000000012e+05 -1.533079000000000036e+01 8.826103999999999417e+01
2.317929200000000128e+05 -1.512101000000000006e+01 9.446500000000000341e+01
2.317931200000000244e+05 -1.576130999999999993e+01 9.328999000000000308e+01
2.317933200000000070e+05 -1.539192000000000071e+01 8.859611999999999910e+01
2.317935200000000186e+05 -1.585640000000000072e+01 9.160774000000000683e+01
2.317937200000000012e+05 -1.605264999999999986e+01 9.502733999999999526e+01
2.317939200000000128e+05 -1.583901000000000003e+01 9.355274000000000001e+01
2.317941200000000244e+05 -1.560600999999999949e+01 9.252930999999999528e+01
2.317943200000000070e+05 -1.554720999999999975e+01 9.165541000000000338e+01
2.317945200000000186e+05 -1.567215000000000025e+01 8.998429000000000144e+01
2.317947200000000012e+05 -1.549239000000000033e+01 9.353454999999999586e+01
2.317949200000000128e+05 -1.593754999999999988e+01 9.369397999999999627e+01
2.317951200000000244e+05 -1.583913000000000082e+01 9.251649999999999352e+01
2.317953200000000070e+05 -1.571494000000000035e+01 9.073524000000000456e+01
2.317955200000000186e+05 -1.576665000000000028e+01 8.981865999999999417e+01
2.317957200000000012e+05 -1.595797999999999917e+01 9.355822999999999467e+01
2.317959200000000128e+05 -1.554584999999999972e+01 9.466308999999999685e+01
2.317961200000000244e+05 -1.591510000000000069e+01 9.460381999999999891e+01
2.317963200000000070e+05 -1.557840999999999987e+01 9.039284000000000674e+01
2.317965200000000186e+05 -1.564442999999999984e+01 9.252714000000000283e+01
2.317967200000000012e+05 -1.609802000000000177e+01 9.209932999999999481e+01
2.317969200000000128e+05 -1.551149000000000022e+01 9.241075999999999624e+01
2.317971200000000244e+05 -1.583789999999999942e+01 9.406883000000000550e+01
2.317973200000000070e+05 -1.581643000000000043e+01 9.135255999999999688e+01
2.317975200000000186e+05 -1.572099000000000046e+01 9.226570999999999856e+01
2.317977200000000012e+05 -1.533825000000000038e+01 9.498788000000000409e+01
2.317979200000000128e+05 -1.579165000000000063e+01 9.045694000000000301e+01
2.317981200000000244e+05 -1.563284999999999947e+01 8.999137000000000342e+01
2.317983200000000070e+05 -1.566001999999999938e+01 9.112842999999999449e+01
2.317985200000000186e+05 -1.583398000000000039e+01 9.096689999999999543e+01
2.317987200000000012e+05 -1.552872999999999948e+01 9.203473999999999933e+01
2.317989200000000128e+05 -1.611508999999999858e+01 9.464342000000000610e+01
2.317991200000000244e+05 -1.572054999999999936e+01 9.405855999999999995e+01
2.317993200000000070e+05 -1.514588999999999963e+01 8.991952999999999463e+01
2.317995200000000186e+05 -1.570747000000000071e+01 8.971265999999999963e+01
2.317997200000000012e+05 -1.531692999999999927e+01 9.535472000000000037e+01
2.317999200000000128e+05 -1.566963999999999935e+01 8.972923000000000116e+01
2.318001200000000244e+05 -1.552604000000000006e+01 9.478615999999999531e+01
2.318003200000000070e+05 -1.572312999999999938e+01 8.932223999999999364e+01
2.318005200000000186e+05 -1.603576999999999941e+01 9.435504000000000246e+01
2.318007200000000012e+05 -1.528383999999999965e+01 8.889634999999999820e+01
2.318009200000000128e+05 -1.644134000000000029e+01 9.553552000000000533e+01
