# Time finished:
# 2015-06-04 12.14.09
# Temp volt start:
# 0.91909249
# Temp volt stop:
# 0.91909249
# Approx start T:
# 135.375324959
# Approx stop T:
# 135.466396843
# DC bias measured, messed up:
# 1.165721
# DC bias we asked for:
# 0
2.319036799999999930e+05 -1.607295999999999836e+01 9.241154000000000224e+01
2.319038800000000047e+05 -1.557595000000000063e+01 9.187507999999999697e+01
2.319040799999999872e+05 -1.520860000000000056e+01 9.454972999999999672e+01
2.319042799999999988e+05 -1.546942999999999913e+01 9.166873999999999967e+01
2.319044799999999814e+05 -1.590163000000000082e+01 9.576402000000000214e+01
2.319046799999999930e+05 -1.524395999999999951e+01 9.478731999999999402e+01
2.319048800000000047e+05 -1.532136999999999993e+01 9.629605999999999710e+01
2.319050799999999872e+05 -1.602276000000000167e+01 9.280656000000000461e+01
2.319052799999999988e+05 -1.613288000000000011e+01 9.153802000000000305e+01
2.319054799999999814e+05 -1.588700000000000045e+01 9.146723000000000070e+01
2.319056799999999930e+05 -1.603913999999999973e+01 9.193330000000000268e+01
2.319058800000000047e+05 -1.611720000000000041e+01 9.267847000000000435e+01
2.319060799999999872e+05 -1.524520000000000053e+01 9.227929000000000315e+01
2.319062799999999988e+05 -1.621383000000000152e+01 9.280043999999999471e+01
2.319064799999999814e+05 -1.548964999999999925e+01 9.459470000000000312e+01
2.319066799999999930e+05 -1.581450000000000067e+01 9.172696000000000538e+01
2.319068800000000047e+05 -1.565348999999999968e+01 9.354581000000000301e+01
2.319070799999999872e+05 -1.570597000000000065e+01 9.438396000000000186e+01
2.319072799999999988e+05 -1.615367000000000175e+01 9.191253000000000384e+01
2.319074799999999814e+05 -1.570100000000000051e+01 9.558655000000000257e+01
2.319076799999999930e+05 -1.564610000000000056e+01 9.569265000000000043e+01
2.319078800000000047e+05 -1.603941999999999979e+01 9.468195000000000050e+01
2.319080799999999872e+05 -1.570096000000000025e+01 9.102254000000000644e+01
2.319082799999999988e+05 -1.593773999999999980e+01 9.058975999999999829e+01
2.319084799999999814e+05 -1.587373000000000012e+01 9.330674999999999386e+01
2.319086799999999930e+05 -1.562946999999999953e+01 9.128385000000000105e+01
2.319088800000000047e+05 -1.528126999999999924e+01 9.365112000000000592e+01
2.319090799999999872e+05 -1.537795999999999985e+01 9.087500000000000000e+01
2.319092799999999988e+05 -1.547020999999999979e+01 9.494646000000000186e+01
2.319094799999999814e+05 -1.601908999999999850e+01 9.505186999999999387e+01
2.319096799999999930e+05 -1.572533999999999921e+01 9.402770999999999901e+01
2.319098800000000047e+05 -1.535106000000000037e+01 9.296074000000000126e+01
2.319100799999999872e+05 -1.570134999999999970e+01 9.102437999999999363e+01
2.319102799999999988e+05 -1.543534999999999968e+01 9.493550999999999362e+01
2.319104799999999814e+05 -1.576238000000000028e+01 9.330783999999999878e+01
2.319106799999999930e+05 -1.592822999999999922e+01 9.244298000000000570e+01
2.319108800000000047e+05 -1.548598999999999926e+01 9.752634000000000469e+01
2.319110799999999872e+05 -1.551830999999999960e+01 9.060201000000000704e+01
2.319112799999999988e+05 -1.588336999999999932e+01 9.073376000000000374e+01
2.319114799999999814e+05 -1.552130000000000010e+01 9.553821999999999548e+01
2.319116799999999930e+05 -1.563437000000000054e+01 9.247221000000000402e+01
2.319118800000000047e+05 -1.572474000000000061e+01 9.426658999999999367e+01
2.319120799999999872e+05 -1.597181999999999924e+01 9.008192999999999984e+01
2.319122799999999988e+05 -1.603084000000000131e+01 9.043564000000000647e+01
2.319124799999999814e+05 -1.593196000000000012e+01 8.985399999999999920e+01
2.319126799999999930e+05 -1.550941000000000081e+01 9.377514999999999645e+01
2.319128800000000047e+05 -1.540376000000000012e+01 8.970940000000000225e+01
2.319130799999999872e+05 -1.629189999999999827e+01 8.957827000000000339e+01
2.319132799999999988e+05 -1.550610999999999962e+01 9.494955000000000211e+01
2.319134799999999814e+05 -1.592852000000000068e+01 9.318240000000000123e+01
2.319136799999999930e+05 -1.584440999999999988e+01 9.611512999999999352e+01
2.319138800000000047e+05 -1.554531000000000063e+01 9.354375000000000284e+01
2.319140799999999872e+05 -1.542966999999999977e+01 9.074712999999999852e+01
2.319142799999999988e+05 -1.577519999999999989e+01 9.124835000000000207e+01
2.319144799999999814e+05 -1.561330000000000062e+01 9.164172000000000651e+01
2.319146799999999930e+05 -1.598466999999999949e+01 9.281386999999999432e+01
2.319148800000000047e+05 -1.583435000000000059e+01 9.452488999999999919e+01
2.319150799999999872e+05 -1.561416999999999966e+01 9.188245000000000573e+01
2.319152799999999988e+05 -1.493985999999999947e+01 9.231785999999999603e+01
2.319154799999999814e+05 -1.578082999999999991e+01 9.342982999999999549e+01
2.319156799999999930e+05 -1.570240000000000080e+01 9.535093999999999426e+01
2.319158800000000047e+05 -1.553255000000000052e+01 9.024393999999999494e+01
2.319160799999999872e+05 -1.587282000000000082e+01 9.379699999999999704e+01
2.319162799999999988e+05 -1.568040000000000056e+01 9.067279999999999518e+01
2.319164799999999814e+05 -1.568755999999999950e+01 9.450535000000000707e+01
2.319166799999999930e+05 -1.529588999999999999e+01 9.193438000000000443e+01
2.319168800000000047e+05 -1.577973000000000070e+01 9.221536000000000399e+01
2.319170799999999872e+05 -1.561675999999999931e+01 9.307223999999999364e+01
2.319172799999999988e+05 -1.565202999999999989e+01 9.258893000000000484e+01
2.319174799999999814e+05 -1.593390999999999913e+01 9.651269000000000631e+01
2.319176799999999930e+05 -1.568626000000000076e+01 9.474374000000000251e+01
2.319178800000000047e+05 -1.556287000000000020e+01 9.365994999999999493e+01
2.319180799999999872e+05 -1.587115000000000009e+01 9.232762999999999920e+01
2.319182799999999988e+05 -1.581736000000000075e+01 9.367301999999999396e+01
2.319184799999999814e+05 -1.552313999999999972e+01 9.154435999999999751e+01
2.319186799999999930e+05 -1.607898000000000138e+01 9.293084000000000344e+01
2.319188800000000047e+05 -1.540257000000000076e+01 9.400097999999999843e+01
2.319190799999999872e+05 -1.602086999999999861e+01 9.206081000000000358e+01
2.319192799999999988e+05 -1.545622000000000007e+01 9.365359999999999729e+01
2.319194799999999814e+05 -1.561719000000000079e+01 9.306892999999999461e+01
2.319196799999999930e+05 -1.531523999999999930e+01 9.273345999999999378e+01
2.319198800000000047e+05 -1.583393000000000050e+01 9.452585000000000548e+01
2.319200799999999872e+05 -1.599278999999999940e+01 9.045068000000000552e+01
2.319202799999999988e+05 -1.570659000000000027e+01 9.415026000000000295e+01
2.319204799999999814e+05 -1.596475000000000044e+01 9.441557000000000244e+01
2.319206799999999930e+05 -1.498160000000000025e+01 9.065363000000000682e+01
2.319208800000000047e+05 -1.573461999999999961e+01 9.788939000000000590e+01
2.319210799999999872e+05 -1.598348000000000013e+01 9.231359999999999388e+01
2.319212799999999988e+05 -1.556171999999999933e+01 9.389405999999999608e+01
2.319214799999999814e+05 -1.616829999999999856e+01 8.886921999999999855e+01
2.319216799999999930e+05 -1.570257999999999932e+01 9.150284999999999513e+01
2.319218800000000047e+05 -1.514293999999999940e+01 9.296846999999999639e+01
2.319220799999999872e+05 -1.558680999999999983e+01 9.034337999999999624e+01
2.319222799999999988e+05 -1.540220000000000056e+01 9.399904999999999688e+01
2.319224799999999814e+05 -1.557862000000000080e+01 9.448803999999999803e+01
2.319226799999999930e+05 -1.633539000000000030e+01 9.007640000000000668e+01
2.319228800000000047e+05 -1.568448000000000064e+01 9.138900999999999897e+01
2.319230799999999872e+05 -1.555991999999999997e+01 9.484051999999999794e+01
2.319232799999999988e+05 -1.538507000000000069e+01 9.388366000000000611e+01
2.319234799999999814e+05 -1.552640000000000065e+01 9.389406999999999925e+01
2.319236799999999930e+05 -1.564985000000000070e+01 9.187184000000000594e+01
