# Time finished:
# 2015-06-04 04.26.41
# Temp volt start:
# 0.98982219
# Temp volt stop:
# 0.98982219
# Approx start T:
# 98.1469015351
# Approx stop T:
# 98.1919967336
# DC bias measured, messed up:
# 1.4078
# DC bias we asked for:
# 0
2.318441900000000023e+05 -1.574774000000000029e+01 8.952832999999999686e+01
2.318443900000000140e+05 -1.584896999999999956e+01 8.962430999999999415e+01
2.318445899999999965e+05 -1.542233000000000054e+01 9.140349999999999397e+01
2.318447900000000081e+05 -1.591337000000000046e+01 8.999367999999999768e+01
2.318449899999999907e+05 -1.514108000000000054e+01 9.611542000000000030e+01
2.318451900000000023e+05 -1.531470000000000020e+01 9.216083999999999321e+01
2.318453900000000140e+05 -1.552189000000000085e+01 9.350580999999999676e+01
2.318455899999999965e+05 -1.540746000000000038e+01 9.178349000000000046e+01
2.318457900000000081e+05 -1.569025000000000070e+01 9.490570999999999913e+01
2.318459899999999907e+05 -1.481568000000000040e+01 9.314182999999999879e+01
2.318461900000000023e+05 -1.586814000000000036e+01 9.247829000000000121e+01
2.318463900000000140e+05 -1.564958000000000027e+01 9.540206000000000586e+01
2.318465899999999965e+05 -1.553641999999999967e+01 9.138281999999999528e+01
2.318467900000000081e+05 -1.579027999999999921e+01 9.248389000000000237e+01
2.318469899999999907e+05 -1.557859000000000016e+01 9.387962000000000273e+01
2.318471900000000023e+05 -1.623790999999999940e+01 9.636979999999999791e+01
2.318473900000000140e+05 -1.548193999999999981e+01 9.176918000000000575e+01
2.318475899999999965e+05 -1.527879000000000076e+01 8.937604000000000326e+01
2.318477900000000081e+05 -1.584877000000000002e+01 9.338396000000000186e+01
2.318479899999999907e+05 -1.573128999999999955e+01 9.440246999999999389e+01
2.318481900000000023e+05 -1.598034999999999961e+01 9.089123999999999626e+01
2.318483900000000140e+05 -1.585228999999999999e+01 9.687794999999999845e+01
2.318485899999999965e+05 -1.552258999999999922e+01 9.275373000000000445e+01
2.318487900000000081e+05 -1.569617000000000040e+01 8.969290999999999769e+01
2.318489899999999907e+05 -1.590676999999999985e+01 8.921332999999999913e+01
2.318491900000000023e+05 -1.584634999999999927e+01 9.183214999999999861e+01
2.318493900000000140e+05 -1.538667000000000051e+01 9.509341000000000577e+01
2.318495899999999965e+05 -1.590676999999999985e+01 8.921137000000000228e+01
2.318497900000000081e+05 -1.613776000000000010e+01 9.620152000000000214e+01
2.318499899999999907e+05 -1.590924000000000049e+01 9.325789000000000328e+01
2.318501900000000023e+05 -1.563124000000000002e+01 9.527670000000000528e+01
2.318503900000000140e+05 -1.596066000000000074e+01 9.076622999999999308e+01
2.318505899999999965e+05 -1.559820999999999991e+01 9.350451999999999941e+01
2.318507900000000081e+05 -1.515010000000000012e+01 9.469160999999999717e+01
2.318509899999999907e+05 -1.574897999999999954e+01 9.172074999999999534e+01
2.318511900000000023e+05 -1.573174000000000028e+01 9.236150000000000659e+01
2.318513900000000140e+05 -1.592775999999999925e+01 9.312403000000000475e+01
2.318515899999999965e+05 -1.565380000000000038e+01 9.439512999999999465e+01
2.318517900000000081e+05 -1.598470000000000013e+01 9.483154000000000394e+01
2.318519899999999907e+05 -1.555785999999999980e+01 9.175543000000000404e+01
2.318521900000000023e+05 -1.588452999999999982e+01 9.156931000000000154e+01
2.318523900000000140e+05 -1.617754000000000048e+01 9.030101999999999407e+01
2.318525899999999965e+05 -1.515943000000000040e+01 9.026882000000000517e+01
2.318527900000000081e+05 -1.578421999999999947e+01 9.094795999999999481e+01
2.318529899999999907e+05 -1.601711999999999847e+01 9.035657999999999390e+01
2.318531900000000023e+05 -1.578664999999999985e+01 9.146313000000000670e+01
2.318533900000000140e+05 -1.578921000000000063e+01 9.197472000000000492e+01
2.318535899999999965e+05 -1.565531000000000006e+01 9.389221999999999468e+01
2.318537900000000081e+05 -1.542836999999999925e+01 9.313194000000000017e+01
2.318539899999999907e+05 -1.540193999999999974e+01 9.571801000000000670e+01
2.318541900000000023e+05 -1.592353999999999914e+01 9.130025999999999442e+01
2.318543900000000140e+05 -1.555915000000000070e+01 9.225871999999999673e+01
2.318545899999999965e+05 -1.568903000000000070e+01 9.135487000000000535e+01
2.318547900000000081e+05 -1.555344999999999978e+01 9.101037999999999784e+01
2.318549899999999907e+05 -1.560552000000000028e+01 9.036419999999999675e+01
2.318551900000000023e+05 -1.546616000000000035e+01 8.954398000000000479e+01
2.318553900000000140e+05 -1.612312999999999974e+01 9.525974999999999682e+01
2.318555899999999965e+05 -1.622822999999999993e+01 9.461086000000000240e+01
2.318557900000000081e+05 -1.600768000000000058e+01 9.312740999999999758e+01
2.318559899999999907e+05 -1.570803000000000083e+01 9.122230000000000416e+01
2.318561900000000023e+05 -1.584173999999999971e+01 9.080201999999999884e+01
2.318563900000000140e+05 -1.600573999999999941e+01 9.207470999999999606e+01
2.318565899999999965e+05 -1.530540000000000056e+01 9.022078000000000486e+01
2.318567900000000081e+05 -1.531629000000000040e+01 9.410963999999999885e+01
2.318569899999999907e+05 -1.495640000000000036e+01 9.360770999999999731e+01
2.318571900000000023e+05 -1.548193999999999981e+01 9.177015000000000100e+01
2.318573900000000140e+05 -1.624202000000000012e+01 9.068410000000000082e+01
2.318575899999999965e+05 -1.569426999999999950e+01 8.944508999999999332e+01
2.318577900000000081e+05 -1.572348000000000035e+01 8.725488000000000000e+01
2.318579899999999907e+05 -1.563231000000000037e+01 9.149312000000000467e+01
2.318581900000000023e+05 -1.518206999999999951e+01 9.086119999999999663e+01
2.318583900000000140e+05 -1.584970999999999997e+01 9.287372999999999479e+01
2.318585899999999965e+05 -1.573284999999999911e+01 9.338617999999999597e+01
2.318587900000000081e+05 -1.571227999999999980e+01 9.249331999999999709e+01
2.318589899999999907e+05 -1.600155000000000172e+01 9.549615000000000009e+01
2.318591900000000023e+05 -1.508858000000000033e+01 9.598620999999999981e+01
2.318593900000000140e+05 -1.561706000000000039e+01 9.288227999999999440e+01
2.318595899999999965e+05 -1.571341999999999928e+01 9.300346000000000402e+01
2.318597900000000081e+05 -1.580810999999999922e+01 9.210060000000000002e+01
2.318599899999999907e+05 -1.567253000000000007e+01 9.199178999999999462e+01
2.318601900000000023e+05 -1.576868999999999943e+01 9.184583999999999548e+01
2.318603900000000140e+05 -1.571292000000000044e+01 9.275046000000000390e+01
2.318605899999999965e+05 -1.582643000000000022e+01 9.171084999999999354e+01
2.318607900000000081e+05 -1.557203999999999944e+01 9.087708000000000652e+01
2.318609899999999907e+05 -1.616190999999999889e+01 9.098264000000000351e+01
2.318611900000000023e+05 -1.595776000000000039e+01 9.051010999999999740e+01
2.318613900000000140e+05 -1.634542000000000073e+01 9.079493999999999687e+01
2.318615899999999965e+05 -1.573117000000000054e+01 9.441212000000000160e+01
2.318617900000000081e+05 -1.590836999999999968e+01 9.274304999999999666e+01
2.318619899999999907e+05 -1.573220000000000063e+01 9.287850000000000250e+01
2.318621900000000023e+05 -1.597920000000000051e+01 9.063333000000000084e+01
2.318623900000000140e+05 -1.571298999999999957e+01 9.377204999999999302e+01
2.318625899999999965e+05 -1.576875000000000071e+01 9.466993999999999687e+01
2.318627900000000081e+05 -1.590581000000000067e+01 9.195986000000000615e+01
2.318629899999999907e+05 -1.561773999999999951e+01 9.363746999999999332e+01
2.318631900000000023e+05 -1.634399000000000157e+01 8.846281000000000461e+01
2.318633900000000140e+05 -1.626905999999999963e+01 9.217448000000000263e+01
2.318635899999999965e+05 -1.540776999999999930e+01 9.203103000000000122e+01
2.318637900000000081e+05 -1.602044000000000068e+01 9.563845999999999492e+01
2.318639899999999907e+05 -1.618753999999999849e+01 9.218546000000000618e+01
2.318641900000000023e+05 -1.576739000000000068e+01 9.159654000000000451e+01
