# Time finished:
# 2015-06-03 17.51.59
# Temp volt start:
# 1.0119405
# Temp volt stop:
# 1.0119405
# Approx start T:
# 85.8736533041
# Approx stop T:
# 85.8679169691
# DC bias measured, messed up:
# 1.093872
# DC bias we asked for:
# 0
2.318197999999999884e+05 -1.535474999999999923e+01 9.113723000000000241e+01
2.318200000000000000e+05 -1.546232000000000006e+01 9.482607000000000141e+01
2.318201999999999825e+05 -1.584683000000000064e+01 9.818250999999999351e+01
2.318203999999999942e+05 -1.596837999999999980e+01 9.101397000000000048e+01
2.318205999999999767e+05 -1.571587000000000067e+01 9.202866000000000213e+01
2.318207999999999884e+05 -1.571611000000000047e+01 9.416768000000000427e+01
2.318210000000000000e+05 -1.539846999999999966e+01 9.367440000000000566e+01
2.318211999999999825e+05 -1.560936000000000057e+01 9.204037999999999897e+01
2.318213999999999942e+05 -1.545053000000000054e+01 9.240730000000000643e+01
2.318215999999999767e+05 -1.531887000000000043e+01 9.025569000000000131e+01
2.318217999999999884e+05 -1.597096999999999944e+01 9.126223000000000241e+01
2.318220000000000000e+05 -1.576632999999999996e+01 9.094499999999999318e+01
2.318221999999999825e+05 -1.545115999999999978e+01 9.217486999999999853e+01
2.318223999999999942e+05 -1.590035999999999916e+01 9.298183000000000220e+01
2.318225999999999767e+05 -1.560857000000000028e+01 9.180380999999999858e+01
2.318227999999999884e+05 -1.593736999999999959e+01 9.371238999999999919e+01
2.318230000000000000e+05 -1.545134999999999970e+01 9.263679999999999382e+01
2.318231999999999825e+05 -1.517524000000000051e+01 9.399361000000000388e+01
2.318233999999999942e+05 -1.589056000000000068e+01 9.030096000000000345e+01
2.318235999999999767e+05 -1.543426000000000009e+01 9.298506000000000427e+01
2.318237999999999884e+05 -1.551528000000000063e+01 8.879075000000000273e+01
2.318240000000000000e+05 -1.600632999999999839e+01 9.100708000000000197e+01
2.318241999999999825e+05 -1.541106000000000087e+01 9.102349999999999852e+01
2.318243999999999942e+05 -1.588207000000000058e+01 9.260976999999999748e+01
2.318245999999999767e+05 -1.547095999999999982e+01 8.962188999999999339e+01
2.318247999999999884e+05 -1.569782999999999973e+01 9.167274000000000456e+01
2.318250000000000000e+05 -1.532253000000000043e+01 9.071067999999999643e+01
2.318251999999999825e+05 -1.600809999999999889e+01 9.125378000000000611e+01
2.318253999999999942e+05 -1.608285000000000053e+01 9.123538000000000636e+01
2.318255999999999767e+05 -1.614411000000000129e+01 9.334676000000000329e+01
2.318257999999999884e+05 -1.570050999999999952e+01 9.310021000000000413e+01
2.318260000000000000e+05 -1.576523000000000074e+01 9.070315999999999690e+01
2.318261999999999825e+05 -1.586968000000000067e+01 8.995092999999999961e+01
2.318263999999999942e+05 -1.561442000000000085e+01 8.980343999999999482e+01
2.318265999999999767e+05 -1.594668000000000063e+01 9.041322999999999865e+01
2.318267999999999884e+05 -1.571377999999999986e+01 9.131364999999999554e+01
2.318270000000000000e+05 -1.578118000000000087e+01 9.034015999999999735e+01
2.318271999999999825e+05 -1.531370000000000076e+01 8.957537999999999556e+01
2.318273999999999942e+05 -1.610339000000000098e+01 9.160763000000000034e+01
2.318275999999999767e+05 -1.543609999999999971e+01 8.963766999999999996e+01
2.318277999999999884e+05 -1.562809000000000026e+01 9.239113999999999294e+01
2.318280000000000000e+05 -1.538119999999999976e+01 9.218658999999999537e+01
2.318281999999999825e+05 -1.597054999999999936e+01 9.126303000000000054e+01
2.318283999999999942e+05 -1.568191999999999986e+01 9.250844999999999629e+01
2.318285999999999767e+05 -1.606771000000000171e+01 8.925500999999999863e+01
2.318287999999999884e+05 -1.600531000000000148e+01 8.866303000000000623e+01
2.318290000000000000e+05 -1.546660999999999930e+01 9.159277000000000157e+01
2.318291999999999825e+05 -1.567060000000000031e+01 9.606116000000000099e+01
2.318293999999999942e+05 -1.597525000000000084e+01 9.273524000000000456e+01
2.318295999999999767e+05 -1.559135000000000026e+01 8.922538000000000125e+01
2.318297999999999884e+05 -1.602804000000000073e+01 9.162015999999999849e+01
2.318300000000000000e+05 -1.586405000000000065e+01 9.346797999999999718e+01
2.318301999999999825e+05 -1.595376000000000083e+01 9.162963999999999487e+01
2.318303999999999942e+05 -1.557368999999999915e+01 9.415265999999999735e+01
2.318305999999999767e+05 -1.536486000000000018e+01 9.298274999999999579e+01
2.318307999999999884e+05 -1.499000000000000021e+01 9.211308999999999969e+01
2.318310000000000000e+05 -1.552185000000000059e+01 9.263497999999999877e+01
2.318311999999999825e+05 -1.601032999999999973e+01 9.174505999999999517e+01
2.318313999999999942e+05 -1.556734999999999935e+01 9.063987000000000194e+01
2.318315999999999767e+05 -1.572619000000000078e+01 8.844238000000000000e+01
2.318317999999999884e+05 -1.559035000000000082e+01 9.169222000000000605e+01
2.318320000000000000e+05 -1.604658999999999835e+01 9.149487000000000592e+01
2.318321999999999825e+05 -1.553814999999999991e+01 9.204828999999999439e+01
2.318323999999999942e+05 -1.546864000000000061e+01 9.251909000000000560e+01
2.318325999999999767e+05 -1.539802000000000071e+01 9.413343000000000416e+01
2.318327999999999884e+05 -1.553575999999999979e+01 9.134846000000000288e+01
2.318330000000000000e+05 -1.576563999999999943e+01 9.070302999999999827e+01
2.318331999999999825e+05 -1.546864000000000061e+01 9.251964999999999861e+01
2.318333999999999942e+05 -1.553630000000000067e+01 9.485238999999999976e+01
2.318335999999999767e+05 -1.534558000000000000e+01 9.195776999999999646e+01
2.318337999999999884e+05 -1.568291999999999931e+01 9.345349000000000217e+01
2.318340000000000000e+05 -1.538901000000000074e+01 9.022706999999999766e+01
2.318341999999999825e+05 -1.623329999999999984e+01 9.094916999999999518e+01
2.318343999999999942e+05 -1.579194999999999993e+01 8.792943999999999960e+01
2.318345999999999767e+05 -1.593098999999999954e+01 8.869965000000000543e+01
2.318347999999999884e+05 -1.506803999999999988e+01 9.088737000000000421e+01
2.318350000000000000e+05 -1.558582000000000001e+01 9.075391999999999371e+01
2.318351999999999825e+05 -1.599177000000000071e+01 9.187075000000000102e+01
2.318353999999999942e+05 -1.570473999999999926e+01 8.988860999999999990e+01
2.318355999999999767e+05 -1.577247000000000021e+01 9.358404000000000167e+01
2.318357999999999884e+05 -1.557175999999999938e+01 9.157572000000000401e+01
2.318360000000000000e+05 -1.562240000000000073e+01 9.097672000000000025e+01
2.318361999999999825e+05 -1.591834000000000060e+01 9.237085000000000434e+01
2.318363999999999942e+05 -1.535366999999999926e+01 9.024057000000000528e+01
2.318365999999999767e+05 -1.569467000000000034e+01 9.523841000000000179e+01
2.318367999999999884e+05 -1.546768999999999927e+01 9.414260000000000161e+01
2.318370000000000000e+05 -1.582337000000000060e+01 9.491025999999999385e+01
2.318371999999999825e+05 -1.631229000000000084e+01 9.144247000000000014e+01
2.318373999999999942e+05 -1.623596999999999824e+01 9.145771000000000583e+01
2.318375999999999767e+05 -1.578642999999999930e+01 9.129852999999999952e+01
2.318377999999999884e+05 -1.597791999999999923e+01 8.966360000000000241e+01
2.318380000000000000e+05 -1.571804000000000023e+01 9.345582000000000278e+01
2.318381999999999825e+05 -1.566361999999999988e+01 9.215081999999999596e+01
2.318383999999999942e+05 -1.582713000000000036e+01 9.298261999999999716e+01
2.318385999999999767e+05 -1.587927999999999962e+01 9.164270999999999390e+01
2.318387999999999884e+05 -1.520874000000000059e+01 9.399725999999999715e+01
2.318390000000000000e+05 -1.570434000000000019e+01 8.988752999999999815e+01
2.318391999999999825e+05 -1.510787999999999975e+01 9.243036999999999637e+01
2.318393999999999942e+05 -1.547308999999999912e+01 8.985678000000000054e+01
2.318395999999999767e+05 -1.546376000000000062e+01 8.893343000000000131e+01
2.318397999999999884e+05 -1.593621000000000087e+01 9.200150999999999613e+01
