# Time finished:
# 2015-06-03 15.19.31
# Temp volt start:
# 1.0115646
# Temp volt stop:
# 1.0115646
# Approx start T:
# 86.0850039031
# Approx stop T:
# 86.0943912469
# DC bias measured, messed up:
# 1.169181
# DC bias we asked for:
# 0
2.318203599999999860e+05 -1.570107999999999926e+01 9.235069000000000017e+01
2.318205599999999977e+05 -1.555865999999999971e+01 9.355969000000000335e+01
2.318207599999999802e+05 -1.561434999999999995e+01 9.344477000000000544e+01
2.318209599999999919e+05 -1.615474000000000032e+01 9.232796999999999343e+01
2.318211599999999744e+05 -1.590188999999999986e+01 9.075101999999999691e+01
2.318213599999999860e+05 -1.529686000000000057e+01 9.320686999999999500e+01
2.318215599999999977e+05 -1.541806000000000054e+01 9.192855000000000132e+01
2.318217599999999802e+05 -1.597968999999999973e+01 8.886481000000000563e+01
2.318219599999999919e+05 -1.598521000000000036e+01 9.321720000000000539e+01
2.318221599999999744e+05 -1.565117000000000047e+01 9.416706000000000643e+01
2.318223599999999860e+05 -1.561580999999999975e+01 9.249683000000000277e+01
2.318225599999999977e+05 -1.575764000000000031e+01 9.127603000000000577e+01
2.318227599999999802e+05 -1.564028000000000063e+01 8.830892000000000053e+01
2.318229599999999919e+05 -1.572427000000000064e+01 9.393666000000000338e+01
2.318231599999999744e+05 -1.573855000000000004e+01 9.116034999999999400e+01
2.318233599999999860e+05 -1.555489000000000033e+01 9.072807000000000244e+01
2.318235599999999977e+05 -1.568797999999999959e+01 9.225047000000000708e+01
2.318237599999999802e+05 -1.547115999999999936e+01 9.203683999999999799e+01
2.318239599999999919e+05 -1.524478000000000044e+01 9.263761999999999830e+01
2.318241599999999744e+05 -1.557876000000000083e+01 9.202550999999999704e+01
2.318243599999999860e+05 -1.588939000000000057e+01 9.186181999999999448e+01
2.318245599999999977e+05 -1.640946999999999889e+01 9.243809000000000253e+01
2.318247599999999802e+05 -1.586843999999999966e+01 9.124846999999999753e+01
2.318249599999999919e+05 -1.554129999999999967e+01 9.155388000000000659e+01
2.318251599999999744e+05 -1.576060999999999979e+01 9.418307000000000073e+01
2.318253599999999860e+05 -1.555880999999999936e+01 9.143734999999999502e+01
2.318255599999999977e+05 -1.620110000000000028e+01 8.990479999999999450e+01
2.318257599999999802e+05 -1.555879999999999974e+01 9.143792000000000542e+01
2.318259599999999919e+05 -1.565221000000000018e+01 9.273542000000000485e+01
2.318261599999999744e+05 -1.565221000000000018e+01 9.273492000000000246e+01
2.318263599999999860e+05 -1.563437000000000054e+01 8.939197000000000060e+01
2.318265599999999977e+05 -1.576084999999999958e+01 9.224397000000000446e+01
2.318267599999999802e+05 -1.630257999999999896e+01 9.051399999999999579e+01
2.318269599999999919e+05 -1.568829000000000029e+01 9.369562000000000523e+01
2.318271599999999744e+05 -1.574211000000000027e+01 9.188441000000000258e+01
2.318273599999999860e+05 -1.557940999999999931e+01 9.226153999999999655e+01
2.318275599999999977e+05 -1.577302000000000071e+01 9.066783999999999821e+01
2.318277599999999802e+05 -1.590671000000000035e+01 9.149157999999999902e+01
2.318279599999999919e+05 -1.567014999999999958e+01 9.357138000000000488e+01
2.318281599999999744e+05 -1.546879000000000026e+01 9.133607000000000653e+01
2.318283599999999860e+05 -1.596472999999999942e+01 9.408393999999999835e+01
2.318285599999999977e+05 -1.523780999999999963e+01 9.081162000000000489e+01
2.318287599999999802e+05 -1.588585999999999920e+01 8.879340000000000543e+01
2.318289599999999919e+05 -1.564863000000000071e+01 9.130119000000000540e+01
2.318291599999999744e+05 -1.544945000000000057e+01 9.099222000000000321e+01
2.318293599999999860e+05 -1.546622999999999948e+01 9.086796999999999969e+01
2.318295599999999977e+05 -1.572537999999999947e+01 9.297489000000000203e+01
2.318297599999999802e+05 -1.545400000000000063e+01 9.215770999999999447e+01
2.318299599999999919e+05 -1.568436999999999948e+01 9.489172999999999547e+01
2.318301599999999744e+05 -1.604854999999999876e+01 8.694723999999999364e+01
2.318303599999999860e+05 -1.552037999999999940e+01 9.521318999999999733e+01
2.318305599999999977e+05 -1.522766999999999982e+01 9.343353000000000463e+01
2.318307599999999802e+05 -1.629094999999999871e+01 9.373507999999999640e+01
2.318309599999999919e+05 -1.503944000000000081e+01 9.287143000000000370e+01
2.318311599999999744e+05 -1.556229000000000084e+01 8.942197000000000173e+01
2.318313599999999860e+05 -1.629173000000000116e+01 9.296509000000000356e+01
2.318315599999999977e+05 -1.565029000000000003e+01 9.178001000000000431e+01
2.318317599999999802e+05 -1.554008999999999929e+01 9.486713000000000306e+01
2.318319599999999919e+05 -1.527230999999999916e+01 9.080136000000000251e+01
2.318321599999999744e+05 -1.519247999999999976e+01 9.252524999999999977e+01
2.318323599999999860e+05 -1.564043999999999990e+01 9.010603999999999303e+01
2.318325599999999977e+05 -1.539822999999999986e+01 9.483787999999999840e+01
2.318327599999999802e+05 -1.554444999999999943e+01 9.274170999999999765e+01
2.318329599999999919e+05 -1.576125000000000043e+01 9.224448999999999899e+01
2.318331599999999744e+05 -1.604186999999999941e+01 9.334461000000000297e+01
2.318333599999999860e+05 -1.578007000000000026e+01 9.309381999999999380e+01
2.318335599999999977e+05 -1.600415999999999883e+01 9.334337999999999624e+01
2.318337599999999802e+05 -1.557438999999999929e+01 8.882143999999999551e+01
2.318339599999999919e+05 -1.620807999999999893e+01 9.526380000000000337e+01
2.318341599999999744e+05 -1.600196000000000041e+01 9.434015999999999735e+01
2.318343599999999860e+05 -1.636736000000000146e+01 8.893519000000000574e+01
2.318345599999999977e+05 -1.619523999999999830e+01 9.334944000000000131e+01
2.318347599999999802e+05 -1.596575999999999951e+01 9.235074000000000183e+01
2.318349599999999919e+05 -1.574963999999999942e+01 9.006879000000000701e+01
2.318351599999999744e+05 -1.634668999999999883e+01 9.127997999999999479e+01
2.318353599999999860e+05 -1.534844999999999970e+01 9.240072999999999581e+01
2.318355599999999977e+05 -1.548799999999999955e+01 9.450221999999999412e+01
2.318357599999999802e+05 -1.609630999999999901e+01 9.447925999999999647e+01
2.318359599999999919e+05 -1.554363999999999990e+01 9.226676999999999396e+01
2.318361599999999744e+05 -1.581577000000000055e+01 9.211982000000000426e+01
2.318363599999999860e+05 -1.559765999999999941e+01 9.380929999999999325e+01
2.318365599999999977e+05 -1.563358999999999988e+01 9.404832000000000392e+01
2.318367599999999802e+05 -1.565029000000000003e+01 9.178001000000000431e+01
2.318369599999999919e+05 -1.555460000000000065e+01 8.871622000000000696e+01
2.318371599999999744e+05 -1.536705000000000076e+01 9.274501999999999668e+01
2.318373599999999860e+05 -1.583582999999999963e+01 9.297090000000000032e+01
2.318375599999999977e+05 -1.613998000000000133e+01 8.954761999999999489e+01
2.318377599999999802e+05 -1.626970000000000027e+01 9.180755999999999517e+01
2.318379599999999919e+05 -1.611781999999999826e+01 9.258952999999999633e+01
2.318381599999999744e+05 -1.548981999999999992e+01 9.379931000000000552e+01
2.318383599999999860e+05 -1.525938000000000017e+01 9.160846999999999696e+01
2.318385599999999977e+05 -1.516813999999999929e+01 9.060526000000000124e+01
2.318387599999999802e+05 -1.540226999999999968e+01 9.297809999999999775e+01
2.318389599999999919e+05 -1.536175000000000068e+01 9.112986999999999682e+01
2.318391599999999744e+05 -1.583106000000000080e+01 9.126184999999999548e+01
2.318393599999999860e+05 -1.586843000000000004e+01 9.125261999999999318e+01
2.318395599999999977e+05 -1.547010000000000041e+01 8.910745000000000005e+01
2.318397599999999802e+05 -1.600407999999999831e+01 9.284256999999999493e+01
2.318399599999999919e+05 -1.586998999999999960e+01 9.150090000000000146e+01
2.318401599999999744e+05 -1.548080000000000034e+01 8.851318000000000552e+01
2.318403599999999860e+05 -1.605912999999999968e+01 9.422451999999999828e+01
