# Time finished:
# 2015-06-04 09.16.12
# Temp volt start:
# 0.95175304
# Temp volt stop:
# 0.95175304
# Approx start T:
# 118.541534302
# Approx stop T:
# 118.61648801
# DC bias measured, messed up:
# 1.092099
# DC bias we asked for:
# 0
2.318803500000000058e+05 -1.542416000000000054e+01 8.998291000000000395e+01
2.318805500000000175e+05 -1.575699000000000005e+01 9.076491000000000042e+01
2.318807500000000000e+05 -1.551684999999999981e+01 9.370238000000000511e+01
2.318809500000000116e+05 -1.557483000000000040e+01 9.307795000000000130e+01
2.318811499999999942e+05 -1.474141000000000012e+01 8.956184000000000367e+01
2.318813500000000058e+05 -1.574868999999999986e+01 9.294858999999999583e+01
2.318815500000000175e+05 -1.553555000000000064e+01 9.208889000000000635e+01
2.318817500000000000e+05 -1.558864999999999945e+01 9.119952999999999577e+01
2.318819500000000116e+05 -1.523963000000000001e+01 9.260811999999999955e+01
2.318821499999999942e+05 -1.603699999999999903e+01 9.095859000000000094e+01
2.318823500000000058e+05 -1.544336000000000020e+01 9.271352000000000260e+01
2.318825500000000175e+05 -1.582652000000000037e+01 9.320738000000000056e+01
2.318827500000000000e+05 -1.498794999999999966e+01 9.332692000000000121e+01
2.318829500000000116e+05 -1.570748000000000033e+01 9.193258000000000152e+01
2.318831499999999942e+05 -1.553261999999999965e+01 9.134046999999999628e+01
2.318833500000000058e+05 -1.590151999999999965e+01 9.164794000000000551e+01
2.318835500000000175e+05 -1.590404999999999980e+01 9.372951999999999373e+01
2.318837500000000000e+05 -1.608411999999999864e+01 9.280925000000000580e+01
2.318839500000000116e+05 -1.596263000000000076e+01 9.202982000000000085e+01
2.318841499999999942e+05 -1.539652000000000065e+01 9.050323000000000206e+01
2.318843500000000058e+05 -1.586528999999999989e+01 9.372614000000000090e+01
2.318845500000000175e+05 -1.498470999999999975e+01 8.922467000000000326e+01
2.318847500000000000e+05 -1.602671000000000134e+01 9.849172000000000082e+01
2.318849500000000116e+05 -1.510815999999999981e+01 9.130697000000000685e+01
2.318851499999999942e+05 -1.498198999999999970e+01 9.098430000000000462e+01
2.318853500000000058e+05 -1.569051999999999936e+01 9.359026000000000067e+01
2.318855500000000175e+05 -1.593722999999999956e+01 9.085496000000000549e+01
2.318857500000000000e+05 -1.612381999999999849e+01 9.361361999999999739e+01
2.318859500000000116e+05 -1.610189000000000092e+01 9.454379000000000133e+01
2.318861499999999942e+05 -1.582573999999999970e+01 9.243465000000000487e+01
2.318863500000000058e+05 -1.576613000000000042e+01 9.231121000000000265e+01
2.318865500000000175e+05 -1.570693999999999946e+01 9.473923000000000627e+01
2.318867500000000000e+05 -1.574511000000000038e+01 9.167902999999999736e+01
2.318869500000000116e+05 -1.587133000000000038e+01 8.996618999999999744e+01
2.318871499999999942e+05 -1.573935999999999957e+01 9.065599000000000274e+01
2.318873500000000058e+05 -1.540020999999999951e+01 9.100130000000000052e+01
2.318875500000000175e+05 -1.602391000000000076e+01 9.373784999999999457e+01
2.318877500000000000e+05 -1.630581000000000103e+01 9.744405000000000427e+01
2.318879500000000116e+05 -1.551895999999999987e+01 9.270874000000000592e+01
2.318881499999999942e+05 -1.613872999999999891e+01 9.107251999999999725e+01
2.318883500000000058e+05 -1.576567000000000007e+01 9.179845000000000255e+01
2.318885500000000175e+05 -1.592159999999999975e+01 9.177612000000000592e+01
2.318887500000000000e+05 -1.585323999999999955e+01 9.010598000000000241e+01
2.318889500000000116e+05 -1.564720999999999940e+01 9.510960000000000036e+01
2.318891499999999942e+05 -1.554443000000000019e+01 9.021242999999999768e+01
2.318893500000000058e+05 -1.575200000000000067e+01 8.975287000000000148e+01
2.318895500000000175e+05 -1.540474999999999994e+01 9.419592000000000098e+01
2.318897500000000000e+05 -1.585975999999999964e+01 9.113512000000000057e+01
2.318899500000000116e+05 -1.546033000000000079e+01 9.185181000000000040e+01
2.318901499999999942e+05 -1.587716999999999956e+01 9.074562000000000239e+01
2.318903500000000058e+05 -1.544416000000000011e+01 9.321070000000000277e+01
2.318905500000000175e+05 -1.578415000000000035e+01 9.167198999999999387e+01
2.318907500000000000e+05 -1.626586999999999961e+01 9.403172999999999604e+01
2.318909500000000116e+05 -1.518255000000000088e+01 9.465139000000000635e+01
2.318911499999999942e+05 -1.564802000000000071e+01 9.156911999999999807e+01
2.318913500000000058e+05 -1.602362000000000108e+01 9.268834999999999980e+01
2.318915500000000175e+05 -1.507446999999999981e+01 9.463191999999999382e+01
2.318917500000000000e+05 -1.543188999999999922e+01 9.025238000000000227e+01
2.318919500000000116e+05 -1.571007999999999960e+01 9.321262000000000114e+01
2.318921499999999942e+05 -1.551642999999999972e+01 9.196884000000000015e+01
2.318923500000000058e+05 -1.532394999999999996e+01 9.077670000000000528e+01
2.318925500000000175e+05 -1.604272999999999882e+01 9.440743000000000507e+01
2.318927500000000000e+05 -1.545339000000000063e+01 9.061400999999999328e+01
2.318929500000000116e+05 -1.582582000000000022e+01 9.347198000000000206e+01
2.318931499999999942e+05 -1.592454000000000036e+01 9.256221999999999639e+01
2.318933500000000058e+05 -1.571000000000000085e+01 9.270738000000000056e+01
2.318935500000000175e+05 -1.516347999999999985e+01 9.165560000000000684e+01
2.318937500000000000e+05 -1.570705000000000062e+01 9.168600000000000705e+01
2.318939500000000116e+05 -1.568788999999999945e+01 9.181878000000000384e+01
2.318941499999999942e+05 -1.544351999999999947e+01 9.346101000000000170e+01
2.318943500000000058e+05 -1.574407000000000068e+01 9.500603999999999871e+01
2.318945500000000175e+05 -1.599765000000000015e+01 9.097490000000000521e+01
2.318947500000000000e+05 -1.588461999999999996e+01 9.360379000000000360e+01
2.318949500000000116e+05 -1.536886999999999937e+01 9.296793999999999869e+01
2.318951499999999942e+05 -1.578738000000000063e+01 9.347244999999999493e+01
2.318953500000000058e+05 -1.555330000000000013e+01 9.171117999999999881e+01
2.318955500000000175e+05 -1.500155999999999956e+01 9.157407000000000608e+01
2.318957500000000000e+05 -1.513008999999999915e+01 9.237972999999999502e+01
2.318959500000000116e+05 -1.651775999999999911e+01 9.404986999999999853e+01
2.318961499999999942e+05 -1.550252000000000052e+01 9.669423999999999353e+01
2.318963500000000058e+05 -1.549971999999999994e+01 8.786073000000000377e+01
2.318965500000000175e+05 -1.576441999999999943e+01 9.462391999999999825e+01
2.318967500000000000e+05 -1.591953999999999958e+01 9.125797000000000025e+01
2.318969500000000116e+05 -1.596406999999999954e+01 9.334685000000000343e+01
2.318971499999999942e+05 -1.614266999999999896e+01 9.214216999999999302e+01
2.318973500000000058e+05 -1.585974000000000039e+01 9.114181999999999562e+01
2.318975500000000175e+05 -1.626269999999999882e+01 9.131586000000000070e+01
2.318977500000000000e+05 -1.542384999999999984e+01 9.235478999999999417e+01
2.318979500000000116e+05 -1.558544000000000018e+01 8.856561999999999557e+01
2.318981499999999942e+05 -1.608484999999999943e+01 9.361621999999999844e+01
2.318983500000000058e+05 -1.566455000000000020e+01 9.093953999999999382e+01
2.318985500000000175e+05 -1.585895000000000010e+01 9.529044000000000381e+01
2.318987500000000000e+05 -1.578562999999999938e+01 9.244611000000000445e+01
2.318989500000000116e+05 -1.558470999999999940e+01 9.045525000000000659e+01
2.318991499999999942e+05 -1.566976000000000013e+01 9.714606000000000563e+01
2.318993500000000058e+05 -1.574408000000000030e+01 9.500538000000000238e+01
2.318995500000000175e+05 -1.563207000000000058e+01 9.245701999999999998e+01
2.318997500000000000e+05 -1.540577000000000041e+01 9.321744999999999948e+01
2.318999500000000116e+05 -1.630904999999999916e+01 9.267238999999999294e+01
2.319001499999999942e+05 -1.559343999999999930e+01 9.195959000000000572e+01
2.319003500000000058e+05 -1.549390999999999963e+01 9.110738000000000625e+01
