# Time finished:
# 2015-06-03 14.27.04
# Temp volt start:
# 1.0111451
# Temp volt stop:
# 1.0111451
# Approx start T:
# 86.32075333
# Approx stop T:
# 86.3265401655
# DC bias measured, messed up:
# 1.006177
# DC bias we asked for:
# 0
2.318207000000000116e+05 -1.559972999999999921e+01 9.529349999999999454e+01
2.318209000000000233e+05 -1.598244000000000042e+01 9.069006000000000256e+01
2.318211000000000058e+05 -1.576520999999999972e+01 9.455881999999999721e+01
2.318213000000000175e+05 -1.590550999999999959e+01 9.125176999999999339e+01
2.318215000000000000e+05 -1.573985000000000056e+01 9.023868000000000222e+01
2.318217000000000116e+05 -1.601246000000000080e+01 9.325562999999999647e+01
2.318219000000000233e+05 -1.583050000000000068e+01 9.312367999999999313e+01
2.318221000000000058e+05 -1.570913999999999966e+01 9.207697000000000287e+01
2.318223000000000175e+05 -1.621695000000000064e+01 9.160424999999999329e+01
2.318225000000000000e+05 -1.596667000000000058e+01 8.706498000000000559e+01
2.318227000000000116e+05 -1.615701999999999927e+01 9.230298000000000513e+01
2.318229000000000233e+05 -1.528123000000000076e+01 9.485120000000000573e+01
2.318231000000000058e+05 -1.562180999999999997e+01 9.570385000000000275e+01
2.318233000000000175e+05 -1.601040000000000063e+01 9.163658999999999821e+01
2.318235000000000000e+05 -1.568239999999999945e+01 9.038730999999999938e+01
2.318237000000000116e+05 -1.593089999999999939e+01 9.271940999999999633e+01
2.318239000000000233e+05 -1.534257000000000026e+01 9.323946999999999719e+01
2.318241000000000058e+05 -1.547603999999999935e+01 9.286030999999999835e+01
2.318243000000000175e+05 -1.549268000000000001e+01 9.146622000000000696e+01
2.318245000000000000e+05 -1.553462000000000032e+01 9.350016999999999712e+01
2.318247000000000116e+05 -1.638078000000000145e+01 9.552836999999999534e+01
2.318249000000000233e+05 -1.543758000000000052e+01 9.286024999999999352e+01
2.318251000000000058e+05 -1.565044999999999931e+01 9.220601999999999521e+01
2.318253000000000175e+05 -1.580570999999999948e+01 9.113751000000000602e+01
2.318255000000000000e+05 -1.524704999999999977e+01 9.410163000000000011e+01
2.318257000000000116e+05 -1.532368999999999915e+01 9.336284000000000560e+01
2.318259000000000233e+05 -1.664755999999999858e+01 9.444480000000000075e+01
2.318261000000000058e+05 -1.597502000000000066e+01 8.935406999999999300e+01
2.318263000000000175e+05 -1.560933999999999955e+01 9.143908000000000413e+01
2.318265000000000000e+05 -1.567319999999999958e+01 8.935065000000000168e+01
2.318267000000000116e+05 -1.603183999999999898e+01 9.204587999999999681e+01
2.318269000000000233e+05 -1.549552000000000085e+01 9.298994999999999322e+01
2.318271000000000058e+05 -1.569699999999999918e+01 8.973241000000000156e+01
2.318273000000000175e+05 -1.558806000000000047e+01 9.466379999999999484e+01
2.318275000000000000e+05 -1.595172999999999952e+01 9.258857999999999322e+01
2.318277000000000116e+05 -1.545546000000000042e+01 9.172110999999999592e+01
2.318279000000000233e+05 -1.559201999999999977e+01 9.389189000000000362e+01
2.318281000000000058e+05 -1.552985999999999933e+01 9.094553000000000509e+01
2.318283000000000175e+05 -1.632004999999999839e+01 9.089009000000000071e+01
2.318285000000000000e+05 -1.585976999999999926e+01 9.020250000000000057e+01
2.318287000000000116e+05 -1.561222000000000065e+01 9.299121999999999844e+01
2.318289000000000233e+05 -1.572601000000000049e+01 9.115829999999999700e+01
2.318291000000000058e+05 -1.617471000000000103e+01 9.464200999999999908e+01
2.318293000000000175e+05 -1.611027999999999949e+01 9.094308999999999799e+01
2.318295000000000000e+05 -1.547638000000000069e+01 9.311589999999999634e+01
2.318297000000000116e+05 -1.547269999999999968e+01 9.134081000000000472e+01
2.318299000000000233e+05 -1.530297000000000018e+01 9.174515999999999849e+01
2.318301000000000058e+05 -1.547552999999999912e+01 9.209945999999999344e+01
2.318303000000000175e+05 -1.567050000000000054e+01 9.390202999999999633e+01
2.318305000000000000e+05 -1.547447000000000017e+01 9.413432000000000244e+01
2.318307000000000116e+05 -1.580476999999999954e+01 9.087784999999999513e+01
2.318309000000000233e+05 -1.566793999999999976e+01 8.883285999999999660e+01
2.318311000000000058e+05 -1.547959999999999958e+01 9.655579000000000178e+01
2.318313000000000175e+05 -1.580724999999999980e+01 9.140793999999999642e+01
2.318315000000000000e+05 -1.586992000000000047e+01 9.391974999999999341e+01
2.318317000000000116e+05 -1.622976999999999848e+01 9.007634000000000185e+01
2.318319000000000233e+05 -1.584162000000000070e+01 9.034036000000000399e+01
2.318321000000000058e+05 -1.643258000000000152e+01 9.355973000000000184e+01
2.318323000000000175e+05 -1.557290000000000063e+01 9.247459000000000628e+01
2.318325000000000000e+05 -1.588321000000000005e+01 9.059015999999999735e+01
2.318327000000000116e+05 -1.550975000000000037e+01 9.108053999999999917e+01
2.318329000000000233e+05 -1.561574000000000062e+01 8.950481000000000620e+01
2.318331000000000058e+05 -1.561172000000000004e+01 9.376189999999999714e+01
2.318333000000000175e+05 -1.588096999999999959e+01 9.565135999999999683e+01
2.318335000000000000e+05 -1.555463999999999913e+01 9.311580999999999619e+01
2.318337000000000116e+05 -1.559299000000000035e+01 9.337708999999999548e+01
2.318339000000000233e+05 -1.602493000000000123e+01 9.556268000000000029e+01
2.318341000000000058e+05 -1.630435999999999908e+01 9.355607000000000539e+01
2.318343000000000175e+05 -1.589390000000000036e+01 8.939253999999999678e+01
2.318345000000000000e+05 -1.597123999999999988e+01 9.298842999999999392e+01
2.318347000000000116e+05 -1.539877000000000073e+01 9.210779999999999745e+01
2.318349000000000233e+05 -1.574971999999999994e+01 9.233711999999999875e+01
2.318351000000000058e+05 -1.586810999999999972e+01 9.445449999999999591e+01
2.318353000000000175e+05 -1.580780000000000030e+01 9.167318000000000211e+01
2.318355000000000000e+05 -1.571049000000000007e+01 9.285931999999999675e+01
2.318357000000000116e+05 -1.640982999999999947e+01 9.200283000000000300e+01
2.318359000000000233e+05 -1.580283999999999978e+01 9.061623000000000161e+01
2.318361000000000058e+05 -1.592132999999999932e+01 9.566988000000000625e+01
2.318363000000000175e+05 -1.570435999999999943e+01 9.077679000000000542e+01
2.318365000000000000e+05 -1.617442000000000135e+01 9.134091999999999700e+01
2.318367000000000116e+05 -1.541854999999999976e+01 9.299239000000000033e+01
2.318369000000000233e+05 -1.508078000000000074e+01 9.372278000000000020e+01
2.318371000000000058e+05 -1.566747999999999941e+01 9.130546999999999969e+01
2.318373000000000175e+05 -1.551256000000000057e+01 9.439687000000000694e+01
2.318375000000000000e+05 -1.590157999999999916e+01 8.818492999999999427e+01
2.318377000000000116e+05 -1.567173000000000016e+01 9.286615000000000464e+01
2.318379000000000233e+05 -1.566888999999999932e+01 9.156909000000000276e+01
2.318381000000000058e+05 -1.620317999999999969e+01 9.658568999999999960e+01
2.318383000000000175e+05 -1.564854000000000056e+01 9.143873000000000673e+01
2.318385000000000000e+05 -1.541580000000000084e+01 9.147903999999999769e+01
2.318387000000000116e+05 -1.566375000000000028e+01 9.052263999999999555e+01
2.318389000000000233e+05 -1.535994999999999955e+01 9.386730000000000018e+01
2.318391000000000058e+05 -1.594290999999999947e+01 9.044214999999999804e+01
2.318393000000000175e+05 -1.569044000000000061e+01 9.273354000000000497e+01
2.318395000000000000e+05 -1.560694999999999943e+01 9.092937999999999477e+01
2.318397000000000116e+05 -1.594415000000000049e+01 9.071536000000000399e+01
2.318399000000000233e+05 -1.572870999999999952e+01 8.893616000000000099e+01
2.318401000000000058e+05 -1.588968000000000025e+01 9.219114999999999327e+01
2.318403000000000175e+05 -1.541740000000000066e+01 9.198161000000000342e+01
2.318405000000000000e+05 -1.530475999999999992e+01 9.274286999999999637e+01
2.318407000000000116e+05 -1.590596999999999994e+01 9.499522000000000332e+01
