# Time finished:
# 2015-06-04 00.06.56
# Temp volt start:
# 1.0066988
# Temp volt stop:
# 1.0066988
# Approx start T:
# 88.8120303627
# Approx stop T:
# 88.8457236312
# DC bias measured, messed up:
# 1.030997
# DC bias we asked for:
# 0
2.318257600000000093e+05 -1.546170000000000044e+01 9.255835000000000434e+01
2.318259600000000210e+05 -1.513992000000000004e+01 9.328798999999999353e+01
2.318261600000000035e+05 -1.576525999999999961e+01 9.330322999999999922e+01
2.318263600000000151e+05 -1.583784999999999954e+01 9.153267999999999915e+01
2.318265599999999977e+05 -1.516483000000000025e+01 9.002061000000000490e+01
2.318267600000000093e+05 -1.555766999999999989e+01 9.195596000000000458e+01
2.318269600000000210e+05 -1.539428000000000019e+01 9.354174999999999329e+01
2.318271600000000035e+05 -1.615388000000000090e+01 9.225991000000000497e+01
2.318273600000000151e+05 -1.593182999999999971e+01 8.870354000000000383e+01
2.318275599999999977e+05 -1.526656000000000013e+01 9.223371000000000208e+01
2.318277600000000093e+05 -1.610742000000000118e+01 9.070367000000000246e+01
2.318279600000000210e+05 -1.574705999999999939e+01 9.393059999999999832e+01
2.318281600000000035e+05 -1.572838999999999920e+01 9.305374000000000478e+01
2.318283600000000151e+05 -1.603202999999999889e+01 9.512113999999999692e+01
2.318285599999999977e+05 -1.549766999999999939e+01 9.087245000000000061e+01
2.318287600000000093e+05 -1.548647000000000062e+01 9.293828000000000600e+01
2.318289600000000210e+05 -1.606972000000000023e+01 9.097312999999999761e+01
2.318291600000000035e+05 -1.553290999999999933e+01 9.061816000000000315e+01
2.318293600000000151e+05 -1.576351000000000013e+01 9.155244000000000426e+01
2.318295599999999977e+05 -1.594724000000000075e+01 9.023772999999999911e+01
2.318297600000000093e+05 -1.550159999999999982e+01 9.159896000000000527e+01
2.318299600000000210e+05 -1.581869999999999976e+01 9.116330999999999563e+01
2.318301600000000035e+05 -1.596120999999999945e+01 8.958699000000000012e+01
2.318303600000000151e+05 -1.588002999999999965e+01 9.228942000000000689e+01
2.318305599999999977e+05 -1.521434999999999960e+01 9.282774999999999466e+01
2.318307600000000093e+05 -1.583797000000000033e+01 9.507958000000000709e+01
2.318309600000000210e+05 -1.604561999999999955e+01 9.033165999999999940e+01
2.318311600000000035e+05 -1.576289000000000051e+01 9.481158000000000641e+01
2.318313600000000151e+05 -1.563263000000000069e+01 9.194849999999999568e+01
2.318315599999999977e+05 -1.556004000000000076e+01 9.293840000000000146e+01
2.318317600000000093e+05 -1.570129000000000019e+01 9.069742999999999711e+01
2.318319600000000210e+05 -1.526248999999999967e+01 9.105186000000000490e+01
2.318321600000000035e+05 -1.530420999999999943e+01 9.271153999999999940e+01
2.318323600000000151e+05 -1.597207000000000043e+01 9.087185999999999808e+01
2.318325599999999977e+05 -1.584284000000000070e+01 9.280495999999999412e+01
2.318327600000000093e+05 -1.585223000000000049e+01 9.039650000000000318e+01
2.318329600000000210e+05 -1.555699000000000076e+01 8.914234000000000435e+01
2.318331600000000035e+05 -1.633905000000000030e+01 8.956325999999999965e+01
2.318333600000000151e+05 -1.610652999999999935e+01 9.592029999999999745e+01
2.318335599999999977e+05 -1.540348999999999968e+01 9.053761000000000081e+01
2.318337600000000093e+05 -1.579560999999999993e+01 9.054071999999999321e+01
2.318339600000000210e+05 -1.566915999999999976e+01 9.169374000000000535e+01
2.318341600000000035e+05 -1.574127000000000010e+01 8.880234000000000094e+01
2.318343600000000151e+05 -1.593754999999999988e+01 9.190310999999999808e+01
2.318345599999999977e+05 -1.614561000000000135e+01 8.846120999999999412e+01
2.318347600000000093e+05 -1.565090999999999966e+01 9.181833000000000311e+01
2.318349600000000210e+05 -1.611608000000000018e+01 9.304954999999999643e+01
2.318351600000000035e+05 -1.591864999999999952e+01 9.203285999999999945e+01
2.318353600000000151e+05 -1.559551000000000087e+01 9.416410999999999376e+01
2.318355599999999977e+05 -1.568599000000000032e+01 8.895525000000000659e+01
2.318357600000000093e+05 -1.517251000000000083e+01 8.896359999999999957e+01
2.318359600000000210e+05 -1.566915000000000013e+01 9.169589000000000567e+01
2.318361600000000035e+05 -1.533989000000000047e+01 9.246684000000000481e+01
2.318363600000000151e+05 -1.555765000000000065e+01 9.195906999999999698e+01
2.318365599999999977e+05 -1.595528000000000013e+01 9.484711000000000070e+01
2.318367600000000093e+05 -1.498088000000000086e+01 8.917244999999999777e+01
2.318369600000000210e+05 -1.525751999999999953e+01 9.471684000000000481e+01
2.318371600000000035e+05 -1.555062999999999995e+01 9.208581999999999823e+01
2.318373600000000151e+05 -1.594238000000000000e+01 9.548413999999999646e+01
2.318375599999999977e+05 -1.592961999999999989e+01 9.254543999999999926e+01
2.318377600000000093e+05 -1.587221000000000082e+01 9.369241999999999848e+01
2.318379600000000210e+05 -1.583431000000000033e+01 9.344021999999999650e+01
2.318381600000000035e+05 -1.587229999999999919e+01 9.293094999999999573e+01
2.318383600000000151e+05 -1.581007999999999925e+01 9.130140000000000100e+01
2.318385599999999977e+05 -1.581512000000000029e+01 8.940531000000000006e+01
2.318387600000000093e+05 -1.585181000000000040e+01 9.204806999999999562e+01
2.318389600000000210e+05 -1.589071000000000033e+01 9.229596999999999696e+01
2.318391600000000035e+05 -1.521889000000000003e+01 8.894868999999999915e+01
2.318393600000000151e+05 -1.567186000000000057e+01 9.046281000000000461e+01
2.318395599999999977e+05 -1.580924000000000085e+01 9.104680999999999358e+01
2.318397600000000093e+05 -1.585317000000000043e+01 9.306137999999999977e+01
2.318399600000000210e+05 -1.544852999999999987e+01 8.713791999999999405e+01
2.318401600000000035e+05 -1.574554999999999971e+01 9.018424000000000262e+01
2.318403600000000151e+05 -1.565936999999999912e+01 9.132948000000000377e+01
2.318405599999999977e+05 -1.569786000000000037e+01 9.157283999999999935e+01
2.318407600000000093e+05 -1.596866999999999948e+01 9.357290999999999315e+01
2.318409600000000210e+05 -1.595303000000000004e+01 8.972916999999999632e+01
2.318411600000000035e+05 -1.581514999999999915e+01 9.356221999999999639e+01
2.318413600000000151e+05 -1.580170000000000030e+01 9.003901999999999362e+01
2.318415599999999977e+05 -1.523892000000000024e+01 8.775920000000000698e+01
2.318417600000000093e+05 -1.586613999999999969e+01 9.090127999999999986e+01
2.318419600000000210e+05 -1.533051999999999992e+01 9.449209999999999354e+01
2.318421600000000035e+05 -1.573588999999999949e+01 9.156086999999999421e+01
2.318423600000000151e+05 -1.577258999999999922e+01 9.130141000000000417e+01
2.318425599999999977e+05 -1.555762999999999963e+01 8.705849000000000615e+01
2.318427600000000093e+05 -1.558882999999999974e+01 9.330643000000000598e+01
2.318429600000000210e+05 -1.533120000000000083e+01 9.211249999999999716e+01
2.318431600000000035e+05 -1.609896000000000171e+01 9.552477000000000373e+01
2.318433600000000151e+05 -1.616531000000000162e+01 9.305391000000000190e+01
2.318435599999999977e+05 -1.571945999999999977e+01 9.393180999999999869e+01
2.318437600000000093e+05 -1.594750999999999941e+01 9.190238999999999692e+01
2.318439600000000210e+05 -1.591881000000000057e+01 8.833871000000000606e+01
2.318441600000000035e+05 -1.534622000000000064e+01 9.485312999999999306e+01
2.318443600000000151e+05 -1.605908000000000158e+01 9.085317999999999472e+01
2.318445599999999977e+05 -1.536918000000000006e+01 9.282546999999999571e+01
2.318447600000000093e+05 -1.545238999999999940e+01 9.560078000000000031e+01
2.318449600000000210e+05 -1.506071999999999989e+01 9.133561000000000263e+01
2.318451600000000035e+05 -1.576909000000000027e+01 9.080639999999999645e+01
2.318453600000000151e+05 -1.552656999999999954e+01 9.099333000000000027e+01
2.318455599999999977e+05 -1.555078999999999922e+01 9.232995999999999981e+01
2.318457600000000093e+05 -1.534418999999999933e+01 9.104089999999999350e+01
