# Time finished:
# 2015-06-03 20.51.57
# Temp volt start:
# 1.0107769
# Temp volt stop:
# 1.0107769
# Approx start T:
# 86.527573162
# Approx stop T:
# 86.5311672476
# DC bias measured, messed up:
# 1.092801
# DC bias we asked for:
# 0
2.318210000000000000e+05 -1.560008000000000017e+01 9.174204000000000292e+01
2.318212000000000116e+05 -1.534177000000000035e+01 9.259126000000000545e+01
2.318213999999999942e+05 -1.565590000000000082e+01 9.140049000000000490e+01
2.318216000000000058e+05 -1.533453000000000088e+01 8.860329000000000121e+01
2.318217999999999884e+05 -1.548265999999999920e+01 9.352149000000000001e+01
2.318220000000000000e+05 -1.525402000000000058e+01 9.475073999999999330e+01
2.318222000000000116e+05 -1.589784000000000042e+01 9.293500000000000227e+01
2.318223999999999942e+05 -1.596964999999999968e+01 9.170431999999999562e+01
2.318226000000000058e+05 -1.548339999999999961e+01 9.282410000000000139e+01
2.318227999999999884e+05 -1.602186999999999983e+01 9.527828999999999837e+01
2.318230000000000000e+05 -1.587795000000000023e+01 9.184095999999999549e+01
2.318232000000000116e+05 -1.582277000000000022e+01 9.413982000000000028e+01
2.318233999999999942e+05 -1.595392999999999972e+01 9.354679000000000144e+01
2.318236000000000058e+05 -1.606062999999999974e+01 9.107067000000000689e+01
2.318237999999999884e+05 -1.564329999999999998e+01 9.364704000000000406e+01
2.318240000000000000e+05 -1.549815000000000076e+01 9.480043999999999471e+01
2.318242000000000116e+05 -1.552857000000000021e+01 9.060823999999999501e+01
2.318243999999999942e+05 -1.544806999999999952e+01 9.236177999999999599e+01
2.318246000000000058e+05 -1.547855000000000025e+01 9.096787999999999386e+01
2.318247999999999884e+05 -1.593549999999999933e+01 9.293562000000000012e+01
2.318250000000000000e+05 -1.587874000000000052e+01 9.208549999999999613e+01
2.318252000000000116e+05 -1.595354999999999990e+01 9.256547999999999377e+01
2.318253999999999942e+05 -1.550923000000000052e+01 9.025887000000000171e+01
2.318256000000000058e+05 -1.611765000000000114e+01 9.118173000000000172e+01
2.318257999999999884e+05 -1.551493999999999929e+01 9.119091000000000236e+01
2.318260000000000000e+05 -1.564323000000000086e+01 9.246654999999999802e+01
2.318262000000000116e+05 -1.604580999999999946e+01 9.194290999999999769e+01
2.318263999999999942e+05 -1.520370999999999917e+01 9.148543999999999699e+01
2.318266000000000058e+05 -1.562551999999999985e+01 9.282205000000000439e+01
2.318267999999999884e+05 -1.512772999999999968e+01 9.016338000000000363e+01
2.318270000000000000e+05 -1.571151000000000053e+01 9.126918999999999471e+01
2.318272000000000116e+05 -1.540842999999999918e+01 9.098770000000000380e+01
2.318273999999999942e+05 -1.540549000000000035e+01 9.558602999999999383e+01
2.318276000000000058e+05 -1.529110999999999976e+01 9.181107000000000085e+01
2.318277999999999884e+05 -1.584206999999999965e+01 9.402522000000000446e+01
2.318280000000000000e+05 -1.560758000000000045e+01 9.270542000000000371e+01
2.318282000000000116e+05 -1.572887000000000057e+01 9.114983999999999753e+01
2.318283999999999942e+05 -1.566485999999999912e+01 8.808020999999999390e+01
2.318286000000000058e+05 -1.576524000000000036e+01 9.497625999999999635e+01
2.318287999999999884e+05 -1.580598999999999954e+01 9.257513000000000147e+01
2.318290000000000000e+05 -1.578839999999999932e+01 9.269849999999999568e+01
2.318292000000000116e+05 -1.572677999999999976e+01 9.067409000000000674e+01
2.318293999999999942e+05 -1.632595999999999847e+01 9.076063999999999510e+01
2.318296000000000058e+05 -1.551453000000000060e+01 9.119638000000000488e+01
2.318297999999999884e+05 -1.572287999999999997e+01 9.019474999999999909e+01
2.318300000000000000e+05 -1.569666999999999923e+01 9.234650000000000603e+01
2.318302000000000116e+05 -1.517408999999999963e+01 8.958624000000000365e+01
2.318303999999999942e+05 -1.587955999999999968e+01 9.330012999999999579e+01
2.318306000000000058e+05 -1.541868999999999978e+01 8.995186999999999955e+01
2.318307999999999884e+05 -1.587780000000000058e+01 9.403265000000000384e+01
2.318310000000000000e+05 -1.605750000000000099e+01 9.057965000000000089e+01
2.318312000000000116e+05 -1.597042000000000073e+01 8.913379999999999370e+01
2.318313999999999942e+05 -1.571120999999999945e+01 9.484910999999999603e+01
2.318316000000000058e+05 -1.565694000000000052e+01 8.891563999999999623e+01
2.318317999999999884e+05 -1.595163999999999938e+01 9.428758999999999446e+01
2.318320000000000000e+05 -1.547710000000000008e+01 9.074052000000000362e+01
2.318322000000000116e+05 -1.587991000000000064e+01 9.306216000000000577e+01
2.318323999999999942e+05 -1.553584000000000032e+01 9.224523999999999546e+01
2.318326000000000058e+05 -1.539668999999999954e+01 9.294404000000000110e+01
2.318327999999999884e+05 -1.569003999999999976e+01 9.068295000000000528e+01
2.318330000000000000e+05 -1.566053999999999924e+01 9.400701999999999714e+01
2.318332000000000116e+05 -1.585412999999999961e+01 9.076009999999999422e+01
2.318333999999999942e+05 -1.604569000000000045e+01 9.219410000000000593e+01
2.318336000000000058e+05 -1.558897999999999939e+01 9.212172999999999945e+01
2.318337999999999884e+05 -1.623684000000000083e+01 9.293259000000000469e+01
2.318340000000000000e+05 -1.614083000000000112e+01 9.281086000000000524e+01
2.318342000000000116e+05 -1.586119000000000057e+01 9.318528000000000588e+01
2.318343999999999942e+05 -1.589117000000000068e+01 9.074962999999999624e+01
2.318346000000000058e+05 -1.562548999999999921e+01 9.282583999999999946e+01
2.318347999999999884e+05 -1.587973999999999997e+01 9.281981000000000392e+01
2.318350000000000000e+05 -1.541445000000000043e+01 8.949357999999999436e+01
2.318352000000000116e+05 -1.578675999999999924e+01 9.414067000000000007e+01
2.318353999999999942e+05 -1.600879000000000119e+01 9.219910000000000139e+01
2.318356000000000058e+05 -1.586055999999999955e+01 9.390922999999999377e+01
2.318357999999999884e+05 -1.562368000000000023e+01 9.164383999999999730e+01
2.318360000000000000e+05 -1.596810999999999936e+01 8.888715000000000543e+01
2.318362000000000116e+05 -1.567868999999999957e+01 9.388876999999999384e+01
2.318363999999999942e+05 -1.555742000000000047e+01 8.966321999999999548e+01
2.318366000000000058e+05 -1.638722999999999885e+01 9.112995999999999697e+01
2.318367999999999884e+05 -1.593040000000000056e+01 9.123031000000000290e+01
2.318370000000000000e+05 -1.530030999999999963e+01 9.033392999999999518e+01
2.318372000000000116e+05 -1.566158000000000072e+01 9.282585000000000264e+01
2.318373999999999942e+05 -1.560823000000000071e+01 9.341433000000000675e+01
2.318376000000000058e+05 -1.536069999999999958e+01 9.203092999999999790e+01
2.318377999999999884e+05 -1.549038000000000004e+01 9.015610999999999819e+01
2.318380000000000000e+05 -1.616743999999999915e+01 9.005053999999999803e+01
2.318382000000000116e+05 -1.607969999999999899e+01 8.883423999999999410e+01
2.318383999999999942e+05 -1.537833999999999968e+01 9.214108000000000231e+01
2.318386000000000058e+05 -1.613623000000000118e+01 9.105695000000000050e+01
2.318387999999999884e+05 -1.531004000000000076e+01 9.305960000000000321e+01
2.318390000000000000e+05 -1.536913000000000018e+01 9.031279000000000678e+01
2.318392000000000116e+05 -1.575008000000000052e+01 9.174522000000000332e+01
2.318393999999999942e+05 -1.551928000000000019e+01 9.282667999999999608e+01
2.318396000000000058e+05 -1.534468000000000032e+01 9.283315000000000339e+01
2.318397999999999884e+05 -1.573384000000000071e+01 9.282191000000000258e+01
2.318400000000000000e+05 -1.551812999999999931e+01 9.236177000000000703e+01
2.318402000000000116e+05 -1.536148999999999987e+01 9.363378000000000156e+01
2.318403999999999942e+05 -1.580145000000000088e+01 9.498781999999999925e+01
2.318406000000000058e+05 -1.604701999999999984e+01 9.318701000000000079e+01
2.318407999999999884e+05 -1.598564000000000007e+01 9.109637999999999636e+01
2.318410000000000000e+05 -1.589498999999999995e+01 9.172459000000000628e+01
