# Time finished:
# 2015-06-04 00.14.26
# Temp volt start:
# 1.0063896
# Temp volt stop:
# 1.0063896
# Approx start T:
# 88.9847729399
# Approx stop T:
# 89.0062774009
# DC bias measured, messed up:
# 1.151366
# DC bias we asked for:
# 0
2.318259800000000105e+05 -1.540290000000000070e+01 8.742547999999999320e+01
2.318261800000000221e+05 -1.589794000000000018e+01 8.897332000000000107e+01
2.318263800000000047e+05 -1.566196000000000055e+01 9.362787000000000148e+01
2.318265800000000163e+05 -1.566891000000000034e+01 8.986647000000000673e+01
2.318267799999999988e+05 -1.604524999999999935e+01 9.324663999999999930e+01
2.318269800000000105e+05 -1.543079000000000001e+01 9.260732000000000141e+01
2.318271800000000221e+05 -1.543003000000000036e+01 9.210267000000000337e+01
2.318273800000000047e+05 -1.589960999999999913e+01 9.151224000000000558e+01
2.318275800000000163e+05 -1.509098999999999968e+01 9.165424000000000149e+01
2.318277799999999988e+05 -1.582258999999999993e+01 9.337612000000000023e+01
2.318279800000000105e+05 -1.538461000000000034e+01 9.562250000000000227e+01
2.318281800000000221e+05 -1.600450000000000017e+01 8.757674000000000092e+01
2.318283800000000047e+05 -1.560269000000000084e+01 9.169562000000000523e+01
2.318285800000000163e+05 -1.604437000000000069e+01 9.189587000000000216e+01
2.318287799999999988e+05 -1.572286000000000072e+01 9.350415999999999883e+01
2.318289800000000105e+05 -1.565823999999999927e+01 9.518685999999999581e+01
2.318291800000000221e+05 -1.499732999999999983e+01 9.131708000000000425e+01
2.318293800000000047e+05 -1.559276000000000018e+01 8.822518999999999778e+01
2.318295800000000163e+05 -1.559134000000000064e+01 8.989858999999999867e+01
2.318297799999999988e+05 -1.550811999999999991e+01 9.336863999999999919e+01
2.318299800000000105e+05 -1.539338000000000051e+01 9.311356000000000677e+01
2.318301800000000221e+05 -1.529726999999999926e+01 9.224098999999999648e+01
2.318303800000000047e+05 -1.515586000000000055e+01 8.833571000000000595e+01
2.318305800000000163e+05 -1.541235999999999962e+01 9.298542999999999381e+01
2.318307799999999988e+05 -1.569956999999999958e+01 9.154928999999999917e+01
2.318309800000000105e+05 -1.621148000000000167e+01 9.380401999999999418e+01
2.318311800000000221e+05 -1.622411999999999921e+01 9.062583999999999662e+01
2.318313800000000047e+05 -1.610051999999999950e+01 9.529778000000000304e+01
2.318315800000000163e+05 -1.556601000000000035e+01 9.298794999999999789e+01
2.318317799999999988e+05 -1.538823999999999970e+01 9.110528999999999655e+01
2.318319800000000105e+05 -1.642042999999999964e+01 9.467293999999999699e+01
2.318321800000000221e+05 -1.613629999999999853e+01 8.556577000000000055e+01
2.318323800000000047e+05 -1.541164000000000023e+01 8.769228999999999985e+01
2.318325800000000163e+05 -1.558372999999999919e+01 9.183088999999999658e+01
2.318327799999999988e+05 -1.580255999999999972e+01 9.350887000000000171e+01
2.318329800000000105e+05 -1.582141000000000020e+01 9.206183000000000050e+01
2.318331800000000221e+05 -1.556494000000000000e+01 9.222026999999999930e+01
2.318333800000000047e+05 -1.572204999999999941e+01 9.428915000000000646e+01
2.318335800000000163e+05 -1.527185000000000059e+01 9.063934000000000424e+01
2.318337799999999988e+05 -1.552637000000000000e+01 9.400985000000000014e+01
2.318339800000000105e+05 -1.582225999999999999e+01 9.258805999999999869e+01
2.318341800000000221e+05 -1.563283000000000023e+01 9.014265000000000327e+01
2.318343800000000047e+05 -1.572081000000000017e+01 9.168067000000000633e+01
2.318345800000000163e+05 -1.569847999999999999e+01 8.881794999999999618e+01
2.318347799999999988e+05 -1.555996999999999986e+01 9.093940999999999519e+01
2.318349800000000105e+05 -1.570351999999999926e+01 9.259466999999999359e+01
2.318351800000000221e+05 -1.625364000000000075e+01 9.269723999999999364e+01
2.318353800000000047e+05 -1.576093999999999973e+01 9.193278999999999712e+01
2.318355800000000163e+05 -1.590202000000000027e+01 9.205074999999999363e+01
2.318357799999999988e+05 -1.575764000000000031e+01 9.115013999999999328e+01
2.318359800000000105e+05 -1.604350000000000165e+01 9.190053000000000338e+01
2.318361800000000221e+05 -1.623130000000000095e+01 9.200821000000000538e+01
2.318363800000000047e+05 -1.572363999999999962e+01 9.350748000000000104e+01
2.318365800000000163e+05 -1.533259999999999934e+01 9.149585999999999331e+01
2.318367799999999988e+05 -1.586276999999999937e+01 9.338196000000000652e+01
2.318369800000000105e+05 -1.588124999999999964e+01 9.192392999999999859e+01
2.318371800000000221e+05 -1.639846999999999966e+01 9.142172999999999661e+01
2.318373800000000047e+05 -1.548011999999999944e+01 8.854157999999999618e+01
2.318375800000000163e+05 -1.544710000000000072e+01 9.147211000000000070e+01
2.318377799999999988e+05 -1.606466999999999956e+01 9.447494000000000369e+01
2.318379800000000105e+05 -1.570187999999999917e+01 9.207589000000000112e+01
2.318381800000000221e+05 -1.579095000000000049e+01 9.614233000000000118e+01
2.318383800000000047e+05 -1.529801999999999929e+01 9.224546999999999741e+01
2.318385800000000163e+05 -1.552591999999999928e+01 9.426803999999999917e+01
2.318387799999999988e+05 -1.537382999999999988e+01 9.249621000000000492e+01
2.318389800000000105e+05 -1.544708999999999932e+01 9.147549999999999670e+01
2.318391800000000221e+05 -1.576249999999999929e+01 9.324718000000000018e+01
2.318393800000000047e+05 -1.588227999999999973e+01 9.245565000000000566e+01
2.318395800000000163e+05 -1.561977000000000082e+01 9.517808999999999742e+01
2.318397799999999988e+05 -1.572326999999999941e+01 9.298484999999999445e+01
2.318399800000000105e+05 -1.586256999999999984e+01 9.231838000000000477e+01
2.318401800000000221e+05 -1.642323999999999984e+01 9.240851999999999578e+01
2.318403800000000047e+05 -1.577900999999999954e+01 9.154094999999999516e+01
2.318405800000000163e+05 -1.568546000000000085e+01 8.947696999999999434e+01
2.318407799999999988e+05 -1.573919000000000068e+01 9.154752000000000578e+01
2.318409800000000105e+05 -1.544965000000000011e+01 9.248238000000000625e+01
2.318411800000000221e+05 -1.535514000000000046e+01 9.261844000000000676e+01
2.318413800000000047e+05 -1.575872999999999990e+01 9.481801000000000101e+01
2.318415800000000163e+05 -1.560585999999999984e+01 9.298721000000000458e+01
2.318417799999999988e+05 -1.518497999999999948e+01 9.397218999999999767e+01
2.318419800000000105e+05 -1.585854999999999926e+01 9.125915999999999428e+01
2.318421800000000221e+05 -1.587049999999999983e+01 9.006553999999999860e+01
2.318423800000000047e+05 -1.531376999999999988e+01 9.137144000000000688e+01
2.318425800000000163e+05 -1.586176999999999992e+01 9.391164999999999452e+01
2.318427799999999988e+05 -1.554660999999999937e+01 9.260523000000000593e+01
2.318429800000000105e+05 -1.509403000000000006e+01 9.359830999999999790e+01
2.318431800000000221e+05 -1.564302999999999955e+01 9.195216000000000633e+01
2.318433800000000047e+05 -1.530390000000000050e+01 8.987771999999999650e+01
2.318435800000000163e+05 -1.572275999999999918e+01 9.376726999999999634e+01
2.318437799999999988e+05 -1.608737999999999957e+01 9.270973999999999648e+01
2.318439800000000105e+05 -1.567212999999999923e+01 9.013067999999999813e+01
2.318441800000000221e+05 -1.572272000000000070e+01 9.377060000000000173e+01
2.318443800000000047e+05 -1.564132999999999996e+01 9.143637999999999977e+01
2.318445800000000163e+05 -1.537387000000000015e+01 9.248981000000000563e+01
2.318447799999999988e+05 -1.592277999999999949e+01 9.218331000000000586e+01
2.318449800000000105e+05 -1.550557000000000052e+01 9.159189000000000647e+01
2.318451800000000221e+05 -1.554138999999999982e+01 9.107059999999999889e+01
2.318453800000000047e+05 -1.534328000000000003e+01 9.011975999999999942e+01
2.318455800000000163e+05 -1.608590999999999838e+01 9.720089000000000112e+01
2.318457799999999988e+05 -1.580184999999999995e+01 9.219687000000000410e+01
2.318459800000000105e+05 -1.546949000000000041e+01 9.362382999999999811e+01
