# Time finished:
# 2015-06-02 22.31.03
# Temp volt start:
# 1.0571635
# Temp volt stop:
# 1.0571635
# Approx start T:
# 59.7019686314
# Approx stop T:
# 59.7997813502
# DC bias measured, messed up:
# 1.090301
# DC bias we asked for:
# 0
2.317690199999999895e+05 -1.520228000000000002e+01 9.248301999999999623e+01
2.317692200000000012e+05 -1.623412000000000077e+01 9.096281999999999357e+01
2.317694199999999837e+05 -1.623998999999999882e+01 9.415376999999999441e+01
2.317696199999999953e+05 -1.553182999999999936e+01 8.993097000000000207e+01
2.317698199999999779e+05 -1.589545000000000030e+01 9.188608999999999583e+01
2.317700199999999895e+05 -1.604013000000000133e+01 9.087793999999999528e+01
2.317702200000000012e+05 -1.570983000000000018e+01 9.314602999999999611e+01
2.317704199999999837e+05 -1.568830999999999953e+01 9.219374000000000535e+01
2.317706199999999953e+05 -1.562359999999999971e+01 9.476561999999999841e+01
2.317708199999999779e+05 -1.520683999999999969e+01 9.224165000000000703e+01
2.317710199999999895e+05 -1.600419000000000125e+01 9.314512000000000569e+01
2.317712200000000012e+05 -1.514429999999999943e+01 9.109829999999999472e+01
2.317714199999999837e+05 -1.598174000000000028e+01 9.413034000000000390e+01
2.317716199999999953e+05 -1.590545000000000009e+01 8.797159999999999513e+01
2.317718199999999779e+05 -1.595475000000000065e+01 8.850741999999999621e+01
2.317720199999999895e+05 -1.531975000000000087e+01 9.092731000000000563e+01
2.317722200000000012e+05 -1.587660999999999945e+01 9.230991000000000213e+01
2.317724199999999837e+05 -1.621755999999999887e+01 9.487779999999999347e+01
2.317726199999999953e+05 -1.604636999999999958e+01 9.229216999999999871e+01
2.317728199999999779e+05 -1.581263000000000041e+01 8.900027000000000044e+01
2.317730199999999895e+05 -1.583483999999999980e+01 9.397127000000000407e+01
2.317732200000000012e+05 -1.592010999999999932e+01 9.314842000000000155e+01
2.317734199999999837e+05 -1.531422000000000061e+01 9.614180000000000348e+01
2.317736199999999953e+05 -1.627861000000000047e+01 9.066330999999999563e+01
2.317738199999999779e+05 -1.542666000000000004e+01 8.931458999999999548e+01
2.317740199999999895e+05 -1.548603999999999914e+01 9.327643000000000484e+01
2.317742200000000012e+05 -1.569366999999999912e+01 8.960116999999999621e+01
2.317744199999999837e+05 -1.608230999999999966e+01 9.058396000000000470e+01
2.317746199999999953e+05 -1.624259999999999948e+01 9.386769999999999925e+01
2.317748199999999779e+05 -1.531973999999999947e+01 9.092866999999999678e+01
2.317750199999999895e+05 -1.620482000000000156e+01 8.967900000000000205e+01
2.317752200000000012e+05 -1.581241999999999948e+01 9.190536000000000172e+01
2.317754199999999837e+05 -1.580991000000000035e+01 9.134860000000000468e+01
2.317756199999999953e+05 -1.523766999999999960e+01 9.043312000000000239e+01
2.317758199999999779e+05 -1.550600999999999985e+01 9.367918000000000234e+01
2.317760199999999895e+05 -1.583273999999999937e+01 9.176402000000000214e+01
2.317762200000000012e+05 -1.546854000000000084e+01 8.956740000000000634e+01
2.317764199999999837e+05 -1.565905000000000058e+01 9.043308000000000391e+01
2.317766199999999953e+05 -1.580915000000000070e+01 9.107710000000000150e+01
2.317768199999999779e+05 -1.590907999999999944e+01 9.035164000000000328e+01
2.317770199999999895e+05 -1.633110999999999891e+01 9.387870999999999810e+01
2.317772200000000012e+05 -1.586679999999999957e+01 9.592753999999999337e+01
2.317774199999999837e+05 -1.591888999999999932e+01 8.908991000000000327e+01
2.317776199999999953e+05 -1.626458999999999833e+01 9.227595999999999776e+01
2.317778199999999779e+05 -1.538616000000000028e+01 9.340770000000000550e+01
2.317780199999999895e+05 -1.569003000000000014e+01 9.355679000000000656e+01
2.317782200000000012e+05 -1.606914000000000087e+01 9.272539999999999338e+01
2.317784199999999837e+05 -1.619301000000000101e+01 9.098202999999999463e+01
2.317786199999999953e+05 -1.570210999999999935e+01 9.069441000000000486e+01
2.317788199999999779e+05 -1.545669000000000004e+01 9.049827999999999406e+01
2.317790199999999895e+05 -1.564798000000000044e+01 9.382301999999999964e+01
2.317792200000000012e+05 -1.591202000000000005e+01 9.063110000000000355e+01
2.317794199999999837e+05 -1.553383000000000003e+01 9.635514999999999475e+01
2.317796199999999953e+05 -1.585758000000000045e+01 9.703902999999999679e+01
2.317798199999999779e+05 -1.592985999999999969e+01 9.021184999999999832e+01
2.317800199999999895e+05 -1.542938999999999972e+01 8.958167000000000257e+01
2.317802200000000012e+05 -1.568989999999999974e+01 9.301528999999999314e+01
2.317804199999999837e+05 -1.597361000000000075e+01 9.047369000000000483e+01
2.317806199999999953e+05 -1.578796999999999962e+01 9.507800000000000296e+01
2.317808199999999779e+05 -1.606857000000000113e+01 9.385483000000000686e+01
2.317810199999999895e+05 -1.653091999999999828e+01 9.464372000000000185e+01
2.317812200000000012e+05 -1.564527999999999963e+01 9.463733999999999469e+01
2.317814199999999837e+05 -1.583336000000000077e+01 9.425758000000000436e+01
2.317816199999999953e+05 -1.572826000000000057e+01 9.465452999999999406e+01
2.317818199999999779e+05 -1.566103999999999985e+01 9.070817999999999870e+01
2.317820199999999895e+05 -1.541679000000000066e+01 9.050709999999999411e+01
2.317822200000000012e+05 -1.548573999999999984e+01 9.381231999999999971e+01
2.317824199999999837e+05 -1.602091000000000065e+01 9.102710000000000434e+01
2.317826199999999953e+05 -1.513047000000000075e+01 9.276735999999999649e+01
2.317828199999999779e+05 -1.568056999999999945e+01 9.056449000000000638e+01
2.317830199999999895e+05 -1.585588000000000086e+01 9.384353000000000122e+01
2.317832200000000012e+05 -1.577224000000000004e+01 9.273694000000000415e+01
2.317834199999999837e+05 -1.602393000000000001e+01 9.187605000000000643e+01
2.317836199999999953e+05 -1.611025000000000063e+01 9.186342000000000496e+01
2.317838199999999779e+05 -1.571061000000000085e+01 9.314964999999999407e+01
2.317840199999999895e+05 -1.542421000000000042e+01 9.420502000000000464e+01
2.317842200000000012e+05 -1.546564000000000050e+01 9.288376999999999839e+01
2.317844199999999837e+05 -1.624642000000000053e+01 8.937653000000000247e+01
2.317846199999999953e+05 -1.521794000000000047e+01 9.031231999999999971e+01
2.317848199999999779e+05 -1.568910999999999945e+01 9.219510999999999967e+01
2.317850199999999895e+05 -1.511228999999999978e+01 8.945438000000000045e+01
2.317852200000000012e+05 -1.569346999999999959e+01 9.669455000000000666e+01
2.317854199999999837e+05 -1.572743000000000002e+01 9.164616999999999791e+01
2.317856199999999953e+05 -1.542597999999999914e+01 9.262457999999999458e+01
2.317858199999999779e+05 -1.622139999999999915e+01 9.344052999999999543e+01
2.317860199999999895e+05 -1.611226999999999876e+01 9.357998999999999512e+01
2.317862200000000012e+05 -1.570843999999999951e+01 9.205798000000000059e+01
2.317864199999999837e+05 -1.528656999999999933e+01 9.328323000000000320e+01
2.317866199999999953e+05 -1.495637999999999934e+01 9.215194999999999936e+01
2.317868199999999779e+05 -1.581426000000000087e+01 9.356928000000000623e+01
2.317870199999999895e+05 -1.518895000000000017e+01 9.314745999999999526e+01
2.317872200000000012e+05 -1.585590999999999973e+01 9.384049000000000262e+01
2.317874199999999837e+05 -1.595130999999999943e+01 9.034354999999999336e+01
2.317876199999999953e+05 -1.558624999999999972e+01 8.749812000000000012e+01
2.317878199999999779e+05 -1.666967999999999961e+01 9.436854999999999905e+01
2.317880199999999895e+05 -1.581335999999999942e+01 9.218493999999999744e+01
2.317882200000000012e+05 -1.575953999999999944e+01 9.630997000000000696e+01
2.317884199999999837e+05 -1.554410999999999987e+01 9.181211000000000411e+01
2.317886199999999953e+05 -1.566874999999999929e+01 9.261181999999999448e+01
2.317888199999999779e+05 -1.581427000000000049e+01 9.356793999999999301e+01
2.317890199999999895e+05 -1.575056999999999974e+01 9.233167000000000257e+01
