# Time finished:
# 2015-06-02 19.34.03
# Temp volt start:
# 1.331982
# Temp volt stop:
# 1.331982
# Approx start T:
# -140.610255967
# Approx stop T:
# -138.414870346
# DC bias measured, messed up:
# 1.024608
# DC bias we asked for:
# 0
2.317121300000000047e+05 -1.573593999999999937e+01 9.164578000000000202e+01
2.317123300000000163e+05 -1.580584999999999951e+01 9.675739000000000090e+01
2.317125299999999988e+05 -1.519487999999999950e+01 9.511319000000000301e+01
2.317127300000000105e+05 -1.562456000000000067e+01 9.666197999999999979e+01
2.317129299999999930e+05 -1.528833999999999982e+01 9.419337000000000160e+01
2.317131300000000047e+05 -1.528936999999999991e+01 9.380513999999999442e+01
2.317133300000000163e+05 -1.525352999999999959e+01 9.514000000000000057e+01
2.317135299999999988e+05 -1.541089000000000020e+01 9.188039000000000556e+01
2.317137300000000105e+05 -1.552829999999999977e+01 9.108382000000000289e+01
2.317139299999999930e+05 -1.596673999999999971e+01 1.003996999999999957e+02
2.317141300000000047e+05 -1.540088000000000079e+01 9.499441000000000201e+01
2.317143300000000163e+05 -1.553017000000000003e+01 9.226815000000000566e+01
2.317145299999999988e+05 -1.594158000000000008e+01 8.853668999999999301e+01
2.317147300000000105e+05 -1.535275000000000034e+01 9.226894000000000062e+01
2.317149299999999930e+05 -1.570777000000000001e+01 9.388782999999999390e+01
2.317151300000000047e+05 -1.503790000000000049e+01 9.675305000000000177e+01
2.317153300000000163e+05 -1.510149000000000008e+01 9.603009000000000128e+01
2.317155299999999988e+05 -1.539175000000000004e+01 9.616576999999999487e+01
2.317157300000000105e+05 -1.613741999999999877e+01 1.014210999999999956e+02
2.317159299999999930e+05 -1.605396999999999963e+01 9.289779000000000053e+01
2.317161300000000047e+05 -1.549041000000000068e+01 9.956774000000000058e+01
2.317163300000000163e+05 -1.512002999999999986e+01 9.113318999999999903e+01
2.317165299999999988e+05 -1.529363999999999990e+01 9.149781000000000120e+01
2.317167300000000105e+05 -1.551741999999999955e+01 9.542291000000000167e+01
2.317169299999999930e+05 -1.602724999999999866e+01 9.897768999999999551e+01
2.317171300000000047e+05 -1.509226999999999919e+01 9.283186000000000604e+01
2.317173300000000163e+05 -1.497560000000000002e+01 1.027081000000000017e+02
2.317175299999999988e+05 -1.514545000000000030e+01 9.397351000000000454e+01
2.317177300000000105e+05 -1.580591000000000079e+01 9.901157000000000608e+01
2.317179299999999930e+05 -1.549742999999999959e+01 9.917529999999999291e+01
2.317181300000000047e+05 -1.552683000000000035e+01 9.385228999999999644e+01
2.317183300000000163e+05 -1.617058000000000106e+01 9.546065000000000111e+01
2.317185299999999988e+05 -1.580157999999999952e+01 9.369701000000000590e+01
2.317187300000000105e+05 -1.567198999999999920e+01 8.965749999999999886e+01
2.317189299999999930e+05 -1.583625999999999934e+01 9.698596999999999468e+01
2.317191300000000047e+05 -1.553017000000000003e+01 9.226815000000000566e+01
2.317193300000000163e+05 -1.583182000000000045e+01 9.390662000000000376e+01
2.317195299999999988e+05 -1.539484999999999992e+01 9.577267999999999404e+01
2.317197300000000105e+05 -1.523497000000000057e+01 9.302787999999999613e+01
2.317199299999999930e+05 -1.408323000000000036e+01 9.561684999999999945e+01
2.317201300000000047e+05 -1.619783999999999935e+01 9.846545999999999310e+01
2.317203300000000163e+05 -1.634495000000000076e+01 9.140412999999999499e+01
2.317205299999999988e+05 -1.529088999999999920e+01 9.380771000000000015e+01
2.317207300000000105e+05 -1.514888999999999974e+01 9.245624999999999716e+01
2.317209299999999930e+05 -1.618130000000000024e+01 9.333104000000000156e+01
2.317211300000000047e+05 -1.541868999999999978e+01 9.852707999999999799e+01
2.317213300000000163e+05 -1.532286999999999999e+01 9.246741000000000099e+01
2.317215299999999988e+05 -1.657834000000000074e+01 9.294238000000000000e+01
2.317217300000000105e+05 -1.577239999999999931e+01 9.308588000000000306e+01
2.317219299999999930e+05 -1.498490999999999929e+01 9.635156000000000631e+01
2.317221300000000047e+05 -1.541028999999999982e+01 9.148968999999999596e+01
2.317223300000000163e+05 -1.532328000000000046e+01 9.169017999999999802e+01
2.317225299999999988e+05 -1.627486000000000033e+01 9.442302999999999713e+01
2.317227300000000105e+05 -1.548499999999999943e+01 9.560953999999999553e+01
2.317229299999999930e+05 -1.529662000000000077e+01 9.669646000000000186e+01
2.317231300000000047e+05 -1.635682999999999865e+01 9.640421999999999514e+01
2.317233300000000163e+05 -1.522879999999999967e+01 9.455561000000000149e+01
2.317235299999999988e+05 -1.597883000000000031e+01 9.538728000000000407e+01
2.317237300000000105e+05 -1.635570999999999842e+01 9.880106000000000677e+01
2.317239299999999930e+05 -1.500240999999999936e+01 9.412591999999999359e+01
2.317241300000000047e+05 -1.564816000000000074e+01 9.728143000000000029e+01
2.317243300000000163e+05 -1.572156000000000020e+01 1.001659999999999968e+02
2.317245299999999988e+05 -1.568008000000000024e+01 9.126605999999999597e+01
2.317247300000000105e+05 -1.603849999999999909e+01 9.583433999999999742e+01
2.317249299999999930e+05 -1.543036999999999992e+01 9.952017999999999631e+01
2.317251300000000047e+05 -1.580287000000000042e+01 9.329264999999999475e+01
2.317253300000000163e+05 -1.492455999999999960e+01 9.669633000000000322e+01
2.317255299999999988e+05 -1.558244000000000007e+01 9.765026000000000295e+01
2.317257300000000105e+05 -1.514588000000000001e+01 9.396808000000000050e+01
2.317259299999999930e+05 -1.438109999999999999e+01 9.174881000000000597e+01
2.317261300000000047e+05 -1.602343000000000117e+01 9.227110000000000412e+01
2.317263300000000163e+05 -1.539250999999999969e+01 9.830661999999999523e+01
2.317265299999999988e+05 -1.564284999999999926e+01 9.467085000000000150e+01
2.317267300000000105e+05 -1.608742000000000161e+01 9.712121999999999389e+01
2.317269299999999930e+05 -1.456152999999999942e+01 9.439238000000000284e+01
2.317271300000000047e+05 -1.520162000000000013e+01 9.436409000000000447e+01
2.317273300000000163e+05 -1.554880999999999958e+01 9.961700000000000443e+01
2.317275299999999988e+05 -1.544987000000000066e+01 9.618947000000000003e+01
2.317277300000000105e+05 -1.574238000000000071e+01 9.206671000000000049e+01
2.317279299999999930e+05 -1.576900999999999975e+01 9.389220000000000255e+01
2.317281300000000047e+05 -1.605246999999999957e+01 9.080436000000000263e+01
2.317283300000000163e+05 -1.523551999999999929e+01 9.264915000000000589e+01
2.317285299999999988e+05 -1.599451000000000001e+01 1.006320000000000050e+02
2.317287300000000105e+05 -1.510896999999999935e+01 9.527976999999999919e+01
2.317289299999999930e+05 -1.529870999999999981e+01 1.001847999999999956e+02
2.317291300000000047e+05 -1.526050000000000040e+01 9.399330999999999392e+01
2.317293300000000163e+05 -1.533383000000000074e+01 9.826640000000000441e+01
2.317295299999999988e+05 -1.567694999999999972e+01 9.931821999999999662e+01
2.317297300000000105e+05 -1.534523000000000081e+01 8.994549999999999557e+01
2.317299299999999930e+05 -1.508891000000000027e+01 9.395949000000000240e+01
2.317301300000000047e+05 -1.611807999999999907e+01 9.290233999999999526e+01
2.317303300000000163e+05 -1.607539999999999836e+01 9.521759000000000128e+01
2.317305299999999988e+05 -1.573027000000000086e+01 9.530218999999999596e+01
2.317307300000000105e+05 -1.532102000000000075e+01 9.904148999999999603e+01
2.317309299999999930e+05 -1.589390000000000036e+01 9.391527000000000669e+01
2.317311300000000047e+05 -1.595598000000000027e+01 9.392726999999999293e+01
2.317313300000000163e+05 -1.573328000000000060e+01 8.963906000000000063e+01
2.317315299999999988e+05 -1.531905000000000072e+01 9.728602999999999668e+01
2.317317300000000105e+05 -1.642119999999999891e+01 9.885210999999999615e+01
2.317319299999999930e+05 -1.495107999999999926e+01 9.263900999999999897e+01
2.317321300000000047e+05 -1.530530000000000079e+01 9.592432999999999765e+01
