# Time finished:
# 2015-06-01 23.50.34
# Temp volt start:
# 0.93800013
# Temp volt stop:
# 0.93800013
# Approx start T:
# 125.700139626
# Approx stop T:
# 125.506233538
# DC bias measured, messed up:
# 5.077789
# DC bias we asked for:
# 0
2.318776199999999953e+05 -1.387476999999999983e+01 9.772119999999999607e+01
2.318778200000000070e+05 -1.344150999999999918e+01 9.892902999999999736e+01
2.318780199999999895e+05 -1.655238999999999905e+01 9.797576999999999714e+01
2.318782200000000012e+05 -1.661244999999999905e+01 8.893337999999999965e+01
2.318784199999999837e+05 -1.487137000000000064e+01 1.005861000000000018e+02
2.318786199999999953e+05 -1.478420999999999985e+01 9.152132000000000289e+01
2.318788200000000070e+05 -1.580097999999999914e+01 1.055528999999999940e+02
2.318790199999999895e+05 -1.781403999999999854e+01 1.121491000000000042e+02
2.318792200000000012e+05 -1.496579000000000015e+01 9.765913000000000466e+01
2.318794199999999837e+05 -1.473068999999999917e+01 7.636988999999999805e+01
2.318796199999999953e+05 -1.317778999999999989e+01 8.996442000000000405e+01
2.318798200000000070e+05 -1.904855999999999838e+01 9.999992000000000303e+01
2.318800199999999895e+05 -1.651229000000000013e+01 7.814773999999999887e+01
2.318802200000000012e+05 -1.757991000000000170e+01 8.915243999999999858e+01
2.318804199999999837e+05 -1.510016000000000069e+01 9.526069999999999993e+01
2.318806199999999953e+05 -1.710583000000000098e+01 9.868846000000000629e+01
2.318808200000000070e+05 -1.616656000000000049e+01 8.941316000000000486e+01
2.318810199999999895e+05 -1.692818000000000112e+01 9.401735999999999649e+01
2.318812200000000012e+05 -1.478565000000000040e+01 9.152450000000000330e+01
2.318814199999999837e+05 -1.529466000000000037e+01 9.965948000000000206e+01
2.318816199999999953e+05 -1.609921999999999898e+01 1.098777999999999935e+02
2.318818200000000070e+05 -1.358723999999999954e+01 9.610284000000000049e+01
2.318820199999999895e+05 -1.522300000000000075e+01 1.016521000000000043e+02
2.318822200000000012e+05 -1.570152000000000037e+01 9.971703999999999724e+01
2.318824199999999837e+05 -1.523639000000000010e+01 9.903542000000000201e+01
2.318826199999999953e+05 -1.650179999999999936e+01 1.021634999999999991e+02
2.318828200000000070e+05 -1.542314999999999969e+01 8.765877999999999304e+01
2.318830199999999895e+05 -1.528994999999999926e+01 1.055647000000000020e+02
2.318832200000000012e+05 -1.507563000000000031e+01 1.094008000000000038e+02
2.318834199999999837e+05 -1.652096999999999838e+01 8.951143999999999323e+01
2.318836199999999953e+05 -1.737293000000000021e+01 9.972498000000000218e+01
2.318838200000000070e+05 -1.512886999999999915e+01 1.020271000000000043e+02
2.318840199999999895e+05 -1.564128999999999969e+01 9.144652999999999565e+01
2.318842200000000012e+05 -1.605370999999999881e+01 1.091366000000000014e+02
2.318844199999999837e+05 -1.626242999999999839e+01 7.900124999999999886e+01
2.318846199999999953e+05 -1.466998000000000069e+01 9.976385000000000502e+01
2.318848200000000070e+05 -1.651444000000000045e+01 1.059421999999999997e+02
2.318850199999999895e+05 -1.336721000000000004e+01 8.960362999999999545e+01
2.318852200000000012e+05 -1.799731999999999843e+01 1.028900000000000006e+02
2.318854199999999837e+05 -1.407679000000000080e+01 9.527168000000000347e+01
2.318856199999999953e+05 -1.500032000000000032e+01 9.212957000000000107e+01
2.318858200000000070e+05 -1.460909999999999975e+01 9.335921999999999343e+01
2.318860199999999895e+05 -1.527824000000000026e+01 1.022952999999999975e+02
2.318862200000000012e+05 -1.755583999999999989e+01 8.241998999999999853e+01
2.318864199999999837e+05 -1.483763000000000076e+01 9.304805000000000348e+01
2.318866199999999953e+05 -1.643647999999999954e+01 8.652857000000000198e+01
2.318868200000000070e+05 -1.668535999999999930e+01 1.063328999999999951e+02
2.318870199999999895e+05 -1.722234999999999872e+01 1.076076999999999941e+02
2.318872200000000012e+05 -1.447025999999999968e+01 9.658159999999999457e+01
2.318874199999999837e+05 -1.458858000000000033e+01 8.807998999999999512e+01
2.318876199999999953e+05 -1.325975999999999999e+01 1.037479000000000013e+02
2.318878200000000070e+05 -1.489750000000000085e+01 1.036787000000000063e+02
2.318880199999999895e+05 -1.595753999999999984e+01 1.076842999999999932e+02
2.318882200000000012e+05 -1.585017000000000031e+01 1.121912999999999982e+02
2.318884199999999837e+05 -1.633934999999999960e+01 8.945901999999999532e+01
2.318886199999999953e+05 -1.552885000000000026e+01 1.021911999999999949e+02
2.318888200000000070e+05 -1.579696000000000033e+01 1.038183999999999969e+02
2.318890199999999895e+05 -1.736653000000000091e+01 9.040833000000000652e+01
2.318892200000000012e+05 -1.535365999999999964e+01 1.002702000000000027e+02
2.318894199999999837e+05 -1.785519000000000034e+01 9.269441999999999382e+01
2.318896199999999953e+05 -1.395861000000000018e+01 8.757152999999999565e+01
2.318898200000000070e+05 -1.744829000000000008e+01 1.005151999999999930e+02
2.318900199999999895e+05 -1.651652999999999949e+01 9.915326000000000306e+01
2.318902200000000012e+05 -1.412264000000000053e+01 1.026902999999999935e+02
2.318904199999999837e+05 -1.709284999999999854e+01 1.156799000000000035e+02
2.318906199999999953e+05 -1.402472000000000030e+01 1.016038999999999959e+02
2.318908200000000070e+05 -1.513828999999999958e+01 1.036179000000000059e+02
2.318910199999999895e+05 -1.962796000000000163e+01 9.139600000000000080e+01
2.318912200000000012e+05 -1.533876000000000062e+01 8.505088000000000648e+01
2.318914199999999837e+05 -1.546735999999999933e+01 9.241521000000000186e+01
2.318916199999999953e+05 -1.798748000000000147e+01 8.359010999999999569e+01
2.318918200000000070e+05 -1.495196999999999932e+01 8.962909000000000503e+01
2.318920199999999895e+05 -1.511158999999999963e+01 9.782908000000000470e+01
2.318922200000000012e+05 -1.543171000000000070e+01 9.450539999999999452e+01
2.318924199999999837e+05 -1.444671999999999912e+01 8.714211000000000240e+01
2.318926199999999953e+05 -1.445162000000000013e+01 9.420309000000000310e+01
2.318928200000000070e+05 -1.779045999999999950e+01 8.781256999999999380e+01
2.318930199999999895e+05 -1.878727999999999909e+01 8.712192000000000291e+01
2.318932200000000012e+05 -1.531807000000000052e+01 1.012853999999999957e+02
2.318934199999999837e+05 -1.859065000000000012e+01 9.931749999999999545e+01
2.318936199999999953e+05 -1.694914999999999949e+01 9.277316000000000429e+01
2.318938200000000070e+05 -1.532751999999999981e+01 9.863318999999999903e+01
2.318940199999999895e+05 -1.430389000000000088e+01 8.620104000000000610e+01
2.318942200000000012e+05 -1.832764999999999844e+01 8.566150000000000375e+01
2.318944199999999837e+05 -1.648091000000000150e+01 9.727045999999999992e+01
2.318946199999999953e+05 -1.403625000000000078e+01 1.030254000000000048e+02
2.318948200000000070e+05 -1.643714999999999904e+01 8.771040999999999599e+01
2.318950199999999895e+05 -1.443449000000000026e+01 9.513468000000000302e+01
2.318952200000000012e+05 -1.616534000000000049e+01 8.483431000000000211e+01
2.318954199999999837e+05 -1.469622000000000028e+01 9.634627999999999304e+01
2.318956199999999953e+05 -1.429033000000000087e+01 1.020365000000000038e+02
2.318958200000000070e+05 -1.524906000000000006e+01 8.352231999999999346e+01
2.318960199999999895e+05 -1.449797000000000047e+01 1.004770999999999930e+02
2.318962200000000012e+05 -1.741488999999999976e+01 7.038061999999999330e+01
2.318964199999999837e+05 -1.470405000000000051e+01 9.197745999999999356e+01
2.318966199999999953e+05 -1.505355999999999916e+01 9.724751000000000545e+01
2.318968200000000070e+05 -1.785735000000000028e+01 1.161899999999999977e+02
2.318970199999999895e+05 -1.603441000000000116e+01 8.091479999999999961e+01
2.318972200000000012e+05 -1.661863999999999919e+01 8.653042999999999552e+01
2.318974199999999837e+05 -1.538538999999999923e+01 9.658738999999999919e+01
2.318976199999999953e+05 -1.709290000000000020e+01 9.543801000000000556e+01
