# Time finished:
# 2015-06-03 04.00.20
# Temp volt start:
# 1.0202661
# Temp volt stop:
# 1.0202661
# Approx start T:
# 81.1672956772
# Approx stop T:
# 81.1658183129
# DC bias measured, messed up:
# 1.131212
# DC bias we asked for:
# 0
2.318102300000000105e+05 -1.510174999999999912e+01 8.907201999999999487e+01
2.318104300000000221e+05 -1.583023000000000025e+01 9.237248999999999910e+01
2.318106300000000047e+05 -1.524216999999999977e+01 9.177321000000000595e+01
2.318108300000000163e+05 -1.541210000000000058e+01 9.466845999999999606e+01
2.318110299999999988e+05 -1.586494000000000071e+01 9.142470000000000141e+01
2.318112300000000105e+05 -1.574538000000000082e+01 9.320547000000000537e+01
2.318114300000000221e+05 -1.551788999999999952e+01 9.355262999999999352e+01
2.318116300000000047e+05 -1.551833000000000062e+01 9.354872000000000298e+01
2.318118300000000163e+05 -1.548338999999999999e+01 9.400155999999999779e+01
2.318120299999999988e+05 -1.588482999999999912e+01 9.178033000000000641e+01
2.318122300000000105e+05 -1.529233999999999938e+01 9.143643000000000143e+01
2.318124300000000221e+05 -1.583392000000000088e+01 9.261991999999999337e+01
2.318126300000000047e+05 -1.605181999999999931e+01 8.957504000000000133e+01
2.318128300000000163e+05 -1.553097999999999956e+01 9.742392999999999859e+01
2.318130299999999988e+05 -1.559479999999999933e+01 8.873399999999999466e+01
2.318132300000000105e+05 -1.588823999999999970e+01 9.272870000000000346e+01
2.318134300000000221e+05 -1.514756999999999998e+01 9.332182000000000244e+01
2.318136300000000047e+05 -1.593979000000000035e+01 9.475580999999999676e+01
2.318138300000000163e+05 -1.563982999999999990e+01 9.367337999999999454e+01
2.318140299999999988e+05 -1.551179999999999914e+01 9.105131000000000085e+01
2.318142300000000105e+05 -1.627436000000000149e+01 9.357367999999999597e+01
2.318144300000000221e+05 -1.534735000000000049e+01 9.376922999999999320e+01
2.318146300000000047e+05 -1.554977000000000054e+01 9.194877999999999929e+01
2.318148300000000163e+05 -1.566972999999999949e+01 9.135087000000000046e+01
2.318150299999999988e+05 -1.572690000000000055e+01 9.425460999999999956e+01
2.318152300000000105e+05 -1.590424999999999933e+01 9.450706999999999880e+01
2.318154300000000221e+05 -1.573020999999999958e+01 8.994136000000000308e+01
2.318156300000000047e+05 -1.603348000000000084e+01 9.319952000000000680e+01
2.318158300000000163e+05 -1.591577999999999982e+01 9.082161999999999580e+01
2.318160299999999988e+05 -1.570777999999999963e+01 9.460564999999999714e+01
2.318162300000000105e+05 -1.554944000000000059e+01 8.932692000000000121e+01
2.318164300000000221e+05 -1.594096000000000046e+01 9.427597000000000094e+01
2.318166300000000047e+05 -1.551483999999999952e+01 9.172916999999999632e+01
2.318168300000000163e+05 -1.638777999999999935e+01 9.307232000000000482e+01
2.318170299999999988e+05 -1.576200000000000045e+01 9.238785000000000025e+01
2.318172300000000105e+05 -1.550118999999999936e+01 9.321153999999999940e+01
2.318174300000000221e+05 -1.544976999999999911e+01 9.310246999999999673e+01
2.318176300000000047e+05 -1.543594000000000044e+01 8.847719999999999629e+01
2.318178300000000163e+05 -1.583281999999999989e+01 9.214382999999999413e+01
2.318180299999999988e+05 -1.551835999999999949e+01 9.332746000000000208e+01
2.318182300000000105e+05 -1.537850000000000072e+01 8.940672999999999604e+01
2.318184300000000221e+05 -1.596029000000000053e+01 9.344334999999999525e+01
2.318186300000000047e+05 -1.487002000000000024e+01 9.258286999999999978e+01
2.318188300000000163e+05 -1.519374999999999964e+01 9.168153999999999826e+01
2.318190299999999988e+05 -1.549689000000000050e+01 9.139677000000000362e+01
2.318192300000000105e+05 -1.573443999999999932e+01 9.041142999999999574e+01
2.318194300000000221e+05 -1.597851999999999961e+01 9.380192999999999870e+01
2.318196300000000047e+05 -1.569220999999999933e+01 9.378898999999999830e+01
2.318198300000000163e+05 -1.578035000000000032e+01 9.250648999999999944e+01
2.318200299999999988e+05 -1.520721999999999952e+01 9.113393999999999551e+01
2.318202300000000105e+05 -1.560369000000000028e+01 9.435957000000000505e+01
2.318204300000000221e+05 -1.546105000000000018e+01 9.118296999999999741e+01
2.318206300000000047e+05 -1.558674000000000071e+01 8.516835000000000377e+01
2.318208300000000163e+05 -1.564766000000000012e+01 9.055710999999999444e+01
2.318210299999999988e+05 -1.546575999999999951e+01 9.253880999999999801e+01
2.318212300000000105e+05 -1.621612000000000009e+01 9.443864000000000658e+01
2.318214300000000221e+05 -1.599247000000000085e+01 9.152925999999999362e+01
2.318216300000000047e+05 -1.590798000000000023e+01 8.987964999999999804e+01
2.318218300000000163e+05 -1.594215999999999944e+01 8.962748000000000559e+01
2.318220299999999988e+05 -1.506359999999999921e+01 9.235770999999999731e+01
2.318222300000000105e+05 -1.580087999999999937e+01 8.991548000000000229e+01
2.318224300000000221e+05 -1.550183000000000000e+01 9.298985000000000412e+01
2.318226300000000047e+05 -1.584272999999999954e+01 9.604053000000000395e+01
2.318228300000000163e+05 -1.531094000000000044e+01 9.177387000000000228e+01
2.318230299999999988e+05 -1.629320999999999842e+01 9.345219000000000165e+01
2.318232300000000105e+05 -1.537913999999999959e+01 9.176093000000000188e+01
2.318234300000000221e+05 -1.572812000000000054e+01 9.332620000000000005e+01
2.318236300000000047e+05 -1.560322999999999993e+01 9.206673999999999580e+01
2.318238300000000163e+05 -1.595623999999999931e+01 9.153436999999999557e+01
2.318240299999999988e+05 -1.560482999999999976e+01 9.275442999999999927e+01
2.318242300000000105e+05 -1.533886000000000038e+01 9.065564999999999429e+01
2.318244300000000221e+05 -1.566970000000000063e+01 9.135980999999999597e+01
2.318246300000000047e+05 -1.569968000000000075e+01 9.042421000000000220e+01
2.318248300000000163e+05 -1.582701999999999920e+01 9.096904000000000678e+01
2.318250299999999988e+05 -1.587015000000000065e+01 9.356483000000000061e+01
2.318252300000000105e+05 -1.580087999999999937e+01 8.992199999999999704e+01
2.318254300000000221e+05 -1.588616999999999990e+01 9.463361999999999341e+01
2.318256300000000047e+05 -1.581334000000000017e+01 9.180076999999999998e+01
2.318258300000000163e+05 -1.613524999999999920e+01 9.076054999999999495e+01
2.318260299999999988e+05 -1.529332999999999920e+01 9.166436000000000206e+01
2.318262300000000105e+05 -1.546099000000000068e+01 9.547118000000000393e+01
2.318264300000000221e+05 -1.569744999999999990e+01 9.019079999999999586e+01
2.318266300000000047e+05 -1.521728000000000058e+01 9.014260000000000161e+01
2.318268300000000163e+05 -1.569281999999999933e+01 9.356091999999999587e+01
2.318270299999999988e+05 -1.606854999999999833e+01 9.223954000000000519e+01
2.318272300000000105e+05 -1.594223000000000035e+01 9.380884000000000356e+01
2.318274300000000221e+05 -1.553622999999999976e+01 9.298963999999999430e+01
2.318276300000000047e+05 -1.623060999999999865e+01 8.900439000000000078e+01
2.318278300000000163e+05 -1.572849000000000075e+01 8.971522000000000219e+01
2.318280299999999988e+05 -1.554739000000000004e+01 8.910339999999999350e+01
2.318282300000000105e+05 -1.558426000000000045e+01 9.493117999999999768e+01
2.318284300000000221e+05 -1.531075000000000053e+01 9.155292000000000030e+01
2.318286300000000047e+05 -1.570878000000000085e+01 9.228025999999999840e+01
2.318288300000000163e+05 -1.574530000000000030e+01 9.344477000000000544e+01
2.318290299999999988e+05 -1.569927999999999990e+01 9.042252000000000578e+01
2.318292300000000105e+05 -1.578051999999999921e+01 9.367947999999999809e+01
2.318294300000000221e+05 -1.543701000000000079e+01 9.017184000000000310e+01
2.318296300000000047e+05 -1.581664999999999921e+01 9.344368000000000052e+01
2.318298300000000163e+05 -1.546653000000000056e+01 9.276532000000000266e+01
2.318300299999999988e+05 -1.563871999999999929e+01 9.229174000000000433e+01
2.318302300000000105e+05 -1.523029000000000011e+01 9.343976999999999578e+01
