# Time finished:
# 2015-06-02 17.14.33
# Temp volt start:
# 1.5617113
# Temp volt stop:
# 1.5617113
# Approx start T:
# -383.910211239
# Approx stop T:
# -383.863769805
# DC bias measured, messed up:
# 1.168676
# DC bias we asked for:
# 0
2.317114500000000116e+05 -1.567951000000000050e+01 9.422526999999999475e+01
2.317116500000000233e+05 -1.546305000000000085e+01 9.486120999999999981e+01
2.317118500000000058e+05 -1.582384000000000057e+01 9.532896999999999821e+01
2.317120500000000175e+05 -1.562285999999999930e+01 9.494807000000000130e+01
2.317122500000000000e+05 -1.580222999999999978e+01 9.470421000000000333e+01
2.317124500000000116e+05 -1.580504999999999960e+01 9.346066000000000429e+01
2.317126500000000233e+05 -1.557762999999999920e+01 9.565900000000000603e+01
2.317128500000000058e+05 -1.561486999999999981e+01 9.500629000000000701e+01
2.317130500000000175e+05 -1.556469000000000058e+01 9.499379999999999313e+01
2.317132500000000000e+05 -1.563871999999999929e+01 9.528821000000000652e+01
2.317134500000000116e+05 -1.564331999999999923e+01 9.589928999999999348e+01
2.317136500000000233e+05 -1.567169999999999952e+01 9.540523000000000309e+01
2.317138500000000058e+05 -1.569524999999999970e+01 9.675381000000000142e+01
2.317140500000000175e+05 -1.579551000000000016e+01 9.430795999999999424e+01
2.317142500000000000e+05 -1.565055000000000085e+01 9.456788000000000238e+01
2.317144500000000116e+05 -1.553027999999999942e+01 9.646966000000000463e+01
2.317146500000000233e+05 -1.574653999999999954e+01 9.677548000000000172e+01
2.317148500000000058e+05 -1.541947000000000045e+01 9.399298000000000286e+01
2.317150500000000175e+05 -1.553476999999999997e+01 9.411329999999999529e+01
2.317152500000000000e+05 -1.553533999999999970e+01 9.367383999999999844e+01
2.317154500000000116e+05 -1.571020000000000039e+01 9.429782000000000153e+01
2.317156500000000233e+05 -1.560116999999999976e+01 9.422977000000000203e+01
2.317158500000000058e+05 -1.553515999999999941e+01 9.388934000000000424e+01
2.317160500000000175e+05 -1.578673999999999999e+01 9.435983000000000231e+01
2.317162500000000000e+05 -1.561313999999999957e+01 9.533674999999999500e+01
2.317164500000000116e+05 -1.566796000000000078e+01 9.445779000000000281e+01
2.317166500000000233e+05 -1.543055999999999983e+01 9.653982000000000596e+01
2.317168500000000058e+05 -1.561007000000000033e+01 9.384624999999999773e+01
2.317170500000000175e+05 -1.553475000000000072e+01 9.422350000000000136e+01
2.317172500000000000e+05 -1.561612000000000045e+01 9.478660999999999603e+01
2.317174500000000116e+05 -1.545290999999999926e+01 9.367146999999999935e+01
2.317176500000000233e+05 -1.565658999999999956e+01 9.507097000000000264e+01
2.317178500000000058e+05 -1.546481999999999957e+01 9.508531999999999584e+01
2.317180500000000175e+05 -1.534797000000000011e+01 9.549066999999999439e+01
2.317182500000000000e+05 -1.570173999999999914e+01 9.446903000000000361e+01
2.317184500000000116e+05 -1.546740999999999921e+01 9.454282999999999504e+01
2.317186500000000233e+05 -1.552352999999999916e+01 9.630531000000000574e+01
2.317188500000000058e+05 -1.569129000000000040e+01 9.485630999999999347e+01
2.317190500000000175e+05 -1.565305000000000035e+01 9.573909000000000447e+01
2.317192500000000000e+05 -1.566236999999999924e+01 9.557465000000000543e+01
2.317194500000000116e+05 -1.552805000000000035e+01 9.668843999999999994e+01
2.317196500000000233e+05 -1.566062999999999938e+01 9.396045999999999765e+01
2.317198500000000058e+05 -1.552757000000000076e+01 9.340379000000000076e+01
2.317200500000000175e+05 -1.546687000000000012e+01 9.465162999999999727e+01
2.317202500000000000e+05 -1.557394000000000034e+01 9.483472000000000435e+01
2.317204500000000116e+05 -1.530377999999999972e+01 9.606860000000000355e+01
2.317206500000000233e+05 -1.546097999999999928e+01 9.373029999999999973e+01
2.317208500000000058e+05 -1.567608000000000068e+01 9.452049999999999841e+01
2.317210500000000175e+05 -1.569261000000000017e+01 9.452263000000000659e+01
2.317212500000000000e+05 -1.545090000000000074e+01 9.454179999999999495e+01
2.317214500000000116e+05 -1.565156999999999954e+01 9.423869000000000540e+01
2.317216500000000233e+05 -1.600203000000000131e+01 9.468493999999999744e+01
2.317218500000000058e+05 -1.568152000000000079e+01 9.513652999999999338e+01
2.317220500000000175e+05 -1.564179000000000030e+01 9.462654000000000565e+01
2.317222500000000000e+05 -1.577952999999999939e+01 9.386028000000000304e+01
2.317224500000000116e+05 -1.575638999999999967e+01 9.661239999999999384e+01
2.317226500000000233e+05 -1.541582000000000008e+01 9.507764000000000237e+01
2.317228500000000058e+05 -1.596136000000000088e+01 9.583113000000000170e+01
2.317230500000000175e+05 -1.548255999999999943e+01 9.487640000000000384e+01
2.317232500000000000e+05 -1.575103999999999971e+01 9.481440999999999519e+01
2.317234500000000116e+05 -1.544341999999999970e+01 9.595440999999999576e+01
2.317236500000000233e+05 -1.542877999999999972e+01 9.573284999999999911e+01
2.317238500000000058e+05 -1.553128000000000064e+01 9.636475000000000080e+01
2.317240500000000175e+05 -1.561344000000000065e+01 9.534420000000000073e+01
2.317242500000000000e+05 -1.574793000000000021e+01 9.548895000000000266e+01
2.317244500000000116e+05 -1.577393999999999963e+01 9.543877999999999417e+01
2.317246500000000233e+05 -1.563362000000000052e+01 9.457237000000000648e+01
2.317248500000000058e+05 -1.572639999999999993e+01 9.464047999999999661e+01
2.317250500000000175e+05 -1.556756999999999991e+01 9.434292999999999552e+01
2.317252500000000000e+05 -1.561518000000000050e+01 9.501340999999999326e+01
2.317254500000000116e+05 -1.555092999999999925e+01 9.423171000000000674e+01
2.317256500000000233e+05 -1.560345000000000049e+01 9.561744000000000199e+01
2.317258500000000058e+05 -1.548534000000000077e+01 9.411365000000000691e+01
2.317260500000000175e+05 -1.548512000000000022e+01 9.591177000000000419e+01
2.317262500000000000e+05 -1.567759999999999998e+01 9.363393000000000654e+01
2.317264500000000116e+05 -1.566676999999999964e+01 9.468873999999999569e+01
2.317266500000000233e+05 -1.554231000000000051e+01 9.439479000000000042e+01
2.317268500000000058e+05 -1.558555999999999919e+01 9.401427999999999940e+01
2.317270500000000175e+05 -1.571965999999999930e+01 9.402791999999999462e+01
2.317272500000000000e+05 -1.550614000000000026e+01 9.515370000000000061e+01
2.317274500000000116e+05 -1.550844999999999985e+01 9.460876000000000374e+01
2.317276500000000233e+05 -1.581858000000000075e+01 9.635690999999999917e+01
2.317278500000000058e+05 -1.558137999999999934e+01 9.511700999999999340e+01
2.317280500000000175e+05 -1.579643000000000086e+01 9.595422000000000651e+01
2.317282500000000000e+05 -1.560252999999999979e+01 9.324482000000000426e+01
2.317284500000000116e+05 -1.538557999999999915e+01 9.453712000000000160e+01
2.317286500000000233e+05 -1.551956000000000024e+01 9.570756000000000085e+01
2.317288500000000058e+05 -1.569650000000000034e+01 9.558965000000000600e+01
2.317290500000000175e+05 -1.558539999999999992e+01 9.379767999999999972e+01
2.317292500000000000e+05 -1.558750000000000036e+01 9.550490000000000634e+01
2.317294500000000116e+05 -1.557225000000000037e+01 9.517244999999999777e+01
2.317296500000000233e+05 -1.556342000000000070e+01 9.649020000000000152e+01
2.317298500000000058e+05 -1.563781999999999961e+01 9.551906999999999925e+01
2.317300500000000175e+05 -1.562388999999999939e+01 9.496123000000000047e+01
2.317302500000000000e+05 -1.568038999999999916e+01 9.536235000000000639e+01
2.317304500000000116e+05 -1.564101999999999926e+01 9.624204000000000292e+01
2.317306500000000233e+05 -1.537602000000000046e+01 9.480523999999999774e+01
2.317308500000000058e+05 -1.562491999999999948e+01 9.462794999999999845e+01
2.317310500000000175e+05 -1.592154999999999987e+01 9.519320000000000448e+01
2.317312500000000000e+05 -1.537659000000000020e+01 9.469822000000000628e+01
2.317314500000000116e+05 -1.571504000000000012e+01 9.525876999999999839e+01
