# Time finished:
# 2015-06-01 15.16.25
# Temp volt start:
# 0.57554952
# Temp volt stop:
# 0.57554952
# Approx start T:
# 286.187316618
# Approx stop T:
# 286.180706736
# DC bias:
# 4.954491
2.317030000000000000e+05 -1.993791999999999831e+01 7.726139999999999475e+01
2.317032000000000116e+05 -1.962104000000000070e+01 7.740743000000000507e+01
2.317033999999999942e+05 -1.941403000000000034e+01 7.765443000000000495e+01
2.317036000000000058e+05 -2.045642000000000138e+01 7.586784000000000106e+01
2.317037999999999884e+05 -1.921759000000000128e+01 7.648014999999999475e+01
2.317040000000000000e+05 -1.961060000000000159e+01 7.662547000000000708e+01
2.317042000000000116e+05 -1.980910000000000082e+01 7.554139999999999588e+01
2.317043999999999942e+05 -1.964091000000000165e+01 7.672628000000000270e+01
2.317046000000000058e+05 -1.904661000000000115e+01 7.729416000000000508e+01
2.317047999999999884e+05 -1.962318000000000140e+01 7.741285000000000593e+01
2.317050000000000000e+05 -1.957989999999999853e+01 7.926697000000000060e+01
2.317052000000000116e+05 -1.963925000000000054e+01 7.721752999999999645e+01
2.317053999999999942e+05 -1.925570000000000093e+01 7.950629999999999598e+01
2.317056000000000058e+05 -1.972821000000000069e+01 7.354782000000000153e+01
2.317057999999999884e+05 -1.961309999999999931e+01 7.888535000000000252e+01
2.317060000000000000e+05 -1.962558999999999898e+01 7.691854999999999620e+01
2.317062000000000116e+05 -1.971262000000000114e+01 7.772894999999999754e+01
2.317063999999999942e+05 -1.936235999999999891e+01 7.649670000000000414e+01
2.317066000000000058e+05 -1.985231999999999886e+01 7.695837000000000216e+01
2.317067999999999884e+05 -1.978240999999999872e+01 7.102782999999999447e+01
2.317070000000000000e+05 -1.945651000000000153e+01 7.979147000000000389e+01
2.317072000000000116e+05 -1.952400000000000091e+01 7.582953000000000543e+01
2.317073999999999942e+05 -1.996180999999999983e+01 7.656006999999999607e+01
2.317076000000000058e+05 -1.986959999999999837e+01 7.472423999999999467e+01
2.317077999999999884e+05 -1.929139999999999944e+01 7.506062000000000012e+01
2.317080000000000000e+05 -1.949280999999999864e+01 7.427563000000000670e+01
2.317082000000000116e+05 -2.087813999999999837e+01 7.588063999999999965e+01
2.317083999999999942e+05 -1.963165000000000049e+01 7.997375999999999863e+01
2.317086000000000058e+05 -1.944687000000000054e+01 7.727348999999999535e+01
2.317087999999999884e+05 -1.985244000000000142e+01 7.442698000000000036e+01
2.317090000000000000e+05 -2.001049000000000078e+01 7.882917999999999381e+01
2.317092000000000116e+05 -1.960859999999999914e+01 7.937215000000000487e+01
2.317093999999999942e+05 -1.937190999999999974e+01 7.946088000000000306e+01
2.317096000000000058e+05 -2.023014999999999830e+01 7.511836999999999875e+01
2.317097999999999884e+05 -1.958761000000000152e+01 7.828431999999999391e+01
2.317100000000000000e+05 -1.938718000000000075e+01 7.755056999999999334e+01
2.317102000000000116e+05 -1.936888000000000076e+01 7.295820000000000505e+01
2.317103999999999942e+05 -1.955058000000000007e+01 7.690330000000000155e+01
2.317106000000000058e+05 -1.992782000000000053e+01 7.390645999999999560e+01
2.317107999999999884e+05 -2.025979999999999848e+01 7.183231000000000677e+01
2.317110000000000000e+05 -1.972769999999999868e+01 7.753195999999999799e+01
2.317112000000000116e+05 -1.996124000000000009e+01 7.656319000000000585e+01
2.317113999999999942e+05 -1.995739000000000019e+01 7.349267999999999290e+01
2.317116000000000058e+05 -1.988470999999999833e+01 7.604416999999999405e+01
2.317117999999999884e+05 -1.898007000000000133e+01 7.635895999999999617e+01
2.317120000000000000e+05 -1.889742000000000033e+01 7.472408000000000072e+01
2.317122000000000116e+05 -1.919087999999999994e+01 7.085232999999999493e+01
2.317123999999999942e+05 -1.957857999999999876e+01 7.358002999999999361e+01
2.317126000000000058e+05 -1.940355999999999881e+01 7.188997999999999422e+01
2.317127999999999884e+05 -1.961160999999999888e+01 7.661745000000000516e+01
2.317130000000000000e+05 -1.988665999999999912e+01 7.228579999999999472e+01
2.317132000000000116e+05 -1.929926999999999992e+01 7.772014000000000067e+01
2.317133999999999942e+05 -1.946836000000000055e+01 7.253973000000000582e+01
2.317136000000000058e+05 -1.955238999999999905e+01 7.641501999999999839e+01
2.317137999999999884e+05 -1.955336000000000141e+01 7.494852000000000203e+01
2.317140000000000000e+05 -1.944842999999999833e+01 7.678901999999999362e+01
2.317142000000000116e+05 -1.944954999999999856e+01 7.630938999999999339e+01
2.317143999999999942e+05 -2.016097999999999857e+01 7.752808000000000277e+01
2.317146000000000058e+05 -2.024127999999999972e+01 7.754533000000000698e+01
2.317147999999999884e+05 -1.979946999999999946e+01 7.985621999999999332e+01
2.317150000000000000e+05 -1.988534999999999897e+01 7.553454999999999586e+01
2.317152000000000116e+05 -1.931172000000000111e+01 7.800630999999999915e+01
2.317153999999999942e+05 -2.035906999999999911e+01 7.607072999999999752e+01
2.317156000000000058e+05 -1.974790000000000134e+01 7.583423999999999410e+01
2.317157999999999884e+05 -1.956535999999999831e+01 7.719785000000000252e+01
2.317160000000000000e+05 -1.953885000000000005e+01 7.611929000000000656e+01
2.317162000000000116e+05 -1.980751000000000062e+01 7.452705000000000268e+01
2.317163999999999942e+05 -1.996189999999999998e+01 7.502290000000000703e+01
2.317166000000000058e+05 -1.978237999999999985e+01 8.005029000000000394e+01
2.317167999999999884e+05 -1.962046000000000134e+01 7.789780000000000371e+01
2.317170000000000000e+05 -1.994978000000000051e+01 7.246872000000000469e+01
2.317172000000000116e+05 -1.989856999999999942e+01 7.919410999999999490e+01
2.317173999999999942e+05 -1.932391000000000147e+01 7.829130999999999574e+01
2.317176000000000058e+05 -1.991610999999999976e+01 7.899599000000000615e+01
2.317177999999999884e+05 -1.918949999999999889e+01 7.900242000000000075e+01
2.317180000000000000e+05 -2.012958000000000069e+01 7.741391000000000133e+01
2.317182000000000116e+05 -1.915928999999999860e+01 7.394907000000000608e+01
2.317183999999999942e+05 -1.958446999999999960e+01 7.876766000000000645e+01
2.317186000000000058e+05 -2.015799000000000163e+01 7.804613000000000511e+01
2.317187999999999884e+05 -1.937669999999999959e+01 7.486553000000000679e+01
2.317190000000000000e+05 -1.885415000000000063e+01 7.706463999999999714e+01
2.317192000000000116e+05 -1.977712999999999965e+01 7.643819000000000585e+01
2.317193999999999942e+05 -1.961236999999999853e+01 7.612466000000000577e+01
2.317196000000000058e+05 -1.932046000000000063e+01 7.876742000000000132e+01
2.317197999999999884e+05 -1.910739999999999839e+01 7.868891000000000702e+01
2.317200000000000000e+05 -1.901081999999999894e+01 7.260021999999999309e+01
2.317202000000000116e+05 -2.043422999999999945e+01 7.769494000000000256e+01
2.317203999999999942e+05 -1.923366000000000042e+01 7.487861999999999796e+01
2.317206000000000058e+05 -1.907162999999999897e+01 7.784309000000000367e+01
2.317207999999999884e+05 -2.027899999999999991e+01 8.042324999999999591e+01
2.317210000000000000e+05 -1.944667000000000101e+01 7.726749999999999829e+01
2.317212000000000116e+05 -1.905311000000000021e+01 7.848194999999999766e+01
2.317213999999999942e+05 -1.974680999999999997e+01 7.633375999999999806e+01
2.317216000000000058e+05 -1.961318999999999946e+01 7.513685999999999865e+01
2.317217999999999884e+05 -1.994041999999999959e+01 7.777692000000000405e+01
2.317220000000000000e+05 -1.961282999999999888e+01 7.611960999999999444e+01
2.317222000000000116e+05 -1.928994000000000142e+01 7.647862000000000648e+01
2.317223999999999942e+05 -1.959737000000000151e+01 7.631633999999999673e+01
2.317226000000000058e+05 -1.921550999999999831e+01 7.740926000000000329e+01
2.317227999999999884e+05 -1.992332000000000036e+01 7.981444000000000472e+01
2.317230000000000000e+05 -1.965472000000000108e+01 7.405258999999999503e+01
