# Time finished:
# 2015-06-03 04.57.45
# Temp volt start:
# 1.0182238
# Temp volt stop:
# 1.0182238
# Approx start T:
# 82.3262874011
# Approx stop T:
# 82.3204496114
# DC bias measured, messed up:
# 1.236659
# DC bias we asked for:
# 0
2.318125100000000093e+05 -1.531019000000000041e+01 9.431007999999999925e+01
2.318127100000000210e+05 -1.561412999999999940e+01 9.594065000000000509e+01
2.318129100000000035e+05 -1.560594999999999999e+01 9.265421000000000618e+01
2.318131100000000151e+05 -1.588067999999999991e+01 9.100639999999999930e+01
2.318133099999999977e+05 -1.576669000000000054e+01 9.078883000000000436e+01
2.318135100000000093e+05 -1.594588000000000072e+01 9.314153000000000304e+01
2.318137100000000210e+05 -1.571461000000000041e+01 9.141997999999999536e+01
2.318139100000000035e+05 -1.590727000000000046e+01 9.289096999999999582e+01
2.318141100000000151e+05 -1.581198000000000015e+01 9.426296999999999571e+01
2.318143099999999977e+05 -1.573794000000000004e+01 9.326944000000000301e+01
2.318145100000000093e+05 -1.566327000000000069e+01 9.302327999999999975e+01
2.318147100000000210e+05 -1.612046000000000134e+01 9.378283999999999310e+01
2.318149100000000035e+05 -1.579232000000000014e+01 9.215158999999999878e+01
2.318151100000000151e+05 -1.539784000000000042e+01 9.065802999999999656e+01
2.318153099999999977e+05 -1.556766999999999967e+01 9.169387000000000398e+01
2.318155100000000093e+05 -1.524601999999999968e+01 9.245387999999999806e+01
2.318157100000000210e+05 -1.553283000000000058e+01 9.435680000000000689e+01
2.318159100000000035e+05 -1.551608000000000054e+01 9.327197999999999922e+01
2.318161100000000151e+05 -1.605965000000000131e+01 9.186245999999999867e+01
2.318163099999999977e+05 -1.600359999999999872e+01 9.301287000000000660e+01
2.318165100000000093e+05 -1.576182000000000016e+01 9.005019000000000062e+01
2.318167100000000210e+05 -1.570091999999999999e+01 9.351528999999999314e+01
2.318169100000000035e+05 -1.511181999999999981e+01 9.027836999999999534e+01
2.318171100000000151e+05 -1.553294999999999959e+01 8.940406000000000120e+01
2.318173099999999977e+05 -1.621096999999999966e+01 9.079197999999999524e+01
2.318175100000000093e+05 -1.583142999999999923e+01 9.339545999999999992e+01
2.318177100000000210e+05 -1.623479000000000028e+01 9.510293000000000063e+01
2.318179100000000035e+05 -1.629595000000000127e+01 9.182088000000000250e+01
2.318181100000000151e+05 -1.528307000000000038e+01 8.975360000000000582e+01
2.318183099999999977e+05 -1.613925000000000054e+01 9.417556000000000438e+01
2.318185100000000093e+05 -1.545902000000000065e+01 9.195714999999999861e+01
2.318187100000000210e+05 -1.582689000000000057e+01 9.140024999999999977e+01
2.318189100000000035e+05 -1.594148999999999994e+01 9.137672000000000594e+01
2.318191100000000151e+05 -1.581389000000000067e+01 9.352155000000000484e+01
2.318193099999999977e+05 -1.514132000000000033e+01 9.338656000000000290e+01
2.318195100000000093e+05 -1.525833000000000084e+01 9.116378000000000270e+01
2.318197100000000210e+05 -1.522861999999999938e+01 9.373660999999999888e+01
2.318199100000000035e+05 -1.584692000000000078e+01 9.151855999999999369e+01
2.318201100000000151e+05 -1.548849000000000053e+01 9.074823000000000661e+01
2.318203099999999977e+05 -1.540203999999999951e+01 8.910772000000000048e+01
2.318205100000000093e+05 -1.588512000000000057e+01 8.912188999999999339e+01
2.318207100000000210e+05 -1.607404999999999973e+01 8.877733999999999526e+01
2.318209100000000035e+05 -1.561641000000000012e+01 9.058692000000000633e+01
2.318211100000000151e+05 -1.524586000000000041e+01 9.385060000000000002e+01
2.318213099999999977e+05 -1.546027999999999913e+01 9.434675000000000011e+01
2.318215100000000093e+05 -1.584882999999999953e+01 9.427026999999999646e+01
2.318217100000000210e+05 -1.489512000000000036e+01 9.136212999999999340e+01
2.318219100000000035e+05 -1.556634999999999991e+01 9.121094999999999686e+01
2.318221100000000151e+05 -1.559126000000000012e+01 8.974612999999999374e+01
2.318223099999999977e+05 -1.523212999999999973e+01 8.837364999999999782e+01
2.318225100000000093e+05 -1.542587999999999937e+01 9.314910000000000423e+01
2.318227100000000210e+05 -1.567118999999999929e+01 8.860648999999999376e+01
2.318229100000000035e+05 -1.545950000000000024e+01 9.434572000000000003e+01
2.318231100000000151e+05 -1.571648000000000067e+01 9.462281000000000120e+01
2.318233099999999977e+05 -1.526041999999999987e+01 9.163419000000000381e+01
2.318235100000000093e+05 -1.562589000000000006e+01 9.327237999999999829e+01
2.318237100000000210e+05 -1.532995000000000019e+01 9.115008000000000266e+01
2.318239100000000035e+05 -1.572879999999999967e+01 8.870363999999999294e+01
2.318241100000000151e+05 -1.588705000000000034e+01 9.452728000000000463e+01
2.318243099999999977e+05 -1.578564000000000078e+01 9.066255999999999915e+01
2.318245100000000093e+05 -1.596555999999999997e+01 9.327188999999999908e+01
2.318247100000000210e+05 -1.578930000000000078e+01 9.140721999999999525e+01
2.318249100000000035e+05 -1.560088000000000008e+01 8.889319999999999311e+01
2.318251100000000151e+05 -1.562615000000000087e+01 9.375924999999999443e+01
2.318253099999999977e+05 -1.591840999999999973e+01 9.075073999999999330e+01
2.318255100000000093e+05 -1.566147999999999918e+01 9.449496000000000606e+01
2.318257100000000210e+05 -1.549709999999999965e+01 9.267332000000000392e+01
2.318259100000000035e+05 -1.537105999999999995e+01 9.256237000000000137e+01
2.318261100000000151e+05 -1.584961000000000020e+01 9.427370999999999412e+01
2.318263099999999977e+05 -1.559741999999999962e+01 9.047320999999999458e+01
2.318265100000000093e+05 -1.566280000000000072e+01 9.254062000000000410e+01
2.318267100000000210e+05 -1.567944999999999922e+01 9.486598999999999648e+01
2.318269100000000035e+05 -1.587242999999999959e+01 8.812366000000000099e+01
2.318271100000000151e+05 -1.571912000000000020e+01 9.364284999999999570e+01
2.318273099999999977e+05 -1.587017999999999951e+01 9.364704999999999302e+01
2.318275100000000093e+05 -1.573199999999999932e+01 8.895278000000000418e+01
2.318277100000000210e+05 -1.575328999999999979e+01 9.166304999999999836e+01
2.318279100000000035e+05 -1.608167999999999864e+01 9.301679000000000030e+01
2.318281100000000151e+05 -1.545836000000000077e+01 9.482743999999999573e+01
2.318283099999999977e+05 -1.569632999999999967e+01 9.155111999999999739e+01
2.318285100000000093e+05 -1.615768999999999878e+01 9.456820999999999344e+01
2.318287100000000210e+05 -1.596575999999999951e+01 9.352707999999999799e+01
2.318289100000000035e+05 -1.588917999999999964e+01 9.276998000000000388e+01
2.318291100000000151e+05 -1.562603000000000009e+01 9.400530999999999437e+01
2.318293099999999977e+05 -1.520628999999999920e+01 8.908880999999999517e+01
2.318295100000000093e+05 -1.544021000000000043e+01 8.669414999999999338e+01
2.318297100000000210e+05 -1.543115000000000059e+01 9.017266999999999655e+01
2.318299100000000035e+05 -1.625835000000000008e+01 9.287561999999999784e+01
2.318301100000000151e+05 -1.594403999999999932e+01 8.922610000000000241e+01
2.318303099999999977e+05 -1.543811000000000000e+01 9.136419999999999675e+01
2.318305100000000093e+05 -1.535091000000000072e+01 9.173837000000000330e+01
2.318307100000000210e+05 -1.516539999999999999e+01 9.037994000000000483e+01
2.318309100000000035e+05 -1.597709000000000046e+01 9.085975000000000534e+01
2.318311100000000151e+05 -1.623788000000000054e+01 9.248788999999999305e+01
2.318313099999999977e+05 -1.551431000000000004e+01 9.206978999999999758e+01
2.318315100000000093e+05 -1.562613999999999947e+01 9.376023000000000707e+01
2.318317100000000210e+05 -1.507039999999999935e+01 9.407254000000000360e+01
2.318319100000000035e+05 -1.581306999999999974e+01 9.352188999999999908e+01
2.318321100000000151e+05 -1.583193999999999946e+01 9.314785999999999433e+01
2.318323099999999977e+05 -1.551318999999999981e+01 9.182649999999999579e+01
2.318325100000000093e+05 -1.596177999999999919e+01 9.149970999999999322e+01
