# Time finished:
# 2015-06-03 17.24.26
# Temp volt start:
# 1.0119777
# Temp volt stop:
# 1.0119777
# Approx start T:
# 85.852732205
# Approx stop T:
# 85.8570627262
# DC bias measured, messed up:
# 1.399515
# DC bias we asked for:
# 0
2.318202099999999919e+05 -1.524396999999999913e+01 9.095699000000000467e+01
2.318204100000000035e+05 -1.602170999999999879e+01 8.752203000000000088e+01
2.318206099999999860e+05 -1.573422000000000054e+01 8.852823999999999671e+01
2.318208099999999977e+05 -1.557554000000000016e+01 9.370749000000000706e+01
2.318210099999999802e+05 -1.563368999999999964e+01 9.052200999999999453e+01
2.318212099999999919e+05 -1.581348000000000020e+01 8.918471999999999866e+01
2.318214100000000035e+05 -1.552328999999999937e+01 9.449396000000000129e+01
2.318216099999999860e+05 -1.550995999999999952e+01 8.730319000000000074e+01
2.318218099999999977e+05 -1.552459999999999951e+01 9.269419000000000608e+01
2.318220099999999802e+05 -1.564370000000000083e+01 9.439978999999999587e+01
2.318222099999999919e+05 -1.552487999999999957e+01 9.292179000000000144e+01
2.318224100000000035e+05 -1.532235000000000014e+01 9.271228000000000691e+01
2.318226099999999860e+05 -1.569646000000000008e+01 9.268086999999999875e+01
2.318228099999999977e+05 -1.550669000000000075e+01 9.235996000000000095e+01
2.318230099999999802e+05 -1.549785999999999930e+01 9.056685000000000230e+01
2.318232099999999919e+05 -1.540657999999999994e+01 9.325928000000000395e+01
2.318234100000000035e+05 -1.562468999999999930e+01 9.496102000000000487e+01
2.318236099999999860e+05 -1.560951999999999984e+01 9.416209999999999525e+01
2.318238099999999977e+05 -1.560956000000000010e+01 9.234956999999999994e+01
2.318240099999999802e+05 -1.606923000000000101e+01 9.253167999999999438e+01
2.318242099999999919e+05 -1.597929000000000066e+01 9.336888999999999328e+01
2.318244100000000035e+05 -1.598385999999999996e+01 9.016651000000000238e+01
2.318246099999999860e+05 -1.538916000000000039e+01 9.269935999999999865e+01
2.318248099999999977e+05 -1.560321000000000069e+01 9.098828000000000316e+01
2.318250099999999802e+05 -1.530268000000000050e+01 9.172428999999999633e+01
2.318252099999999919e+05 -1.588893999999999984e+01 9.231437999999999988e+01
2.318254100000000035e+05 -1.568833000000000055e+01 9.588698999999999728e+01
2.318256099999999860e+05 -1.610232999999999848e+01 8.928141999999999712e+01
2.318258099999999977e+05 -1.556897000000000020e+01 9.099237999999999715e+01
2.318260099999999802e+05 -1.551693999999999996e+01 9.089647999999999683e+01
2.318262099999999919e+05 -1.566158000000000072e+01 9.427891999999999939e+01
2.318264100000000035e+05 -1.592948999999999948e+01 9.007153999999999883e+01
2.318266099999999860e+05 -1.604791000000000167e+01 9.503552999999999429e+01
2.318268099999999977e+05 -1.530269000000000013e+01 9.172262999999999522e+01
2.318270099999999802e+05 -1.567022000000000048e+01 9.073878999999999451e+01
2.318272099999999919e+05 -1.593144999999999989e+01 9.030487999999999715e+01
2.318274100000000035e+05 -1.645041000000000153e+01 9.586912999999999840e+01
2.318276099999999860e+05 -1.578425000000000011e+01 9.371502999999999872e+01
2.318278099999999977e+05 -1.580211000000000077e+01 9.359967000000000326e+01
2.318280099999999802e+05 -1.663052000000000064e+01 9.247402999999999906e+01
2.318282099999999919e+05 -1.585061999999999927e+01 9.161504999999999654e+01
2.318284100000000035e+05 -1.589934000000000047e+01 9.078464999999999918e+01
2.318286099999999860e+05 -1.555843999999999916e+01 9.336727000000000487e+01
2.318288099999999977e+05 -1.573155999999999999e+01 9.290869000000000710e+01
2.318290099999999802e+05 -1.545780000000000065e+01 8.990564999999999429e+01
2.318292099999999919e+05 -1.559079000000000015e+01 9.200925999999999760e+01
2.318294100000000035e+05 -1.545681000000000083e+01 9.269701999999999487e+01
2.318296099999999860e+05 -1.552490000000000059e+01 9.291951000000000249e+01
2.318298099999999977e+05 -1.558614999999999995e+01 9.110496999999999446e+01
2.318300099999999802e+05 -1.526141999999999932e+01 9.042506000000000199e+01
2.318302099999999919e+05 -1.564119999999999955e+01 9.166376999999999953e+01
2.318304100000000035e+05 -1.555474000000000068e+01 9.156199999999999761e+01
2.318306099999999860e+05 -1.588988999999999940e+01 9.348139000000000465e+01
2.318308099999999977e+05 -1.537299999999999933e+01 9.303475000000000250e+01
2.318310099999999802e+05 -1.566078000000000081e+01 9.427853000000000350e+01
2.318312099999999919e+05 -1.598555999999999955e+01 8.862324999999999875e+01
2.318314100000000035e+05 -1.568783999999999956e+01 8.889704000000000406e+01
2.318316099999999860e+05 -1.603093000000000146e+01 9.205906000000000233e+01
2.318318099999999977e+05 -1.526587999999999923e+01 9.107496999999999332e+01
2.318320099999999802e+05 -1.626180000000000092e+01 9.067347999999999786e+01
2.318322099999999919e+05 -1.590446999999999989e+01 9.172673000000000343e+01
2.318324100000000035e+05 -1.562692000000000014e+01 9.268407000000000551e+01
2.318326099999999860e+05 -1.605133999999999972e+01 9.336715999999999838e+01
2.318328099999999977e+05 -1.595722999999999914e+01 9.159689000000000192e+01
2.318330099999999802e+05 -1.548113999999999990e+01 9.068162999999999840e+01
2.318332099999999919e+05 -1.544608999999999988e+01 8.879480999999999824e+01
2.318334100000000035e+05 -1.634534000000000020e+01 9.287105999999999995e+01
2.318336099999999860e+05 -1.540578000000000003e+01 8.981937000000000637e+01
2.318338099999999977e+05 -1.608724000000000132e+01 9.384502000000000521e+01
2.318340099999999802e+05 -1.579012999999999955e+01 9.035196000000000538e+01
2.318342099999999919e+05 -1.576346000000000025e+01 9.175042999999999438e+01
2.318344100000000035e+05 -1.554141000000000084e+01 9.370257999999999754e+01
2.318346099999999860e+05 -1.542956000000000039e+01 9.058750000000000568e+01
2.318348099999999977e+05 -1.508961000000000041e+01 9.186934999999999718e+01
2.318350099999999802e+05 -1.540053999999999945e+01 9.546957999999999345e+01
2.318352099999999919e+05 -1.537213000000000029e+01 9.369917999999999836e+01
2.318354100000000035e+05 -1.596147000000000027e+01 9.301336999999999477e+01
2.318356099999999860e+05 -1.572713000000000072e+01 9.152527999999999508e+01
2.318358099999999977e+05 -1.553996000000000066e+01 9.234976000000000340e+01
2.318360099999999802e+05 -1.594142000000000081e+01 9.218448999999999671e+01
2.318362099999999919e+05 -1.556794000000000011e+01 8.906918000000000291e+01
2.318364100000000035e+05 -1.566818999999999917e+01 9.050713000000000363e+01
2.318366099999999860e+05 -1.528129999999999988e+01 8.909873000000000332e+01
2.318368099999999977e+05 -1.576631000000000071e+01 9.336906000000000461e+01
2.318370099999999802e+05 -1.558850999999999942e+01 9.518021000000000242e+01
2.318372099999999919e+05 -1.576529000000000025e+01 9.244507000000000119e+01
2.318374100000000035e+05 -1.522677999999999976e+01 9.021523000000000536e+01
2.318376099999999860e+05 -1.555513999999999974e+01 8.941768000000000427e+01
2.318378099999999977e+05 -1.594768999999999970e+01 9.017622000000000071e+01
2.318380099999999802e+05 -1.588395000000000046e+01 8.914883000000000379e+01
2.318382099999999919e+05 -1.609699000000000169e+01 9.084886000000000195e+01
2.318384100000000035e+05 -1.540440000000000076e+01 9.214727000000000601e+01
2.318386099999999860e+05 -1.555235000000000056e+01 8.919355000000000189e+01
2.318388099999999977e+05 -1.619729999999999848e+01 9.385089999999999577e+01
2.318390099999999802e+05 -1.569462000000000046e+01 9.221743999999999630e+01
2.318392099999999919e+05 -1.565883999999999965e+01 9.199635000000000673e+01
2.318394100000000035e+05 -1.559411000000000058e+01 8.985155000000000314e+01
2.318396099999999860e+05 -1.572552999999999912e+01 9.543491000000000213e+01
2.318398099999999977e+05 -1.549353999999999942e+01 9.011681000000000097e+01
2.318400099999999802e+05 -1.590642000000000067e+01 9.242467000000000610e+01
2.318402099999999919e+05 -1.560989000000000004e+01 9.370407000000000153e+01
