# Time finished:
# 2015-06-01 18.53.55
# Temp volt start:
# 0.64892717
# Temp volt stop:
# 0.64892717
# Approx start T:
# 260.526944755
# Approx stop T:
# 259.954192412
# DC bias:
# 5.110549
2.317624500000000116e+05 -1.513723000000000063e+01 1.025695000000000050e+02
2.317626500000000233e+05 -1.521156000000000041e+01 1.044911000000000030e+02
2.317628500000000058e+05 -1.494473999999999947e+01 1.025554999999999950e+02
2.317630500000000175e+05 -1.488719000000000037e+01 1.023138000000000005e+02
2.317632500000000000e+05 -1.521363000000000021e+01 1.044985000000000070e+02
2.317634500000000116e+05 -1.506722000000000072e+01 1.043097000000000065e+02
2.317636500000000233e+05 -1.522311000000000014e+01 1.024211999999999989e+02
2.317638500000000058e+05 -1.520911000000000080e+01 1.036668999999999983e+02
2.317640500000000175e+05 -1.488715000000000011e+01 1.037742999999999967e+02
2.317642500000000000e+05 -1.495205999999999946e+01 1.047155999999999949e+02
2.317644500000000116e+05 -1.503121999999999936e+01 1.028991000000000042e+02
2.317646500000000233e+05 -1.518345000000000056e+01 1.035768000000000058e+02
2.317648500000000058e+05 -1.491337000000000046e+01 1.031347999999999985e+02
2.317650500000000175e+05 -1.510389999999999944e+01 1.040399000000000029e+02
2.317652500000000000e+05 -1.495259000000000071e+01 1.023208999999999946e+02
2.317654500000000116e+05 -1.521016000000000012e+01 1.021516000000000020e+02
2.317656500000000233e+05 -1.513199999999999967e+01 1.033849000000000018e+02
2.317658500000000058e+05 -1.490471999999999930e+01 1.037901999999999987e+02
2.317660500000000175e+05 -1.514025999999999961e+01 1.037750000000000057e+02
2.317662500000000000e+05 -1.490611999999999959e+01 1.061252999999999957e+02
2.317664500000000116e+05 -1.519842000000000048e+01 1.026444000000000045e+02
2.317666500000000233e+05 -1.496655999999999942e+01 1.045425000000000040e+02
2.317668500000000058e+05 -1.510331000000000046e+01 1.037242999999999995e+02
2.317670500000000175e+05 -1.492820000000000036e+01 1.032713999999999999e+02
2.317672500000000000e+05 -1.506663999999999959e+01 1.026269999999999953e+02
2.317674500000000116e+05 -1.506983999999999924e+01 1.035623999999999967e+02
2.317676500000000233e+05 -1.495592000000000077e+01 1.029373999999999967e+02
2.317678500000000058e+05 -1.482137999999999955e+01 1.024235999999999933e+02
2.317680500000000175e+05 -1.477070999999999934e+01 1.039945000000000022e+02
2.317682500000000000e+05 -1.497404000000000046e+01 1.043114999999999952e+02
2.317684500000000116e+05 -1.495908999999999978e+01 1.050917000000000030e+02
2.317686500000000233e+05 -1.494096000000000046e+01 1.038365000000000009e+02
2.317688500000000058e+05 -1.488724000000000025e+01 1.037719000000000023e+02
2.317690500000000175e+05 -1.510979000000000028e+01 1.034842000000000013e+02
2.317692500000000000e+05 -1.526238000000000028e+01 1.051366000000000014e+02
2.317694500000000116e+05 -1.499165999999999954e+01 1.049518000000000058e+02
2.317696500000000233e+05 -1.506081000000000003e+01 1.042352000000000061e+02
2.317698500000000058e+05 -1.505302999999999969e+01 1.044757000000000033e+02
2.317700500000000175e+05 -1.514100999999999964e+01 1.030225999999999971e+02
2.317702500000000000e+05 -1.507343999999999973e+01 1.034420999999999964e+02
2.317704500000000116e+05 -1.482296999999999976e+01 1.052736000000000018e+02
2.317706500000000233e+05 -1.481997999999999927e+01 1.041761000000000053e+02
2.317708500000000058e+05 -1.512308999999999948e+01 1.030028999999999968e+02
2.317710500000000175e+05 -1.535642999999999958e+01 1.049438999999999993e+02
2.317712500000000000e+05 -1.511206999999999923e+01 1.030524999999999949e+02
2.317714500000000116e+05 -1.501007000000000069e+01 1.022595000000000027e+02
2.317716500000000233e+05 -1.529767999999999972e+01 1.032664999999999935e+02
2.317718500000000058e+05 -1.485543000000000013e+01 1.048298000000000059e+02
2.317720500000000175e+05 -1.501420000000000066e+01 1.031875000000000000e+02
2.317722500000000000e+05 -1.501199000000000083e+01 1.025678999999999945e+02
2.317724500000000116e+05 -1.519557000000000002e+01 1.038414999999999964e+02
2.317726500000000233e+05 -1.495899999999999963e+01 1.038632999999999953e+02
2.317728500000000058e+05 -1.507839000000000063e+01 1.042608000000000033e+02
2.317730500000000175e+05 -1.501707000000000036e+01 1.047409999999999997e+02
2.317732500000000000e+05 -1.506071999999999989e+01 1.042376000000000005e+02
2.317734500000000116e+05 -1.489830000000000076e+01 1.043385999999999996e+02
2.317736500000000233e+05 -1.498015999999999970e+01 1.037667000000000002e+02
2.317738500000000058e+05 -1.509376999999999924e+01 1.044043999999999954e+02
2.317740500000000175e+05 -1.509831999999999930e+01 1.032225999999999999e+02
2.317742500000000000e+05 -1.511397000000000013e+01 1.026167999999999978e+02
2.317744500000000116e+05 -1.516474000000000011e+01 1.035546999999999969e+02
2.317746500000000233e+05 -1.512597000000000058e+01 1.048888000000000034e+02
2.317748500000000058e+05 -1.480930000000000035e+01 1.039232999999999976e+02
2.317750500000000175e+05 -1.518449999999999989e+01 1.028229000000000042e+02
2.317752500000000000e+05 -1.516533000000000087e+01 1.020477999999999952e+02
2.317754500000000116e+05 -1.518354000000000070e+01 1.035742999999999938e+02
2.317756500000000233e+05 -1.506474000000000046e+01 1.030601999999999947e+02
2.317758500000000058e+05 -1.527914999999999957e+01 1.024808000000000021e+02
2.317760500000000175e+05 -1.517908000000000079e+01 1.059111999999999938e+02
2.317762500000000000e+05 -1.488391000000000020e+01 1.042006999999999977e+02
2.317764500000000116e+05 -1.514118000000000031e+01 1.044064000000000050e+02
2.317766500000000233e+05 -1.532966000000000051e+01 1.042031000000000063e+02
2.317768500000000058e+05 -1.518407000000000018e+01 1.020683999999999969e+02
2.317770500000000175e+05 -1.493011000000000088e+01 1.028508999999999958e+02
2.317772500000000000e+05 -1.502388999999999974e+01 1.041925999999999988e+02
2.317774500000000116e+05 -1.549962000000000018e+01 1.026551999999999936e+02
2.317776500000000233e+05 -1.488035999999999959e+01 1.049260000000000019e+02
2.317778500000000058e+05 -1.505682999999999971e+01 1.046735999999999933e+02
2.317780500000000175e+05 -1.524773000000000067e+01 1.043521999999999963e+02
2.317782500000000000e+05 -1.498422000000000054e+01 1.063093999999999966e+02
2.317784500000000116e+05 -1.535773999999999972e+01 1.032065999999999946e+02
2.317786500000000233e+05 -1.488800999999999952e+01 1.043887000000000000e+02
2.317788500000000058e+05 -1.519828000000000046e+01 1.034055000000000035e+02
2.317790500000000175e+05 -1.492910000000000004e+01 1.035818000000000012e+02
2.317792500000000000e+05 -1.495909999999999940e+01 1.047883999999999958e+02
2.317794500000000116e+05 -1.494841000000000086e+01 1.042232000000000056e+02
2.317796500000000233e+05 -1.486533000000000015e+01 1.038734000000000037e+02
2.317798500000000058e+05 -1.508558000000000021e+01 1.043354999999999961e+02
2.317800500000000175e+05 -1.515058999999999934e+01 1.037275000000000063e+02
2.317802500000000000e+05 -1.528851000000000049e+01 1.028760000000000048e+02
2.317804500000000116e+05 -1.518852000000000046e+01 1.040909999999999940e+02
2.317806500000000233e+05 -1.497328000000000081e+01 1.029624000000000024e+02
2.317808500000000058e+05 -1.506717000000000084e+01 1.043109000000000037e+02
2.317810500000000175e+05 -1.505483000000000082e+01 1.034241999999999990e+02
2.317812500000000000e+05 -1.487297000000000047e+01 1.029103000000000065e+02
2.317814500000000116e+05 -1.500775999999999932e+01 1.034311000000000007e+02
2.317816500000000233e+05 -1.520218000000000025e+01 1.020855999999999995e+02
2.317818500000000058e+05 -1.524634999999999962e+01 1.033996000000000066e+02
2.317820500000000175e+05 -1.519555000000000078e+01 1.047957999999999998e+02
2.317822500000000000e+05 -1.506109000000000009e+01 1.031852999999999980e+02
2.317824500000000116e+05 -1.526642999999999972e+01 1.043799000000000063e+02
