# Time finished:
# 2015-06-03 16.21.59
# Temp volt start:
# 1.0118443
# Temp volt stop:
# 1.0118443
# Approx start T:
# 85.9277512746
# Approx stop T:
# 85.9148178311
# DC bias measured, messed up:
# 1.099079
# DC bias we asked for:
# 0
2.318199700000000012e+05 -1.558150999999999975e+01 9.382835000000000036e+01
2.318201700000000128e+05 -1.594039000000000073e+01 9.450345000000000084e+01
2.318203699999999953e+05 -1.536631000000000036e+01 9.192197000000000173e+01
2.318205700000000070e+05 -1.578916000000000075e+01 9.473520000000000607e+01
2.318207699999999895e+05 -1.607967999999999975e+01 9.234824000000000410e+01
2.318209700000000012e+05 -1.560113999999999912e+01 8.872370999999999697e+01
2.318211700000000128e+05 -1.503359000000000023e+01 9.230688999999999567e+01
2.318213699999999953e+05 -1.543919999999999959e+01 9.167673999999999523e+01
2.318215700000000070e+05 -1.622720999999999947e+01 8.998050999999999533e+01
2.318217699999999895e+05 -1.550412999999999997e+01 9.022199000000000524e+01
2.318219700000000012e+05 -1.527520999999999951e+01 9.087967000000000439e+01
2.318221700000000128e+05 -1.598414999999999964e+01 9.324277999999999622e+01
2.318223699999999953e+05 -1.579339000000000048e+01 9.274110000000000298e+01
2.318225700000000070e+05 -1.588601000000000063e+01 9.161086000000000240e+01
2.318227699999999895e+05 -1.605665000000000120e+01 9.504391999999999996e+01
2.318229700000000012e+05 -1.569537000000000049e+01 9.114449999999999363e+01
2.318231700000000128e+05 -1.565203999999999951e+01 9.017261000000000593e+01
2.318233699999999953e+05 -1.571016000000000012e+01 9.545937999999999590e+01
2.318235700000000070e+05 -1.556868000000000052e+01 9.226022000000000389e+01
2.318237699999999895e+05 -1.553594000000000008e+01 9.807345999999999719e+01
2.318239700000000012e+05 -1.584997000000000078e+01 9.261223999999999990e+01
2.318241700000000128e+05 -1.531235000000000035e+01 9.133727000000000373e+01
2.318243699999999953e+05 -1.547771999999999970e+01 9.358603999999999701e+01
2.318245700000000070e+05 -1.546602000000000032e+01 8.818744999999999834e+01
2.318247699999999895e+05 -1.525267999999999979e+01 9.568119000000000085e+01
2.318249700000000012e+05 -1.580869999999999997e+01 9.461079999999999757e+01
2.318251700000000128e+05 -1.491304000000000052e+01 9.197216000000000236e+01
2.318253699999999953e+05 -1.556345999999999918e+01 9.080380999999999858e+01
2.318255700000000070e+05 -1.552797999999999945e+01 9.105688000000000670e+01
2.318257699999999895e+05 -1.517387000000000086e+01 9.252142000000000621e+01
2.318259700000000012e+05 -1.493097000000000030e+01 9.276158999999999821e+01
2.318261700000000128e+05 -1.538510999999999918e+01 9.441243000000000052e+01
2.318263699999999953e+05 -1.556386999999999965e+01 9.517270999999999503e+01
2.318265700000000070e+05 -1.545916000000000068e+01 9.394808999999999344e+01
2.318267699999999895e+05 -1.565912999999999933e+01 9.139455999999999847e+01
2.318269700000000012e+05 -1.522490999999999950e+01 9.170309000000000310e+01
2.318271700000000128e+05 -1.554565000000000019e+01 9.504841000000000406e+01
2.318273699999999953e+05 -1.536156000000000077e+01 9.049872999999999479e+01
2.318275700000000070e+05 -1.562050999999999945e+01 9.481977999999999440e+01
2.318277699999999895e+05 -1.573304000000000080e+01 9.459615999999999758e+01
2.318279700000000012e+05 -1.549394999999999989e+01 9.443334000000000117e+01
2.318281700000000128e+05 -1.562457999999999991e+01 9.237689000000000306e+01
2.318283699999999953e+05 -1.572452999999999967e+01 8.989439000000000135e+01
2.318285700000000070e+05 -1.590070000000000050e+01 9.526133000000000095e+01
2.318287699999999895e+05 -1.553081000000000067e+01 9.177916999999999348e+01
2.318289700000000012e+05 -1.578077000000000041e+01 8.812942999999999927e+01
2.318291700000000128e+05 -1.569458000000000020e+01 9.113823999999999614e+01
2.318293699999999953e+05 -1.547127000000000052e+01 9.070814000000000021e+01
2.318295700000000070e+05 -1.578942999999999941e+01 8.887436999999999898e+01
2.318297699999999895e+05 -1.537506999999999913e+01 8.990023999999999660e+01
2.318299700000000012e+05 -1.627198999999999884e+01 9.075002000000000635e+01
2.318301700000000128e+05 -1.517754000000000048e+01 8.810605999999999938e+01
2.318303699999999953e+05 -1.573649999999999949e+01 9.360566000000000031e+01
2.318305700000000070e+05 -1.547775000000000034e+01 9.262503999999999849e+01
2.318307699999999895e+05 -1.562378999999999962e+01 9.237520000000000664e+01
2.318309700000000012e+05 -1.568000999999999934e+01 9.249387000000000114e+01
2.318311700000000128e+05 -1.535084999999999944e+01 9.298736999999999853e+01
2.318313699999999953e+05 -1.570964999999999989e+01 9.052061999999999387e+01
2.318315700000000070e+05 -1.570559000000000083e+01 8.817319000000000528e+01
2.318317699999999895e+05 -1.497732000000000063e+01 9.491392999999999347e+01
2.318319700000000012e+05 -1.557776999999999923e+01 9.019017999999999802e+01
2.318321700000000128e+05 -1.584215999999999980e+01 9.537080000000000268e+01
2.318323699999999953e+05 -1.524152999999999913e+01 9.438739999999999952e+01
2.318325700000000070e+05 -1.621709999999999852e+01 9.193784999999999741e+01
2.318327699999999895e+05 -1.532465999999999973e+01 9.546407999999999561e+01
2.318329700000000012e+05 -1.590545000000000009e+01 9.399724999999999397e+01
2.318331700000000128e+05 -1.577693000000000012e+01 8.949957000000000562e+01
2.318333699999999953e+05 -1.514350999999999914e+01 9.610585000000000377e+01
2.318335700000000070e+05 -1.566061999999999976e+01 9.384418999999999755e+01
2.318337699999999895e+05 -1.563568000000000069e+01 9.053642000000000678e+01
2.318339700000000012e+05 -1.538664999999999949e+01 9.298206000000000415e+01
2.318341700000000128e+05 -1.547758999999999929e+01 9.334318000000000382e+01
2.318343699999999953e+05 -1.560542000000000051e+01 9.249656000000000233e+01
2.318345700000000070e+05 -1.584327000000000041e+01 9.085285000000000366e+01
2.318347699999999895e+05 -1.605734999999999957e+01 9.118358999999999526e+01
2.318349700000000012e+05 -1.544115000000000038e+01 9.310197999999999752e+01
2.318351700000000128e+05 -1.587883000000000067e+01 8.844683000000000561e+01
2.318353699999999953e+05 -1.550932000000000066e+01 9.479259000000000412e+01
2.318355700000000070e+05 -1.574808999999999948e+01 9.075271999999999650e+01
2.318357699999999895e+05 -1.553003000000000000e+01 9.177558000000000504e+01
2.318359700000000012e+05 -1.565897999999999968e+01 9.163250999999999635e+01
2.318361700000000128e+05 -1.584210999999999991e+01 9.060156999999999528e+01
2.318363699999999953e+05 -1.603867999999999938e+01 9.439394000000000062e+01
2.318365700000000070e+05 -1.565933000000000064e+01 9.433522000000000673e+01
2.318367699999999895e+05 -1.523933000000000071e+01 9.111520000000000152e+01
2.318369700000000012e+05 -1.577309999999999945e+01 9.360378000000000043e+01
2.318371700000000128e+05 -1.508569999999999922e+01 9.309471999999999525e+01
2.318373699999999953e+05 -1.491177000000000064e+01 9.399841000000000690e+01
2.318375700000000070e+05 -1.562256999999999962e+01 9.188245000000000573e+01
2.318377699999999895e+05 -1.521500999999999948e+01 9.006387999999999749e+01
2.318379700000000012e+05 -1.567867999999999995e+01 9.396720999999999435e+01
2.318381700000000128e+05 -1.582740000000000080e+01 9.148241000000000156e+01
2.318383699999999953e+05 -1.527932000000000023e+01 9.274500000000000455e+01
2.318385700000000070e+05 -1.604103999999999886e+01 9.234041000000000565e+01
2.318387699999999895e+05 -1.561037999999999926e+01 9.627093999999999596e+01
2.318389700000000012e+05 -1.562410999999999994e+01 9.310272999999999399e+01
2.318391700000000128e+05 -1.592542000000000080e+01 9.310712999999999795e+01
2.318393699999999953e+05 -1.531082999999999927e+01 9.133052000000000703e+01
2.318395700000000070e+05 -1.609850000000000136e+01 9.698412000000000432e+01
2.318397699999999895e+05 -1.530602999999999980e+01 9.039059000000000310e+01
2.318399700000000012e+05 -1.584920999999999935e+01 9.235374000000000194e+01
