# Time finished:
# 2015-06-04 05.25.13
# Temp volt start:
# 0.98376836
# Temp volt stop:
# 0.98376836
# Approx start T:
# 101.449970725
# Approx stop T:
# 101.493843709
# DC bias measured, messed up:
# 1.076057
# DC bias we asked for:
# 0
2.318505000000000000e+05 -1.572199999999999953e+01 9.351014999999999588e+01
2.318507000000000116e+05 -1.552693000000000012e+01 9.034824999999999307e+01
2.318508999999999942e+05 -1.576406000000000063e+01 9.377822000000000457e+01
2.318511000000000058e+05 -1.562933999999999912e+01 9.143125999999999465e+01
2.318512999999999884e+05 -1.614849999999999852e+01 9.144975999999999772e+01
2.318515000000000000e+05 -1.585108999999999924e+01 9.062848999999999933e+01
2.318517000000000116e+05 -1.486503000000000085e+01 8.955575000000000330e+01
2.318518999999999942e+05 -1.533718999999999966e+01 9.483047000000000537e+01
2.318521000000000058e+05 -1.557826999999999984e+01 8.948629999999999995e+01
2.318522999999999884e+05 -1.579602000000000039e+01 9.077285000000000537e+01
2.318525000000000000e+05 -1.600985000000000014e+01 9.109358000000000288e+01
2.318527000000000116e+05 -1.601620000000000132e+01 9.289849999999999852e+01
2.318528999999999942e+05 -1.579706999999999972e+01 9.101870999999999867e+01
2.318531000000000058e+05 -1.525122999999999962e+01 9.328238000000000341e+01
2.318532999999999884e+05 -1.609496000000000038e+01 9.314822999999999809e+01
2.318535000000000000e+05 -1.603577999999999903e+01 9.250499999999999545e+01
2.318537000000000116e+05 -1.561467999999999989e+01 9.229742000000000246e+01
2.318538999999999942e+05 -1.595731999999999928e+01 9.354012000000000171e+01
2.318541000000000058e+05 -1.597718000000000060e+01 9.263879000000000019e+01
2.318542999999999884e+05 -1.580161000000000016e+01 9.177680999999999756e+01
2.318545000000000000e+05 -1.539437999999999995e+01 9.232465000000000543e+01
2.318547000000000116e+05 -1.588447000000000031e+01 8.985376999999999725e+01
2.318548999999999942e+05 -1.550347999999999971e+01 9.255034999999999457e+01
2.318551000000000058e+05 -1.576280000000000037e+01 9.152702999999999633e+01
2.318552999999999884e+05 -1.608693999999999846e+01 9.081725000000000136e+01
2.318555000000000000e+05 -1.591915000000000013e+01 9.353721000000000174e+01
2.318557000000000116e+05 -1.517642000000000024e+01 9.164758000000000493e+01
2.318558999999999942e+05 -1.590269999999999939e+01 9.684072999999999354e+01
2.318561000000000058e+05 -1.554758999999999958e+01 9.022974000000000672e+01
2.318562999999999884e+05 -1.600882999999999967e+01 9.083749000000000251e+01
2.318565000000000000e+05 -1.568160999999999916e+01 9.600516000000000361e+01
2.318567000000000116e+05 -1.588926000000000016e+01 9.036534000000000333e+01
2.318568999999999942e+05 -1.537806999999999924e+01 8.969109000000000265e+01
2.318571000000000058e+05 -1.556015000000000015e+01 9.389236999999999966e+01
2.318572999999999884e+05 -1.563486999999999938e+01 9.315812999999999988e+01
2.318575000000000000e+05 -1.541347999999999985e+01 9.340652000000000044e+01
2.318577000000000116e+05 -1.568711000000000055e+01 9.738127000000000066e+01
2.318578999999999942e+05 -1.613261999999999929e+01 9.445723999999999876e+01
2.318581000000000058e+05 -1.545899000000000001e+01 9.594107999999999947e+01
2.318582999999999884e+05 -1.580301000000000045e+01 9.227609999999999957e+01
2.318585000000000000e+05 -1.554062000000000054e+01 9.230665999999999372e+01
2.318587000000000116e+05 -1.555616000000000021e+01 8.912452999999999292e+01
2.318588999999999942e+05 -1.601383999999999830e+01 8.916006000000000142e+01
2.318591000000000058e+05 -1.557865999999999929e+01 9.278963000000000250e+01
2.318592999999999884e+05 -1.612944999999999851e+01 9.132535000000000025e+01
2.318595000000000000e+05 -1.565202999999999989e+01 9.426958000000000482e+01
2.318597000000000116e+05 -1.517876000000000047e+01 9.398439999999999372e+01
2.318598999999999942e+05 -1.539109000000000016e+01 9.161051000000000499e+01
2.318601000000000058e+05 -1.528392000000000017e+01 9.186530000000000484e+01
2.318602999999999884e+05 -1.500041000000000047e+01 8.927018999999999949e+01
2.318605000000000000e+05 -1.579564000000000057e+01 9.579421000000000674e+01
2.318607000000000116e+05 -1.557586000000000048e+01 9.181350000000000477e+01
2.318608999999999942e+05 -1.546578000000000053e+01 8.929579999999999984e+01
2.318611000000000058e+05 -1.559515999999999991e+01 9.193484999999999729e+01
2.318612999999999884e+05 -1.580025999999999975e+01 9.152572999999999581e+01
2.318615000000000000e+05 -1.563191999999999915e+01 9.193149999999999977e+01
2.318617000000000116e+05 -1.582343999999999973e+01 9.265388000000000090e+01
2.318618999999999942e+05 -1.574193999999999960e+01 8.903812000000000637e+01
2.318621000000000058e+05 -1.531137999999999977e+01 9.043314999999999770e+01
2.318622999999999884e+05 -1.572828999999999944e+01 9.353006999999999493e+01
2.318625000000000000e+05 -1.575857000000000063e+01 9.078432999999999709e+01
2.318627000000000116e+05 -1.563298999999999950e+01 9.217567999999999984e+01
2.318628999999999942e+05 -1.572428000000000026e+01 9.502774999999999750e+01
2.318631000000000058e+05 -1.589995000000000047e+01 9.264964000000000510e+01
2.318632999999999884e+05 -1.561636000000000024e+01 9.353033000000000641e+01
2.318635000000000000e+05 -1.539504999999999946e+01 8.956325999999999965e+01
2.318637000000000116e+05 -1.567731000000000030e+01 9.650715999999999894e+01
2.318638999999999942e+05 -1.616854000000000013e+01 9.131905000000000427e+01
2.318641000000000058e+05 -1.584220000000000006e+01 9.278055999999999415e+01
2.318642999999999884e+05 -1.568857000000000035e+01 9.452268999999999721e+01
2.318645000000000000e+05 -1.578480000000000061e+01 9.365876000000000090e+01
2.318647000000000116e+05 -1.565235999999999983e+01 9.254152999999999452e+01
2.318648999999999942e+05 -1.555821000000000076e+01 9.462742000000000075e+01
2.318651000000000058e+05 -1.580300000000000082e+01 9.227778999999999598e+01
2.318652999999999884e+05 -1.572960999999999920e+01 9.689928999999999348e+01
2.318655000000000000e+05 -1.512123000000000062e+01 9.746756000000000597e+01
2.318657000000000116e+05 -1.587790000000000035e+01 9.176498999999999739e+01
2.318658999999999942e+05 -1.603563000000000116e+01 9.276765000000000327e+01
2.318661000000000058e+05 -1.539504999999999946e+01 9.328484000000000265e+01
2.318662999999999884e+05 -1.525121000000000038e+01 9.328458000000000538e+01
2.318665000000000000e+05 -1.591944999999999943e+01 9.302647000000000332e+01
2.318667000000000116e+05 -1.528215999999999930e+01 8.913888000000000034e+01
2.318668999999999942e+05 -1.554062000000000054e+01 9.230697999999999581e+01
2.318671000000000058e+05 -1.542205000000000048e+01 9.063796999999999571e+01
2.318672999999999884e+05 -1.530358000000000018e+01 9.269115999999999644e+01
2.318675000000000000e+05 -1.565244999999999997e+01 9.377827999999999520e+01
2.318677000000000116e+05 -1.542936000000000085e+01 9.208138999999999896e+01
2.318678999999999942e+05 -1.580419999999999980e+01 9.303606000000000620e+01
2.318681000000000058e+05 -1.627054000000000045e+01 9.487884999999999991e+01
2.318682999999999884e+05 -1.535778999999999961e+01 9.233342000000000382e+01
2.318685000000000000e+05 -1.580399000000000065e+01 9.378351000000000681e+01
2.318687000000000116e+05 -1.548016999999999932e+01 9.122346000000000288e+01
2.318688999999999942e+05 -1.602974999999999994e+01 9.534551000000000442e+01
2.318691000000000058e+05 -1.626917999999999864e+01 9.142619000000000540e+01
2.318692999999999884e+05 -1.588031999999999933e+01 9.378973999999999478e+01
2.318695000000000000e+05 -1.598466999999999949e+01 9.020401999999999987e+01
2.318697000000000116e+05 -1.578179000000000087e+01 9.165373999999999910e+01
2.318698999999999942e+05 -1.552289000000000030e+01 9.365045999999999538e+01
2.318701000000000058e+05 -1.557807000000000031e+01 9.377393999999999608e+01
2.318702999999999884e+05 -1.505565999999999960e+01 9.224620000000000175e+01
2.318705000000000000e+05 -1.623173999999999850e+01 9.460492999999999597e+01
