# Time finished:
# 2015-06-02 02.45.54
# Temp volt start:
# 0.99083697
# Temp volt stop:
# 0.99083697
# Approx start T:
# 97.5909104596
# Approx stop T:
# 97.5146409428
# DC bias measured, messed up:
# 5.159043
# DC bias we asked for:
# 0
2.318295799999999872e+05 -1.560919999999999952e+01 9.735679000000000372e+01
2.318297799999999988e+05 -1.407621999999999929e+01 1.021473000000000013e+02
2.318299799999999814e+05 -1.357550999999999952e+01 1.026209999999999951e+02
2.318301799999999930e+05 -1.617593000000000103e+01 9.866982000000000141e+01
2.318303799999999756e+05 -1.352580999999999989e+01 9.862188999999999339e+01
2.318305799999999872e+05 -1.666225999999999985e+01 1.005733000000000033e+02
2.318307799999999988e+05 -1.617894000000000077e+01 1.033990000000000009e+02
2.318309799999999814e+05 -1.549619000000000035e+01 9.030671999999999855e+01
2.318311799999999930e+05 -1.699012000000000100e+01 9.597999000000000080e+01
2.318313799999999756e+05 -1.596645999999999965e+01 9.274088000000000420e+01
2.318315799999999872e+05 -1.539508999999999972e+01 9.925612999999999886e+01
2.318317799999999988e+05 -1.597311000000000014e+01 9.954286000000000456e+01
2.318319799999999814e+05 -1.362536000000000058e+01 1.071993999999999971e+02
2.318321799999999930e+05 -1.575364000000000075e+01 1.048812999999999960e+02
2.318323799999999756e+05 -1.628828000000000031e+01 9.411597999999999331e+01
2.318325799999999872e+05 -1.845471999999999824e+01 1.150297000000000054e+02
2.318327799999999988e+05 -1.533399000000000001e+01 9.865771999999999764e+01
2.318329799999999814e+05 -1.450745000000000040e+01 1.130639000000000038e+02
2.318331799999999930e+05 -1.699782000000000082e+01 8.650051999999999452e+01
2.318333799999999756e+05 -1.421832000000000029e+01 9.125096999999999525e+01
2.318335799999999872e+05 -1.648386999999999958e+01 9.308977000000000146e+01
2.318337799999999988e+05 -1.798452999999999946e+01 9.704735999999999763e+01
2.318339799999999814e+05 -1.591170999999999935e+01 8.992010000000000502e+01
2.318341799999999930e+05 -1.407229000000000063e+01 9.209198000000000661e+01
2.318343799999999756e+05 -1.689868999999999843e+01 8.837171999999999628e+01
2.318345799999999872e+05 -1.260735000000000028e+01 8.104157999999999618e+01
2.318347799999999988e+05 -1.642096000000000089e+01 9.124920000000000186e+01
2.318349799999999814e+05 -1.580339000000000027e+01 9.652383000000000379e+01
2.318351799999999930e+05 -1.558840000000000003e+01 1.028601000000000028e+02
2.318353799999999756e+05 -1.286119000000000057e+01 9.537336999999999421e+01
2.318355799999999872e+05 -1.628371999999999886e+01 1.188871000000000038e+02
2.318357799999999988e+05 -1.532146000000000008e+01 1.013033999999999963e+02
2.318359799999999814e+05 -1.505849000000000082e+01 9.726595000000000368e+01
2.318361799999999930e+05 -1.757648999999999972e+01 1.000383000000000067e+02
2.318363799999999756e+05 -1.488359999999999950e+01 9.806428999999999974e+01
2.318365799999999872e+05 -1.440221999999999980e+01 1.046995000000000005e+02
2.318367799999999988e+05 -1.581094000000000044e+01 9.929649000000000569e+01
2.318369799999999814e+05 -1.692208000000000112e+01 9.844798000000000116e+01
2.318371799999999930e+05 -1.573259000000000007e+01 1.014360000000000070e+02
2.318373799999999756e+05 -1.504363999999999990e+01 9.469495000000000573e+01
2.318375799999999872e+05 -1.856275000000000119e+01 8.712717000000000667e+01
2.318377799999999988e+05 -1.680499999999999972e+01 9.579954999999999643e+01
2.318379799999999814e+05 -1.689134999999999920e+01 1.142576999999999998e+02
2.318381799999999930e+05 -1.574926999999999921e+01 8.876846000000000458e+01
2.318383799999999756e+05 -1.457295000000000051e+01 1.025473000000000070e+02
2.318385799999999872e+05 -1.545739000000000019e+01 9.348955999999999733e+01
2.318387799999999988e+05 -1.511791999999999980e+01 9.785365000000000180e+01
2.318389799999999814e+05 -1.641529999999999845e+01 9.961329000000000633e+01
2.318391799999999930e+05 -1.581024000000000029e+01 9.932439999999999714e+01
2.318393799999999756e+05 -1.703853000000000151e+01 9.346931999999999618e+01
2.318395799999999872e+05 -1.539120999999999917e+01 1.035842999999999989e+02
2.318397799999999988e+05 -1.672419999999999973e+01 7.918035999999999319e+01
2.318399799999999814e+05 -1.549024999999999963e+01 9.886078999999999439e+01
2.318401799999999930e+05 -1.530626999999999960e+01 1.111593000000000018e+02
2.318403799999999756e+05 -1.808768999999999849e+01 1.178568000000000069e+02
2.318405799999999872e+05 -1.479479000000000077e+01 9.844535000000000480e+01
2.318407799999999988e+05 -1.433153000000000077e+01 1.011633999999999958e+02
2.318409799999999814e+05 -1.322532999999999959e+01 9.987926000000000215e+01
2.318411799999999930e+05 -1.607110000000000127e+01 1.037744000000000000e+02
2.318413799999999756e+05 -1.689461999999999975e+01 8.963898000000000366e+01
2.318415799999999872e+05 -1.524798000000000009e+01 1.049252999999999929e+02
2.318417799999999988e+05 -1.641807999999999979e+01 9.960907000000000266e+01
2.318419799999999814e+05 -1.721163999999999916e+01 1.014839000000000055e+02
2.318421799999999930e+05 -1.769346000000000174e+01 9.605437999999999477e+01
2.318423799999999756e+05 -1.478547000000000011e+01 9.595014000000000465e+01
2.318425799999999872e+05 -1.485740000000000016e+01 9.207367000000000701e+01
2.318427799999999988e+05 -1.671313999999999922e+01 8.836503999999999337e+01
2.318429799999999814e+05 -1.315403000000000056e+01 1.001824000000000012e+02
2.318431799999999930e+05 -1.446301000000000059e+01 1.103486999999999938e+02
2.318433799999999756e+05 -1.514963999999999977e+01 1.052483000000000004e+02
2.318435799999999872e+05 -1.464215000000000089e+01 9.581456000000000017e+01
2.318437799999999988e+05 -1.554940000000000033e+01 9.678722000000000492e+01
2.318439799999999814e+05 -1.737456999999999852e+01 8.385741000000000156e+01
2.318441799999999930e+05 -1.330782999999999916e+01 9.002125999999999806e+01
2.318443799999999756e+05 -1.668555999999999884e+01 9.200578000000000145e+01
2.318445799999999872e+05 -1.594083000000000006e+01 9.777514999999999645e+01
2.318447799999999988e+05 -1.409966000000000008e+01 9.437717000000000667e+01
2.318449799999999814e+05 -1.541389000000000031e+01 9.082446000000000197e+01
2.318451799999999930e+05 -1.563709000000000060e+01 1.086324000000000041e+02
2.318453799999999756e+05 -1.574797000000000047e+01 1.031534999999999940e+02
2.318455799999999872e+05 -1.607988999999999891e+01 8.430384999999999707e+01
2.318457799999999988e+05 -1.727871000000000024e+01 8.975142999999999915e+01
2.318459799999999814e+05 -1.371906000000000070e+01 9.318702999999999292e+01
2.318461799999999930e+05 -1.443721999999999994e+01 7.914048999999999978e+01
2.318463799999999756e+05 -1.622543999999999897e+01 1.022948999999999984e+02
2.318465799999999872e+05 -1.634674000000000049e+01 1.037228999999999957e+02
2.318467799999999988e+05 -1.592840999999999951e+01 1.194331999999999994e+02
2.318469799999999814e+05 -1.440133999999999936e+01 1.061662000000000035e+02
2.318471799999999930e+05 -1.669806000000000168e+01 9.630353999999999814e+01
2.318473799999999756e+05 -1.329907000000000039e+01 1.029697000000000031e+02
2.318475799999999872e+05 -1.672328999999999866e+01 7.918075000000000330e+01
2.318477799999999988e+05 -1.625279000000000096e+01 8.426014999999999588e+01
2.318479799999999814e+05 -1.519152000000000058e+01 8.816637000000000057e+01
2.318481799999999930e+05 -1.510538999999999987e+01 9.526511000000000706e+01
2.318483799999999756e+05 -1.423588999999999949e+01 8.852338000000000306e+01
2.318485799999999872e+05 -1.714604999999999890e+01 9.291798000000000002e+01
2.318487799999999988e+05 -1.587364999999999959e+01 8.102853000000000350e+01
2.318489799999999814e+05 -1.699663999999999930e+01 9.918847999999999843e+01
2.318491799999999930e+05 -1.479992999999999981e+01 9.055952000000000623e+01
2.318493799999999756e+05 -1.357371999999999979e+01 9.695510000000000161e+01
2.318495799999999872e+05 -1.636579000000000050e+01 9.476852999999999838e+01
