# Time finished:
# 2015-06-01 21.11.05
# Temp volt start:
# 0.82909234
# Temp volt stop:
# 0.82909234
# Approx start T:
# 179.190787476
# Approx stop T:
# 178.82135699
# DC bias measured, messed up:
# 5.080325
# DC bias we asked for:
# 0
2.319112699999999895e+05 -1.590634000000000015e+01 9.403007999999999811e+01
2.319114700000000012e+05 -1.480419000000000018e+01 8.725400000000000489e+01
2.319116699999999837e+05 -1.508874999999999922e+01 9.896844000000000108e+01
2.319118699999999953e+05 -1.531845000000000034e+01 9.218088000000000193e+01
2.319120699999999779e+05 -1.491175999999999924e+01 9.244292000000000087e+01
2.319122699999999895e+05 -1.577767000000000053e+01 9.480398999999999887e+01
2.319124700000000012e+05 -1.488795999999999964e+01 9.465936000000000661e+01
2.319126699999999837e+05 -1.513208000000000020e+01 9.327488999999999919e+01
2.319128699999999953e+05 -1.539315999999999995e+01 1.009248000000000047e+02
2.319130699999999779e+05 -1.536745999999999945e+01 9.336655000000000371e+01
2.319132699999999895e+05 -1.578687000000000040e+01 1.039977999999999980e+02
2.319134700000000012e+05 -1.596002000000000010e+01 1.060437000000000012e+02
2.319136699999999837e+05 -1.532201000000000057e+01 9.648708000000000595e+01
2.319138699999999953e+05 -1.524144000000000077e+01 9.408790999999999372e+01
2.319140699999999779e+05 -1.680324999999999847e+01 9.130437000000000580e+01
2.319142699999999895e+05 -1.725785000000000124e+01 9.925387999999999522e+01
2.319144700000000012e+05 -1.764166000000000167e+01 9.916559999999999775e+01
2.319146699999999837e+05 -1.616886999999999830e+01 9.419302000000000419e+01
2.319148699999999953e+05 -1.627260000000000062e+01 9.599501999999999668e+01
2.319150699999999779e+05 -1.447898999999999958e+01 9.619153000000000020e+01
2.319152699999999895e+05 -1.619163999999999959e+01 9.162430999999999415e+01
2.319154700000000012e+05 -1.600000999999999962e+01 9.663402000000000669e+01
2.319156699999999837e+05 -1.518460999999999927e+01 1.018092000000000041e+02
2.319158699999999953e+05 -1.580428999999999995e+01 9.688832999999999629e+01
2.319160699999999779e+05 -1.453963000000000072e+01 8.981470000000000198e+01
2.319162699999999895e+05 -1.665079000000000065e+01 9.308124999999999716e+01
2.319164700000000012e+05 -1.609300999999999959e+01 1.027620000000000005e+02
2.319166699999999837e+05 -1.498920999999999992e+01 8.344154000000000337e+01
2.319168699999999953e+05 -1.652139000000000024e+01 9.214664000000000499e+01
2.319170699999999779e+05 -1.489204999999999934e+01 1.017924000000000007e+02
2.319172699999999895e+05 -1.491360000000000063e+01 9.915501999999999327e+01
2.319174700000000012e+05 -1.623444999999999894e+01 1.043387000000000029e+02
2.319176699999999837e+05 -1.713888000000000034e+01 9.377956000000000358e+01
2.319178699999999953e+05 -1.556748999999999938e+01 8.905180000000000007e+01
2.319180699999999779e+05 -1.405592000000000041e+01 9.215094999999999459e+01
2.319182699999999895e+05 -1.431746000000000052e+01 1.006368999999999971e+02
2.319184700000000012e+05 -1.516259999999999941e+01 1.006105000000000018e+02
2.319186699999999837e+05 -1.426295999999999964e+01 9.222203000000000372e+01
2.319188699999999953e+05 -1.491807000000000016e+01 9.169419000000000608e+01
2.319190699999999779e+05 -1.464770000000000039e+01 9.850852000000000430e+01
2.319192699999999895e+05 -1.469950000000000045e+01 9.091110000000000468e+01
2.319194700000000012e+05 -1.564381999999999984e+01 1.058418000000000063e+02
2.319196699999999837e+05 -1.579861999999999966e+01 9.979596999999999696e+01
2.319198699999999953e+05 -1.506292000000000009e+01 9.437103999999999360e+01
2.319200699999999779e+05 -1.606334000000000017e+01 1.035977000000000032e+02
2.319202699999999895e+05 -1.444205000000000005e+01 9.509324999999999761e+01
2.319204700000000012e+05 -1.513150000000000084e+01 1.033125000000000000e+02
2.319206699999999837e+05 -1.707514000000000109e+01 9.759107000000000198e+01
2.319208699999999953e+05 -1.574849000000000032e+01 9.108699000000000012e+01
2.319210699999999779e+05 -1.538809000000000005e+01 9.614995000000000402e+01
2.319212699999999895e+05 -1.587236000000000047e+01 8.780473999999999535e+01
2.319214700000000012e+05 -1.612459000000000131e+01 8.690340999999999383e+01
2.319216699999999837e+05 -1.496681000000000061e+01 9.282117999999999824e+01
2.319218699999999953e+05 -1.518370999999999960e+01 1.018251999999999953e+02
2.319220699999999779e+05 -1.483674000000000071e+01 9.758256000000000085e+01
2.319222699999999895e+05 -1.532408000000000037e+01 9.140061000000000035e+01
2.319224700000000012e+05 -1.558652999999999977e+01 1.147629000000000019e+02
2.319226699999999837e+05 -1.577392000000000039e+01 1.006098999999999961e+02
2.319228699999999953e+05 -1.439982999999999969e+01 9.967162000000000432e+01
2.319230699999999779e+05 -1.612794999999999845e+01 9.674697000000000457e+01
2.319232699999999895e+05 -1.530396999999999963e+01 9.373389000000000237e+01
2.319234700000000012e+05 -1.606219000000000108e+01 9.158199000000000467e+01
2.319236699999999837e+05 -1.491296999999999962e+01 9.916543000000000063e+01
2.319238699999999953e+05 -1.591620999999999952e+01 1.139817000000000036e+02
2.319240699999999779e+05 -1.443110000000000070e+01 8.311611000000000615e+01
2.319242699999999895e+05 -1.458341000000000065e+01 9.879892999999999859e+01
2.319244700000000012e+05 -1.557193999999999967e+01 1.073850000000000051e+02
2.319246699999999837e+05 -1.453468999999999944e+01 8.768201999999999430e+01
2.319248699999999953e+05 -1.380372000000000021e+01 8.652315000000000111e+01
2.319250699999999779e+05 -1.606409999999999982e+01 8.818774000000000513e+01
2.319252699999999895e+05 -1.516657999999999973e+01 9.520323000000000491e+01
2.319254700000000012e+05 -1.606837000000000160e+01 9.926162999999999670e+01
2.319256699999999837e+05 -1.546622999999999948e+01 9.500947999999999638e+01
2.319258699999999953e+05 -1.723348000000000013e+01 8.751743000000000450e+01
2.319260699999999779e+05 -1.652039999999999864e+01 8.677718000000000131e+01
2.319262699999999895e+05 -1.611833000000000027e+01 1.054583999999999975e+02
2.319264700000000012e+05 -1.593735000000000035e+01 1.033919000000000068e+02
2.319266699999999837e+05 -1.291639999999999944e+01 9.004722999999999900e+01
2.319268699999999953e+05 -1.612798000000000087e+01 8.774053999999999576e+01
2.319270699999999779e+05 -1.555598999999999954e+01 9.950898999999999717e+01
2.319272699999999895e+05 -1.625615000000000165e+01 9.685705000000000098e+01
2.319274700000000012e+05 -1.500357999999999947e+01 7.889151999999999987e+01
2.319276699999999837e+05 -1.410528000000000048e+01 9.250932000000000244e+01
2.319278699999999953e+05 -1.389151000000000025e+01 1.024491000000000014e+02
2.319280699999999779e+05 -1.526049000000000078e+01 9.178857000000000710e+01
2.319282699999999895e+05 -1.540011999999999937e+01 1.041602000000000032e+02
2.319284700000000012e+05 -1.467511999999999972e+01 1.014800000000000040e+02
2.319286699999999837e+05 -1.576515999999999984e+01 9.562001999999999668e+01
2.319288699999999953e+05 -1.499470999999999954e+01 9.811928000000000338e+01
2.319290699999999779e+05 -1.441835000000000022e+01 9.649688999999999339e+01
2.319292699999999895e+05 -1.493979000000000035e+01 9.505410999999999433e+01
2.319294700000000012e+05 -1.478889000000000031e+01 9.717847999999999331e+01
2.319296699999999837e+05 -1.475174999999999947e+01 9.128699000000000296e+01
2.319298699999999953e+05 -1.536626000000000047e+01 9.337072999999999467e+01
2.319300699999999779e+05 -1.575170999999999921e+01 8.946921000000000390e+01
2.319302699999999895e+05 -1.416566000000000081e+01 9.836468999999999596e+01
2.319304700000000012e+05 -1.296541000000000032e+01 1.011080999999999932e+02
2.319306699999999837e+05 -1.616331999999999880e+01 9.807838999999999885e+01
2.319308699999999953e+05 -1.592841999999999913e+01 8.652347000000000321e+01
2.319310699999999779e+05 -1.707056000000000040e+01 9.326439000000000590e+01
2.319312699999999895e+05 -1.546664999999999957e+01 9.500745000000000573e+01
