# Time finished:
# 2015-06-02 11.27.07
# Temp volt start:
# 1.5759511
# Temp volt stop:
# 1.5759511
# Approx start T:
# -401.871849925
# Approx stop T:
# -401.831071772
# DC bias measured, messed up:
# 5.008809
# DC bias we asked for:
# 0
2.317360599999999977e+05 -1.586914999999999942e+01 9.391431000000000040e+01
2.317362600000000093e+05 -1.591050000000000075e+01 9.464067000000000007e+01
2.317364599999999919e+05 -1.576873999999999931e+01 9.511079999999999757e+01
2.317366600000000035e+05 -1.593359000000000059e+01 9.451636000000000593e+01
2.317368599999999860e+05 -1.589381999999999984e+01 9.415512999999999977e+01
2.317370599999999977e+05 -1.596674999999999933e+01 9.492716000000000065e+01
2.317372600000000093e+05 -1.594655999999999985e+01 9.487725000000000364e+01
2.317374599999999919e+05 -1.585642999999999958e+01 9.535245999999999356e+01
2.317376600000000035e+05 -1.608886000000000038e+01 9.540308000000000277e+01
2.317378599999999860e+05 -1.587635000000000041e+01 9.540260999999999569e+01
2.317380599999999977e+05 -1.596250999999999998e+01 9.591767000000000110e+01
2.317382600000000093e+05 -1.580766000000000027e+01 9.565104999999999791e+01
2.317384599999999919e+05 -1.579151000000000060e+01 9.480795000000000528e+01
2.317386600000000035e+05 -1.579166000000000025e+01 9.498538999999999533e+01
2.317388599999999860e+05 -1.582701999999999920e+01 9.423756000000000199e+01
2.317390599999999977e+05 -1.590992999999999924e+01 9.554265999999999792e+01
2.317392600000000093e+05 -1.600775000000000148e+01 9.511511000000000138e+01
2.317394599999999919e+05 -1.606210000000000093e+01 9.635810999999999638e+01
2.317396600000000035e+05 -1.592534000000000027e+01 9.509819000000000244e+01
2.317398599999999860e+05 -1.599709000000000003e+01 9.579370000000000118e+01
2.317400599999999977e+05 -1.588311000000000028e+01 9.545047999999999888e+01
2.317402600000000093e+05 -1.592231999999999914e+01 9.388881000000000654e+01
2.317404599999999919e+05 -1.613941000000000159e+01 9.500176000000000442e+01
2.317406600000000035e+05 -1.570575999999999972e+01 9.457271000000000072e+01
2.317408599999999860e+05 -1.579360999999999926e+01 9.436648999999999887e+01
2.317410599999999977e+05 -1.585594000000000037e+01 9.544395000000000095e+01
2.317412600000000093e+05 -1.593507999999999925e+01 9.591199000000000296e+01
2.317414599999999919e+05 -1.575187999999999988e+01 9.471587999999999852e+01
2.317416600000000035e+05 -1.605577999999999861e+01 9.517067000000000121e+01
2.317418599999999860e+05 -1.604017999999999944e+01 9.544016000000000588e+01
2.317420599999999977e+05 -1.603132000000000090e+01 9.407613000000000625e+01
2.317422600000000093e+05 -1.588785000000000025e+01 9.585181000000000040e+01
2.317424599999999919e+05 -1.600607000000000113e+01 9.643001999999999896e+01
2.317426600000000035e+05 -1.571756000000000064e+01 9.510477000000000203e+01
2.317428599999999860e+05 -1.611060000000000159e+01 9.518319999999999936e+01
2.317430599999999977e+05 -1.581180999999999948e+01 9.494764999999999588e+01
2.317432600000000093e+05 -1.599047999999999981e+01 9.584180000000000632e+01
2.317434599999999919e+05 -1.572722000000000087e+01 9.418972999999999729e+01
2.317436600000000035e+05 -1.593618000000000023e+01 9.573283000000000698e+01
2.317438599999999860e+05 -1.585196000000000005e+01 9.495637999999999579e+01
2.317440599999999977e+05 -1.583601999999999954e+01 9.539752000000000010e+01
2.317442600000000093e+05 -1.582582000000000022e+01 9.468555999999999528e+01
2.317444599999999919e+05 -1.608226000000000155e+01 9.527160999999999547e+01
2.317446600000000035e+05 -1.588391000000000020e+01 9.527740000000000009e+01
2.317448599999999860e+05 -1.588657000000000075e+01 9.603773999999999944e+01
2.317450599999999977e+05 -1.598114999999999952e+01 9.484678999999999860e+01
2.317452600000000093e+05 -1.573676000000000030e+01 9.524447999999999581e+01
2.317454599999999919e+05 -1.601373999999999853e+01 9.534844999999999970e+01
2.317456600000000035e+05 -1.591272000000000020e+01 9.492389000000000010e+01
2.317458599999999860e+05 -1.576174999999999926e+01 9.560266000000000020e+01
2.317460599999999977e+05 -1.589428999999999981e+01 9.675464999999999804e+01
2.317462600000000093e+05 -1.591028999999999982e+01 9.546146000000000242e+01
2.317464599999999919e+05 -1.603359000000000023e+01 9.548807999999999652e+01
2.317466600000000035e+05 -1.585340000000000060e+01 9.451312000000000069e+01
2.317468599999999860e+05 -1.588208999999999982e+01 9.563196999999999548e+01
2.317470599999999977e+05 -1.582038999999999973e+01 9.583925999999999590e+01
2.317472600000000093e+05 -1.599305999999999983e+01 9.538748999999999967e+01
2.317474599999999919e+05 -1.592882999999999960e+01 9.577804999999999325e+01
2.317476600000000035e+05 -1.576310999999999929e+01 9.533983000000000629e+01
2.317478599999999860e+05 -1.599499999999999922e+01 9.494048999999999694e+01
2.317480599999999977e+05 -1.585615999999999914e+01 9.647347999999999502e+01
2.317482600000000093e+05 -1.580306999999999995e+01 9.534762999999999522e+01
2.317484599999999919e+05 -1.579340999999999973e+01 9.583257000000000403e+01
2.317486600000000035e+05 -1.585079999999999956e+01 9.522466000000000008e+01
2.317488599999999860e+05 -1.593970999999999982e+01 9.501848999999999990e+01
2.317490599999999977e+05 -1.583596999999999966e+01 9.540121000000000606e+01
2.317492600000000093e+05 -1.587731999999999921e+01 9.634798999999999580e+01
2.317494599999999919e+05 -1.598696999999999946e+01 9.516495000000000459e+01
2.317496600000000035e+05 -1.589945999999999948e+01 9.492352999999999952e+01
2.317498599999999860e+05 -1.592642999999999986e+01 9.614042000000000598e+01
2.317500599999999977e+05 -1.584018999999999977e+01 9.588863000000000625e+01
2.317502600000000093e+05 -1.595607000000000042e+01 9.430110999999999422e+01
2.317504599999999919e+05 -1.586416999999999966e+01 9.634311999999999898e+01
2.317506600000000035e+05 -1.598807000000000045e+01 9.489378000000000668e+01
2.317508599999999860e+05 -1.592248000000000019e+01 9.353515000000000157e+01
2.317510599999999977e+05 -1.602766000000000091e+01 9.639745999999999526e+01
2.317512600000000093e+05 -1.582130000000000081e+01 9.393263000000000318e+01
2.317514599999999919e+05 -1.596296000000000070e+01 9.583566000000000429e+01
2.317516600000000035e+05 -1.578149999999999942e+01 9.349061000000000377e+01
2.317518599999999860e+05 -1.590386999999999951e+01 9.644490000000000407e+01
2.317520599999999977e+05 -1.587561999999999962e+01 9.567752000000000123e+01
2.317522600000000093e+05 -1.594148000000000032e+01 9.448174000000000206e+01
2.317524599999999919e+05 -1.608630000000000138e+01 9.435854000000000497e+01
2.317526600000000035e+05 -1.582652000000000037e+01 9.442369999999999663e+01
2.317528599999999860e+05 -1.582807000000000031e+01 9.406726000000000454e+01
2.317530599999999977e+05 -1.587973000000000035e+01 9.478597000000000605e+01
2.317532600000000093e+05 -1.581319000000000052e+01 9.451048000000000116e+01
2.317534599999999919e+05 -1.584013000000000027e+01 9.589266000000000645e+01
2.317536600000000035e+05 -1.570687000000000033e+01 9.441145000000000209e+01
2.317538599999999860e+05 -1.604334000000000060e+01 9.490287999999999613e+01
2.317540599999999977e+05 -1.591277999999999970e+01 9.510618999999999801e+01
2.317542600000000093e+05 -1.603303000000000011e+01 9.558383999999999503e+01
2.317544599999999919e+05 -1.589026999999999923e+01 9.541267000000000564e+01
2.317546600000000035e+05 -1.592079000000000022e+01 9.461333999999999378e+01
2.317548599999999860e+05 -1.587942999999999927e+01 9.487333999999999889e+01
2.317550599999999977e+05 -1.591539999999999999e+01 9.429738000000000397e+01
2.317552600000000093e+05 -1.592711000000000077e+01 9.483790000000000475e+01
2.317554599999999919e+05 -1.590699000000000041e+01 9.478874999999999318e+01
2.317556600000000035e+05 -1.599023000000000039e+01 9.407993999999999346e+01
2.317558599999999860e+05 -1.613422999999999874e+01 9.689477999999999724e+01
2.317560599999999977e+05 -1.610395000000000110e+01 9.523447000000000173e+01
