# Time finished:
# 2015-06-03 09.14.56
# Temp volt start:
# 1.0112837
# Temp volt stop:
# 1.0112837
# Approx start T:
# 86.2428767454
# Approx stop T:
# 86.2486645671
# DC bias measured, messed up:
# 1.098685
# DC bias we asked for:
# 0
2.318189800000000105e+05 -1.609263999999999939e+01 9.144810999999999979e+01
2.318191800000000221e+05 -1.568961999999999968e+01 9.141316000000000486e+01
2.318193800000000047e+05 -1.554580999999999946e+01 9.340358999999999412e+01
2.318195800000000163e+05 -1.565601000000000020e+01 9.192265000000000441e+01
2.318197799999999988e+05 -1.571274000000000015e+01 9.453064000000000533e+01
2.318199800000000105e+05 -1.597518999999999956e+01 9.585528999999999655e+01
2.318201800000000221e+05 -1.571519999999999939e+01 9.253967000000000098e+01
2.318203800000000047e+05 -1.523784999999999989e+01 9.304940000000000566e+01
2.318205800000000163e+05 -1.608946999999999861e+01 9.016685999999999979e+01
2.318207799999999988e+05 -1.575331000000000081e+01 9.253593999999999653e+01
2.318209800000000105e+05 -1.558047000000000004e+01 9.512536000000000058e+01
2.318211800000000221e+05 -1.547836999999999996e+01 8.831001000000000545e+01
2.318213800000000047e+05 -1.547343000000000046e+01 9.268014999999999759e+01
2.318215800000000163e+05 -1.554010000000000069e+01 9.096460999999999331e+01
2.318217799999999988e+05 -1.606005000000000038e+01 9.457926000000000499e+01
2.318219800000000105e+05 -1.578730999999999973e+01 9.128060999999999581e+01
2.318221800000000221e+05 -1.509190000000000076e+01 9.143147999999999342e+01
2.318223800000000047e+05 -1.581933000000000078e+01 9.051026000000000238e+01
2.318225800000000163e+05 -1.556183000000000050e+01 9.157555000000000689e+01
2.318227799999999988e+05 -1.536960999999999977e+01 9.017292000000000485e+01
2.318229800000000105e+05 -1.566719999999999935e+01 9.031122000000000583e+01
2.318231800000000221e+05 -1.529336999999999946e+01 8.817853999999999814e+01
2.318233800000000047e+05 -1.562481999999999971e+01 8.982755000000000223e+01
2.318235800000000163e+05 -1.550270000000000081e+01 9.073028999999999655e+01
2.318237799999999988e+05 -1.582216999999999985e+01 9.076515000000000555e+01
2.318239800000000105e+05 -1.590249999999999986e+01 9.506905000000000427e+01
2.318241800000000221e+05 -1.529252999999999929e+01 9.364155999999999835e+01
2.318243800000000047e+05 -1.567721000000000053e+01 9.402969000000000221e+01
2.318245800000000163e+05 -1.568843000000000032e+01 9.068116999999999450e+01
2.318247799999999988e+05 -1.623413000000000039e+01 9.077562000000000353e+01
2.318249800000000105e+05 -1.580832000000000015e+01 8.925584999999999525e+01
2.318251800000000221e+05 -1.621074000000000126e+01 9.038573999999999842e+01
2.318253800000000047e+05 -1.580310000000000059e+01 8.736159000000000674e+01
2.318255800000000163e+05 -1.562127000000000088e+01 9.414941000000000315e+01
2.318257799999999988e+05 -1.560055000000000014e+01 9.181208999999999776e+01
2.318259800000000105e+05 -1.573403000000000063e+01 9.416123000000000332e+01
2.318261800000000221e+05 -1.594467999999999996e+01 9.405240000000000578e+01
2.318263800000000047e+05 -1.562180999999999997e+01 9.267095000000000482e+01
2.318265800000000163e+05 -1.555861999999999945e+01 9.084327000000000396e+01
2.318267799999999988e+05 -1.628135999999999939e+01 9.395449999999999591e+01
2.318269800000000105e+05 -1.551023999999999958e+01 9.292355000000000587e+01
2.318271800000000221e+05 -1.548859000000000030e+01 9.498856000000000677e+01
2.318273800000000047e+05 -1.594102999999999959e+01 9.149715000000000487e+01
2.318275800000000163e+05 -1.560180000000000078e+01 9.451951999999999998e+01
2.318277799999999988e+05 -1.592497999999999969e+01 9.418309000000000708e+01
2.318279800000000105e+05 -1.588699000000000083e+01 9.417502000000000351e+01
2.318281800000000221e+05 -1.546672000000000047e+01 9.098796000000000106e+01
2.318283800000000047e+05 -1.540096999999999916e+01 9.340805000000000291e+01
2.318285800000000163e+05 -1.563465000000000060e+01 8.896858000000000288e+01
2.318287799999999988e+05 -1.620028999999999897e+01 9.421175999999999817e+01
2.318289800000000105e+05 -1.534159999999999968e+01 9.519957999999999743e+01
2.318291800000000221e+05 -1.509263999999999939e+01 9.143377999999999872e+01
2.318293800000000047e+05 -1.545067000000000057e+01 9.135526000000000124e+01
2.318295800000000163e+05 -1.594238999999999962e+01 9.175915999999999428e+01
2.318297799999999988e+05 -1.549993000000000087e+01 9.049339000000000510e+01
2.318299800000000105e+05 -1.575109999999999921e+01 9.178740999999999417e+01
2.318301800000000221e+05 -1.554711999999999961e+01 9.414552000000000476e+01
2.318303800000000047e+05 -1.586416999999999966e+01 9.151667000000000485e+01
2.318305800000000163e+05 -1.608259999999999934e+01 9.289936000000000149e+01
2.318307799999999988e+05 -1.598634999999999984e+01 8.672234000000000265e+01
2.318309800000000105e+05 -1.562179000000000073e+01 9.267423999999999751e+01
2.318311800000000221e+05 -1.549160999999999966e+01 9.353358000000000061e+01
2.318313800000000047e+05 -1.529175000000000040e+01 9.293438000000000443e+01
2.318315800000000163e+05 -1.563275999999999932e+01 9.082080999999999449e+01
2.318317799999999988e+05 -1.565635999999999939e+01 9.168182000000000187e+01
2.318319800000000105e+05 -1.555669999999999931e+01 9.059875999999999863e+01
2.318321800000000221e+05 -1.559520999999999979e+01 9.083277999999999963e+01
2.318323800000000047e+05 -1.652607000000000070e+01 9.233182999999999652e+01
2.318325800000000163e+05 -1.597570999999999941e+01 9.072147999999999968e+01
2.318327799999999988e+05 -1.582896999999999998e+01 8.937403999999999371e+01
2.318329800000000105e+05 -1.619144999999999968e+01 9.605649999999999977e+01
2.318331800000000221e+05 -1.513249000000000066e+01 9.352380999999999744e+01
2.318333800000000047e+05 -1.502293000000000056e+01 9.144737999999999545e+01
2.318335800000000163e+05 -1.559714999999999918e+01 8.898329999999999984e+01
2.318337799999999988e+05 -1.574932000000000087e+01 9.503995999999999356e+01
2.318339800000000105e+05 -1.606066999999999823e+01 9.199357000000000539e+01
2.318341800000000221e+05 -1.638325999999999993e+01 9.275275000000000603e+01
2.318343800000000047e+05 -1.541886000000000045e+01 9.305212000000000216e+01
2.318345800000000163e+05 -1.547119000000000000e+01 9.171402999999999395e+01
2.318347799999999988e+05 -1.586534999999999940e+01 9.481305999999999301e+01
2.318349800000000105e+05 -1.545068000000000019e+01 9.135365000000000180e+01
2.318351800000000221e+05 -1.525637000000000043e+01 9.364127999999999474e+01
2.318353800000000047e+05 -1.514579999999999949e+01 9.153647999999999740e+01
2.318355800000000163e+05 -1.514954000000000001e+01 9.387124000000000024e+01
2.318357799999999988e+05 -1.639876999999999896e+01 9.531404000000000565e+01
2.318359800000000105e+05 -1.577557000000000009e+01 8.977778999999999598e+01
2.318361800000000221e+05 -1.565252000000000088e+01 9.093765999999999394e+01
2.318363800000000047e+05 -1.617785999999999902e+01 9.486713000000000306e+01
2.318365800000000163e+05 -1.571169000000000082e+01 9.154504000000000019e+01
2.318367799999999988e+05 -1.589217999999999975e+01 9.545243000000000677e+01
2.318369800000000105e+05 -1.591609000000000052e+01 9.430934999999999491e+01
2.318371800000000221e+05 -1.542698000000000036e+01 9.208935999999999922e+01
2.318373800000000047e+05 -1.547855999999999987e+01 9.123442000000000007e+01
2.318375800000000163e+05 -1.524845999999999968e+01 8.963562000000000296e+01
2.318377799999999988e+05 -1.533750999999999998e+01 9.270105999999999824e+01
2.318379800000000105e+05 -1.555857999999999919e+01 8.962494999999999834e+01
2.318381800000000221e+05 -1.567009999999999970e+01 9.317064999999999486e+01
2.318383800000000047e+05 -1.611201000000000150e+01 9.302926999999999680e+01
2.318385800000000163e+05 -1.548179000000000016e+01 9.195953000000000088e+01
2.318387799999999988e+05 -1.572575999999999929e+01 9.379062999999999306e+01
2.318389800000000105e+05 -1.599477000000000082e+01 9.354751000000000261e+01
