# Time finished:
# 2015-06-02 05.46.01
# Temp volt start:
# 1.012469
# Temp volt stop:
# 1.012469
# Approx start T:
# 85.576337546
# Approx stop T:
# 85.5337355036
# DC bias measured, messed up:
# 5.155092
# DC bias we asked for:
# 0
2.318054299999999930e+05 -1.774145000000000039e+01 1.018532000000000011e+02
2.318056300000000047e+05 -1.607741000000000042e+01 8.756028999999999485e+01
2.318058299999999872e+05 -1.496027999999999913e+01 9.308684999999999832e+01
2.318060299999999988e+05 -1.527171000000000056e+01 9.331122000000000583e+01
2.318062299999999814e+05 -1.555122000000000071e+01 9.571729000000000553e+01
2.318064299999999930e+05 -1.496325000000000038e+01 9.669652999999999565e+01
2.318066300000000047e+05 -1.583486000000000082e+01 1.064936000000000007e+02
2.318068299999999872e+05 -1.453997000000000028e+01 9.524693999999999505e+01
2.318070299999999988e+05 -1.625837999999999894e+01 9.526882999999999413e+01
2.318072299999999814e+05 -1.516369000000000078e+01 1.060656000000000034e+02
2.318074299999999930e+05 -1.597926000000000002e+01 1.014350000000000023e+02
2.318076300000000047e+05 -1.998695999999999984e+01 9.793989999999999441e+01
2.318078299999999872e+05 -1.598437000000000019e+01 9.561017999999999972e+01
2.318080299999999988e+05 -1.590404000000000018e+01 8.867840999999999951e+01
2.318082299999999814e+05 -1.866367999999999938e+01 9.400872999999999990e+01
2.318084299999999930e+05 -1.690884000000000142e+01 8.570466999999999302e+01
2.318086300000000047e+05 -1.661103999999999914e+01 1.019082999999999970e+02
2.318088299999999872e+05 -1.541718999999999973e+01 1.060989000000000004e+02
2.318090299999999988e+05 -1.552833000000000041e+01 9.680581999999999709e+01
2.318092299999999814e+05 -1.270914999999999928e+01 9.642278000000000304e+01
2.318094299999999930e+05 -1.556207000000000029e+01 8.426270999999999844e+01
2.318096300000000047e+05 -1.493275000000000041e+01 8.647561000000000320e+01
2.318098299999999872e+05 -1.487420999999999971e+01 9.709923000000000570e+01
2.318100299999999988e+05 -1.440959999999999930e+01 9.752988999999999464e+01
2.318102299999999814e+05 -1.753785999999999845e+01 9.451518000000000086e+01
2.318104299999999930e+05 -1.552574000000000076e+01 9.296433000000000391e+01
2.318106300000000047e+05 -1.474761999999999951e+01 1.010223000000000013e+02
2.318108299999999872e+05 -1.656270999999999916e+01 1.030880999999999972e+02
2.318110299999999988e+05 -1.482493999999999978e+01 8.195636000000000365e+01
2.318112299999999814e+05 -1.462978999999999985e+01 8.648438000000000159e+01
2.318114299999999930e+05 -1.521031999999999940e+01 9.912264999999999304e+01
2.318116300000000047e+05 -1.556464000000000070e+01 1.029921999999999969e+02
2.318118299999999872e+05 -1.424127000000000010e+01 9.829576000000000136e+01
2.318120299999999988e+05 -1.477692000000000050e+01 8.547972000000000037e+01
2.318122299999999814e+05 -1.435139000000000031e+01 1.063175999999999988e+02
2.318124299999999930e+05 -1.500582999999999956e+01 8.903440999999999406e+01
2.318126300000000047e+05 -1.397949999999999982e+01 1.016859000000000037e+02
2.318128299999999872e+05 -1.595494000000000057e+01 9.671774000000000626e+01
2.318130299999999988e+05 -1.688683999999999941e+01 9.978136000000000649e+01
2.318132299999999814e+05 -1.833097000000000065e+01 9.298053000000000168e+01
2.318134299999999930e+05 -1.477313000000000009e+01 8.947557000000000471e+01
2.318136300000000047e+05 -1.583844999999999992e+01 9.431495999999999924e+01
2.318138299999999872e+05 -1.565358999999999945e+01 8.587023999999999546e+01
2.318140299999999988e+05 -1.835292000000000101e+01 9.149161999999999750e+01
2.318142299999999814e+05 -1.779325000000000045e+01 8.202119000000000426e+01
2.318144299999999930e+05 -1.525956000000000046e+01 1.074108999999999980e+02
2.318146300000000047e+05 -1.754934000000000083e+01 1.132331999999999965e+02
2.318148299999999872e+05 -1.516139000000000081e+01 8.905992000000000530e+01
2.318150299999999988e+05 -1.429594999999999949e+01 9.883875000000000455e+01
2.318152299999999814e+05 -1.810586999999999946e+01 1.063486000000000047e+02
2.318154299999999930e+05 -1.382602999999999938e+01 9.145345000000000368e+01
2.318156300000000047e+05 -1.535153000000000034e+01 1.020326000000000022e+02
2.318158299999999872e+05 -1.373090999999999973e+01 1.026200999999999937e+02
2.318160299999999988e+05 -1.503975999999999935e+01 1.096247999999999934e+02
2.318162299999999814e+05 -1.527200999999999986e+01 8.064506000000000085e+01
2.318164299999999930e+05 -1.526393000000000022e+01 1.057455000000000069e+02
2.318166300000000047e+05 -1.301487999999999978e+01 1.005203999999999951e+02
2.318168299999999872e+05 -1.508644999999999925e+01 8.852007999999999299e+01
2.318170299999999988e+05 -1.436996000000000073e+01 9.269995000000000118e+01
2.318172299999999814e+05 -1.578022999999999954e+01 9.258478999999999814e+01
2.318174299999999930e+05 -1.612768000000000157e+01 9.692613000000000056e+01
2.318176300000000047e+05 -1.478444000000000003e+01 1.000562999999999931e+02
2.318178299999999872e+05 -1.552108999999999916e+01 1.057639999999999958e+02
2.318180299999999988e+05 -1.490476999999999919e+01 9.868016000000000076e+01
2.318182299999999814e+05 -1.640230999999999995e+01 8.155733999999999639e+01
2.318184299999999930e+05 -1.528692000000000029e+01 1.097582000000000022e+02
2.318186300000000047e+05 -1.466263999999999967e+01 9.636977000000000260e+01
2.318188299999999872e+05 -1.674523999999999901e+01 1.121448000000000036e+02
2.318190299999999988e+05 -1.552838999999999992e+01 9.956841000000000008e+01
2.318192299999999814e+05 -1.568914000000000009e+01 9.699917000000000655e+01
2.318194299999999930e+05 -1.524719999999999942e+01 8.749193999999999960e+01
2.318196300000000047e+05 -1.484679000000000038e+01 9.809081999999999368e+01
2.318198299999999872e+05 -1.660142000000000095e+01 9.129913000000000523e+01
2.318200299999999988e+05 -1.543641000000000041e+01 1.101749999999999972e+02
2.318202299999999814e+05 -1.667818000000000112e+01 1.026616999999999962e+02
2.318204299999999930e+05 -1.622281999999999869e+01 9.229259000000000412e+01
2.318206300000000047e+05 -1.562972000000000072e+01 1.113375000000000057e+02
2.318208299999999872e+05 -1.523140000000000072e+01 9.540397000000000105e+01
2.318210299999999988e+05 -1.678976000000000113e+01 9.136794000000000437e+01
2.318212299999999814e+05 -1.539906000000000041e+01 8.967579000000000633e+01
2.318214299999999930e+05 -1.572489999999999988e+01 9.873426000000000613e+01
2.318216300000000047e+05 -1.447722000000000087e+01 1.020635999999999939e+02
2.318218299999999872e+05 -1.710138999999999854e+01 8.569753000000000043e+01
2.318220299999999988e+05 -1.722125000000000128e+01 1.016479999999999961e+02
2.318222299999999814e+05 -1.571869000000000050e+01 9.087394999999999357e+01
2.318224299999999930e+05 -1.491558999999999990e+01 1.044604999999999961e+02
2.318226300000000047e+05 -1.557540000000000013e+01 9.465501000000000431e+01
2.318228299999999872e+05 -1.620529000000000153e+01 9.346751000000000431e+01
2.318230299999999988e+05 -1.543380999999999936e+01 9.724339000000000510e+01
2.318232299999999814e+05 -1.477126999999999946e+01 9.496935000000000571e+01
2.318234299999999930e+05 -1.593482999999999983e+01 1.025258999999999929e+02
2.318236300000000047e+05 -1.595667000000000080e+01 9.965798999999999808e+01
2.318238299999999872e+05 -1.529020000000000046e+01 9.226470999999999378e+01
2.318240299999999988e+05 -1.580752000000000024e+01 1.100426999999999964e+02
2.318242299999999814e+05 -1.449370000000000047e+01 9.962803999999999860e+01
2.318244299999999930e+05 -1.628230999999999895e+01 9.410815999999999804e+01
2.318246300000000047e+05 -1.493671999999999933e+01 9.769360000000000355e+01
2.318248299999999872e+05 -1.671886999999999901e+01 8.822905000000000086e+01
2.318250299999999988e+05 -1.699303000000000097e+01 8.376466000000000633e+01
2.318252299999999814e+05 -1.750754999999999839e+01 8.562190999999999974e+01
2.318254299999999930e+05 -1.736505999999999972e+01 1.054223999999999961e+02
