# Time finished:
# 2015-06-04 07.33.29
# Temp volt start:
# 0.96769577
# Temp volt stop:
# 0.96769577
# Approx start T:
# 110.107665971
# Approx stop T:
# 110.155928737
# DC bias measured, messed up:
# 1.017172
# DC bias we asked for:
# 0
2.318662399999999907e+05 -1.542238000000000042e+01 8.841122000000000014e+01
2.318664400000000023e+05 -1.638147000000000020e+01 9.298744999999999550e+01
2.318666399999999849e+05 -1.550793999999999961e+01 9.159296000000000504e+01
2.318668399999999965e+05 -1.535852000000000039e+01 9.045189999999999486e+01
2.318670399999999790e+05 -1.608993999999999858e+01 8.944283000000000072e+01
2.318672399999999907e+05 -1.526458000000000048e+01 8.967898999999999887e+01
2.318674400000000023e+05 -1.592492000000000019e+01 9.014050000000000296e+01
2.318676399999999849e+05 -1.517305999999999955e+01 9.154366000000000270e+01
2.318678399999999965e+05 -1.531858000000000075e+01 9.674872999999999479e+01
2.318680399999999790e+05 -1.564016999999999946e+01 9.289722999999999331e+01
2.318682399999999907e+05 -1.517652999999999963e+01 9.383186000000000604e+01
2.318684400000000023e+05 -1.568735999999999997e+01 9.568681999999999732e+01
2.318686399999999849e+05 -1.559815000000000040e+01 9.121819000000000699e+01
2.318688399999999965e+05 -1.578673000000000037e+01 9.264588000000000534e+01
2.318690399999999790e+05 -1.566985000000000028e+01 9.556015999999999622e+01
2.318692399999999907e+05 -1.510355000000000025e+01 9.133312999999999704e+01
2.318694400000000023e+05 -1.490408000000000044e+01 9.270566999999999780e+01
2.318696399999999849e+05 -1.549403000000000041e+01 9.242848999999999648e+01
2.318698399999999965e+05 -1.545918999999999954e+01 9.290606999999999971e+01
2.318700399999999790e+05 -1.538721999999999923e+01 9.337632000000000687e+01
2.318702399999999907e+05 -1.554639000000000060e+01 9.183169999999999789e+01
2.318704400000000023e+05 -1.495425000000000004e+01 9.281481999999999744e+01
2.318706399999999849e+05 -1.576797999999999966e+01 9.227481000000000222e+01
2.318708399999999965e+05 -1.541163000000000061e+01 9.619580999999999449e+01
2.318710399999999790e+05 -1.587931999999999988e+01 9.226971000000000345e+01
2.318712399999999907e+05 -1.571344000000000030e+01 9.338361000000000445e+01
2.318714400000000023e+05 -1.617069000000000045e+01 8.966612999999999545e+01
2.318716399999999849e+05 -1.593759999999999977e+01 9.313783999999999708e+01
2.318718399999999965e+05 -1.605041999999999902e+01 9.439745999999999526e+01
2.318720399999999790e+05 -1.610950000000000060e+01 9.402325999999999340e+01
2.318722399999999907e+05 -1.545916000000000068e+01 9.290930000000000177e+01
2.318724400000000023e+05 -1.582174999999999976e+01 9.166035999999999717e+01
2.318726399999999849e+05 -1.563626000000000005e+01 9.169410000000000593e+01
2.318728399999999965e+05 -1.576876000000000033e+01 8.946572999999999354e+01
2.318730399999999790e+05 -1.573825000000000074e+01 9.020918000000000347e+01
2.318732399999999907e+05 -1.574342000000000041e+01 9.766142000000000678e+01
2.318734400000000023e+05 -1.597288999999999959e+01 9.464046000000000447e+01
2.318736399999999849e+05 -1.535163000000000011e+01 9.360917000000000598e+01
2.318738399999999965e+05 -1.502011000000000074e+01 9.191403999999999996e+01
2.318740399999999790e+05 -1.584312000000000076e+01 9.276699999999999591e+01
2.318742399999999907e+05 -1.589788000000000068e+01 9.189545999999999992e+01
2.318744400000000023e+05 -1.550553000000000026e+01 9.088379999999999370e+01
2.318746399999999849e+05 -1.573178000000000054e+01 9.350374999999999659e+01
2.318748399999999965e+05 -1.509055999999999997e+01 9.348633999999999844e+01
2.318750399999999790e+05 -1.536477999999999966e+01 9.115604999999999336e+01
2.318752399999999907e+05 -1.612859999999999872e+01 9.262282000000000437e+01
2.318754400000000023e+05 -1.533426000000000045e+01 9.302761999999999887e+01
2.318756399999999849e+05 -1.522878000000000043e+01 9.371963999999999828e+01
2.318758399999999965e+05 -1.538687999999999967e+01 9.314525999999999328e+01
2.318760399999999790e+05 -1.552996000000000087e+01 9.433114999999999384e+01
2.318762399999999907e+05 -1.564757999999999960e+01 9.616169999999999618e+01
2.318764400000000023e+05 -1.547694000000000081e+01 9.350066999999999950e+01
2.318766399999999849e+05 -1.578654000000000046e+01 9.412288999999999817e+01
2.318768399999999965e+05 -1.545885999999999960e+01 9.314328999999999326e+01
2.318770399999999790e+05 -1.529842000000000013e+01 9.418900999999999613e+01
2.318772399999999907e+05 -1.584229999999999983e+01 9.227527000000000612e+01
2.318774400000000023e+05 -1.552736999999999945e+01 9.504922000000000537e+01
2.318776399999999849e+05 -1.615640000000000143e+01 9.620995999999999526e+01
2.318778399999999965e+05 -1.569701000000000057e+01 8.973775999999999442e+01
2.318780399999999790e+05 -1.584408999999999956e+01 9.326296000000000674e+01
2.318782399999999907e+05 -1.579106999999999950e+01 8.982313999999999510e+01
2.318784400000000023e+05 -1.587729999999999997e+01 9.152558000000000504e+01
2.318786399999999849e+05 -1.575563999999999965e+01 9.644379000000000701e+01
2.318788399999999965e+05 -1.618844999999999956e+01 8.953629999999999711e+01
2.318790399999999790e+05 -1.483585000000000065e+01 9.249335000000000662e+01
2.318792399999999907e+05 -1.593807999999999936e+01 9.364011000000000706e+01
2.318794400000000023e+05 -1.601311000000000107e+01 9.389415999999999940e+01
2.318796399999999849e+05 -1.605509999999999948e+01 8.806783000000000072e+01
2.318798399999999965e+05 -1.563828999999999958e+01 9.434721999999999298e+01
2.318800399999999790e+05 -1.565840999999999994e+01 9.374406999999999357e+01
2.318802399999999907e+05 -1.608861999999999881e+01 9.212035000000000196e+01
2.318804400000000023e+05 -1.570639000000000074e+01 9.095047999999999888e+01
2.318806399999999849e+05 -1.558211000000000013e+01 9.494262999999999408e+01
2.318808399999999965e+05 -1.587424000000000035e+01 9.549124000000000478e+01
2.318810399999999790e+05 -1.576567000000000007e+01 9.497415999999999769e+01
2.318812399999999907e+05 -1.550553000000000026e+01 9.563853000000000293e+01
2.318814400000000023e+05 -1.540872000000000064e+01 8.832189999999999941e+01
2.318816399999999849e+05 -1.587095000000000056e+01 9.053543000000000518e+01
2.318818399999999965e+05 -1.545853999999999928e+01 9.385545999999999367e+01
2.318820399999999790e+05 -1.584230999999999945e+01 9.227476000000000056e+01
2.318822399999999907e+05 -1.586158000000000001e+01 9.313862000000000307e+01
2.318824400000000023e+05 -1.565759000000000079e+01 9.374603999999999360e+01
2.318826399999999849e+05 -1.513944000000000045e+01 9.177994999999999948e+01
2.318828399999999965e+05 -1.503744000000000014e+01 9.202603999999999473e+01
2.318830399999999790e+05 -1.535973000000000077e+01 9.606874000000000535e+01
2.318832399999999907e+05 -1.565211000000000041e+01 9.109120000000000061e+01
2.318834400000000023e+05 -1.533488000000000007e+01 9.349427000000000021e+01
2.318836399999999849e+05 -1.520805000000000007e+01 9.154361000000000104e+01
2.318838399999999965e+05 -1.526482999999999990e+01 9.303230000000000643e+01
2.318840399999999790e+05 -1.568377000000000088e+01 8.853012999999999977e+01
2.318842399999999907e+05 -1.529374999999999929e+01 9.535187999999999420e+01
2.318844400000000023e+05 -1.625665000000000049e+01 9.067157000000000266e+01
2.318846399999999849e+05 -1.544044000000000061e+01 9.279191000000000145e+01
2.318848399999999965e+05 -1.579840000000000089e+01 9.080398999999999887e+01
2.318850399999999790e+05 -1.586154999999999937e+01 9.314166000000000167e+01
2.318852399999999907e+05 -1.536949000000000076e+01 9.256462999999999397e+01
2.318854400000000023e+05 -1.576927000000000056e+01 9.301882999999999413e+01
2.318856399999999849e+05 -1.554443000000000019e+01 9.135765000000000668e+01
2.318858399999999965e+05 -1.596970999999999918e+01 9.113466999999999985e+01
2.318860399999999790e+05 -1.506747000000000014e+01 8.772337000000000273e+01
2.318862399999999907e+05 -1.543401000000000067e+01 9.090904000000000451e+01
