# Time finished:
# 2015-06-03 04.27.47
# Temp volt start:
# 1.0192616
# Temp volt stop:
# 1.0192616
# Approx start T:
# 81.737711325
# Approx stop T:
# 81.7609784274
# DC bias measured, messed up:
# 1.099042
# DC bias we asked for:
# 0
2.318113699999999953e+05 -1.562154999999999916e+01 9.028336000000000183e+01
2.318115700000000070e+05 -1.633836000000000155e+01 9.199911000000000172e+01
2.318117699999999895e+05 -1.554190000000000005e+01 9.139969999999999573e+01
2.318119700000000012e+05 -1.578312000000000026e+01 9.171913000000000693e+01
2.318121699999999837e+05 -1.586008999999999958e+01 9.269223999999999819e+01
2.318123699999999953e+05 -1.605120000000000147e+01 9.292961999999999989e+01
2.318125700000000070e+05 -1.540381999999999962e+01 9.307675999999999306e+01
2.318127699999999895e+05 -1.602659999999999840e+01 9.533039999999999736e+01
2.318129700000000012e+05 -1.570715000000000039e+01 9.124572000000000571e+01
2.318131699999999837e+05 -1.589406999999999925e+01 9.145099999999999341e+01
2.318133699999999953e+05 -1.542197999999999958e+01 9.390184999999999604e+01
2.318135700000000070e+05 -1.593051999999999957e+01 9.119230000000000302e+01
2.318137699999999895e+05 -1.574994000000000050e+01 9.319492999999999938e+01
2.318139700000000012e+05 -1.567599000000000053e+01 9.367560000000000286e+01
2.318141699999999837e+05 -1.603169000000000111e+01 9.306101999999999919e+01
2.318143699999999953e+05 -1.552833000000000041e+01 9.224451000000000533e+01
2.318145700000000070e+05 -1.571166999999999980e+01 9.246265999999999963e+01
2.318147699999999895e+05 -1.587917000000000023e+01 9.405863999999999692e+01
2.318149700000000012e+05 -1.557707000000000086e+01 8.755554999999999666e+01
2.318151699999999837e+05 -1.560122999999999927e+01 9.199408999999999992e+01
2.318153699999999953e+05 -1.560158999999999985e+01 9.247226999999999464e+01
2.318155700000000070e+05 -1.591619000000000028e+01 9.231586000000000070e+01
2.318157699999999895e+05 -1.559717999999999982e+01 9.127021000000000583e+01
2.318159700000000012e+05 -1.546918999999999933e+01 9.094324000000000296e+01
2.318161699999999837e+05 -1.551182000000000016e+01 9.259954000000000462e+01
2.318163699999999953e+05 -1.569430000000000014e+01 9.307004999999999484e+01
2.318165700000000070e+05 -1.560283000000000087e+01 9.343625000000000114e+01
2.318167699999999895e+05 -1.595725000000000016e+01 8.805283000000000015e+01
2.318169700000000012e+05 -1.522029999999999994e+01 9.078445999999999572e+01
2.318171699999999837e+05 -1.568445999999999962e+01 9.064741999999999678e+01
2.318173699999999953e+05 -1.552637000000000000e+01 8.926300999999999419e+01
2.318175700000000070e+05 -1.556338000000000044e+01 9.176243999999999801e+01
2.318177699999999895e+05 -1.565704999999999991e+01 9.380017999999999745e+01
2.318179700000000012e+05 -1.607600000000000051e+01 9.014610000000000412e+01
2.318181699999999837e+05 -1.603033999999999892e+01 9.230607999999999436e+01
2.318183699999999953e+05 -1.601194999999999879e+01 9.243433000000000277e+01
2.318185700000000070e+05 -1.574694000000000038e+01 9.197097999999999729e+01
2.318187699999999895e+05 -1.598750000000000071e+01 8.753091000000000577e+01
2.318189700000000012e+05 -1.559933000000000014e+01 8.923322000000000287e+01
2.318191699999999837e+05 -1.556624000000000052e+01 9.295884999999999820e+01
2.318193699999999953e+05 -1.565616999999999948e+01 9.403982000000000596e+01
2.318195700000000070e+05 -1.558403000000000027e+01 9.259498999999999569e+01
2.318197699999999895e+05 -1.563748000000000005e+01 9.223046999999999684e+01
2.318199700000000012e+05 -1.565503999999999962e+01 9.210475999999999885e+01
2.318201699999999837e+05 -1.576487999999999978e+01 9.478311999999999671e+01
2.318203699999999953e+05 -1.560884000000000071e+01 9.018712999999999624e+01
2.318205700000000070e+05 -1.554346999999999923e+01 9.140484999999999616e+01
2.318207699999999895e+05 -1.559922000000000075e+01 9.175609000000000037e+01
2.318209700000000012e+05 -1.593514000000000053e+01 9.219513999999999498e+01
2.318211699999999837e+05 -1.599161999999999928e+01 9.205965000000000487e+01
2.318213699999999953e+05 -1.530922999999999945e+01 9.110880000000000223e+01
2.318215700000000070e+05 -1.542182999999999993e+01 9.343464000000000169e+01
2.318217699999999895e+05 -1.565582999999999991e+01 9.210792999999999608e+01
2.318219700000000012e+05 -1.544007000000000041e+01 9.284153000000000588e+01
2.318221699999999837e+05 -1.529593000000000025e+01 9.192660999999999660e+01
2.318223699999999953e+05 -1.534308000000000050e+01 9.086758000000000379e+01
2.318225700000000070e+05 -1.554743000000000031e+01 9.260138999999999498e+01
2.318227699999999895e+05 -1.565339999999999954e+01 9.162533999999999423e+01
2.318229700000000012e+05 -1.612155999999999878e+01 9.114691999999999439e+01
2.318231699999999837e+05 -1.594726999999999961e+01 9.081540999999999997e+01
2.318233699999999953e+05 -1.597458999999999918e+01 9.319042000000000314e+01
2.318235700000000070e+05 -1.567594000000000065e+01 9.294736000000000331e+01
2.318237699999999895e+05 -1.587677000000000049e+01 9.182925000000000182e+01
2.318239700000000012e+05 -1.513124999999999964e+01 9.047038000000000579e+01
2.318241699999999837e+05 -1.557695000000000007e+01 8.887780999999999665e+01
2.318243699999999953e+05 -1.614236999999999966e+01 9.126722999999999786e+01
2.318245700000000070e+05 -1.605123999999999995e+01 9.369207000000000107e+01
2.318247699999999895e+05 -1.578946000000000005e+01 8.987794999999999845e+01
2.318249700000000012e+05 -1.577473999999999954e+01 9.024831000000000358e+01
2.318251699999999837e+05 -1.569172000000000011e+01 9.185880000000000223e+01
2.318253699999999953e+05 -1.545875999999999983e+01 9.296129000000000531e+01
2.318255700000000070e+05 -1.582375000000000043e+01 9.294431000000000154e+01
2.318257699999999895e+05 -1.584223000000000070e+01 9.381140999999999508e+01
2.318259700000000012e+05 -1.586105000000000054e+01 8.798957000000000050e+01
2.318261699999999837e+05 -1.563569999999999993e+01 9.488618999999999915e+01
2.318263699999999953e+05 -1.593632999999999988e+01 9.319109000000000265e+01
2.318265700000000070e+05 -1.521038000000000068e+01 9.274528999999999712e+01
2.318267699999999895e+05 -1.597350999999999921e+01 9.244124999999999659e+01
2.318269700000000012e+05 -1.573103000000000051e+01 9.331730000000000302e+01
2.318271699999999837e+05 -1.552637000000000000e+01 9.152937000000000012e+01
2.318273699999999953e+05 -1.601889999999999858e+01 8.839588000000000534e+01
2.318275700000000070e+05 -1.592760999999999960e+01 9.069762000000000057e+01
2.318277699999999895e+05 -1.572793000000000063e+01 8.929164000000000101e+01
2.318279700000000012e+05 -1.580428000000000033e+01 9.233553000000000566e+01
2.318281699999999837e+05 -1.610861999999999838e+01 9.281073999999999558e+01
2.318283699999999953e+05 -1.536420000000000030e+01 8.922571000000000652e+01
2.318285700000000070e+05 -1.583937000000000062e+01 8.924093999999999482e+01
2.318287699999999895e+05 -1.531610000000000049e+01 9.343317000000000405e+01
2.318289700000000012e+05 -1.540267000000000053e+01 8.943918999999999642e+01
2.318291699999999837e+05 -1.565803000000000011e+01 9.307479999999999620e+01
2.318293699999999953e+05 -1.569375999999999927e+01 9.282936999999999728e+01
2.318295700000000070e+05 -1.563898999999999972e+01 9.367748000000000275e+01
2.318297699999999895e+05 -1.577974000000000032e+01 8.890079000000000065e+01
2.318299700000000012e+05 -1.544027999999999956e+01 9.355701999999999430e+01
2.318301699999999837e+05 -1.580377000000000010e+01 9.454506000000000654e+01
2.318303699999999953e+05 -1.555241000000000007e+01 9.009219000000000221e+01
2.318305700000000070e+05 -1.527528000000000041e+01 8.915088000000000079e+01
2.318307699999999895e+05 -1.529471999999999987e+01 9.169701000000000590e+01
2.318309700000000012e+05 -1.567512999999999934e+01 9.368153999999999826e+01
2.318311699999999837e+05 -1.533067999999999920e+01 9.192000000000000171e+01
2.318313699999999953e+05 -1.601968000000000103e+01 9.029185999999999979e+01
