# Time finished:
# 2015-06-02 08.05.25
# Temp volt start:
# 1.0182341
# Temp volt stop:
# 1.0182341
# Approx start T:
# 82.3204496114
# Approx stop T:
# 82.3153485689
# DC bias measured, messed up:
# 5.082886
# DC bias we asked for:
# 0
2.317988299999999872e+05 -1.627245999999999881e+01 1.158586999999999989e+02
2.317990299999999988e+05 -1.546565999999999974e+01 8.827849999999999397e+01
2.317992299999999814e+05 -1.467259999999999920e+01 9.294611999999999341e+01
2.317994299999999930e+05 -1.663496999999999915e+01 9.622646000000000299e+01
2.317996299999999756e+05 -1.655865000000000009e+01 8.902034000000000447e+01
2.317998299999999872e+05 -1.456020000000000003e+01 1.119320000000000022e+02
2.318000299999999988e+05 -1.866328000000000031e+01 1.009164999999999992e+02
2.318002299999999814e+05 -1.465276000000000067e+01 1.035799999999999983e+02
2.318004299999999930e+05 -1.602872999999999948e+01 9.898691999999999780e+01
2.318006299999999756e+05 -1.435220999999999947e+01 9.784074999999999989e+01
2.318008299999999872e+05 -1.781291999999999831e+01 9.616200000000000614e+01
2.318010299999999988e+05 -1.404785000000000039e+01 9.612081999999999482e+01
2.318012299999999814e+05 -1.523917999999999928e+01 9.795650000000000546e+01
2.318014299999999930e+05 -1.632948000000000022e+01 9.765628999999999849e+01
2.318016299999999756e+05 -1.523208999999999946e+01 8.876649000000000456e+01
2.318018299999999872e+05 -1.566488000000000014e+01 8.138463000000000136e+01
2.318020299999999988e+05 -1.777846999999999866e+01 9.749084000000000572e+01
2.318022299999999814e+05 -1.717088999999999999e+01 1.052747999999999990e+02
2.318024299999999930e+05 -1.628378999999999976e+01 8.381274000000000513e+01
2.318026299999999756e+05 -1.502933999999999948e+01 9.369028000000000134e+01
2.318028299999999872e+05 -1.651435999999999993e+01 1.027092999999999989e+02
2.318030299999999988e+05 -1.451572999999999958e+01 9.378997999999999990e+01
2.318032299999999814e+05 -1.442609999999999992e+01 8.540706000000000131e+01
2.318034299999999930e+05 -1.628290000000000148e+01 9.067439000000000249e+01
2.318036299999999756e+05 -1.600731999999999999e+01 9.223672000000000537e+01
2.318038299999999872e+05 -1.423259999999999970e+01 1.013867999999999938e+02
2.318040299999999988e+05 -1.426934999999999931e+01 9.821112999999999715e+01
2.318042299999999814e+05 -1.524005999999999972e+01 9.795158000000000698e+01
2.318044299999999930e+05 -1.511814000000000036e+01 9.678876999999999953e+01
2.318046299999999756e+05 -1.614155999999999835e+01 1.049802999999999997e+02
2.318048299999999872e+05 -1.640578999999999965e+01 1.031058000000000021e+02
2.318050299999999988e+05 -1.497194000000000003e+01 9.915657000000000210e+01
2.318052299999999814e+05 -1.529204999999999970e+01 8.315761000000000536e+01
2.318054299999999930e+05 -1.362604999999999933e+01 8.808853000000000577e+01
2.318056299999999756e+05 -1.563080000000000069e+01 8.724358999999999753e+01
2.318058299999999872e+05 -1.356476999999999933e+01 8.766467000000000098e+01
2.318060299999999988e+05 -1.587135999999999925e+01 8.561220000000000141e+01
2.318062299999999814e+05 -1.538533999999999935e+01 7.372132999999999470e+01
2.318064299999999930e+05 -1.724220000000000041e+01 9.430205999999999733e+01
2.318066299999999756e+05 -1.650290000000000035e+01 9.786021999999999821e+01
2.318068299999999872e+05 -1.707528999999999897e+01 8.160927999999999827e+01
2.318070299999999988e+05 -1.516093000000000046e+01 1.025103000000000009e+02
2.318072299999999814e+05 -1.619190000000000040e+01 9.121658999999999651e+01
2.318074299999999930e+05 -1.573502000000000045e+01 9.751118999999999915e+01
2.318076299999999756e+05 -1.397031999999999918e+01 9.339580999999999733e+01
2.318078299999999872e+05 -1.656223999999999918e+01 8.784507999999999583e+01
2.318080299999999988e+05 -1.503006000000000064e+01 1.053881999999999977e+02
2.318082299999999814e+05 -1.463494999999999990e+01 8.487415000000000020e+01
2.318084299999999930e+05 -1.684551000000000087e+01 9.520373999999999626e+01
2.318086299999999756e+05 -1.634994000000000014e+01 8.206302999999999770e+01
2.318088299999999872e+05 -1.465581000000000067e+01 9.726308000000000220e+01
2.318090299999999988e+05 -1.386054000000000030e+01 1.021310000000000002e+02
2.318092299999999814e+05 -1.705718999999999852e+01 9.414499000000000706e+01
2.318094299999999930e+05 -1.523517999999999972e+01 8.877818000000000609e+01
2.318096299999999756e+05 -1.447719000000000023e+01 8.305836999999999648e+01
2.318098299999999872e+05 -1.557616999999999940e+01 9.732079000000000235e+01
2.318100299999999988e+05 -1.453571999999999953e+01 9.618107999999999436e+01
2.318102299999999814e+05 -1.516025999999999918e+01 1.088692000000000064e+02
2.318104299999999930e+05 -1.566798999999999964e+01 9.689431999999999334e+01
2.318106299999999756e+05 -1.483169000000000004e+01 9.209627999999999304e+01
2.318108299999999872e+05 -1.793217999999999890e+01 1.048061000000000007e+02
2.318110299999999988e+05 -1.408084999999999987e+01 9.978579999999999472e+01
2.318112299999999814e+05 -1.536204999999999998e+01 9.915913000000000466e+01
2.318114299999999930e+05 -1.653355000000000175e+01 9.671654999999999802e+01
2.318116299999999756e+05 -1.629698000000000135e+01 8.840592999999999790e+01
2.318118299999999872e+05 -1.603028000000000119e+01 9.899273999999999774e+01
2.318120299999999988e+05 -1.569618999999999964e+01 9.584991999999999734e+01
2.318122299999999814e+05 -1.673108999999999824e+01 9.026975000000000193e+01
2.318124299999999930e+05 -1.448249000000000031e+01 1.003930000000000007e+02
2.318126299999999756e+05 -1.653947000000000145e+01 9.970624999999999716e+01
2.318128299999999872e+05 -1.445649000000000051e+01 9.656416000000000111e+01
2.318130299999999988e+05 -1.729973999999999990e+01 7.821541000000000565e+01
2.318132299999999814e+05 -1.788599999999999923e+01 9.208350000000000080e+01
2.318134299999999930e+05 -1.368647999999999954e+01 1.013957999999999942e+02
2.318136299999999756e+05 -1.453159999999999918e+01 9.286999000000000137e+01
2.318138299999999872e+05 -1.325169999999999959e+01 9.905534000000000106e+01
2.318140299999999988e+05 -1.668059999999999832e+01 9.809516000000000702e+01
2.318142299999999814e+05 -1.457661000000000051e+01 8.017619000000000540e+01
2.318144299999999930e+05 -1.622889999999999944e+01 9.811611999999999512e+01
2.318146299999999756e+05 -1.610054999999999836e+01 8.276444999999999652e+01
2.318148299999999872e+05 -1.506146999999999991e+01 9.875691999999999382e+01
2.318150299999999988e+05 -1.588217999999999996e+01 9.491643999999999437e+01
2.318152299999999814e+05 -1.882882999999999996e+01 7.172480000000000189e+01
2.318154299999999930e+05 -1.629823999999999984e+01 8.839803000000000566e+01
2.318156299999999756e+05 -1.555391000000000012e+01 1.027022999999999939e+02
2.318158299999999872e+05 -1.562273000000000067e+01 8.936969999999999459e+01
2.318160299999999988e+05 -1.676732000000000156e+01 9.453265000000000384e+01
2.318162299999999814e+05 -1.492779999999999951e+01 9.511887000000000114e+01
2.318164299999999930e+05 -1.650656000000000034e+01 9.371559000000000594e+01
2.318166299999999756e+05 -1.506736000000000075e+01 8.377606000000000108e+01
2.318168299999999872e+05 -1.436017999999999972e+01 8.770462000000000558e+01
2.318170299999999988e+05 -1.719547999999999988e+01 9.106337999999999511e+01
2.318172299999999814e+05 -1.464109999999999978e+01 8.679166999999999632e+01
2.318174299999999930e+05 -1.644529999999999959e+01 8.258817000000000519e+01
2.318176299999999756e+05 -1.462293999999999983e+01 1.006115999999999957e+02
2.318178299999999872e+05 -1.601509000000000071e+01 1.018293000000000035e+02
2.318180299999999988e+05 -1.593969000000000058e+01 1.140701999999999998e+02
2.318182299999999814e+05 -1.449863000000000035e+01 8.585738000000000625e+01
2.318184299999999930e+05 -1.374751000000000012e+01 1.073071999999999946e+02
2.318186299999999756e+05 -1.562273000000000067e+01 8.936969999999999459e+01
2.318188299999999872e+05 -1.564741000000000071e+01 9.417918000000000234e+01
