# Time finished:
# 2015-06-04 14.24.26
# Temp volt start:
# 0.89395878
# Temp volt stop:
# 0.89395878
# Approx start T:
# 147.959473397
# Approx stop T:
# 148.049336338
# DC bias measured, messed up:
# 1.155145
# DC bias we asked for:
# 0
2.319161799999999930e+05 -1.554040999999999961e+01 9.285841000000000633e+01
2.319163800000000047e+05 -1.559337999999999980e+01 9.431735000000000468e+01
2.319165799999999872e+05 -1.586285999999999952e+01 9.596775999999999840e+01
2.319167799999999988e+05 -1.600972000000000151e+01 9.178534999999999400e+01
2.319169799999999814e+05 -1.619267999999999930e+01 9.270968999999999482e+01
2.319171799999999930e+05 -1.576695999999999920e+01 9.434184000000000481e+01
2.319173800000000047e+05 -1.556007999999999925e+01 9.187027000000000498e+01
2.319175799999999872e+05 -1.564784000000000042e+01 9.399155000000000371e+01
2.319177799999999988e+05 -1.559317000000000064e+01 9.521926000000000556e+01
2.319179799999999814e+05 -1.559196000000000026e+01 9.544603999999999644e+01
2.319181799999999930e+05 -1.564484000000000030e+01 9.174518000000000484e+01
2.319183800000000047e+05 -1.558003000000000071e+01 9.287197999999999354e+01
2.319185799999999872e+05 -1.568028999999999940e+01 9.467225999999999431e+01
2.319187799999999988e+05 -1.587251999999999974e+01 9.273784999999999457e+01
2.319189799999999814e+05 -1.544558999999999926e+01 9.331825999999999510e+01
2.319191799999999930e+05 -1.542936000000000085e+01 9.387012000000000000e+01
2.319193800000000047e+05 -1.584754000000000040e+01 8.904710000000000036e+01
2.319195799999999872e+05 -1.614914999999999878e+01 9.080666999999999689e+01
2.319197799999999988e+05 -1.510106999999999999e+01 9.237520000000000664e+01
2.319199799999999814e+05 -1.536616000000000071e+01 9.659144000000000574e+01
2.319201799999999930e+05 -1.571274000000000015e+01 9.513168000000000291e+01
2.319203800000000047e+05 -1.604891999999999896e+01 9.248559000000000196e+01
2.319205799999999872e+05 -1.632219999999999871e+01 9.354870999999999981e+01
2.319207799999999988e+05 -1.595936000000000021e+01 9.237694000000000472e+01
2.319209799999999814e+05 -1.566539999999999999e+01 9.320374999999999943e+01
2.319211799999999930e+05 -1.539575999999999922e+01 9.386834000000000344e+01
2.319213800000000047e+05 -1.597836000000000034e+01 9.413441000000000258e+01
2.319215799999999872e+05 -1.568252000000000024e+01 9.331856999999999402e+01
2.319217799999999988e+05 -1.606453000000000131e+01 9.189758999999999389e+01
2.319219799999999814e+05 -1.599573000000000000e+01 9.261136999999999375e+01
2.319221799999999930e+05 -1.549649999999999928e+01 9.343147000000000446e+01
2.319223800000000047e+05 -1.574867000000000061e+01 9.195163999999999760e+01
2.319225799999999872e+05 -1.551139000000000046e+01 9.442888999999999555e+01
2.319227799999999988e+05 -1.568243000000000009e+01 9.309242999999999313e+01
2.319229799999999814e+05 -1.564761999999999986e+01 9.264615999999999474e+01
2.319231799999999930e+05 -1.578519000000000005e+01 9.263281000000000631e+01
2.319233800000000047e+05 -1.499065000000000047e+01 9.290976999999999464e+01
2.319235799999999872e+05 -1.587106999999999957e+01 9.481743000000000166e+01
2.319237799999999988e+05 -1.541214000000000084e+01 9.419950000000000045e+01
2.319239799999999814e+05 -1.536262999999999934e+01 8.983832999999999913e+01
2.319241799999999930e+05 -1.556804999999999950e+01 9.041946000000000083e+01
2.319243800000000047e+05 -1.549788999999999994e+01 8.999823000000000661e+01
2.319245799999999872e+05 -1.599643000000000015e+01 9.354939000000000249e+01
2.319247799999999988e+05 -1.548605000000000054e+01 8.889885999999999910e+01
2.319249799999999814e+05 -1.549676000000000009e+01 9.365558000000000050e+01
2.319251799999999930e+05 -1.574642000000000053e+01 9.753324999999999534e+01
2.319253800000000047e+05 -1.559683000000000064e+01 9.433010000000000161e+01
2.319255799999999872e+05 -1.552968000000000082e+01 9.343335999999999331e+01
2.319257799999999988e+05 -1.575061000000000000e+01 9.263421999999999912e+01
2.319259799999999814e+05 -1.557731000000000066e+01 9.175896000000000186e+01
2.319261799999999930e+05 -1.485402999999999984e+01 9.045644000000000062e+01
2.319263800000000047e+05 -1.599640999999999913e+01 9.355110999999999422e+01
2.319265799999999872e+05 -1.573254999999999981e+01 9.229543999999999926e+01
2.319267799999999988e+05 -1.628519000000000005e+01 9.404143999999999437e+01
2.319269799999999814e+05 -1.517969000000000079e+01 9.524696000000000140e+01
2.319271799999999930e+05 -1.579521000000000086e+01 9.595372000000000412e+01
2.319273800000000047e+05 -1.569969999999999999e+01 9.388603999999999417e+01
2.319275799999999872e+05 -1.539137999999999984e+01 9.540031000000000461e+01
2.319277799999999988e+05 -1.566277999999999970e+01 9.185335999999999501e+01
2.319279799999999814e+05 -1.545747000000000071e+01 9.541473000000000582e+01
2.319281799999999930e+05 -1.542402000000000051e+01 8.937059000000000708e+01
2.319283800000000047e+05 -1.551071999999999917e+01 9.221465999999999497e+01
2.319285799999999872e+05 -1.533028999999999975e+01 9.365153999999999712e+01
2.319287799999999988e+05 -1.564813000000000009e+01 9.422359000000000151e+01
2.319289799999999814e+05 -1.579963000000000051e+01 8.942341999999999302e+01
2.319291799999999930e+05 -1.573504999999999932e+01 8.990780999999999779e+01
2.319293800000000047e+05 -1.564772999999999925e+01 9.422289999999999566e+01
2.319295799999999872e+05 -1.566571000000000069e+01 9.365597999999999956e+01
2.319297799999999988e+05 -1.589231999999999978e+01 8.995803999999999689e+01
2.319299799999999814e+05 -1.574864999999999959e+01 9.195497000000000298e+01
2.319301799999999930e+05 -1.552598000000000056e+01 9.521000999999999692e+01
2.319303800000000047e+05 -1.544612000000000052e+01 9.376322999999999297e+01
2.319305799999999872e+05 -1.567900000000000027e+01 9.173927999999999372e+01
2.319307799999999988e+05 -1.516736000000000040e+01 9.364482999999999890e+01
2.319309799999999814e+05 -1.576809000000000083e+01 9.274720000000000653e+01
2.319311799999999930e+05 -1.576895999999999987e+01 9.320495999999999981e+01
2.319313800000000047e+05 -1.554542000000000002e+01 9.443452000000000623e+01
2.319315799999999872e+05 -1.549400999999999939e+01 9.210223000000000582e+01
2.319317799999999988e+05 -1.580044000000000004e+01 9.503265000000000384e+01
2.319319799999999814e+05 -1.537847000000000008e+01 9.441307000000000471e+01
2.319321799999999930e+05 -1.571705000000000041e+01 9.377130999999999972e+01
2.319323800000000047e+05 -1.563116999999999912e+01 9.365632999999999697e+01
2.319325799999999872e+05 -1.591702000000000083e+01 9.610460999999999387e+01
2.319327799999999988e+05 -1.559511999999999965e+01 9.209193000000000495e+01
2.319329799999999814e+05 -1.532540000000000013e+01 9.538554999999999495e+01
2.319331799999999930e+05 -1.601410999999999873e+01 9.366921000000000674e+01
2.319333800000000047e+05 -1.576768000000000036e+01 9.274741000000000213e+01
2.319335799999999872e+05 -1.580320000000000036e+01 9.320701999999999998e+01
2.319337799999999988e+05 -1.553007999999999988e+01 9.343335000000000434e+01
2.319339799999999814e+05 -1.591464000000000034e+01 9.053564000000000078e+01
2.319341799999999930e+05 -1.507413999999999987e+01 9.649244000000000199e+01
2.319343800000000047e+05 -1.585426999999999964e+01 9.239710999999999785e+01
2.319345799999999872e+05 -1.563147000000000020e+01 9.298448999999999387e+01
2.319347799999999988e+05 -1.573384000000000071e+01 9.297996999999999446e+01
2.319349799999999814e+05 -1.545935000000000059e+01 9.189067000000000007e+01
2.319351799999999930e+05 -1.554273000000000060e+01 9.176855000000000473e+01
2.319353800000000047e+05 -1.566525999999999996e+01 9.276340000000000430e+01
2.319355799999999872e+05 -1.583783999999999992e+01 9.297665999999999542e+01
2.319357799999999988e+05 -1.566576000000000057e+01 9.343738000000000454e+01
2.319359799999999814e+05 -1.581658000000000008e+01 9.171793999999999869e+01
2.319361799999999930e+05 -1.604552999999999940e+01 9.154944999999999311e+01
