# Time finished:
# 2015-06-02 18.51.42
# Temp volt start:
# 1.4654544
# Temp volt stop:
# 1.4654544
# Approx start T:
# -271.792329041
# Approx stop T:
# -269.342969107
# DC bias measured, messed up:
# 1.15943
# DC bias we asked for:
# 0
2.317087099999999919e+05 -1.548658999999999963e+01 9.560893000000000086e+01
2.317089100000000035e+05 -1.583376999999999946e+01 9.752129999999999654e+01
2.317091099999999860e+05 -1.574067999999999934e+01 9.248360999999999876e+01
2.317093099999999977e+05 -1.567999000000000009e+01 9.600471000000000288e+01
2.317095099999999802e+05 -1.547620000000000040e+01 9.389758000000000493e+01
2.317097099999999919e+05 -1.619829999999999970e+01 9.671559999999999491e+01
2.317099100000000035e+05 -1.576723999999999926e+01 9.296764000000000294e+01
2.317101099999999860e+05 -1.538170000000000037e+01 9.419843000000000188e+01
2.317103099999999977e+05 -1.567060000000000031e+01 9.232901999999999987e+01
2.317105099999999802e+05 -1.522241000000000000e+01 9.311424999999999841e+01
2.317107099999999919e+05 -1.581614000000000075e+01 9.264490999999999588e+01
2.317109100000000035e+05 -1.538303999999999938e+01 9.389142999999999972e+01
2.317111099999999860e+05 -1.526707999999999998e+01 9.372485000000000355e+01
2.317113099999999977e+05 -1.568967999999999918e+01 9.472845999999999833e+01
2.317115099999999802e+05 -1.506307999999999936e+01 9.266151999999999589e+01
2.317117099999999919e+05 -1.598560999999999943e+01 9.761554999999999893e+01
2.317119100000000035e+05 -1.596138999999999974e+01 9.462623999999999569e+01
2.317121099999999860e+05 -1.609119000000000099e+01 9.348141999999999996e+01
2.317123099999999977e+05 -1.528345000000000020e+01 1.004681000000000068e+02
2.317125099999999802e+05 -1.570650999999999975e+01 1.008472000000000008e+02
2.317127099999999919e+05 -1.510669000000000040e+01 9.176175999999999533e+01
2.317129100000000035e+05 -1.640731999999999857e+01 9.680404000000000053e+01
2.317131099999999860e+05 -1.544524000000000008e+01 9.560492000000000701e+01
2.317133099999999977e+05 -1.563272000000000084e+01 9.598460000000000036e+01
2.317135099999999802e+05 -1.625228999999999857e+01 9.862297999999999831e+01
2.317137099999999919e+05 -1.538303999999999938e+01 9.389207000000000392e+01
2.317139100000000035e+05 -1.573483000000000054e+01 9.780097000000000662e+01
2.317141099999999860e+05 -1.540004000000000062e+01 9.528573000000000093e+01
2.317143099999999977e+05 -1.505420999999999943e+01 9.533947000000000571e+01
2.317145099999999802e+05 -1.581215000000000082e+01 9.459708999999999435e+01
2.317147099999999919e+05 -1.515188999999999986e+01 9.386400000000000432e+01
2.317149100000000035e+05 -1.531221999999999994e+01 9.725687999999999533e+01
2.317151099999999860e+05 -1.593134000000000050e+01 9.544182999999999595e+01
2.317153099999999977e+05 -1.573963000000000001e+01 9.120220000000000482e+01
2.317155099999999802e+05 -1.474496000000000073e+01 9.524939000000000533e+01
2.317157099999999919e+05 -1.537933999999999912e+01 9.481963000000000363e+01
2.317159100000000035e+05 -1.593716000000000044e+01 9.446048000000000400e+01
2.317161099999999860e+05 -1.596543999999999919e+01 9.265031000000000461e+01
2.317163099999999977e+05 -1.580926999999999971e+01 9.037630000000000052e+01
2.317165099999999802e+05 -1.536688000000000009e+01 9.976169000000000153e+01
2.317167099999999919e+05 -1.551908000000000065e+01 9.516370000000000573e+01
2.317169100000000035e+05 -1.544838000000000022e+01 9.499009999999999820e+01
2.317171099999999860e+05 -1.547852999999999923e+01 9.328040000000000020e+01
2.317173099999999977e+05 -1.562002000000000024e+01 9.725542000000000087e+01
2.317175099999999802e+05 -1.566625999999999941e+01 9.105369000000000312e+01
2.317177099999999919e+05 -1.524381999999999948e+01 9.174925000000000352e+01
2.317179100000000035e+05 -1.527824999999999989e+01 9.602047000000000310e+01
2.317181099999999860e+05 -1.561696000000000062e+01 1.004498999999999995e+02
2.317183099999999977e+05 -1.556841999999999970e+01 9.486056000000000665e+01
2.317185099999999802e+05 -1.501754000000000033e+01 9.236706999999999823e+01
2.317187099999999919e+05 -1.517469999999999963e+01 9.160444999999999993e+01
2.317189100000000035e+05 -1.568573999999999913e+01 9.025637000000000398e+01
2.317191099999999860e+05 -1.542981999999999942e+01 9.716402999999999679e+01
2.317193099999999977e+05 -1.541442999999999941e+01 9.638033000000000072e+01
2.317195099999999802e+05 -1.517356999999999978e+01 9.885702000000000567e+01
2.317197099999999919e+05 -1.498118000000000016e+01 9.605669000000000324e+01
2.317199100000000035e+05 -1.533148000000000089e+01 9.511641000000000190e+01
2.317201099999999860e+05 -1.534187000000000012e+01 9.850142999999999915e+01
2.317203099999999977e+05 -1.550322000000000067e+01 9.280925000000000580e+01
2.317205099999999802e+05 -1.576563999999999943e+01 9.394256000000000029e+01
2.317207099999999919e+05 -1.565892999999999979e+01 1.008067999999999955e+02
2.317209100000000035e+05 -1.546081000000000039e+01 9.843117999999999768e+01
2.317211099999999860e+05 -1.579188000000000081e+01 9.248905000000000598e+01
2.317213099999999977e+05 -1.545462999999999987e+01 9.250158999999999310e+01
2.317215099999999802e+05 -1.610934999999999917e+01 9.785808000000000106e+01
2.317217099999999919e+05 -1.608275000000000077e+01 9.952183999999999742e+01
2.317219100000000035e+05 -1.559603000000000073e+01 9.407989000000000601e+01
2.317221099999999860e+05 -1.488241000000000014e+01 9.412472999999999956e+01
2.317223099999999977e+05 -1.577177999999999969e+01 9.668998999999999455e+01
2.317225099999999802e+05 -1.500976999999999961e+01 9.532663999999999760e+01
2.317227099999999919e+05 -1.634169999999999945e+01 9.039413999999999305e+01
2.317229100000000035e+05 -1.595969000000000015e+01 9.495667000000000257e+01
2.317231099999999860e+05 -1.598835000000000051e+01 9.413728000000000407e+01
2.317233099999999977e+05 -1.521988999999999947e+01 9.721335999999999444e+01
2.317235099999999802e+05 -1.549939000000000000e+01 9.124527000000000498e+01
2.317237099999999919e+05 -1.550057999999999936e+01 9.156154999999999688e+01
2.317239100000000035e+05 -1.588421999999999912e+01 9.510506999999999778e+01
2.317241099999999860e+05 -1.598367999999999967e+01 9.512988000000000000e+01
2.317243099999999977e+05 -1.538679999999999914e+01 9.683772000000000446e+01
2.317245099999999802e+05 -1.575793999999999961e+01 9.555682000000000187e+01
2.317247099999999919e+05 -1.531582000000000043e+01 9.864978999999999587e+01
2.317249100000000035e+05 -1.556175999999999959e+01 9.580975999999999715e+01
2.317251099999999860e+05 -1.533695999999999948e+01 9.205074000000000467e+01
2.317253099999999977e+05 -1.505935999999999986e+01 9.727913999999999817e+01
2.317255099999999802e+05 -1.613891999999999882e+01 9.450011000000000649e+01
2.317257099999999919e+05 -1.611530000000000129e+01 9.399554000000000542e+01
2.317259100000000035e+05 -1.526223000000000063e+01 9.494938999999999396e+01
2.317261099999999860e+05 -1.552645000000000053e+01 9.265595000000000425e+01
2.317263099999999977e+05 -1.512970999999999933e+01 9.341463000000000250e+01
2.317265099999999802e+05 -1.561773999999999951e+01 9.455920999999999310e+01
2.317267099999999919e+05 -1.631640000000000157e+01 9.504856999999999800e+01
2.317269100000000035e+05 -1.495058000000000042e+01 9.339632000000000289e+01
2.317271099999999860e+05 -1.537260999999999989e+01 9.574532000000000664e+01
2.317273099999999977e+05 -1.519214999999999982e+01 9.055064000000000135e+01
2.317275099999999802e+05 -1.599668999999999919e+01 9.663181000000000154e+01
2.317277099999999919e+05 -1.535768000000000022e+01 9.728421000000000163e+01
2.317279100000000035e+05 -1.497310000000000052e+01 9.208044999999999902e+01
2.317281099999999860e+05 -1.611537999999999826e+01 9.398824000000000467e+01
2.317283099999999977e+05 -1.630585999999999913e+01 9.642542000000000257e+01
2.317285099999999802e+05 -1.614183999999999841e+01 9.213890999999999565e+01
2.317287099999999919e+05 -1.625938000000000017e+01 8.991463000000000250e+01
