# Time finished:
# 2015-06-04 08.16.03
# Temp volt start:
# 0.96145838
# Temp volt stop:
# 0.96145838
# Approx start T:
# 113.425104595
# Approx stop T:
# 113.496655777
# DC bias measured, messed up:
# 1.080563
# DC bias we asked for:
# 0
2.318719899999999907e+05 -1.572356000000000087e+01 8.913508000000000209e+01
2.318721900000000023e+05 -1.572686000000000028e+01 9.392179000000000144e+01
2.318723899999999849e+05 -1.572377999999999965e+01 9.109189999999999543e+01
2.318725899999999965e+05 -1.608809000000000111e+01 9.235174000000000660e+01
2.318727899999999790e+05 -1.572536000000000023e+01 8.889580999999999733e+01
2.318729899999999907e+05 -1.519881999999999955e+01 9.242973000000000638e+01
2.318731900000000023e+05 -1.592712000000000039e+01 9.421389000000000635e+01
2.318733899999999849e+05 -1.557189999999999941e+01 9.467976000000000170e+01
2.318735899999999965e+05 -1.598565999999999931e+01 9.462076999999999316e+01
2.318737899999999790e+05 -1.561095000000000077e+01 9.163106999999999402e+01
2.318739899999999907e+05 -1.559472000000000058e+01 9.277276999999999418e+01
2.318741900000000023e+05 -1.564878999999999998e+01 9.137116000000000327e+01
2.318743899999999849e+05 -1.572143999999999942e+01 9.573838999999999544e+01
2.318745899999999965e+05 -1.546127000000000073e+01 9.340849000000000046e+01
2.318747899999999790e+05 -1.567243999999999993e+01 9.277051000000000158e+01
2.318749899999999907e+05 -1.557493000000000016e+01 9.214314000000000249e+01
2.318751900000000023e+05 -1.574627000000000088e+01 9.483790999999999372e+01
2.318753899999999849e+05 -1.532616999999999940e+01 9.155710999999999444e+01
2.318755899999999965e+05 -1.516019999999999968e+01 9.171138999999999442e+01
2.318757899999999790e+05 -1.625242000000000075e+01 9.453206000000000131e+01
2.318759899999999907e+05 -1.531701999999999941e+01 9.008156999999999925e+01
2.318761900000000023e+05 -1.580344000000000015e+01 9.107581000000000415e+01
2.318763899999999849e+05 -1.606820000000000093e+01 9.408968000000000131e+01
2.318765899999999965e+05 -1.575024999999999942e+01 9.250843999999999312e+01
2.318767899999999790e+05 -1.597871999999999915e+01 9.036833000000000027e+01
2.318769899999999907e+05 -1.576007000000000069e+01 9.030865000000000009e+01
2.318771900000000023e+05 -1.557490999999999914e+01 9.214624999999999488e+01
2.318773899999999849e+05 -1.608766999999999925e+01 9.181718999999999653e+01
2.318775899999999965e+05 -1.539568000000000048e+01 9.576967999999999392e+01
2.318777899999999790e+05 -1.529204000000000008e+01 9.279506999999999550e+01
2.318779899999999907e+05 -1.547968000000000011e+01 9.378852999999999440e+01
2.318781900000000023e+05 -1.564751000000000047e+01 9.520565000000000566e+01
2.318783899999999849e+05 -1.534636000000000067e+01 9.217001000000000488e+01
2.318785899999999965e+05 -1.510830999999999946e+01 9.375857999999999493e+01
2.318787899999999790e+05 -1.568884000000000079e+01 8.750194000000000472e+01
2.318789899999999907e+05 -1.576652999999999949e+01 9.160661000000000342e+01
2.318791900000000023e+05 -1.521782999999999930e+01 9.255388999999999555e+01
2.318793899999999849e+05 -1.618818999999999875e+01 9.752209999999999468e+01
2.318795899999999965e+05 -1.602291999999999916e+01 9.089552000000000476e+01
2.318797899999999790e+05 -1.555333000000000077e+01 9.151842999999999506e+01
2.318799899999999907e+05 -1.545130999999999943e+01 9.041353999999999758e+01
2.318801900000000023e+05 -1.505086999999999975e+01 9.459488000000000341e+01
2.318803899999999849e+05 -1.635814999999999841e+01 9.219259999999999877e+01
2.318805899999999965e+05 -1.561239999999999917e+01 9.214186999999999728e+01
2.318807899999999790e+05 -1.552718999999999916e+01 9.593368999999999858e+01
2.318809899999999907e+05 -1.540762999999999927e+01 8.967829999999999302e+01
2.318811900000000023e+05 -1.544247000000000014e+01 9.303683999999999799e+01
2.318813899999999849e+05 -1.570894000000000013e+01 9.457706000000000301e+01
2.318815899999999965e+05 -1.570636000000000010e+01 9.509417000000000542e+01
2.318817899999999790e+05 -1.608534999999999826e+01 9.504531000000000063e+01
2.318819899999999907e+05 -1.590902999999999956e+01 9.276576000000000022e+01
2.318821900000000023e+05 -1.543759999999999977e+01 9.128813999999999851e+01
2.318823899999999849e+05 -1.575000000000000000e+01 9.355198000000000036e+01
2.318825899999999965e+05 -1.452654000000000067e+01 9.383633000000000379e+01
2.318827899999999790e+05 -1.592711000000000077e+01 8.906848999999999705e+01
2.318829899999999907e+05 -1.530001000000000033e+01 9.021380999999999517e+01
2.318831900000000023e+05 -1.547902999999999984e+01 9.203414999999999679e+01
2.318833899999999849e+05 -1.586931000000000047e+01 9.329350999999999772e+01
2.318835899999999965e+05 -1.606720999999999933e+01 9.168662999999999386e+01
2.318837899999999790e+05 -1.576890999999999998e+01 9.238739999999999952e+01
2.318839899999999907e+05 -1.588772999999999946e+01 9.395265999999999451e+01
2.318841900000000023e+05 -1.571807000000000087e+01 9.007218000000000302e+01
2.318843899999999849e+05 -1.613680000000000092e+01 8.977724000000000615e+01
2.318845899999999965e+05 -1.584816000000000003e+01 9.263657999999999504e+01
2.318847899999999790e+05 -1.548292999999999964e+01 9.831158000000000641e+01
2.318849899999999907e+05 -1.594037999999999933e+01 9.567551000000000272e+01
2.318851900000000023e+05 -1.570287000000000077e+01 9.071886999999999546e+01
2.318853899999999849e+05 -1.545433000000000057e+01 9.541374000000000422e+01
2.318855899999999965e+05 -1.563325000000000031e+01 9.226851000000000624e+01
2.318857899999999790e+05 -1.588119000000000014e+01 9.079625000000000057e+01
2.318859899999999907e+05 -1.629567000000000121e+01 9.399172000000000082e+01
2.318861900000000023e+05 -1.546029000000000053e+01 9.241437999999999420e+01
2.318863899999999849e+05 -1.523634000000000022e+01 9.365151000000000181e+01
2.318865899999999965e+05 -1.586696000000000062e+01 9.198129000000000133e+01
2.318867899999999790e+05 -1.540221000000000018e+01 9.428262999999999749e+01
2.318869899999999907e+05 -1.584172000000000047e+01 9.080979000000000667e+01
2.318871900000000023e+05 -1.557493000000000016e+01 9.240662000000000376e+01
2.318873899999999849e+05 -1.611383999999999972e+01 8.965555999999999415e+01
2.318875899999999965e+05 -1.570470000000000077e+01 9.097981000000000051e+01
2.318877899999999790e+05 -1.547269000000000005e+01 9.078418999999999528e+01
2.318879899999999907e+05 -1.523465999999999987e+01 9.438454000000000121e+01
2.318881900000000023e+05 -1.574937000000000076e+01 9.251771999999999707e+01
2.318883899999999849e+05 -1.537706000000000017e+01 8.857545000000000357e+01
2.318885899999999965e+05 -1.546118000000000059e+01 9.341849999999999454e+01
2.318887899999999790e+05 -1.492097000000000051e+01 9.539621999999999957e+01
2.318889899999999907e+05 -1.600386999999999915e+01 9.502917999999999665e+01
2.318891900000000023e+05 -1.580768999999999913e+01 9.420653000000000077e+01
2.318893899999999849e+05 -1.547940999999999967e+01 9.404211999999999705e+01
2.318895899999999965e+05 -1.551826999999999934e+01 9.329237000000000535e+01
2.318897899999999790e+05 -1.555108000000000068e+01 9.127002000000000237e+01
2.318899899999999907e+05 -1.572359999999999935e+01 9.084484999999999388e+01
2.318901900000000023e+05 -1.538363000000000014e+01 9.440492999999999313e+01
2.318903899999999849e+05 -1.617111999999999838e+01 9.262129000000000190e+01
2.318905899999999965e+05 -1.519777999999999984e+01 9.195235999999999876e+01
2.318907899999999790e+05 -1.537196999999999925e+01 8.994380999999999915e+01
2.318909899999999907e+05 -1.566966999999999999e+01 9.175730000000000075e+01
2.318911900000000023e+05 -1.572954999999999970e+01 9.419921999999999684e+01
2.318913899999999849e+05 -1.571560999999999986e+01 8.981297000000000708e+01
2.318915899999999965e+05 -1.532898999999999923e+01 9.378328999999999382e+01
2.318917899999999790e+05 -1.574963999999999942e+01 9.407018999999999664e+01
2.318919899999999907e+05 -1.553696000000000055e+01 9.341745000000000232e+01
