# Time finished:
# 2015-06-03 15.44.30
# Temp volt start:
# 1.0117686
# Temp volt stop:
# 1.0117686
# Approx start T:
# 85.970316588
# Approx stop T:
# 85.9761078632
# DC bias measured, messed up:
# 1.091397
# DC bias we asked for:
# 0
2.318202300000000105e+05 -1.618438000000000088e+01 9.267597000000000662e+01
2.318204300000000221e+05 -1.560723999999999911e+01 8.981389000000000067e+01
2.318206300000000047e+05 -1.568666999999999945e+01 9.562498999999999683e+01
2.318208300000000163e+05 -1.588061000000000078e+01 9.444423999999999353e+01
2.318210299999999988e+05 -1.572971000000000075e+01 9.148819000000000301e+01
2.318212300000000105e+05 -1.536876999999999960e+01 9.155643999999999494e+01
2.318214300000000221e+05 -1.612613999999999947e+01 9.102791999999999462e+01
2.318216300000000047e+05 -1.624847000000000108e+01 9.281579999999999586e+01
2.318218300000000163e+05 -1.590204999999999913e+01 9.233167000000000257e+01
2.318220299999999988e+05 -1.547241000000000000e+01 8.880742999999999654e+01
2.318222300000000105e+05 -1.546125999999999934e+01 8.940139999999999532e+01
2.318224300000000221e+05 -1.558017000000000074e+01 9.079519999999999413e+01
2.318226300000000047e+05 -1.572364999999999924e+01 9.026627000000000578e+01
2.318228300000000163e+05 -1.531606000000000023e+01 9.190945000000000675e+01
2.318230299999999988e+05 -1.578956999999999944e+01 8.926276000000000010e+01
2.318232300000000105e+05 -1.554621999999999993e+01 9.104343000000000075e+01
2.318234300000000221e+05 -1.550991999999999926e+01 8.746956000000000131e+01
2.318236300000000047e+05 -1.563261999999999929e+01 9.042019999999999413e+01
2.318238300000000163e+05 -1.545721999999999952e+01 9.473175000000000523e+01
2.318240299999999988e+05 -1.567526999999999937e+01 9.137717000000000667e+01
2.318242300000000105e+05 -1.599591999999999992e+01 9.446374000000000137e+01
2.318244300000000221e+05 -1.601461000000000112e+01 9.181265000000000498e+01
2.318246300000000047e+05 -1.577219000000000015e+01 9.343917000000000428e+01
2.318248300000000163e+05 -1.553307000000000038e+01 9.283491999999999678e+01
2.318250299999999988e+05 -1.559449000000000041e+01 9.018910999999999945e+01
2.318252300000000105e+05 -1.551373000000000069e+01 8.926456000000000301e+01
2.318254300000000221e+05 -1.563832000000000022e+01 9.138527999999999452e+01
2.318256300000000047e+05 -1.611180999999999841e+01 9.371479999999999677e+01
2.318258300000000163e+05 -1.591436000000000028e+01 9.070843999999999596e+01
2.318260299999999988e+05 -1.587832000000000043e+01 9.096796000000000504e+01
2.318262300000000105e+05 -1.538862999999999914e+01 9.237366000000000099e+01
2.318264300000000221e+05 -1.575211999999999968e+01 9.234380000000000166e+01
2.318266300000000047e+05 -1.561355000000000004e+01 9.030352999999999497e+01
2.318268300000000163e+05 -1.561964000000000041e+01 9.488738999999999635e+01
2.318270299999999988e+05 -1.536927999999999983e+01 9.179198999999999842e+01
2.318272300000000105e+05 -1.635662999999999911e+01 9.019078000000000372e+01
2.318274300000000221e+05 -1.586275000000000013e+01 9.183816000000000201e+01
2.318276300000000047e+05 -1.613278000000000034e+01 9.308114999999999384e+01
2.318278300000000163e+05 -1.552764999999999951e+01 9.116849999999999454e+01
2.318280299999999988e+05 -1.544256999999999991e+01 9.248745999999999867e+01
2.318282300000000105e+05 -1.526580000000000048e+01 9.319383000000000550e+01
2.318284300000000221e+05 -1.607404000000000011e+01 9.244101999999999464e+01
2.318286300000000047e+05 -1.610129999999999839e+01 9.014319999999999311e+01
2.318288300000000163e+05 -1.575280000000000058e+01 9.283661999999999637e+01
2.318290299999999988e+05 -1.564157999999999937e+01 9.259208999999999889e+01
2.318292300000000105e+05 -1.614780000000000015e+01 9.141051000000000215e+01
2.318294300000000221e+05 -1.564024000000000036e+01 9.187009999999999366e+01
2.318296300000000047e+05 -1.483301999999999943e+01 9.131705999999999790e+01
2.318298300000000163e+05 -1.547441000000000066e+01 9.130048999999999637e+01
2.318300299999999988e+05 -1.603552000000000177e+01 9.320529000000000508e+01
2.318302300000000105e+05 -1.621603999999999957e+01 8.984884999999999877e+01
2.318304300000000221e+05 -1.565709999999999980e+01 9.150673999999999353e+01
2.318306300000000047e+05 -1.565638000000000041e+01 9.126484000000000663e+01
2.318308300000000163e+05 -1.535241000000000078e+01 9.191025999999999385e+01
2.318310299999999988e+05 -1.561952999999999925e+01 9.126945000000000618e+01
2.318312300000000105e+05 -1.573230000000000040e+01 9.198184000000000538e+01
2.318314300000000221e+05 -1.584300999999999959e+01 9.147088999999999714e+01
2.318316300000000047e+05 -1.606637999999999877e+01 9.549531000000000347e+01
2.318318300000000163e+05 -1.582760000000000034e+01 9.307770999999999617e+01
2.318320299999999988e+05 -1.556825000000000081e+01 9.380019000000000062e+01
2.318322300000000105e+05 -1.533750999999999998e+01 8.805234000000000094e+01
2.318324300000000221e+05 -1.577211999999999925e+01 9.676247999999999649e+01
2.318326300000000047e+05 -1.575289000000000073e+01 9.332365000000000066e+01
2.318328300000000163e+05 -1.550803999999999938e+01 9.081747000000000014e+01
2.318330299999999988e+05 -1.565035999999999916e+01 9.029616000000000042e+01
2.318332300000000105e+05 -1.506156999999999968e+01 8.991397000000000617e+01
2.318334300000000221e+05 -1.577074999999999960e+01 9.221953000000000600e+01
2.318336300000000047e+05 -1.536652999999999913e+01 9.109022000000000219e+01
2.318338300000000163e+05 -1.574962000000000018e+01 9.136585999999999785e+01
2.318340299999999988e+05 -1.605178000000000083e+01 9.156104000000000553e+01
2.318342300000000105e+05 -1.592130000000000045e+01 9.320332999999999402e+01
2.318344300000000221e+05 -1.590840999999999994e+01 8.996365000000000123e+01
2.318346300000000047e+05 -1.567863999999999969e+01 9.356708000000000425e+01
2.318348300000000163e+05 -1.578622000000000014e+01 9.135743999999999687e+01
2.318350299999999988e+05 -1.588944000000000045e+01 9.631723999999999819e+01
2.318352300000000105e+05 -1.571494000000000035e+01 9.357169000000000381e+01
2.318354300000000221e+05 -1.541469999999999985e+01 9.025605000000000189e+01
2.318356300000000047e+05 -1.556668999999999947e+01 9.451963000000000648e+01
2.318358300000000163e+05 -1.565709000000000017e+01 9.150755999999999801e+01
2.318360299999999988e+05 -1.538199000000000005e+01 9.542856999999999346e+01
2.318362300000000105e+05 -1.614975000000000094e+01 9.193162999999999840e+01
2.318364300000000221e+05 -1.521077000000000012e+01 9.446325000000000216e+01
2.318366300000000047e+05 -1.562358000000000047e+01 9.344084999999999752e+01
2.318368300000000163e+05 -1.595721999999999952e+01 9.195317000000000007e+01
2.318370299999999988e+05 -1.600628999999999991e+01 9.030691000000000201e+01
2.318372300000000105e+05 -1.580532999999999966e+01 9.148167999999999722e+01
2.318374300000000221e+05 -1.546862999999999921e+01 9.035683000000000220e+01
2.318376300000000047e+05 -1.561947999999999936e+01 8.897919000000000267e+01
2.318378300000000163e+05 -1.569411000000000023e+01 9.150270999999999333e+01
2.318380299999999988e+05 -1.543572999999999951e+01 9.083786999999999523e+01
2.318382300000000105e+05 -1.521261999999999937e+01 9.285487999999999431e+01
2.318384300000000221e+05 -1.575858000000000025e+01 9.001761999999999375e+01
2.318386300000000047e+05 -1.524704999999999977e+01 9.215954000000000690e+01
2.318388300000000163e+05 -1.518450999999999951e+01 9.021195000000000164e+01
2.318390299999999988e+05 -1.531634999999999991e+01 9.168722999999999956e+01
2.318392300000000105e+05 -1.554945999999999984e+01 9.200740000000000407e+01
2.318394300000000221e+05 -1.573991000000000007e+01 8.990201999999999316e+01
2.318396300000000047e+05 -1.535101000000000049e+01 8.770004000000000133e+01
2.318398300000000163e+05 -1.575390999999999941e+01 9.663711000000000695e+01
2.318400299999999988e+05 -1.546720000000000006e+01 9.012136999999999887e+01
2.318402300000000105e+05 -1.526379999999999981e+01 9.204332999999999743e+01
