# Time finished:
# 2015-06-03 00.38.13
# Temp volt start:
# 1.0342555
# Temp volt stop:
# 1.0342555
# Approx start T:
# 73.1479820924
# Approx stop T:
# 73.2021109356
# DC bias measured, messed up:
# 1.088282
# DC bias we asked for:
# 0
2.317943699999999953e+05 -1.581487000000000087e+01 9.190447000000000344e+01
2.317945700000000070e+05 -1.586672000000000082e+01 9.082851999999999748e+01
2.317947699999999895e+05 -1.570839999999999925e+01 9.123241000000000156e+01
2.317949700000000012e+05 -1.563931000000000004e+01 9.497901000000000238e+01
2.317951699999999837e+05 -1.615381000000000000e+01 9.310702999999999463e+01
2.317953699999999953e+05 -1.541596000000000011e+01 9.254699999999999704e+01
2.317955700000000070e+05 -1.536326000000000036e+01 9.198775999999999442e+01
2.317957699999999895e+05 -1.564391999999999960e+01 9.287881000000000142e+01
2.317959700000000012e+05 -1.571088999999999913e+01 9.499777000000000271e+01
2.317961699999999837e+05 -1.558998000000000062e+01 9.415833000000000652e+01
2.317963699999999953e+05 -1.581141000000000041e+01 9.025458999999999321e+01
2.317965700000000070e+05 -1.573185999999999929e+01 9.417373999999999512e+01
2.317967699999999895e+05 -1.560754000000000019e+01 9.241716999999999871e+01
2.317969700000000012e+05 -1.587607000000000035e+01 9.419119000000000597e+01
2.317971699999999837e+05 -1.598428000000000004e+01 9.178150999999999726e+01
2.317973699999999953e+05 -1.582263999999999982e+01 9.287490999999999985e+01
2.317975700000000070e+05 -1.562554000000000087e+01 9.253607999999999834e+01
2.317977699999999895e+05 -1.632450000000000045e+01 9.298184999999999434e+01
2.317979700000000012e+05 -1.619132000000000104e+01 9.310747000000000639e+01
2.317981699999999837e+05 -1.560922000000000054e+01 9.334847999999999502e+01
2.317983699999999953e+05 -1.557266000000000084e+01 9.219118000000000279e+01
2.317985700000000070e+05 -1.570600999999999914e+01 9.052633000000000152e+01
2.317987699999999895e+05 -1.583792000000000044e+01 9.179430999999999585e+01
2.317989700000000012e+05 -1.541633000000000031e+01 9.413862000000000307e+01
2.317991699999999837e+05 -1.578542999999999985e+01 9.429555000000000575e+01
2.317993699999999953e+05 -1.610794999999999888e+01 9.064768999999999721e+01
2.317995700000000070e+05 -1.555641999999999925e+01 9.345968000000000586e+01
2.317997699999999895e+05 -1.568478999999999957e+01 9.628104999999999336e+01
2.317999700000000012e+05 -1.548643999999999998e+01 9.323108999999999469e+01
2.318001699999999837e+05 -1.558699000000000012e+01 9.508671999999999969e+01
2.318003699999999953e+05 -1.555635000000000012e+01 9.346620000000000061e+01
2.318005700000000070e+05 -1.568146999999999913e+01 8.818639000000000294e+01
2.318007699999999895e+05 -1.555025000000000013e+01 9.115588999999999942e+01
2.318009700000000012e+05 -1.571724999999999994e+01 8.816264999999999930e+01
2.318011699999999837e+05 -1.562595999999999918e+01 9.393523000000000422e+01
2.318013699999999953e+05 -1.579889000000000010e+01 9.109533999999999310e+01
2.318015700000000070e+05 -1.566189999999999927e+01 8.960679000000000372e+01
2.318017699999999895e+05 -1.541266000000000069e+01 9.505060000000000286e+01
2.318019700000000012e+05 -1.574915999999999983e+01 9.193484999999999729e+01
2.318021699999999837e+05 -1.582099000000000011e+01 9.454362000000000421e+01
2.318023699999999953e+05 -1.544735000000000014e+01 9.140739000000000658e+01
2.318025700000000070e+05 -1.566184999999999938e+01 9.299975999999999487e+01
2.318027699999999895e+05 -1.571091999999999977e+01 9.499594999999999345e+01
2.318029700000000012e+05 -1.513513000000000019e+01 9.037107000000000312e+01
2.318031699999999837e+05 -1.527275999999999989e+01 9.077003000000000554e+01
2.318033699999999953e+05 -1.536448000000000036e+01 9.244150000000000489e+01
2.318035700000000070e+05 -1.542820999999999998e+01 9.539906000000000574e+01
2.318037699999999895e+05 -1.519430000000000014e+01 9.223629999999999995e+01
2.318039700000000012e+05 -1.553861000000000026e+01 9.288769999999999527e+01
2.318041699999999837e+05 -1.515149000000000079e+01 9.025703000000000031e+01
2.318043699999999953e+05 -1.538303999999999938e+01 9.323117999999999483e+01
2.318045700000000070e+05 -1.573226999999999975e+01 9.394682000000000244e+01
2.318047699999999895e+05 -1.582182000000000066e+01 8.786504999999999654e+01
2.318049700000000012e+05 -1.539995000000000047e+01 9.312057000000000073e+01
2.318051699999999837e+05 -1.552350999999999992e+01 8.989056999999999675e+01
2.318053699999999953e+05 -1.594982000000000077e+01 9.395928999999999576e+01
2.318055700000000070e+05 -1.573220000000000063e+01 9.417959999999999354e+01
2.318057699999999895e+05 -1.602280999999999977e+01 9.250229000000000212e+01
2.318059700000000012e+05 -1.553828000000000031e+01 8.954215000000000657e+01
2.318061699999999837e+05 -1.534290999999999983e+01 8.906188000000000216e+01
2.318063699999999953e+05 -1.559159999999999968e+01 9.369610000000000127e+01
2.318065700000000070e+05 -1.577360999999999969e+01 9.003507999999999356e+01
2.318067699999999895e+05 -1.548612999999999928e+01 9.255061999999999500e+01
2.318069700000000012e+05 -1.600488999999999962e+01 9.311140000000000327e+01
2.318071699999999837e+05 -1.564268999999999998e+01 9.451918999999999471e+01
2.318073699999999953e+05 -1.533141999999999960e+01 9.289629999999999654e+01
2.318075700000000070e+05 -1.541722999999999999e+01 9.346698999999999558e+01
2.318077699999999895e+05 -1.536562999999999946e+01 9.380508000000000379e+01
2.318079700000000012e+05 -1.582843000000000089e+01 9.633393999999999835e+01
2.318081699999999837e+05 -1.562153999999999954e+01 9.114046000000000447e+01
2.318083699999999953e+05 -1.555533999999999928e+01 9.369920000000000471e+01
2.318085700000000070e+05 -1.555235000000000056e+01 8.919195999999999458e+01
2.318087699999999895e+05 -1.576722000000000001e+01 9.205218999999999596e+01
2.318089700000000012e+05 -1.591019999999999968e+01 9.154873999999999512e+01
2.318091699999999837e+05 -1.541483000000000025e+01 9.187142000000000053e+01
2.318093699999999953e+05 -1.559177000000000035e+01 9.346721999999999753e+01
2.318095700000000070e+05 -1.534852000000000061e+01 9.278534999999999400e+01
2.318097699999999895e+05 -1.566125000000000078e+01 9.253188000000000102e+01
2.318099700000000012e+05 -1.587697000000000003e+01 9.395507000000000630e+01
2.318101699999999837e+05 -1.576441999999999943e+01 9.512859000000000265e+01
2.318103699999999953e+05 -1.557231999999999950e+01 9.196327999999999747e+01
2.318105700000000070e+05 -1.577948999999999913e+01 9.572608999999999924e+01
2.318107699999999895e+05 -1.587714000000000070e+01 9.299629000000000190e+01
2.318109700000000012e+05 -1.556611000000000011e+01 8.883889999999999532e+01
2.318111699999999837e+05 -1.567676999999999943e+01 9.475951999999999487e+01
2.318113699999999953e+05 -1.553248999999999924e+01 9.542383999999999844e+01
2.318115700000000070e+05 -1.591390999999999956e+01 9.347670999999999708e+01
2.318117699999999895e+05 -1.564095000000000013e+01 8.926791000000000054e+01
2.318119700000000012e+05 -1.578139999999999965e+01 9.122016999999999598e+01
2.318121699999999837e+05 -1.596618999999999922e+01 9.190613999999999351e+01
2.318123699999999953e+05 -1.567830000000000013e+01 9.218390999999999735e+01
2.318125700000000070e+05 -1.571443000000000012e+01 9.241128999999999394e+01
2.318127699999999895e+05 -1.580489999999999995e+01 9.299940999999999747e+01
2.318129700000000012e+05 -1.555461000000000027e+01 9.208267999999999631e+01
2.318131699999999837e+05 -1.566085999999999956e+01 9.369970000000000709e+01
2.318133699999999953e+05 -1.555633000000000088e+01 9.346864999999999668e+01
2.318135700000000070e+05 -1.602978999999999843e+01 9.018780999999999892e+01
2.318137699999999895e+05 -1.553476000000000035e+01 9.150710999999999729e+01
2.318139700000000012e+05 -1.565732999999999997e+01 9.510544000000000153e+01
2.318141699999999837e+05 -1.552940000000000076e+01 9.058450000000000557e+01
2.318143699999999953e+05 -1.506495999999999924e+01 8.995747000000000071e+01
