# Time finished:
# 2015-06-02 23.18.25
# Temp volt start:
# 1.0464399
# Temp volt stop:
# 1.0464399
# Approx start T:
# 66.0459813021
# Approx stop T:
# 66.1446653351
# DC bias measured, messed up:
# 1.153533
# DC bias we asked for:
# 0
2.317800899999999965e+05 -1.532904000000000089e+01 9.461404000000000281e+01
2.317802900000000081e+05 -1.561026999999999987e+01 9.405642000000000280e+01
2.317804899999999907e+05 -1.612333999999999889e+01 9.582375000000000398e+01
2.317806900000000023e+05 -1.605185000000000173e+01 9.476456000000000301e+01
2.317808899999999849e+05 -1.521053000000000033e+01 9.213177000000000305e+01
2.317810899999999965e+05 -1.543655000000000044e+01 9.029075000000000273e+01
2.317812900000000081e+05 -1.546063000000000009e+01 9.501565999999999690e+01
2.317814899999999907e+05 -1.552060999999999957e+01 9.246723000000000070e+01
2.317816900000000023e+05 -1.580339999999999989e+01 9.282374000000000080e+01
2.317818899999999849e+05 -1.582150999999999996e+01 9.218970000000000198e+01
2.317820899999999965e+05 -1.550107000000000035e+01 9.429590000000000316e+01
2.317822900000000081e+05 -1.560008999999999979e+01 8.986426000000000158e+01
2.317824899999999907e+05 -1.542079999999999984e+01 8.860423000000000116e+01
2.317826900000000023e+05 -1.601523999999999859e+01 9.216925999999999419e+01
2.317828899999999849e+05 -1.567777000000000065e+01 9.008777000000000612e+01
2.317830899999999965e+05 -1.624511000000000038e+01 9.028553999999999746e+01
2.317832900000000081e+05 -1.517656999999999989e+01 9.671693000000000495e+01
2.317834899999999907e+05 -1.526398000000000010e+01 9.200954000000000121e+01
2.317836900000000023e+05 -1.584126000000000012e+01 9.231185000000000684e+01
2.317838899999999849e+05 -1.569106999999999985e+01 8.945667000000000257e+01
2.317840899999999965e+05 -1.561361999999999917e+01 9.381154999999999688e+01
2.317842900000000081e+05 -1.513700000000000045e+01 9.470766000000000417e+01
2.317844899999999907e+05 -1.595693999999999946e+01 9.229729000000000383e+01
2.317846900000000023e+05 -1.629398000000000124e+01 9.187103000000000463e+01
2.317848899999999849e+05 -1.563335000000000008e+01 9.295010999999999513e+01
2.317850899999999965e+05 -1.553210999999999942e+01 9.062530999999999892e+01
2.317852900000000081e+05 -1.609475000000000122e+01 9.372840999999999667e+01
2.317854899999999907e+05 -1.611454000000000164e+01 9.281038999999999817e+01
2.317856900000000023e+05 -1.617537000000000091e+01 9.346876000000000317e+01
2.317858899999999849e+05 -1.574578999999999951e+01 9.244561000000000206e+01
2.317860899999999965e+05 -1.528050999999999959e+01 9.141064000000000078e+01
2.317862900000000081e+05 -1.550244999999999962e+01 9.234287000000000489e+01
2.317864899999999907e+05 -1.576115000000000066e+01 9.131837000000000160e+01
2.317866900000000023e+05 -1.529629000000000083e+01 9.105334000000000572e+01
2.317868899999999849e+05 -1.533675000000000033e+01 9.415130999999999517e+01
2.317870899999999965e+05 -1.600058999999999898e+01 8.790086999999999762e+01
2.317872900000000081e+05 -1.546236999999999995e+01 9.137431999999999732e+01
2.317874899999999907e+05 -1.568572999999999951e+01 9.481689000000000078e+01
2.317876900000000023e+05 -1.566618000000000066e+01 9.121327999999999747e+01
2.317878899999999849e+05 -1.621435999999999922e+01 9.241355000000000075e+01
2.317880899999999965e+05 -1.575370000000000026e+01 9.006229999999999336e+01
2.317882900000000081e+05 -1.540643000000000029e+01 9.126697000000000060e+01
2.317884899999999907e+05 -1.546082000000000001e+01 9.113300999999999874e+01
2.317886900000000023e+05 -1.524638000000000027e+01 9.402128999999999337e+01
2.317888899999999849e+05 -1.557593999999999923e+01 9.405549999999999500e+01
2.317890899999999965e+05 -1.626626999999999867e+01 9.573453999999999553e+01
2.317892900000000081e+05 -1.578104000000000084e+01 9.143802999999999770e+01
2.317894899999999907e+05 -1.562597000000000058e+01 9.542179000000000144e+01
2.317896900000000023e+05 -1.552377000000000073e+01 8.965005999999999631e+01
2.317898899999999849e+05 -1.561341000000000001e+01 9.406184000000000367e+01
2.317900899999999965e+05 -1.595330000000000048e+01 9.487108999999999526e+01
2.317902900000000081e+05 -1.576427999999999940e+01 9.206941000000000486e+01
2.317904899999999907e+05 -1.539174000000000042e+01 9.211155999999999722e+01
2.317906900000000023e+05 -1.503518000000000043e+01 9.284118999999999744e+01
2.317908899999999849e+05 -1.581690000000000040e+01 9.092601000000000511e+01
2.317910899999999965e+05 -1.597485999999999962e+01 9.191920000000000357e+01
2.317912900000000081e+05 -1.585899000000000036e+01 9.193188000000000670e+01
2.317914899999999907e+05 -1.535594000000000037e+01 9.283075999999999794e+01
2.317916900000000023e+05 -1.549498999999999960e+01 9.063595999999999719e+01
2.317918899999999849e+05 -1.539131000000000071e+01 9.428046000000000504e+01
2.317920899999999965e+05 -1.533647000000000027e+01 9.199751000000000545e+01
2.317922900000000081e+05 -1.564933000000000085e+01 8.761020000000000607e+01
2.317924899999999907e+05 -1.595921000000000056e+01 8.934829999999999472e+01
2.317926900000000023e+05 -1.572613999999999912e+01 9.207435999999999865e+01
2.317928899999999849e+05 -1.599414999999999942e+01 9.152818000000000609e+01
2.317930899999999965e+05 -1.525244000000000000e+01 8.987621000000000038e+01
2.317932900000000081e+05 -1.517617000000000083e+01 9.284103000000000350e+01
2.317934899999999907e+05 -1.574657000000000018e+01 9.245068000000000552e+01
2.317936900000000023e+05 -1.590471999999999930e+01 9.639552000000000476e+01
2.317938899999999849e+05 -1.588024000000000058e+01 9.307298000000000116e+01
2.317940899999999965e+05 -1.546466000000000030e+01 9.234501000000000204e+01
2.317942900000000081e+05 -1.540482000000000085e+01 9.102609999999999957e+01
2.317944899999999907e+05 -1.593331000000000053e+01 9.499969000000000108e+01
2.317946900000000023e+05 -1.553318999999999939e+01 9.087505000000000166e+01
2.317948899999999849e+05 -1.631635999999999953e+01 9.307787000000000432e+01
2.317950899999999965e+05 -1.533646000000000065e+01 9.199943000000000382e+01
2.317952900000000081e+05 -1.593009999999999948e+01 8.846290999999999372e+01
2.317954899999999907e+05 -1.539241999999999955e+01 9.331758999999999560e+01
2.317956900000000023e+05 -1.593731000000000009e+01 9.371921000000000390e+01
2.317958899999999849e+05 -1.538724000000000025e+01 9.729366000000000270e+01
2.317960899999999965e+05 -1.609056999999999960e+01 9.503473999999999933e+01
2.317962900000000081e+05 -1.555729999999999968e+01 9.393665000000000020e+01
2.317964899999999907e+05 -1.527635000000000076e+01 9.070295000000000130e+01
2.317966900000000023e+05 -1.539091999999999949e+01 9.211809999999999832e+01
2.317968899999999849e+05 -1.566529000000000060e+01 9.096560999999999808e+01
2.317970899999999965e+05 -1.570656999999999925e+01 9.195335000000000036e+01
2.317972900000000081e+05 -1.536331000000000024e+01 9.031412000000000262e+01
2.317974899999999907e+05 -1.577854999999999919e+01 9.093659999999999854e+01
2.317976900000000023e+05 -1.548246999999999929e+01 9.198060999999999865e+01
2.317978899999999849e+05 -1.565189999999999948e+01 9.332393999999999323e+01
2.317980899999999965e+05 -1.553874000000000066e+01 9.356788000000000238e+01
2.317982900000000081e+05 -1.570046999999999926e+01 9.070798999999999523e+01
2.317984899999999907e+05 -1.621931999999999974e+01 8.963482999999999379e+01
2.317986900000000023e+05 -1.515418000000000021e+01 9.132468000000000075e+01
2.317988899999999849e+05 -1.549854000000000021e+01 9.137478000000000122e+01
2.317990899999999965e+05 -1.631506999999999863e+01 9.361480000000000246e+01
2.317992900000000081e+05 -1.570853999999999928e+01 9.320305999999999358e+01
2.317994899999999907e+05 -1.548075000000000045e+01 9.149866000000000099e+01
2.317996900000000023e+05 -1.564594999999999914e+01 8.873470000000000368e+01
2.317998899999999849e+05 -1.545803000000000083e+01 9.065318999999999505e+01
2.318000899999999965e+05 -1.578425999999999974e+01 9.345606999999999687e+01
