# Time finished:
# 2015-06-04 01.09.25
# Temp volt start:
# 1.0040061
# Temp volt stop:
# 1.0040061
# Approx start T:
# 90.3141957587
# Approx stop T:
# 90.3492267607
# DC bias measured, messed up:
# 1.083148
# DC bias we asked for:
# 0
2.318287500000000000e+05 -1.541272000000000020e+01 9.146670000000000300e+01
2.318289500000000116e+05 -1.570950999999999986e+01 9.847902999999999452e+01
2.318291499999999942e+05 -1.556378999999999913e+01 9.240797000000000594e+01
2.318293500000000058e+05 -1.561585999999999963e+01 9.493152000000000612e+01
2.318295499999999884e+05 -1.563715999999999973e+01 8.938448999999999955e+01
2.318297500000000000e+05 -1.512363999999999997e+01 9.324537999999999727e+01
2.318299500000000116e+05 -1.530751000000000062e+01 8.883200999999999681e+01
2.318301499999999942e+05 -1.554435999999999929e+01 9.157908999999999367e+01
2.318303500000000058e+05 -1.616462999999999894e+01 9.184565000000000623e+01
2.318305499999999884e+05 -1.560200999999999993e+01 9.240838999999999714e+01
2.318307500000000000e+05 -1.574966000000000044e+01 9.313120999999999583e+01
2.318309500000000116e+05 -1.580166999999999966e+01 9.497056999999999505e+01
2.318311499999999942e+05 -1.587702999999999953e+01 9.473817999999999984e+01
2.318313500000000058e+05 -1.604908999999999963e+01 9.211332000000000164e+01
2.318315499999999884e+05 -1.575001999999999924e+01 9.337278999999999485e+01
2.318317500000000000e+05 -1.547028000000000070e+01 9.111844999999999573e+01
2.318319500000000116e+05 -1.571165000000000056e+01 9.434811000000000547e+01
2.318321499999999942e+05 -1.576505000000000045e+01 8.920747000000000071e+01
2.318323500000000058e+05 -1.595974999999999966e+01 8.986899999999999977e+01
2.318325499999999884e+05 -1.609768000000000043e+01 9.045023000000000479e+01
2.318327500000000000e+05 -1.605085000000000051e+01 9.337494999999999834e+01
2.318329500000000116e+05 -1.563638000000000083e+01 9.457631000000000654e+01
2.318331499999999942e+05 -1.552966999999999942e+01 9.241141000000000361e+01
2.318333500000000058e+05 -1.565288999999999930e+01 9.155413000000000068e+01
2.318335499999999884e+05 -1.610742000000000118e+01 9.222867999999999711e+01
2.318337500000000000e+05 -1.570811999999999919e+01 9.142592000000000496e+01
2.318339500000000116e+05 -1.583522999999999925e+01 9.078047999999999718e+01
2.318341499999999942e+05 -1.580106999999999928e+01 9.152570000000000050e+01
2.318343500000000058e+05 -1.519416000000000011e+01 9.325144000000000233e+01
2.318345499999999884e+05 -1.547491999999999912e+01 9.206834999999999525e+01
2.318347500000000000e+05 -1.581952000000000069e+01 9.140461999999999421e+01
2.318349500000000116e+05 -1.551186000000000043e+01 9.372665999999999542e+01
2.318351499999999942e+05 -1.591548000000000052e+01 9.200739000000000090e+01
2.318353500000000058e+05 -1.576576000000000022e+01 9.177821000000000140e+01
2.318355499999999884e+05 -1.544017000000000017e+01 9.348425000000000296e+01
2.318357500000000000e+05 -1.566710999999999920e+01 9.579534999999999911e+01
2.318359500000000116e+05 -1.602117000000000147e+01 9.047418000000000404e+01
2.318361499999999942e+05 -1.546542999999999957e+01 9.040964999999999918e+01
2.318363500000000058e+05 -1.502060999999999957e+01 9.235268000000000654e+01
2.318365499999999884e+05 -1.533380999999999972e+01 9.278397999999999968e+01
2.318367500000000000e+05 -1.574759000000000064e+01 9.215089999999999293e+01
2.318369500000000116e+05 -1.567581999999999987e+01 9.385393000000000541e+01
2.318371499999999942e+05 -1.547450000000000081e+01 8.934084000000000003e+01
2.318373500000000058e+05 -1.547184999999999988e+01 9.135800999999999306e+01
2.318375499999999884e+05 -1.611484000000000094e+01 9.006436999999999671e+01
2.318377500000000000e+05 -1.505306999999999995e+01 9.189831999999999823e+01
2.318379500000000116e+05 -1.531019000000000041e+01 9.104421999999999571e+01
2.318381499999999942e+05 -1.549078000000000088e+01 8.921701000000000192e+01
2.318383500000000058e+05 -1.565719999999999956e+01 9.276646999999999821e+01
2.318385499999999884e+05 -1.585269000000000084e+01 9.065503999999999962e+01
2.318387500000000000e+05 -1.556443999999999939e+01 9.217068000000000438e+01
2.318389500000000116e+05 -1.518713999999999942e+01 9.096269999999999811e+01
2.318391499999999942e+05 -1.527398999999999951e+01 9.105586999999999875e+01
2.318393500000000058e+05 -1.583100999999999914e+01 9.028988999999999976e+01
2.318395499999999884e+05 -1.528824000000000005e+01 9.046867000000000303e+01
2.318397500000000000e+05 -1.577828000000000053e+01 9.067910000000000537e+01
2.318399500000000116e+05 -1.549329000000000001e+01 9.384588999999999714e+01
2.318401499999999942e+05 -1.528899999999999970e+01 9.047111999999999910e+01
2.318403500000000058e+05 -1.564968000000000004e+01 9.566876999999999498e+01
2.318405499999999884e+05 -1.586801999999999957e+01 8.841773999999999489e+01
2.318407500000000000e+05 -1.605097999999999914e+01 9.363263999999999498e+01
2.318409500000000116e+05 -1.570874000000000059e+01 9.166984999999999673e+01
2.318411499999999942e+05 -1.520346999999999937e+01 8.888845999999999492e+01
2.318413500000000058e+05 -1.578759999999999941e+01 8.956606999999999630e+01
2.318415499999999884e+05 -1.582362999999999964e+01 9.386508000000000607e+01
2.318417500000000000e+05 -1.597125999999999912e+01 9.162143000000000370e+01
2.318419500000000116e+05 -1.537861999999999973e+01 8.880069000000000301e+01
2.318421499999999942e+05 -1.574535000000000018e+01 9.142334999999999923e+01
2.318423500000000058e+05 -1.561814999999999998e+01 9.180423000000000400e+01
2.318425499999999884e+05 -1.562717999999999918e+01 9.023994000000000426e+01
2.318427500000000000e+05 -1.543878999999999913e+01 9.207510000000000616e+01
2.318429500000000116e+05 -1.536885000000000012e+01 9.325249999999999773e+01
2.318431499999999942e+05 -1.577746999999999922e+01 9.067682000000000642e+01
2.318433500000000058e+05 -1.589912999999999954e+01 9.287497999999999365e+01
2.318435499999999884e+05 -1.552870000000000061e+01 9.218068999999999846e+01
2.318437500000000000e+05 -1.595614999999999917e+01 9.300226999999999578e+01
2.318439500000000116e+05 -1.604313000000000144e+01 9.085117999999999938e+01
2.318441499999999942e+05 -1.524531999999999954e+01 8.956264000000000181e+01
2.318443500000000058e+05 -1.593235999999999919e+01 9.138175999999999988e+01
2.318445499999999884e+05 -1.567557000000000045e+01 9.288982000000000028e+01
2.318447500000000000e+05 -1.552341999999999977e+01 9.098978999999999928e+01
2.318449500000000116e+05 -1.527984999999999971e+01 9.244428000000000623e+01
2.318451499999999942e+05 -1.595520999999999923e+01 9.400069999999999482e+01
2.318453500000000058e+05 -1.529753999999999969e+01 9.232428000000000168e+01
2.318455499999999884e+05 -1.550965000000000060e+01 9.444301000000000101e+01
2.318457500000000000e+05 -1.530312999999999946e+01 9.011912999999999840e+01
2.318459500000000116e+05 -1.535092999999999996e+01 9.243641999999999825e+01
2.318461499999999942e+05 -1.554776999999999987e+01 9.277595999999999776e+01
2.318463500000000058e+05 -1.533211999999999975e+01 9.208689999999999998e+01
2.318465499999999884e+05 -1.562935000000000052e+01 9.048117000000000587e+01
2.318467500000000000e+05 -1.565737000000000023e+01 9.324981999999999971e+01
2.318469500000000116e+05 -1.601141000000000147e+01 9.413275000000000148e+01
2.318471499999999942e+05 -1.523948000000000036e+01 9.106350999999999374e+01
2.318473500000000058e+05 -1.565718000000000032e+01 9.276910999999999774e+01
2.318475499999999884e+05 -1.494787999999999961e+01 9.124464999999999293e+01
2.318477500000000000e+05 -1.560951000000000022e+01 9.036637000000000342e+01
2.318479500000000116e+05 -1.608029000000000153e+01 9.591738999999999749e+01
2.318481499999999942e+05 -1.574934999999999974e+01 9.361938000000000670e+01
2.318483500000000058e+05 -1.559994000000000014e+01 9.193492999999999427e+01
2.318485499999999884e+05 -1.602858000000000160e+01 9.149004999999999654e+01
2.318487500000000000e+05 -1.538724999999999987e+01 9.337376000000000431e+01
