# Time finished:
# 2015-06-04 05.40.29
# Temp volt start:
# 0.98203151
# Temp volt stop:
# 0.98203151
# Approx start T:
# 102.393306425
# Approx stop T:
# 102.43778505
# DC bias measured, messed up:
# 1.063622
# DC bias we asked for:
# 0
2.318522500000000000e+05 -1.541413999999999973e+01 9.459824000000000410e+01
2.318524500000000116e+05 -1.527255000000000074e+01 9.338904999999999745e+01
2.318526499999999942e+05 -1.557935999999999943e+01 9.079954999999999643e+01
2.318528500000000058e+05 -1.538199000000000005e+01 9.218358999999999526e+01
2.318530499999999884e+05 -1.577899999999999991e+01 9.302389999999999759e+01
2.318532500000000000e+05 -1.531836999999999982e+01 9.039015999999999451e+01
2.318534500000000116e+05 -1.622999000000000080e+01 9.474616000000000327e+01
2.318536499999999942e+05 -1.531040999999999919e+01 9.435800000000000409e+01
2.318538500000000058e+05 -1.570917999999999992e+01 9.013262000000000285e+01
2.318540499999999884e+05 -1.569472000000000023e+01 9.076363999999999521e+01
2.318542500000000000e+05 -1.581817999999999991e+01 9.302679000000000542e+01
2.318544500000000116e+05 -1.585122999999999927e+01 9.123668999999999585e+01
2.318546499999999942e+05 -1.589495999999999931e+01 9.276977999999999724e+01
2.318548500000000058e+05 -1.560682000000000080e+01 9.415273000000000536e+01
2.318550499999999884e+05 -1.560441999999999929e+01 9.166553000000000395e+01
2.318552500000000000e+05 -1.540227999999999930e+01 9.230780000000000030e+01
2.318554500000000116e+05 -1.568332000000000015e+01 9.390946999999999889e+01
2.318556499999999942e+05 -1.588470000000000049e+01 9.610201000000000704e+01
2.318558500000000058e+05 -1.536365999999999943e+01 9.183243000000000222e+01
2.318560499999999884e+05 -1.541877000000000031e+01 9.169903999999999655e+01
2.318562500000000000e+05 -1.558272000000000013e+01 9.105151999999999646e+01
2.318564500000000116e+05 -1.581783000000000072e+01 9.379157999999999618e+01
2.318566499999999942e+05 -1.523910000000000053e+01 9.268339000000000283e+01
2.318568500000000058e+05 -1.660497000000000156e+01 9.313615000000000066e+01
2.318570499999999884e+05 -1.550820000000000043e+01 9.106895000000000095e+01
2.318572500000000000e+05 -1.562125999999999948e+01 9.764019000000000403e+01
2.318574500000000116e+05 -1.530073999999999934e+01 9.027924000000000149e+01
2.318576499999999942e+05 -1.608904000000000067e+01 9.170287000000000432e+01
2.318578500000000058e+05 -1.551251000000000069e+01 9.180504000000000531e+01
2.318580499999999884e+05 -1.549611999999999945e+01 9.291261000000000081e+01
2.318582500000000000e+05 -1.551173000000000002e+01 9.180244000000000426e+01
2.318584500000000116e+05 -1.562050999999999945e+01 9.552128999999999337e+01
2.318586499999999942e+05 -1.611905000000000143e+01 9.011562999999999590e+01
2.318588500000000058e+05 -1.504584999999999972e+01 8.990326000000000306e+01
2.318590499999999884e+05 -1.577898000000000067e+01 9.302724999999999511e+01
2.318592500000000000e+05 -1.604945000000000022e+01 9.171000999999999692e+01
2.318594500000000116e+05 -1.572696999999999967e+01 9.000627000000000066e+01
2.318596499999999942e+05 -1.587659000000000020e+01 9.366607000000000482e+01
2.318598500000000058e+05 -1.536627000000000010e+01 9.279937999999999931e+01
2.318600499999999884e+05 -1.570917000000000030e+01 9.013899000000000683e+01
2.318602500000000000e+05 -1.560762000000000072e+01 9.415310999999999808e+01
2.318604500000000116e+05 -1.545832000000000050e+01 9.291679000000000599e+01
2.318606499999999942e+05 -1.585102999999999973e+01 9.532603000000000293e+01
2.318608500000000058e+05 -1.529365999999999914e+01 9.256677000000000533e+01
2.318610499999999884e+05 -1.560420000000000051e+01 9.514404000000000394e+01
2.318612500000000000e+05 -1.593398999999999965e+01 9.224987000000000137e+01
2.318614500000000116e+05 -1.580915000000000070e+01 9.073601999999999634e+01
2.318616499999999942e+05 -1.564511000000000074e+01 9.215937999999999874e+01
2.318618500000000058e+05 -1.573451000000000022e+01 9.101497999999999422e+01
2.318620499999999884e+05 -1.590747999999999962e+01 9.083960999999999331e+01
2.318622500000000000e+05 -1.639572000000000074e+01 9.423953000000000202e+01
2.318624500000000116e+05 -1.529364999999999952e+01 9.376345999999999492e+01
2.318626499999999942e+05 -1.641011999999999915e+01 9.573816999999999666e+01
2.318628500000000058e+05 -1.557006999999999941e+01 9.242019999999999413e+01
2.318630499999999884e+05 -1.562673000000000023e+01 9.378229000000000326e+01
2.318632500000000000e+05 -1.574915999999999983e+01 9.809038999999999930e+01
2.318634500000000116e+05 -1.597428999999999988e+01 9.302487000000000705e+01
2.318636499999999942e+05 -1.564067000000000007e+01 9.116232999999999720e+01
2.318638500000000058e+05 -1.512885999999999953e+01 9.481225000000000591e+01
2.318640499999999884e+05 -1.563812000000000069e+01 8.879040000000000532e+01
2.318642500000000000e+05 -1.543070999999999948e+01 9.060335999999999501e+01
2.318644500000000116e+05 -1.523950999999999922e+01 9.364052999999999827e+01
2.318646499999999942e+05 -1.639430000000000121e+01 9.178703000000000145e+01
2.318648500000000058e+05 -1.572697999999999929e+01 9.001027999999999452e+01
2.318650499999999884e+05 -1.571710999999999991e+01 9.139798999999999296e+01
2.318652500000000000e+05 -1.605026000000000153e+01 9.171589000000000169e+01
2.318654500000000116e+05 -1.579812000000000083e+01 9.265137000000000000e+01
2.318656499999999942e+05 -1.595490000000000030e+01 9.315541000000000338e+01
2.318658500000000058e+05 -1.563857999999999926e+01 9.565752000000000521e+01
2.318660499999999884e+05 -1.529213999999999984e+01 9.232583999999999946e+01
2.318662500000000000e+05 -1.545186999999999955e+01 9.096415000000000362e+01
2.318664500000000116e+05 -1.560746999999999929e+01 9.266522000000000503e+01
2.318666499999999942e+05 -1.556920000000000037e+01 9.217104999999999393e+01
2.318668500000000058e+05 -1.570053000000000054e+01 9.202782999999999447e+01
2.318670499999999884e+05 -1.635529999999999973e+01 9.287724000000000046e+01
2.318672500000000000e+05 -1.529363999999999990e+01 9.352473000000000525e+01
2.318674500000000116e+05 -1.536323999999999934e+01 9.497917999999999950e+01
2.318676499999999942e+05 -1.547668999999999961e+01 9.230594999999999573e+01
2.318678500000000058e+05 -1.565127000000000024e+01 9.003544999999999732e+01
2.318680499999999884e+05 -1.598737000000000030e+01 9.107564000000000703e+01
2.318682500000000000e+05 -1.553045999999999971e+01 9.168319999999999936e+01
2.318684500000000116e+05 -1.536625000000000085e+01 9.280128999999999451e+01
2.318686499999999942e+05 -1.577858999999999945e+01 9.226870999999999867e+01
2.318688500000000058e+05 -1.542104999999999926e+01 9.413667999999999836e+01
2.318690499999999884e+05 -1.623312999999999917e+01 9.395134000000000185e+01
2.318692500000000000e+05 -1.607233000000000089e+01 9.393961000000000183e+01
2.318694500000000116e+05 -1.522987999999999964e+01 9.054898000000000025e+01
2.318696499999999942e+05 -1.529934000000000083e+01 8.848390999999999451e+01
2.318698500000000058e+05 -1.573858000000000068e+01 9.480313999999999908e+01
2.318700499999999884e+05 -1.560876000000000019e+01 9.365612000000000137e+01
2.318702500000000000e+05 -1.585576000000000008e+01 9.431171000000000504e+01
2.318704500000000116e+05 -1.557114999999999938e+01 9.341289999999999338e+01
2.318706499999999942e+05 -1.522414000000000023e+01 8.983944999999999936e+01
2.318708500000000058e+05 -1.619897999999999882e+01 9.648078999999999894e+01
2.318710499999999884e+05 -1.549482000000000070e+01 9.242725000000000080e+01
2.318712500000000000e+05 -1.612059999999999960e+01 9.817136000000000706e+01
2.318714500000000116e+05 -1.572052000000000049e+01 9.442140000000000555e+01
2.318716499999999942e+05 -1.555255000000000010e+01 9.353360999999999592e+01
2.318718500000000058e+05 -1.600054000000000087e+01 9.016249999999999432e+01
2.318720499999999884e+05 -1.612828999999999979e+01 9.513242999999999938e+01
2.318722500000000000e+05 -1.587584000000000017e+01 9.290004999999999313e+01
