# Time finished:
# 2015-06-04 09.38.44
# Temp volt start:
# 0.9478857
# Temp volt stop:
# 0.9478857
# Approx start T:
# 120.565226439
# Approx stop T:
# 120.633580749
# DC bias measured, messed up:
# 1.449893
# DC bias we asked for:
# 0
2.318835700000000070e+05 -1.525736000000000026e+01 9.300691000000000486e+01
2.318837700000000186e+05 -1.598267000000000060e+01 9.167870000000000630e+01
2.318839700000000012e+05 -1.553970999999999947e+01 9.363204000000000349e+01
2.318841700000000128e+05 -1.557822999999999958e+01 9.413872999999999536e+01
2.318843699999999953e+05 -1.610839999999999961e+01 9.325849999999999795e+01
2.318845700000000070e+05 -1.540970000000000084e+01 8.944822999999999524e+01
2.318847700000000186e+05 -1.588787999999999911e+01 9.416898000000000479e+01
2.318849700000000012e+05 -1.580494000000000021e+01 8.888000999999999863e+01
2.318851700000000128e+05 -1.588901000000000074e+01 9.390896999999999650e+01
2.318853699999999953e+05 -1.552074999999999960e+01 9.450816000000000372e+01
2.318855700000000070e+05 -1.546224999999999916e+01 9.140713999999999828e+01
2.318857700000000186e+05 -1.545557999999999943e+01 9.610513000000000261e+01
2.318859700000000012e+05 -1.543861000000000061e+01 9.054822000000000060e+01
2.318861700000000128e+05 -1.607884999999999920e+01 8.847578000000000031e+01
2.318863699999999953e+05 -1.500960000000000072e+01 9.255450999999999340e+01
2.318865700000000070e+05 -1.569538000000000011e+01 9.313497999999999877e+01
2.318867700000000186e+05 -1.500698000000000043e+01 9.185479999999999734e+01
2.318869700000000012e+05 -1.493177999999999983e+01 9.093488000000000682e+01
2.318871700000000128e+05 -1.549574999999999925e+01 9.065643000000000029e+01
2.318873699999999953e+05 -1.563824999999999932e+01 8.960062000000000637e+01
2.318875700000000070e+05 -1.564677999999999969e+01 9.060934000000000310e+01
2.318877700000000186e+05 -1.552265000000000050e+01 9.226766000000000645e+01
2.318879700000000012e+05 -1.577101000000000042e+01 9.441428000000000509e+01
2.318881700000000128e+05 -1.572242999999999924e+01 9.618908000000000413e+01
2.318883699999999953e+05 -1.567684999999999995e+01 9.694079999999999586e+01
2.318885700000000070e+05 -1.590652000000000044e+01 9.482640999999999565e+01
2.318887700000000186e+05 -1.538847999999999949e+01 9.167291000000000167e+01
2.318889700000000012e+05 -1.624069000000000074e+01 9.042201000000000022e+01
2.318891700000000128e+05 -1.556063999999999936e+01 9.376537999999999329e+01
2.318893699999999953e+05 -1.548535000000000039e+01 9.326528000000000418e+01
2.318895700000000070e+05 -1.560568999999999917e+01 9.640650999999999726e+01
2.318897700000000186e+05 -1.565043000000000006e+01 9.111495999999999640e+01
2.318899700000000012e+05 -1.546222999999999992e+01 9.141158000000000072e+01
2.318901700000000128e+05 -1.511747000000000085e+01 9.278857999999999606e+01
2.318903699999999953e+05 -1.556104999999999983e+01 9.301147000000000276e+01
2.318905700000000070e+05 -1.592957000000000001e+01 9.339579000000000519e+01
2.318907700000000186e+05 -1.588865000000000016e+01 9.261200999999999794e+01
2.318909700000000012e+05 -1.515246999999999922e+01 9.230871999999999389e+01
2.318911700000000128e+05 -1.551928999999999981e+01 9.151932999999999652e+01
2.318913699999999953e+05 -1.549704999999999977e+01 9.562322000000000344e+01
2.318915700000000070e+05 -1.627164000000000144e+01 9.380772000000000332e+01
2.318917700000000186e+05 -1.571320000000000050e+01 9.720959000000000572e+01
2.318919700000000012e+05 -1.561782999999999966e+01 9.288631999999999778e+01
2.318921700000000128e+05 -1.536738000000000071e+01 9.106383999999999901e+01
2.318923699999999953e+05 -1.546477999999999930e+01 9.190407000000000437e+01
2.318925700000000070e+05 -1.552168999999999954e+01 9.202053999999999689e+01
2.318927700000000186e+05 -1.535421000000000014e+01 9.240967999999999449e+01
2.318929700000000012e+05 -1.588579999999999970e+01 9.495530999999999722e+01
2.318931700000000128e+05 -1.606334999999999980e+01 9.114463000000000648e+01
2.318933699999999953e+05 -1.575271000000000043e+01 9.352226000000000283e+01
2.318935700000000070e+05 -1.567585000000000051e+01 9.377120999999999640e+01
2.318937700000000186e+05 -1.582338999999999984e+01 9.094794000000000267e+01
2.318939700000000012e+05 -1.547916000000000025e+01 9.103467999999999449e+01
2.318941700000000128e+05 -1.590924000000000049e+01 9.379045999999999594e+01
2.318943699999999953e+05 -1.541080999999999968e+01 9.326698000000000377e+01
2.318945700000000070e+05 -1.557281000000000049e+01 9.088741000000000270e+01
2.318947700000000186e+05 -1.577064999999999984e+01 9.236942999999999415e+01
2.318949700000000012e+05 -1.575267000000000017e+01 9.352661000000000513e+01
2.318951700000000128e+05 -1.618834000000000017e+01 9.219411999999999807e+01
2.318953699999999953e+05 -1.572545000000000037e+01 9.568810999999999467e+01
2.318955700000000070e+05 -1.549150000000000027e+01 9.636951000000000533e+01
2.318957700000000186e+05 -1.542924000000000007e+01 9.388120999999999583e+01
2.318959700000000012e+05 -1.500872000000000028e+01 9.209337999999999624e+01
2.318961700000000128e+05 -1.585031000000000034e+01 9.339606999999999459e+01
2.318963699999999953e+05 -1.587998999999999938e+01 9.054170999999999481e+01
2.318965700000000070e+05 -1.497030999999999956e+01 9.139645000000000152e+01
2.318967700000000186e+05 -1.649521000000000015e+01 9.535891999999999769e+01
2.318969700000000012e+05 -1.584990999999999950e+01 9.262120000000000175e+01
2.318971700000000128e+05 -1.513100000000000023e+01 9.505405000000000371e+01
2.318973699999999953e+05 -1.582666000000000039e+01 9.146120000000000516e+01
2.318975700000000070e+05 -1.606790000000000163e+01 9.379577999999999349e+01
2.318977700000000186e+05 -1.522465000000000046e+01 9.206247999999999365e+01
2.318979700000000012e+05 -1.584136999999999951e+01 9.055185000000000173e+01
2.318981700000000128e+05 -1.596944000000000052e+01 9.339838000000000306e+01
2.318983699999999953e+05 -1.564498999999999995e+01 9.617247000000000412e+01
2.318985700000000070e+05 -1.582512000000000008e+01 9.120337999999999568e+01
2.318987700000000186e+05 -1.600167000000000073e+01 9.103068000000000382e+01
2.318989700000000012e+05 -1.590621999999999936e+01 9.170537000000000205e+01
2.318991700000000128e+05 -1.559713999999999956e+01 9.201351999999999975e+01
2.318993699999999953e+05 -1.595941999999999972e+01 9.051663000000000636e+01
2.318995700000000070e+05 -1.515260999999999925e+01 9.422212000000000387e+01
2.318997700000000186e+05 -1.550440000000000040e+01 9.264481999999999573e+01
2.318999700000000012e+05 -1.593136999999999937e+01 8.960747999999999536e+01
2.319001700000000128e+05 -1.554914999999999914e+01 9.026695999999999742e+01
2.319003699999999953e+05 -1.534465999999999930e+01 8.862344000000000221e+01
2.319005700000000070e+05 -1.586819999999999986e+01 9.430498000000000047e+01
2.319007700000000186e+05 -1.526281999999999961e+01 9.399151999999999418e+01
2.319009700000000012e+05 -1.611250000000000071e+01 9.687045000000000528e+01
2.319011700000000128e+05 -1.567572999999999972e+01 9.276175999999999533e+01
2.319013699999999953e+05 -1.535239999999999938e+01 9.485626999999999498e+01
2.319015700000000070e+05 -1.580668999999999969e+01 9.133615000000000350e+01
2.319017700000000186e+05 -1.552336000000000027e+01 9.351814000000000249e+01
2.319019700000000012e+05 -1.518654000000000082e+01 9.159026000000000067e+01
2.319021700000000128e+05 -1.618872000000000000e+01 9.461530000000000484e+01
2.319023699999999953e+05 -1.590407000000000082e+01 9.118807999999999936e+01
2.319025700000000070e+05 -1.565602999999999945e+01 9.389982999999999436e+01
2.319027700000000186e+05 -1.535418999999999912e+01 9.241270000000000095e+01
2.319029700000000012e+05 -1.568748000000000076e+01 9.567822999999999922e+01
2.319031700000000128e+05 -1.600833000000000084e+01 9.234659999999999513e+01
2.319033699999999953e+05 -1.561683000000000021e+01 9.439987000000000705e+01
2.319035700000000070e+05 -1.608843999999999852e+01 9.393300999999999590e+01
