# Time finished:
# 2015-06-04 06.48.25
# Temp volt start:
# 0.97381785
# Temp volt stop:
# 0.97381785
# Approx start T:
# 106.828751455
# Approx stop T:
# 106.862900356
# DC bias measured, messed up:
# 1.071502
# DC bias we asked for:
# 0
2.318603900000000140e+05 -1.537157000000000018e+01 9.301950999999999681e+01
2.318605900000000256e+05 -1.570011000000000045e+01 9.179091999999999985e+01
2.318607900000000081e+05 -1.544039000000000073e+01 8.885013999999999612e+01
2.318609900000000198e+05 -1.568638999999999939e+01 9.314901999999999305e+01
2.318611900000000023e+05 -1.545297000000000054e+01 9.649661999999999296e+01
2.318613900000000140e+05 -1.562312999999999974e+01 9.083545999999999765e+01
2.318615900000000256e+05 -1.551234999999999964e+01 9.062575999999999965e+01
2.318617900000000081e+05 -1.532215000000000060e+01 9.268545000000000300e+01
2.318619900000000198e+05 -1.563170999999999999e+01 8.948946999999999719e+01
2.318621900000000023e+05 -1.510800000000000054e+01 9.154735999999999763e+01
2.318623900000000140e+05 -1.544655000000000022e+01 9.470456000000000074e+01
2.318625900000000256e+05 -1.591304000000000052e+01 9.289374999999999716e+01
2.318627900000000081e+05 -1.544750999999999941e+01 9.422539999999999338e+01
2.318629900000000198e+05 -1.550286000000000008e+01 9.315438000000000329e+01
2.318631900000000023e+05 -1.563016000000000005e+01 9.449264999999999759e+01
2.318633900000000140e+05 -1.574192000000000036e+01 9.228605000000000302e+01
2.318635900000000256e+05 -1.561361999999999917e+01 9.339271999999999707e+01
2.318637900000000081e+05 -1.579644000000000048e+01 9.165636000000000649e+01
2.318639900000000198e+05 -1.530424000000000007e+01 9.210088000000000363e+01
2.318641900000000023e+05 -1.550248000000000026e+01 9.387373999999999796e+01
2.318643900000000140e+05 -1.542538000000000054e+01 9.529411000000000342e+01
2.318645900000000256e+05 -1.521376000000000062e+01 9.478109000000000606e+01
2.318647900000000081e+05 -1.552164999999999928e+01 9.326854000000000156e+01
2.318649900000000198e+05 -1.602666999999999931e+01 9.441519999999999868e+01
2.318651900000000023e+05 -1.624414000000000158e+01 9.353535999999999717e+01
2.318653900000000140e+05 -1.604752999999999830e+01 9.250579000000000462e+01
2.318655900000000256e+05 -1.593085999999999913e+01 9.453651000000000693e+01
2.318657900000000081e+05 -1.525101000000000084e+01 9.409020999999999901e+01
2.318659900000000198e+05 -1.569666999999999923e+01 9.056874000000000535e+01
2.318661900000000023e+05 -1.541254999999999953e+01 9.375224000000000046e+01
2.318663900000000140e+05 -1.570578000000000074e+01 9.376492000000000360e+01
2.318665900000000256e+05 -1.563604999999999912e+01 8.997822999999999638e+01
2.318667900000000081e+05 -1.567529000000000039e+01 9.634086000000000638e+01
2.318669900000000198e+05 -1.544317999999999991e+01 9.542331000000000074e+01
2.318671900000000023e+05 -1.553292000000000073e+01 9.098507999999999640e+01
2.318673900000000140e+05 -1.611543999999999954e+01 9.043380000000000507e+01
2.318675900000000256e+05 -1.572546999999999962e+01 9.339566000000000656e+01
2.318677900000000081e+05 -1.601898999999999873e+01 9.595122000000000639e+01
2.318679900000000198e+05 -1.601306999999999903e+01 8.982756000000000540e+01
2.318681900000000023e+05 -1.591300000000000026e+01 9.339511000000000251e+01
2.318683900000000140e+05 -1.609994000000000014e+01 9.545789000000000613e+01
2.318685900000000256e+05 -1.572474000000000061e+01 9.290022999999999342e+01
2.318687900000000081e+05 -1.590573999999999977e+01 9.087739999999999441e+01
2.318689900000000198e+05 -1.590919000000000061e+01 9.138232999999999606e+01
2.318691900000000023e+05 -1.531943000000000055e+01 9.150576999999999828e+01
2.318693900000000140e+05 -1.570542000000000016e+01 9.278154999999999575e+01
2.318695900000000256e+05 -1.566261000000000081e+01 9.106660999999999717e+01
2.318697900000000081e+05 -1.652526999999999902e+01 9.245729000000000042e+01
2.318699900000000198e+05 -1.539250999999999969e+01 9.196790000000000020e+01
2.318701900000000023e+05 -1.598759000000000086e+01 9.466832999999999743e+01
2.318703900000000140e+05 -1.511059999999999981e+01 9.269526999999999362e+01
2.318705900000000256e+05 -1.568496000000000024e+01 9.462067000000000405e+01
2.318707900000000081e+05 -1.553649000000000058e+01 9.483809999999999718e+01
2.318709900000000198e+05 -1.543584000000000067e+01 9.017390000000000327e+01
2.318711900000000023e+05 -1.610630000000000095e+01 9.340076999999999430e+01
2.318713900000000140e+05 -1.577820999999999962e+01 9.476120000000000232e+01
2.318715900000000256e+05 -1.583262000000000036e+01 9.140185999999999922e+01
2.318717900000000081e+05 -1.569783999999999935e+01 9.081359999999999388e+01
2.318719900000000198e+05 -1.575941000000000081e+01 9.463401000000000352e+01
2.318721900000000023e+05 -1.602880000000000038e+01 9.339853999999999701e+01
2.318723900000000140e+05 -1.573920000000000030e+01 9.154359999999999786e+01
2.318725900000000256e+05 -1.572085000000000043e+01 9.167217999999999734e+01
2.318727900000000081e+05 -1.612520999999999916e+01 9.249878999999999962e+01
2.318729900000000198e+05 -1.583454000000000050e+01 9.464421000000000106e+01
2.318731900000000023e+05 -1.595100000000000051e+01 9.415928999999999860e+01
2.318733900000000140e+05 -1.557661000000000051e+01 9.315111000000000274e+01
2.318735900000000256e+05 -1.604733999999999838e+01 9.429944999999999311e+01
2.318737900000000081e+05 -1.566864999999999952e+01 9.351649999999999352e+01
2.318739900000000198e+05 -1.591113999999999962e+01 9.188711000000000695e+01
2.318741900000000023e+05 -1.564991999999999983e+01 9.266223999999999705e+01
2.318743900000000140e+05 -1.629737000000000080e+01 9.550827999999999918e+01
2.318745900000000256e+05 -1.559551000000000087e+01 9.327245999999999526e+01
2.318747900000000081e+05 -1.518881000000000014e+01 9.049114000000000146e+01
2.318749900000000198e+05 -1.555799000000000021e+01 9.278969999999999629e+01
2.318751900000000023e+05 -1.569061999999999912e+01 8.983830000000000382e+01
2.318753900000000140e+05 -1.572254000000000040e+01 9.438701000000000363e+01
2.318755900000000256e+05 -1.600355000000000061e+01 9.123930000000000007e+01
2.318757900000000081e+05 -1.619582000000000122e+01 9.067238000000000397e+01
2.318759900000000198e+05 -1.610641000000000034e+01 9.366082000000000107e+01
2.318761900000000023e+05 -1.577651999999999965e+01 9.525715999999999894e+01
2.318763900000000140e+05 -1.581770999999999994e+01 9.227861000000000047e+01
2.318765900000000256e+05 -1.522680000000000078e+01 9.094593999999999312e+01
2.318767900000000081e+05 -1.543085999999999913e+01 9.291886999999999830e+01
2.318769900000000198e+05 -1.558370000000000033e+01 9.618762999999999863e+01
2.318771900000000023e+05 -1.538128999999999991e+01 9.007545000000000357e+01
2.318773900000000140e+05 -1.588620000000000054e+01 9.076308000000000220e+01
2.318775900000000256e+05 -1.550073000000000079e+01 9.195211999999999364e+01
2.318777900000000081e+05 -1.594927000000000028e+01 9.466319000000000017e+01
2.318779900000000198e+05 -1.579499999999999993e+01 9.140931999999999391e+01
2.318781900000000023e+05 -1.585111000000000026e+01 9.127289000000000385e+01
2.318783900000000140e+05 -1.606685999999999837e+01 9.237671000000000276e+01
2.318785900000000256e+05 -1.598494999999999955e+01 8.895542000000000371e+01
2.318787900000000081e+05 -1.553867999999999938e+01 9.411890999999999963e+01
2.318789900000000198e+05 -1.544572999999999929e+01 9.470735000000000525e+01
2.318791900000000023e+05 -1.662976000000000099e+01 8.642180999999999358e+01
2.318793900000000140e+05 -1.509328000000000003e+01 9.258607999999999549e+01
2.318795900000000256e+05 -1.638066999999999851e+01 8.902016999999999314e+01
2.318797900000000081e+05 -1.522112000000000087e+01 9.002007999999999299e+01
2.318799900000000198e+05 -1.568603000000000058e+01 9.217006999999999550e+01
2.318801900000000023e+05 -1.604540000000000077e+01 9.480823999999999785e+01
2.318803900000000140e+05 -1.619211999999999918e+01 9.015027999999999508e+01
