# Time finished:
# 2015-06-03 10.27.21
# Temp volt start:
# 1.0101188
# Temp volt stop:
# 1.0101188
# Approx start T:
# 86.8969983829
# Approx stop T:
# 86.9257831617
# DC bias measured, messed up:
# 1.110886
# DC bias we asked for:
# 0
2.318204800000000105e+05 -1.569392000000000031e+01 9.546183000000000618e+01
2.318206800000000221e+05 -1.600600000000000023e+01 9.168632999999999811e+01
2.318208800000000047e+05 -1.574475999999999942e+01 8.986785999999999319e+01
2.318210800000000163e+05 -1.554941999999999958e+01 9.129004000000000474e+01
2.318212799999999988e+05 -1.545583000000000062e+01 9.095117000000000473e+01
2.318214800000000105e+05 -1.603969000000000023e+01 9.039442999999999984e+01
2.318216800000000221e+05 -1.640900999999999854e+01 9.215260000000000673e+01
2.318218800000000047e+05 -1.540709999999999980e+01 9.228543999999999414e+01
2.318220800000000163e+05 -1.540310000000000024e+01 9.132674000000000092e+01
2.318222799999999988e+05 -1.561013999999999946e+01 9.238464000000000453e+01
2.318224800000000105e+05 -1.588036999999999921e+01 8.994603999999999644e+01
2.318226800000000221e+05 -1.575432999999999950e+01 9.086784000000000106e+01
2.318228800000000047e+05 -1.589639000000000024e+01 9.375145000000000550e+01
2.318230800000000163e+05 -1.572460000000000058e+01 9.312085000000000434e+01
2.318232799999999988e+05 -1.550071999999999939e+01 9.312659999999999627e+01
2.318234800000000105e+05 -1.528153999999999968e+01 9.242130000000000223e+01
2.318236800000000221e+05 -1.518664000000000058e+01 9.114269000000000176e+01
2.318238800000000047e+05 -1.628488000000000113e+01 9.137506000000000483e+01
2.318240800000000163e+05 -1.553233999999999959e+01 9.141724000000000672e+01
2.318242799999999988e+05 -1.570055999999999941e+01 9.150266000000000588e+01
2.318244800000000105e+05 -1.581926999999999950e+01 9.299241000000000668e+01
2.318246800000000221e+05 -1.564882000000000062e+01 9.312051999999999907e+01
2.318248800000000047e+05 -1.559154000000000018e+01 9.201698000000000377e+01
2.318250800000000163e+05 -1.606409999999999982e+01 8.882451000000000363e+01
2.318252799999999988e+05 -1.518950000000000067e+01 9.161056000000000665e+01
2.318254800000000105e+05 -1.524121000000000059e+01 9.124711999999999534e+01
2.318256800000000221e+05 -1.544536000000000087e+01 9.276197999999999411e+01
2.318258800000000047e+05 -1.553691000000000066e+01 9.239333000000000595e+01
2.318260800000000163e+05 -1.516873999999999967e+01 9.103095000000000425e+01
2.318262799999999988e+05 -1.542660000000000053e+01 9.264846000000000004e+01
2.318264800000000105e+05 -1.570595999999999925e+01 9.349433999999999401e+01
2.318266800000000221e+05 -1.544918999999999976e+01 8.999062000000000694e+01
2.318268800000000047e+05 -1.531869000000000014e+01 9.313434999999999775e+01
2.318270800000000163e+05 -1.559036000000000044e+01 9.177613999999999805e+01
2.318272799999999988e+05 -1.568637999999999977e+01 9.237926000000000215e+01
2.318274800000000105e+05 -1.609102999999999994e+01 9.376236000000000104e+01
2.318276800000000221e+05 -1.624524999999999864e+01 9.138738999999999635e+01
2.318278800000000047e+05 -1.517572000000000010e+01 9.360537999999999670e+01
2.318280800000000163e+05 -1.574300999999999995e+01 9.249832000000000676e+01
2.318282799999999988e+05 -1.524613000000000085e+01 9.266346000000000060e+01
2.318284800000000105e+05 -1.610619000000000156e+01 9.519559999999999889e+01
2.318286800000000221e+05 -1.608873000000000175e+01 9.194366999999999734e+01
2.318288800000000047e+05 -1.537294999999999945e+01 9.349071000000000708e+01
2.318290800000000163e+05 -1.603254000000000090e+01 9.362805000000000177e+01
2.318292799999999988e+05 -1.583765999999999963e+01 9.236346000000000345e+01
2.318294800000000105e+05 -1.539746000000000059e+01 9.036799999999999500e+01
2.318296800000000221e+05 -1.568556000000000061e+01 9.238186000000000320e+01
2.318298800000000047e+05 -1.610978000000000065e+01 9.415335000000000321e+01
2.318300800000000163e+05 -1.576824000000000048e+01 9.024325000000000330e+01
2.318302799999999988e+05 -1.608917999999999893e+01 9.454480999999999824e+01
2.318304800000000105e+05 -1.581357999999999997e+01 9.123278000000000532e+01
2.318306800000000221e+05 -1.613043000000000049e+01 9.272408000000000072e+01
2.318308800000000047e+05 -1.548227999999999938e+01 9.325633999999999446e+01
2.318310800000000163e+05 -1.620872999999999919e+01 9.429892999999999859e+01
2.318312799999999988e+05 -1.581856999999999935e+01 9.425945000000000107e+01
2.318314800000000105e+05 -1.581792000000000087e+01 9.224393000000000598e+01
2.318316800000000221e+05 -1.557465999999999973e+01 9.337685000000000457e+01
2.318318800000000047e+05 -1.546400000000000041e+01 9.289245999999999981e+01
2.318320800000000163e+05 -1.589661000000000080e+01 8.956360999999999706e+01
2.318322799999999988e+05 -1.610285999999999973e+01 8.881933999999999685e+01
2.318324800000000105e+05 -1.564772999999999925e+01 9.239002000000000692e+01
2.318326800000000221e+05 -1.605074000000000112e+01 9.298856000000000677e+01
2.318328800000000047e+05 -1.538874000000000031e+01 9.481713000000000591e+01
2.318330800000000163e+05 -1.599638999999999989e+01 8.990564999999999429e+01
2.318332799999999988e+05 -1.578112999999999921e+01 8.961190999999999462e+01
2.318334800000000105e+05 -1.585511999999999944e+01 8.932873999999999626e+01
2.318336800000000221e+05 -1.593337000000000003e+01 9.248073999999999728e+01
2.318338800000000047e+05 -1.636709000000000103e+01 9.163061999999999330e+01
2.318340800000000163e+05 -1.557248000000000054e+01 9.215318000000000609e+01
2.318342799999999988e+05 -1.538876999999999917e+01 9.481457000000000335e+01
2.318344800000000105e+05 -1.603135999999999939e+01 9.414955000000000496e+01
2.318346800000000221e+05 -1.505631999999999948e+01 9.014302999999999599e+01
2.318348800000000047e+05 -1.559407000000000032e+01 9.325481000000000620e+01
2.318350800000000163e+05 -1.540024999999999977e+01 9.061638000000000659e+01
2.318352799999999988e+05 -1.505137000000000036e+01 9.256699000000000410e+01
2.318354800000000105e+05 -1.574421000000000070e+01 9.300243000000000393e+01
2.318356800000000221e+05 -1.564653000000000027e+01 9.485715000000000430e+01
2.318358800000000047e+05 -1.510399999999999920e+01 9.244683999999999457e+01
2.318360800000000163e+05 -1.589437999999999995e+01 9.223452000000000339e+01
2.318362799999999988e+05 -1.548054999999999914e+01 9.204600999999999544e+01
2.318364800000000105e+05 -1.551233000000000040e+01 8.899569999999999936e+01
2.318366800000000221e+05 -1.601270999999999844e+01 9.350824000000000069e+01
2.318368800000000047e+05 -1.575158000000000058e+01 8.938343999999999312e+01
2.318370800000000163e+05 -1.537833000000000006e+01 9.541115999999999531e+01
2.318372799999999988e+05 -1.598254000000000019e+01 9.453367000000000075e+01
2.318374800000000105e+05 -1.536059000000000019e+01 9.146958999999999662e+01
2.318376800000000221e+05 -1.598634000000000022e+01 8.978708000000000311e+01
2.318378800000000047e+05 -1.577139999999999986e+01 9.237936000000000547e+01
2.318380800000000163e+05 -1.531062000000000012e+01 9.278482999999999947e+01
2.318382799999999988e+05 -1.567834000000000039e+01 9.399895999999999674e+01
2.318384800000000105e+05 -1.572245999999999988e+01 8.852155999999999381e+01
2.318386800000000221e+05 -1.544211999999999918e+01 9.012551000000000556e+01
2.318388800000000047e+05 -1.567769000000000013e+01 9.374876000000000431e+01
2.318390800000000163e+05 -1.521827000000000041e+01 9.502346000000000004e+01
2.318392799999999988e+05 -1.522137999999999991e+01 9.290815999999999519e+01
2.318394800000000105e+05 -1.575693000000000055e+01 8.987976999999999350e+01
2.318396800000000221e+05 -1.551745000000000019e+01 9.034354000000000440e+01
2.318398800000000047e+05 -1.590677999999999948e+01 9.325593999999999539e+01
2.318400800000000163e+05 -1.561741999999999919e+01 9.141423000000000343e+01
2.318402799999999988e+05 -1.600158000000000058e+01 9.235580000000000211e+01
2.318404800000000105e+05 -1.591323000000000043e+01 9.032983000000000118e+01
