# Time finished:
# 2015-06-02 18.11.50
# Temp volt start:
# 1.5314555
# Temp volt stop:
# 1.5314555
# Approx start T:
# -346.953254541
# Approx stop T:
# -346.141182439
# DC bias measured, messed up:
# 1.087617
# DC bias we asked for:
# 0
2.317066700000000128e+05 -1.516755000000000031e+01 9.255885999999999569e+01
2.317068700000000244e+05 -1.666413999999999973e+01 9.590382999999999925e+01
2.317070700000000070e+05 -1.561505000000000010e+01 9.345543999999999585e+01
2.317072700000000186e+05 -1.529804999999999993e+01 9.734673999999999694e+01
2.317074700000000012e+05 -1.539043999999999990e+01 9.373785999999999774e+01
2.317076700000000128e+05 -1.519242000000000026e+01 9.872538000000000125e+01
2.317078700000000244e+05 -1.529914999999999914e+01 9.734990999999999417e+01
2.317080700000000070e+05 -1.599338000000000015e+01 9.850833000000000084e+01
2.317082700000000186e+05 -1.552613999999999983e+01 9.286088999999999771e+01
2.317084700000000012e+05 -1.571480999999999995e+01 9.635347000000000151e+01
2.317086700000000128e+05 -1.541418999999999961e+01 9.696989999999999554e+01
2.317088700000000244e+05 -1.603592000000000084e+01 9.254810000000000514e+01
2.317090700000000070e+05 -1.630394000000000077e+01 9.708966999999999814e+01
2.317092700000000186e+05 -1.536387999999999998e+01 9.504792999999999381e+01
2.317094700000000012e+05 -1.534586999999999968e+01 9.402545999999999538e+01
2.317096700000000128e+05 -1.545207000000000086e+01 9.757832000000000505e+01
2.317098700000000244e+05 -1.600459999999999994e+01 9.522248999999999342e+01
2.317100700000000070e+05 -1.573911000000000016e+01 9.621379000000000303e+01
2.317102700000000186e+05 -1.554935000000000045e+01 1.000254000000000048e+02
2.317104700000000012e+05 -1.568139000000000038e+01 9.740381999999999607e+01
2.317106700000000128e+05 -1.507018000000000058e+01 9.652555999999999869e+01
2.317108700000000244e+05 -1.577309999999999945e+01 9.744801999999999964e+01
2.317110700000000070e+05 -1.608213999999999899e+01 9.412811000000000661e+01
2.317112700000000186e+05 -1.584012000000000064e+01 9.763657000000000608e+01
2.317114700000000012e+05 -1.570820999999999934e+01 9.255759999999999366e+01
2.317116700000000128e+05 -1.583872999999999998e+01 9.532287999999999784e+01
2.317118700000000244e+05 -1.470683000000000007e+01 9.124200999999999340e+01
2.317120700000000070e+05 -1.584698000000000029e+01 9.224773000000000422e+01
2.317122700000000186e+05 -1.543538999999999994e+01 9.198006999999999778e+01
2.317124700000000012e+05 -1.498756999999999984e+01 9.621456000000000586e+01
2.317126700000000128e+05 -1.627571000000000012e+01 9.415863000000000227e+01
2.317128700000000244e+05 -1.575395999999999930e+01 9.255991000000000213e+01
2.317130700000000070e+05 -1.558943000000000012e+01 9.092201000000000022e+01
2.317132700000000186e+05 -1.529515999999999920e+01 9.546877000000000635e+01
2.317134700000000012e+05 -1.554766000000000048e+01 9.211973999999999307e+01
2.317136700000000128e+05 -1.508060000000000045e+01 9.060866000000000042e+01
2.317138700000000244e+05 -1.594072000000000067e+01 9.193193999999999733e+01
2.317140700000000070e+05 -1.591384000000000043e+01 9.457102000000000430e+01
2.317142700000000186e+05 -1.525873999999999953e+01 9.401372999999999536e+01
2.317144700000000012e+05 -1.537875000000000014e+01 9.607532999999999390e+01
2.317146700000000128e+05 -1.562362000000000073e+01 9.632000999999999635e+01
2.317148700000000244e+05 -1.511965000000000003e+01 9.782572999999999297e+01
2.317150700000000070e+05 -1.491070000000000029e+01 9.743406000000000233e+01
2.317152700000000186e+05 -1.591336000000000084e+01 9.457690999999999804e+01
2.317154700000000012e+05 -1.678481000000000023e+01 9.715940999999999406e+01
2.317156700000000128e+05 -1.625161999999999907e+01 9.399333000000000027e+01
2.317158700000000244e+05 -1.529730999999999952e+01 9.517976000000000170e+01
2.317160700000000070e+05 -1.547687999999999953e+01 9.463848000000000127e+01
2.317162700000000186e+05 -1.502285000000000004e+01 9.216571999999999321e+01
2.317164700000000012e+05 -1.508503999999999934e+01 9.145598999999999990e+01
2.317166700000000128e+05 -1.545274999999999999e+01 9.758411999999999864e+01
2.317168700000000244e+05 -1.555353999999999992e+01 9.838420999999999594e+01
2.317170700000000070e+05 -1.593689000000000000e+01 9.910469000000000506e+01
2.317172700000000186e+05 -1.489469000000000065e+01 9.411234000000000322e+01
2.317174700000000012e+05 -1.487509999999999977e+01 9.369401000000000579e+01
2.317176700000000128e+05 -1.493152000000000079e+01 9.522616999999999621e+01
2.317178700000000244e+05 -1.616281000000000034e+01 9.991146999999999423e+01
2.317180700000000070e+05 -1.597264000000000017e+01 8.942705999999999733e+01
2.317182700000000186e+05 -1.560490000000000066e+01 9.586457000000000050e+01
2.317184700000000012e+05 -1.613465000000000060e+01 9.684829000000000576e+01
2.317186700000000128e+05 -1.565637000000000079e+01 9.754152000000000555e+01
2.317188700000000244e+05 -1.557069000000000081e+01 9.346374000000000137e+01
2.317190700000000070e+05 -1.548117000000000054e+01 9.227988000000000568e+01
2.317192700000000186e+05 -1.533641000000000076e+01 9.576972999999999558e+01
2.317194700000000012e+05 -1.563133999999999979e+01 9.767973000000000638e+01
2.317196700000000128e+05 -1.576825000000000010e+01 9.546515999999999735e+01
2.317198700000000244e+05 -1.525534999999999997e+01 9.733280999999999494e+01
2.317200700000000070e+05 -1.522902000000000022e+01 9.559323000000000548e+01
2.317202700000000186e+05 -1.545809000000000033e+01 9.212905000000000655e+01
2.317204700000000012e+05 -1.572288999999999959e+01 9.544933000000000334e+01
2.317206700000000128e+05 -1.520137000000000072e+01 9.630057999999999652e+01
2.317208700000000244e+05 -1.563453999999999944e+01 9.482030000000000314e+01
2.317210700000000070e+05 -1.593634999999999913e+01 9.473165000000000191e+01
2.317212700000000186e+05 -1.554414000000000051e+01 9.898050999999999533e+01
2.317214700000000012e+05 -1.487008999999999936e+01 9.507397000000000276e+01
2.317216700000000128e+05 -1.529950000000000010e+01 9.735181000000000040e+01
2.317218700000000244e+05 -1.556696999999999953e+01 9.466000999999999976e+01
2.317220700000000070e+05 -1.545864000000000082e+01 9.360635000000000616e+01
2.317222700000000186e+05 -1.687981999999999871e+01 9.529934000000000083e+01
2.317224700000000012e+05 -1.522605000000000075e+01 8.985509999999999309e+01
2.317226700000000128e+05 -1.551847000000000065e+01 9.049648999999999432e+01
2.317228700000000244e+05 -1.579238999999999926e+01 9.532045999999999708e+01
2.317230700000000070e+05 -1.573052999999999990e+01 9.332762999999999920e+01
2.317232700000000186e+05 -1.501196999999999981e+01 9.581089000000000055e+01
2.317234700000000012e+05 -1.558254999999999946e+01 9.795423999999999864e+01
2.317236700000000128e+05 -1.541221999999999959e+01 9.419180000000000064e+01
2.317238700000000244e+05 -1.586853999999999942e+01 9.890645999999999560e+01
2.317240700000000070e+05 -1.491592999999999947e+01 9.175918000000000063e+01
2.317242700000000186e+05 -1.544144000000000005e+01 9.654804000000000030e+01
2.317244700000000012e+05 -1.570392999999999972e+01 9.468819000000000585e+01
2.317246700000000128e+05 -1.511944000000000088e+01 9.570409999999999684e+01
2.317248700000000244e+05 -1.517084999999999972e+01 9.401260000000000616e+01
2.317250700000000070e+05 -1.533244999999999969e+01 9.635349999999999682e+01
2.317252700000000186e+05 -1.563118000000000052e+01 9.542240999999999929e+01
2.317254700000000012e+05 -1.590339999999999954e+01 9.612479000000000440e+01
2.317256700000000128e+05 -1.506513999999999953e+01 9.188232999999999606e+01
2.317258700000000244e+05 -1.545649000000000051e+01 9.419462000000000046e+01
2.317260700000000070e+05 -1.530879000000000012e+01 9.648837000000000330e+01
2.317262700000000186e+05 -1.518183999999999934e+01 9.801131999999999778e+01
2.317264700000000012e+05 -1.532235000000000014e+01 9.446201000000000647e+01
2.317266700000000128e+05 -1.603631000000000029e+01 9.255115000000000691e+01
