# Time finished:
# 2015-06-03 04.02.50
# Temp volt start:
# 1.020184
# Temp volt stop:
# 1.020184
# Approx start T:
# 81.2139438288
# Approx stop T:
# 81.2284884383
# DC bias measured, messed up:
# 1.002275
# DC bias we asked for:
# 0
2.318103900000000140e+05 -1.568778999999999968e+01 9.221428000000000225e+01
2.318105900000000256e+05 -1.596430999999999933e+01 8.789727999999999497e+01
2.318107900000000081e+05 -1.563930000000000042e+01 9.376760000000000161e+01
2.318109900000000198e+05 -1.607532000000000139e+01 9.156277000000000044e+01
2.318111900000000023e+05 -1.566341000000000072e+01 9.637444999999999595e+01
2.318113900000000140e+05 -1.587602000000000046e+01 9.341924000000000206e+01
2.318115900000000256e+05 -1.562232000000000021e+01 9.271232999999999436e+01
2.318117900000000081e+05 -1.571152000000000015e+01 9.425307999999999709e+01
2.318119900000000198e+05 -1.530890999999999913e+01 8.989306000000000552e+01
2.318121900000000023e+05 -1.572735999999999912e+01 9.175225000000000364e+01
2.318123900000000140e+05 -1.544011000000000067e+01 9.111110999999999649e+01
2.318125900000000256e+05 -1.501648999999999923e+01 9.505586999999999875e+01
2.318127900000000081e+05 -1.542501999999999995e+01 8.927397000000000560e+01
2.318129900000000198e+05 -1.571057000000000059e+01 9.211077000000000226e+01
2.318131900000000023e+05 -1.540813999999999950e+01 9.479712000000000671e+01
2.318133900000000140e+05 -1.558717000000000041e+01 9.271500000000000341e+01
2.318135900000000256e+05 -1.604848000000000141e+01 8.835518000000000427e+01
2.318137900000000081e+05 -1.580269999999999975e+01 9.245696999999999832e+01
2.318139900000000198e+05 -1.576543000000000028e+01 9.222462000000000160e+01
2.318141900000000023e+05 -1.555137000000000036e+01 8.956275999999999726e+01
2.318143900000000140e+05 -1.547827000000000019e+01 9.179784999999999684e+01
2.318145900000000256e+05 -1.641912999999999911e+01 9.097826999999999487e+01
2.318147900000000081e+05 -1.648161999999999949e+01 9.160505000000000564e+01
2.318149900000000198e+05 -1.587326999999999977e+01 9.487089000000000283e+01
2.318151900000000023e+05 -1.525597999999999921e+01 9.262617000000000189e+01
2.318153900000000140e+05 -1.554072999999999993e+01 9.038939000000000590e+01
2.318155900000000256e+05 -1.546072000000000024e+01 9.168607000000000085e+01
2.318157900000000081e+05 -1.585792999999999964e+01 9.281985000000000241e+01
2.318159900000000198e+05 -1.577918999999999983e+01 9.114745999999999526e+01
2.318161900000000023e+05 -1.580139999999999922e+01 9.198354000000000497e+01
2.318163900000000140e+05 -1.580311999999999983e+01 9.366446999999999434e+01
2.318165900000000256e+05 -1.560293000000000063e+01 9.189539000000000613e+01
2.318167900000000081e+05 -1.562379999999999924e+01 9.318810000000000571e+01
2.318169900000000198e+05 -1.539850000000000030e+01 8.848511999999999489e+01
2.318171900000000023e+05 -1.580222999999999978e+01 9.246585000000000321e+01
2.318173900000000140e+05 -1.555194999999999972e+01 9.342629999999999768e+01
2.318175900000000256e+05 -1.585767000000000060e+01 9.306414999999999793e+01
2.318177900000000081e+05 -1.564150000000000063e+01 8.964735000000000298e+01
2.318179900000000198e+05 -1.584542000000000073e+01 9.016924000000000206e+01
2.318181900000000023e+05 -1.534984000000000037e+01 9.056931000000000154e+01
2.318183900000000140e+05 -1.618408000000000158e+01 9.054327000000000680e+01
2.318185900000000256e+05 -1.600405999999999906e+01 9.207483000000000573e+01
2.318187900000000081e+05 -1.554570000000000007e+01 9.108742999999999768e+01
2.318189900000000198e+05 -1.574384000000000050e+01 9.139444000000000301e+01
2.318191900000000023e+05 -1.591187000000000040e+01 9.221004999999999541e+01
2.318193900000000140e+05 -1.535763000000000034e+01 9.216476000000000113e+01
2.318195900000000256e+05 -1.556619000000000064e+01 9.166992000000000473e+01
2.318197900000000081e+05 -1.549044999999999916e+01 9.075289999999999679e+01
2.318199900000000198e+05 -1.582371000000000016e+01 8.981094000000000221e+01
2.318201900000000023e+05 -1.582774000000000036e+01 9.029073999999999955e+01
2.318203900000000140e+05 -1.573385000000000034e+01 8.996747999999999479e+01
2.318205900000000256e+05 -1.589192000000000071e+01 9.184833999999999321e+01
2.318207900000000081e+05 -1.587609999999999921e+01 9.269787999999999784e+01
2.318209900000000198e+05 -1.589424999999999955e+01 9.257831000000000188e+01
2.318211900000000023e+05 -1.508613000000000071e+01 9.264162000000000319e+01
2.318213900000000140e+05 -1.537645000000000017e+01 9.273596000000000572e+01
2.318215900000000256e+05 -1.578433000000000064e+01 9.402576000000000533e+01
2.318217900000000081e+05 -1.608026999999999873e+01 8.945695000000000618e+01
2.318219900000000198e+05 -1.564039999999999964e+01 9.377815999999999974e+01
2.318221900000000023e+05 -1.554279000000000011e+01 9.062636999999999432e+01
2.318223900000000140e+05 -1.508413000000000004e+01 9.175764999999999816e+01
2.318225900000000256e+05 -1.565018000000000065e+01 8.644379000000000701e+01
2.318227900000000081e+05 -1.594918000000000013e+01 9.220587000000000444e+01
2.318229900000000198e+05 -1.583060000000000045e+01 8.872227999999999781e+01
2.318231900000000023e+05 -1.592951000000000050e+01 9.209132999999999925e+01
2.318233900000000140e+05 -1.604292999999999836e+01 9.256607999999999947e+01
2.318235900000000256e+05 -1.525482000000000049e+01 9.443308000000000391e+01
2.318237900000000081e+05 -1.551667999999999914e+01 9.296026000000000522e+01
2.318239900000000198e+05 -1.550516000000000005e+01 9.040612000000000137e+01
2.318241900000000023e+05 -1.563887000000000072e+01 9.212833999999999435e+01
2.318243900000000140e+05 -1.524097000000000079e+01 8.992883999999999389e+01
2.318245900000000256e+05 -1.591703000000000046e+01 8.830862999999999374e+01
2.318247900000000081e+05 -1.593158999999999992e+01 9.306165000000000020e+01
2.318249900000000198e+05 -1.580291000000000068e+01 9.342610000000000525e+01
2.318251900000000023e+05 -1.560553999999999952e+01 9.307585000000000264e+01
2.318253900000000140e+05 -1.569177999999999962e+01 9.176360999999999990e+01
2.318255900000000256e+05 -1.562288999999999994e+01 9.295613000000000170e+01
2.318257900000000081e+05 -1.613160999999999845e+01 9.118546000000000618e+01
2.318259900000000198e+05 -1.572832000000000008e+01 9.461657999999999902e+01
2.318261900000000023e+05 -1.572940999999999967e+01 9.247111999999999910e+01
2.318263900000000140e+05 -1.571236000000000033e+01 9.354543999999999926e+01
2.318265900000000256e+05 -1.595884999999999998e+01 9.061705999999999506e+01
2.318267900000000081e+05 -1.576384000000000007e+01 9.175561000000000433e+01
2.318269900000000198e+05 -1.567281999999999975e+01 8.916040999999999883e+01
2.318271900000000023e+05 -1.585210000000000008e+01 9.548163999999999874e+01
2.318273900000000140e+05 -1.592495000000000083e+01 9.111642000000000507e+01
2.318275900000000256e+05 -1.582071000000000005e+01 9.402715000000000600e+01
2.318277900000000081e+05 -1.600597000000000136e+01 9.281405999999999779e+01
2.318279900000000198e+05 -1.566250999999999927e+01 8.999851999999999919e+01
2.318281900000000023e+05 -1.636642000000000152e+01 9.266764000000000578e+01
2.318283900000000140e+05 -1.527107999999999954e+01 9.455249999999999488e+01
2.318285900000000256e+05 -1.535622000000000043e+01 8.931132999999999811e+01
2.318287900000000081e+05 -1.565257000000000076e+01 9.106789999999999452e+01
2.318289900000000198e+05 -1.539483000000000068e+01 8.975651999999999475e+01
2.318291900000000023e+05 -1.496992000000000012e+01 9.385468000000000188e+01
2.318293900000000140e+05 -1.551545999999999914e+01 8.807249000000000194e+01
2.318295900000000256e+05 -1.560514000000000046e+01 9.307618999999999687e+01
2.318297900000000081e+05 -1.574756999999999962e+01 9.235737000000000307e+01
2.318299900000000198e+05 -1.565834000000000081e+01 9.271997000000000355e+01
2.318301900000000023e+05 -1.581672999999999973e+01 9.138320000000000221e+01
2.318303900000000140e+05 -1.525459000000000032e+01 9.218188000000000670e+01
