# Time finished:
# 2015-06-02 03.06.10
# Temp volt start:
# 0.9945871
# Temp volt stop:
# 0.9945871
# Approx start T:
# 95.5304190107
# Approx stop T:
# 95.4658040317
# DC bias measured, messed up:
# 5.105538
# DC bias we asked for:
# 0
2.318255700000000070e+05 -1.844876000000000005e+01 1.212870000000000061e+02
2.318257700000000186e+05 -1.627400000000000091e+01 1.041637000000000057e+02
2.318259700000000012e+05 -1.502448000000000050e+01 8.005006000000000199e+01
2.318261700000000128e+05 -1.358118999999999943e+01 1.026443000000000012e+02
2.318263699999999953e+05 -1.421476999999999968e+01 9.437694999999999368e+01
2.318265700000000070e+05 -1.452224000000000004e+01 9.981965999999999894e+01
2.318267700000000186e+05 -1.528104000000000084e+01 9.261108000000000118e+01
2.318269700000000012e+05 -1.735163000000000011e+01 1.036205000000000069e+02
2.318271700000000128e+05 -1.615203999999999951e+01 1.026214999999999975e+02
2.318273699999999953e+05 -1.550324999999999953e+01 9.448211000000000581e+01
2.318275700000000070e+05 -1.873817000000000021e+01 1.049595999999999947e+02
2.318277700000000186e+05 -1.546698999999999913e+01 1.013735000000000070e+02
2.318279700000000012e+05 -1.537322999999999951e+01 1.035293999999999954e+02
2.318281700000000128e+05 -1.901828000000000074e+01 8.054471999999999809e+01
2.318283699999999953e+05 -1.601876999999999995e+01 8.350154000000000565e+01
2.318285700000000070e+05 -1.546575999999999951e+01 8.141970000000000596e+01
2.318287700000000186e+05 -1.537861000000000011e+01 9.608423999999999410e+01
2.318289700000000012e+05 -1.479224999999999923e+01 1.079428999999999945e+02
2.318291700000000128e+05 -1.665937999999999874e+01 8.132246000000000663e+01
2.318293699999999953e+05 -1.379401000000000010e+01 1.085052000000000021e+02
2.318295700000000070e+05 -1.597566999999999915e+01 7.992637999999999465e+01
2.318297700000000186e+05 -1.518291999999999931e+01 9.976551999999999509e+01
2.318299700000000012e+05 -1.648112000000000066e+01 8.269453000000000031e+01
2.318301700000000128e+05 -1.442895000000000039e+01 1.001709000000000032e+02
2.318303699999999953e+05 -1.413047000000000075e+01 9.478162000000000376e+01
2.318305700000000070e+05 -1.714573000000000036e+01 1.075527000000000015e+02
2.318307700000000186e+05 -1.618008000000000024e+01 9.951223000000000241e+01
2.318309700000000012e+05 -1.710534000000000177e+01 9.891376999999999953e+01
2.318311700000000128e+05 -1.927811000000000163e+01 9.266467000000000098e+01
2.318313699999999953e+05 -1.650028999999999968e+01 8.780330999999999619e+01
2.318315700000000070e+05 -1.735401999999999845e+01 9.783096000000000458e+01
2.318317700000000186e+05 -1.528069999999999951e+01 9.934963999999999373e+01
2.318319700000000012e+05 -1.667887999999999948e+01 9.044021999999999650e+01
2.318321700000000128e+05 -1.445626999999999995e+01 1.033676999999999992e+02
2.318323699999999953e+05 -1.491282999999999959e+01 9.449456000000000699e+01
2.318325700000000070e+05 -1.505676000000000059e+01 9.845055000000000689e+01
2.318327700000000186e+05 -1.534967999999999932e+01 9.717222999999999900e+01
2.318329700000000012e+05 -1.473596000000000039e+01 8.235837999999999681e+01
2.318331700000000128e+05 -1.685714000000000112e+01 9.182578999999999780e+01
2.318333699999999953e+05 -1.384411000000000058e+01 9.452061999999999387e+01
2.318335700000000070e+05 -1.446641999999999939e+01 9.663993999999999573e+01
2.318337700000000186e+05 -1.779962000000000089e+01 9.320623000000000502e+01
2.318339700000000012e+05 -1.450728999999999935e+01 1.056045000000000016e+02
2.318341700000000128e+05 -1.344994999999999941e+01 9.870360999999999763e+01
2.318343699999999953e+05 -1.670430999999999955e+01 1.037284999999999968e+02
2.318345700000000070e+05 -1.577145999999999937e+01 9.415940999999999406e+01
2.318347700000000186e+05 -1.610606999999999900e+01 9.567454999999999643e+01
2.318349700000000012e+05 -1.603954999999999842e+01 1.030589999999999975e+02
2.318351700000000128e+05 -1.525995999999999952e+01 1.074024000000000001e+02
2.318353699999999953e+05 -1.524422999999999995e+01 8.762555999999999301e+01
2.318355700000000070e+05 -1.502253999999999934e+01 9.297884000000000526e+01
2.318357700000000186e+05 -1.806683999999999912e+01 1.272219000000000051e+02
2.318359700000000012e+05 -1.435955000000000048e+01 9.000548999999999467e+01
2.318361700000000128e+05 -1.710278999999999883e+01 8.652465999999999724e+01
2.318363699999999953e+05 -1.486570000000000036e+01 9.659373999999999683e+01
2.318365700000000070e+05 -1.537879000000000040e+01 9.892134000000000071e+01
2.318367700000000186e+05 -1.463465000000000060e+01 1.010584000000000060e+02
2.318369700000000012e+05 -1.350136999999999965e+01 9.924797999999999831e+01
2.318371700000000128e+05 -1.728865000000000052e+01 8.232801999999999509e+01
2.318373699999999953e+05 -1.480772999999999939e+01 9.125278000000000134e+01
2.318375700000000070e+05 -1.630343999999999838e+01 8.403481999999999630e+01
2.318377700000000186e+05 -1.584017000000000053e+01 8.946913000000000693e+01
2.318379700000000012e+05 -1.615259000000000000e+01 1.026308999999999969e+02
2.318381700000000128e+05 -1.392981999999999942e+01 8.794167000000000201e+01
2.318383699999999953e+05 -1.880217999999999989e+01 8.902572999999999581e+01
2.318385700000000070e+05 -1.600041999999999831e+01 9.924532000000000664e+01
2.318387700000000186e+05 -1.755118999999999829e+01 9.444517999999999347e+01
2.318389700000000012e+05 -1.708361000000000018e+01 1.066928000000000054e+02
2.318391700000000128e+05 -1.414226999999999990e+01 9.726232000000000255e+01
2.318393699999999953e+05 -1.849273000000000167e+01 1.130854000000000070e+02
2.318395700000000070e+05 -1.627664000000000044e+01 9.150203999999999382e+01
2.318397700000000186e+05 -1.666698999999999842e+01 9.961821999999999377e+01
2.318399700000000012e+05 -1.795745000000000147e+01 8.349866000000000099e+01
2.318401700000000128e+05 -1.771884999999999977e+01 8.213710000000000377e+01
2.318403699999999953e+05 -1.584961999999999982e+01 8.711428999999999689e+01
2.318405700000000070e+05 -1.499823999999999913e+01 8.600639999999999930e+01
2.318407700000000186e+05 -1.349564999999999948e+01 1.072356000000000051e+02
2.318409700000000012e+05 -1.625587000000000160e+01 9.710532999999999504e+01
2.318411700000000128e+05 -1.596942999999999913e+01 9.737408000000000641e+01
2.318413699999999953e+05 -1.633392999999999873e+01 1.029753000000000043e+02
2.318415700000000070e+05 -1.466257000000000055e+01 9.012923999999999580e+01
2.318417700000000186e+05 -1.609205000000000041e+01 9.137931000000000381e+01
2.318419700000000012e+05 -1.390770000000000017e+01 9.077218000000000586e+01
2.318421700000000128e+05 -1.822145000000000081e+01 9.508670999999999651e+01
2.318423699999999953e+05 -1.460191999999999979e+01 9.421724000000000387e+01
2.318425700000000070e+05 -1.475764000000000031e+01 9.436874000000000251e+01
2.318427700000000186e+05 -1.638522999999999996e+01 1.017673999999999950e+02
2.318429700000000012e+05 -1.498910000000000053e+01 8.919341000000000008e+01
2.318431700000000128e+05 -1.492497000000000007e+01 9.721643000000000256e+01
2.318433699999999953e+05 -1.659822000000000131e+01 1.139527999999999963e+02
2.318435700000000070e+05 -1.357806000000000068e+01 8.560844000000000165e+01
2.318437700000000186e+05 -1.464868000000000059e+01 9.843326000000000420e+01
2.318439700000000012e+05 -1.541775999999999947e+01 9.784668000000000632e+01
2.318441700000000128e+05 -1.567234999999999978e+01 7.839930999999999983e+01
2.318443699999999953e+05 -1.526872999999999969e+01 1.056611000000000047e+02
2.318445700000000070e+05 -1.748162999999999911e+01 9.223463999999999885e+01
2.318447700000000186e+05 -1.629365999999999914e+01 9.904990999999999701e+01
2.318449700000000012e+05 -1.555835000000000079e+01 9.110066000000000486e+01
2.318451700000000128e+05 -1.417183999999999955e+01 9.878233000000000175e+01
2.318453699999999953e+05 -1.407347000000000037e+01 8.699275000000000091e+01
2.318455700000000070e+05 -1.696790000000000020e+01 8.181570999999999572e+01
