# Time finished:
# 2015-06-02 00.47.55
# Temp volt start:
# 0.9602726
# Temp volt stop:
# 0.9602726
# Approx start T:
# 114.053164658
# Approx stop T:
# 113.784050561
# DC bias measured, messed up:
# 5.146781
# DC bias we asked for:
# 0
2.318596600000000035e+05 -1.374797000000000047e+01 9.319473999999999592e+01
2.318598600000000151e+05 -1.598774000000000051e+01 8.534435000000000571e+01
2.318600599999999977e+05 -1.365404999999999980e+01 9.974161999999999750e+01
2.318602600000000093e+05 -1.667473999999999990e+01 9.693165000000000475e+01
2.318604599999999919e+05 -1.592215999999999987e+01 9.439477999999999724e+01
2.318606600000000035e+05 -1.458009999999999984e+01 9.724505999999999517e+01
2.318608600000000151e+05 -1.670656999999999925e+01 9.571335000000000548e+01
2.318610599999999977e+05 -1.615674999999999883e+01 8.418649000000000626e+01
2.318612600000000093e+05 -1.854839000000000127e+01 1.040469999999999970e+02
2.318614599999999919e+05 -1.554650999999999961e+01 9.626359999999999673e+01
2.318616600000000035e+05 -1.642387000000000086e+01 9.907433000000000334e+01
2.318618600000000151e+05 -1.516639999999999944e+01 8.448980000000000246e+01
2.318620599999999977e+05 -1.579766000000000048e+01 1.016239999999999952e+02
2.318622600000000093e+05 -1.517531999999999925e+01 9.795723999999999876e+01
2.318624599999999919e+05 -1.628687000000000040e+01 9.769181000000000381e+01
2.318626600000000035e+05 -1.573719000000000001e+01 1.009663000000000039e+02
2.318628600000000151e+05 -1.351740999999999993e+01 9.133507000000000176e+01
2.318630599999999977e+05 -1.456645999999999930e+01 8.851868000000000336e+01
2.318632600000000093e+05 -1.419867999999999952e+01 1.020032000000000068e+02
2.318634599999999919e+05 -1.525121000000000038e+01 9.491046000000000049e+01
2.318636600000000035e+05 -1.658317999999999870e+01 1.024388000000000005e+02
2.318638600000000151e+05 -1.561185000000000045e+01 9.303640000000000043e+01
2.318640599999999977e+05 -1.556340999999999930e+01 9.028995999999999356e+01
2.318642600000000093e+05 -1.373667000000000016e+01 8.661844999999999573e+01
2.318644599999999919e+05 -1.486691000000000074e+01 8.755621999999999616e+01
2.318646600000000035e+05 -1.631026999999999916e+01 9.235953000000000657e+01
2.318648600000000151e+05 -1.915005000000000024e+01 9.194944999999999879e+01
2.318650599999999977e+05 -1.496067999999999998e+01 9.362569999999999482e+01
2.318652600000000093e+05 -1.499041000000000068e+01 9.876125999999999294e+01
2.318654599999999919e+05 -1.574038999999999966e+01 8.597634999999999650e+01
2.318656600000000035e+05 -1.602414999999999878e+01 1.123602000000000061e+02
2.318658600000000151e+05 -1.625441000000000003e+01 8.823541000000000167e+01
2.318660599999999977e+05 -1.550154999999999994e+01 9.459073999999999671e+01
2.318662600000000093e+05 -1.667663999999999902e+01 9.692681000000000324e+01
2.318664599999999919e+05 -1.700765000000000171e+01 1.079149000000000029e+02
2.318666600000000035e+05 -1.648012999999999906e+01 1.047510000000000048e+02
2.318668600000000151e+05 -1.581498000000000026e+01 8.429034000000000049e+01
2.318670599999999977e+05 -1.661063000000000045e+01 8.462148000000000536e+01
2.318672600000000093e+05 -1.442449000000000048e+01 8.848442000000000007e+01
2.318674599999999919e+05 -1.642559999999999931e+01 1.058778999999999968e+02
2.318676600000000035e+05 -1.590390999999999977e+01 8.482112999999999658e+01
2.318678600000000151e+05 -1.752183000000000135e+01 9.864186999999999728e+01
2.318680599999999977e+05 -1.592139000000000060e+01 1.065738000000000056e+02
2.318682600000000093e+05 -1.777776000000000067e+01 1.077133000000000038e+02
2.318684599999999919e+05 -1.485050000000000026e+01 1.026685999999999979e+02
2.318686600000000035e+05 -1.478147000000000055e+01 9.001921000000000106e+01
2.318688600000000151e+05 -1.500937000000000054e+01 1.138609000000000009e+02
2.318690599999999977e+05 -1.481030999999999942e+01 1.067490999999999985e+02
2.318692600000000093e+05 -1.521893000000000029e+01 9.226130000000000564e+01
2.318694599999999919e+05 -1.490441000000000038e+01 9.916491999999999507e+01
2.318696600000000035e+05 -1.697888000000000019e+01 8.324456000000000699e+01
2.318698600000000151e+05 -1.582904000000000089e+01 9.488469000000000619e+01
2.318700599999999977e+05 -1.859731999999999985e+01 1.098491000000000071e+02
2.318702600000000093e+05 -1.633105000000000118e+01 1.107293999999999983e+02
2.318704599999999919e+05 -1.484167000000000058e+01 9.153880999999999801e+01
2.318706600000000035e+05 -1.575727000000000011e+01 1.079536999999999978e+02
2.318708600000000151e+05 -1.448789999999999978e+01 1.055027999999999935e+02
2.318710599999999977e+05 -1.429945999999999984e+01 9.692176999999999509e+01
2.318712600000000093e+05 -1.565652000000000044e+01 1.048160000000000025e+02
2.318714599999999919e+05 -1.624959000000000131e+01 1.036453000000000060e+02
2.318716600000000035e+05 -1.416417000000000037e+01 9.910385999999999740e+01
2.318718600000000151e+05 -1.539148999999999923e+01 9.878319999999999368e+01
2.318720599999999977e+05 -1.424302999999999919e+01 9.873458999999999719e+01
2.318722600000000093e+05 -1.577628999999999948e+01 9.315695999999999799e+01
2.318724599999999919e+05 -1.452588000000000079e+01 1.076050999999999931e+02
2.318726600000000035e+05 -1.486330000000000062e+01 8.856586000000000070e+01
2.318728600000000151e+05 -1.614404000000000039e+01 9.633660000000000423e+01
2.318730599999999977e+05 -1.452346000000000004e+01 9.912232000000000198e+01
2.318732600000000093e+05 -1.708408999999999978e+01 9.610603999999999303e+01
2.318734599999999919e+05 -1.557563999999999993e+01 8.814244999999999663e+01
2.318736600000000035e+05 -1.567680000000000007e+01 1.003045999999999935e+02
2.318738600000000151e+05 -1.441374000000000066e+01 8.376819999999999311e+01
2.318740599999999977e+05 -1.511328999999999922e+01 9.736920000000000641e+01
2.318742600000000093e+05 -1.658438999999999908e+01 1.128200999999999965e+02
2.318744599999999919e+05 -1.424993000000000087e+01 1.025601999999999947e+02
2.318746600000000035e+05 -1.544879000000000069e+01 9.293072999999999695e+01
2.318748600000000151e+05 -1.468994999999999962e+01 9.588720999999999606e+01
2.318750599999999977e+05 -1.628575000000000017e+01 9.768291000000000679e+01
2.318752600000000093e+05 -1.413260000000000005e+01 9.999307000000000301e+01
2.318754599999999919e+05 -1.443626000000000076e+01 9.706000000000000227e+01
2.318756600000000035e+05 -1.550014000000000003e+01 9.457631000000000654e+01
2.318758600000000151e+05 -1.577668000000000070e+01 8.097413000000000238e+01
2.318760599999999977e+05 -1.463353000000000037e+01 1.002844000000000051e+02
2.318762600000000093e+05 -1.416220000000000034e+01 1.028863000000000056e+02
2.318764599999999919e+05 -1.640668000000000148e+01 8.229460000000000264e+01
2.318766600000000035e+05 -1.676482000000000028e+01 1.027514000000000038e+02
2.318768600000000151e+05 -1.628775999999999868e+01 9.766962999999999795e+01
2.318770599999999977e+05 -1.698845999999999989e+01 1.099133999999999958e+02
2.318772600000000093e+05 -1.618439000000000050e+01 9.813826000000000249e+01
2.318774599999999919e+05 -1.505305000000000071e+01 1.067840999999999951e+02
2.318776600000000035e+05 -1.624137999999999948e+01 8.355465999999999838e+01
2.318778600000000151e+05 -1.592342999999999975e+01 9.439235999999999649e+01
2.318780599999999977e+05 -1.553689999999999927e+01 8.167777999999999849e+01
2.318782600000000093e+05 -1.732659999999999911e+01 1.059221000000000004e+02
2.318784599999999919e+05 -1.581715999999999944e+01 1.051437999999999988e+02
2.318786600000000035e+05 -1.660001000000000104e+01 9.621470999999999663e+01
2.318788600000000151e+05 -1.726352999999999938e+01 9.166401999999999362e+01
2.318790599999999977e+05 -1.954911999999999850e+01 9.736290999999999940e+01
2.318792600000000093e+05 -1.502267999999999937e+01 9.777430999999999983e+01
2.318794599999999919e+05 -1.619650999999999996e+01 1.047635999999999967e+02
2.318796600000000035e+05 -1.442173000000000016e+01 9.466405000000000314e+01
