# Time finished:
# 2015-06-03 01.18.08
# Temp volt start:
# 1.0301735
# Temp volt stop:
# 1.0301735
# Approx start T:
# 75.5026213001
# Approx stop T:
# 75.5491064632
# DC bias measured, messed up:
# 1.05887
# DC bias we asked for:
# 0
2.317990100000000093e+05 -1.545233999999999952e+01 9.180106000000000677e+01
2.317992100000000210e+05 -1.556204999999999927e+01 9.202758000000000038e+01
2.317994100000000035e+05 -1.534810000000000052e+01 9.506453999999999382e+01
2.317996100000000151e+05 -1.570867999999999931e+01 9.201376000000000488e+01
2.317998099999999977e+05 -1.558319000000000010e+01 9.404935000000000400e+01
2.318000100000000093e+05 -1.576742999999999917e+01 8.580826000000000420e+01
2.318002100000000210e+05 -1.541919000000000040e+01 9.531586000000000070e+01
2.318004100000000035e+05 -1.593390999999999913e+01 9.346558000000000277e+01
2.318006100000000151e+05 -1.555785999999999980e+01 9.061813999999999680e+01
2.318008099999999977e+05 -1.604394999999999882e+01 9.171895999999999560e+01
2.318010100000000093e+05 -1.554963000000000051e+01 9.309846000000000288e+01
2.318012100000000210e+05 -1.521026999999999951e+01 8.775872999999999990e+01
2.318014100000000035e+05 -1.552222000000000079e+01 9.062935000000000230e+01
2.318016100000000151e+05 -1.543656000000000006e+01 8.901926000000000272e+01
2.318018099999999977e+05 -1.585862000000000016e+01 9.248726000000000624e+01
2.318020100000000093e+05 -1.600711000000000084e+01 9.197390000000000043e+01
2.318022100000000210e+05 -1.551397000000000048e+01 9.310043000000000291e+01
2.318024100000000035e+05 -1.547803000000000040e+01 9.333701999999999543e+01
2.318026100000000151e+05 -1.591472000000000087e+01 9.260639000000000465e+01
2.318028099999999977e+05 -1.593355999999999995e+01 9.297104000000000212e+01
2.318030100000000093e+05 -1.581098000000000070e+01 9.029721000000000686e+01
2.318032100000000210e+05 -1.615061000000000035e+01 9.043410000000000082e+01
2.318034100000000035e+05 -1.589672999999999981e+01 9.297088999999999714e+01
2.318036100000000151e+05 -1.547381999999999991e+01 9.146174999999999500e+01
2.318038099999999977e+05 -1.554898999999999987e+01 9.357504000000000133e+01
2.318040100000000093e+05 -1.565831999999999979e+01 8.963054999999999950e+01
2.318042100000000210e+05 -1.555658999999999992e+01 9.038111999999999568e+01
2.318044100000000035e+05 -1.604660000000000153e+01 9.347205999999999904e+01
2.318046100000000151e+05 -1.540428999999999959e+01 9.171003000000000327e+01
2.318048099999999977e+05 -1.598521000000000036e+01 9.135823999999999501e+01
2.318050100000000093e+05 -1.565714000000000006e+01 9.358491999999999678e+01
2.318052100000000210e+05 -1.585615999999999914e+01 9.175355999999999312e+01
2.318054100000000035e+05 -1.539020999999999972e+01 8.811382000000000403e+01
2.318056100000000151e+05 -1.544178999999999924e+01 8.948655999999999722e+01
2.318058099999999977e+05 -1.576655000000000051e+01 9.261996000000000606e+01
2.318060100000000093e+05 -1.591427000000000014e+01 9.236045000000000016e+01
2.318062100000000210e+05 -1.605483999999999867e+01 9.034434000000000253e+01
2.318064100000000035e+05 -1.571606000000000058e+01 8.996905999999999892e+01
2.318066100000000151e+05 -1.609896000000000171e+01 9.133750000000000568e+01
2.318068099999999977e+05 -1.571031999999999940e+01 9.442771999999999366e+01
2.318070100000000093e+05 -1.540705999999999953e+01 9.333800999999999704e+01
2.318072100000000210e+05 -1.593177999999999983e+01 9.445924999999999727e+01
2.318074100000000035e+05 -1.517423999999999928e+01 9.095829999999999416e+01
2.318076100000000151e+05 -1.559403999999999968e+01 9.061148000000000025e+01
2.318078099999999977e+05 -1.499081999999999937e+01 9.156171000000000504e+01
2.318080100000000093e+05 -1.615457999999999927e+01 9.550369999999999493e+01
2.318082100000000210e+05 -1.569280000000000008e+01 9.262695999999999685e+01
2.318084100000000035e+05 -1.582183999999999990e+01 9.297911000000000570e+01
2.318086100000000151e+05 -1.542482000000000042e+01 9.299133000000000493e+01
2.318088099999999977e+05 -1.513721999999999923e+01 9.052177000000000362e+01
2.318090100000000093e+05 -1.585515999999999970e+01 9.151144999999999641e+01
2.318092100000000210e+05 -1.585656999999999961e+01 9.175540999999999769e+01
2.318094100000000035e+05 -1.551352999999999938e+01 9.310595999999999606e+01
2.318096100000000151e+05 -1.524920000000000009e+01 9.277024000000000115e+01
2.318098099999999977e+05 -1.568758000000000052e+01 9.118639000000000294e+01
2.318100100000000093e+05 -1.576595999999999975e+01 9.383258999999999617e+01
2.318102100000000210e+05 -1.583919000000000032e+01 9.432244000000000028e+01
2.318104100000000035e+05 -1.557855999999999952e+01 9.097088999999999714e+01
2.318106100000000151e+05 -1.487430999999999948e+01 9.169639999999999702e+01
2.318108099999999977e+05 -1.548507000000000033e+01 9.040927999999999543e+01
2.318110100000000093e+05 -1.627639999999999887e+01 9.245345000000000368e+01
2.318112100000000210e+05 -1.588618999999999915e+01 9.052513999999999328e+01
2.318114100000000035e+05 -1.543648999999999916e+01 9.100933000000000561e+01
2.318116100000000151e+05 -1.589146000000000036e+01 9.125897000000000503e+01
2.318118099999999977e+05 -1.531540000000000035e+01 8.919723999999999364e+01
2.318120100000000093e+05 -1.571630000000000038e+01 9.648090999999999440e+01
2.318122100000000210e+05 -1.558357999999999954e+01 9.216102999999999668e+01
2.318124100000000035e+05 -1.560172999999999988e+01 9.417896000000000356e+01
2.318126100000000151e+05 -1.590260999999999925e+01 9.014673999999999410e+01
2.318128099999999977e+05 -1.569358000000000075e+01 9.334508999999999901e+01
2.318130100000000093e+05 -1.580280999999999914e+01 9.237586000000000297e+01
2.318132100000000210e+05 -1.556277000000000044e+01 9.133015000000000327e+01
2.318134100000000035e+05 -1.531628000000000078e+01 9.161514999999999986e+01
2.318136100000000151e+05 -1.559694999999999965e+01 9.108868999999999971e+01
2.318138099999999977e+05 -1.600507999999999953e+01 9.497008999999999901e+01
2.318140100000000093e+05 -1.639319000000000059e+01 9.192341999999999302e+01
2.318142100000000210e+05 -1.580058999999999969e+01 9.164118000000000563e+01
2.318144100000000035e+05 -1.554932999999999943e+01 9.358041000000000054e+01
2.318146100000000151e+05 -1.552698000000000000e+01 9.510755000000000337e+01
2.318148099999999977e+05 -1.587531000000000070e+01 9.187671000000000276e+01
2.318150100000000093e+05 -1.598517999999999972e+01 9.136395000000000266e+01
2.318152100000000210e+05 -1.527632999999999974e+01 9.070923999999999410e+01
2.318154100000000035e+05 -1.623720000000000141e+01 8.925889999999999702e+01
2.318156100000000151e+05 -1.576615999999999929e+01 9.261874000000000251e+01
2.318158099999999977e+05 -1.582146999999999970e+01 9.395551000000000386e+01
2.318160100000000093e+05 -1.572433999999999976e+01 9.117583000000000482e+01
2.318162100000000210e+05 -1.540667000000000009e+01 8.950780000000000314e+01
2.318164100000000035e+05 -1.552984000000000009e+01 9.204854000000000269e+01
2.318166100000000151e+05 -1.587301000000000073e+01 8.905070000000000618e+01
2.318168099999999977e+05 -1.542117999999999967e+01 9.159556999999999505e+01
2.318170100000000093e+05 -1.548136000000000045e+01 8.994105000000000416e+01
2.318172100000000210e+05 -1.602280999999999977e+01 9.135380999999999574e+01
2.318174100000000035e+05 -1.528020000000000067e+01 9.139141999999999655e+01
2.318176100000000151e+05 -1.545844999999999914e+01 8.936467000000000382e+01
2.318178099999999977e+05 -1.534539000000000009e+01 8.872108000000000061e+01
2.318180100000000093e+05 -1.563191999999999915e+01 9.084130000000000393e+01
2.318182100000000210e+05 -1.585895999999999972e+01 9.273502000000000578e+01
2.318184100000000035e+05 -1.577454000000000001e+01 9.795812999999999704e+01
2.318186100000000151e+05 -1.582166999999999923e+01 9.249281000000000574e+01
2.318188099999999977e+05 -1.585614999999999952e+01 9.175668000000000291e+01
2.318190100000000093e+05 -1.563899999999999935e+01 9.346416000000000679e+01
