# Time finished:
# 2015-06-01 22.10.53
# Temp volt start:
# 0.87939986
# Temp volt stop:
# 0.87939986
# Approx start T:
# 155.115766427
# Approx stop T:
# 154.835371565
# DC bias measured, messed up:
# 5.086555
# DC bias we asked for:
# 0
2.319075499999999884e+05 -1.504960999999999949e+01 9.000548999999999467e+01
2.319077500000000000e+05 -1.548447999999999958e+01 9.013791000000000508e+01
2.319079499999999825e+05 -1.595010000000000083e+01 8.718277000000000498e+01
2.319081499999999942e+05 -1.674819000000000102e+01 9.678113999999999351e+01
2.319083499999999767e+05 -1.525905000000000022e+01 9.581874999999999432e+01
2.319085499999999884e+05 -1.449319999999999986e+01 8.377182000000000528e+01
2.319087500000000000e+05 -1.610652999999999935e+01 8.927315000000000111e+01
2.319089499999999825e+05 -1.491459000000000046e+01 8.540644000000000347e+01
2.319091499999999942e+05 -1.552436999999999934e+01 8.179783999999999367e+01
2.319093499999999767e+05 -1.468863999999999947e+01 1.058414999999999964e+02
2.319095499999999884e+05 -1.616841000000000150e+01 9.194141000000000474e+01
2.319097500000000000e+05 -1.670180999999999827e+01 9.502637000000000000e+01
2.319099499999999825e+05 -1.437174000000000085e+01 1.020452999999999975e+02
2.319101499999999942e+05 -1.592850999999999928e+01 1.054813000000000045e+02
2.319103499999999767e+05 -1.658883000000000152e+01 1.040177000000000049e+02
2.319105499999999884e+05 -1.487684999999999924e+01 1.015116000000000014e+02
2.319107500000000000e+05 -1.418030000000000079e+01 9.021286999999999523e+01
2.319109499999999825e+05 -1.496283999999999992e+01 9.231277000000000044e+01
2.319111499999999942e+05 -1.460153999999999996e+01 1.142609000000000066e+02
2.319113499999999767e+05 -1.586234999999999928e+01 9.075818999999999903e+01
2.319115499999999884e+05 -1.471166000000000018e+01 1.021778000000000048e+02
2.319117500000000000e+05 -1.810373999999999839e+01 1.065447000000000060e+02
2.319119499999999825e+05 -1.397264999999999979e+01 8.315940999999999406e+01
2.319121499999999942e+05 -1.464681000000000033e+01 9.482429999999999382e+01
2.319123499999999767e+05 -1.575934999999999953e+01 1.019804000000000030e+02
2.319125499999999884e+05 -1.400001999999999924e+01 8.809917000000000087e+01
2.319127500000000000e+05 -1.747540000000000049e+01 1.026149999999999949e+02
2.319129499999999825e+05 -1.449957999999999991e+01 1.022574999999999932e+02
2.319131499999999942e+05 -1.592384999999999984e+01 9.961015000000000441e+01
2.319133499999999767e+05 -1.499151999999999951e+01 1.055332999999999970e+02
2.319135499999999884e+05 -1.755002999999999957e+01 1.073110000000000070e+02
2.319137500000000000e+05 -1.568019999999999925e+01 1.039177999999999997e+02
2.319139499999999825e+05 -1.534629999999999939e+01 8.624241999999999564e+01
2.319141499999999942e+05 -1.468868999999999936e+01 9.215886000000000422e+01
2.319143499999999767e+05 -1.453139000000000003e+01 9.384633999999999787e+01
2.319145499999999884e+05 -1.592754000000000048e+01 1.054838000000000022e+02
2.319147500000000000e+05 -1.323780000000000001e+01 9.337793999999999528e+01
2.319149499999999825e+05 -1.629524999999999935e+01 9.795873000000000275e+01
2.319151499999999942e+05 -1.597934000000000054e+01 9.392512999999999579e+01
2.319153499999999767e+05 -1.482437000000000005e+01 9.222684999999999889e+01
2.319155499999999884e+05 -1.512137000000000064e+01 9.052020000000000266e+01
2.319157500000000000e+05 -1.634502000000000166e+01 8.553024999999999523e+01
2.319159499999999825e+05 -1.451089999999999947e+01 7.758500999999999692e+01
2.319161499999999942e+05 -1.700759000000000043e+01 9.236155999999999722e+01
2.319163499999999767e+05 -1.724752000000000152e+01 9.430191999999999553e+01
2.319165499999999884e+05 -1.589372999999999969e+01 9.438209999999999411e+01
2.319167500000000000e+05 -1.529099000000000075e+01 1.021949000000000041e+02
2.319169499999999825e+05 -1.438103000000000087e+01 8.899188999999999794e+01
2.319171499999999942e+05 -1.502145999999999937e+01 9.937821999999999889e+01
2.319173499999999767e+05 -1.515432999999999986e+01 8.157259000000000526e+01
2.319175499999999884e+05 -1.410525999999999947e+01 1.003211000000000013e+02
2.319177500000000000e+05 -1.626951999999999998e+01 8.931107000000000085e+01
2.319179499999999825e+05 -1.824099999999999966e+01 9.241227999999999554e+01
2.319181499999999942e+05 -1.563650999999999947e+01 1.064547000000000025e+02
2.319183499999999767e+05 -1.400102000000000046e+01 1.014278999999999940e+02
2.319185499999999884e+05 -1.561491000000000007e+01 9.666183999999999799e+01
2.319187500000000000e+05 -1.441926999999999914e+01 1.025622999999999934e+02
2.319189499999999825e+05 -1.804607999999999990e+01 1.127839000000000027e+02
2.319191499999999942e+05 -1.431166999999999945e+01 1.050489000000000033e+02
2.319193499999999767e+05 -1.586932000000000009e+01 8.564892000000000394e+01
2.319195499999999884e+05 -1.518490000000000073e+01 1.010405999999999977e+02
2.319197500000000000e+05 -1.652430999999999983e+01 9.879073999999999955e+01
2.319199499999999825e+05 -1.376667999999999914e+01 9.900686000000000320e+01
2.319201499999999942e+05 -1.650484000000000151e+01 8.438710000000000377e+01
2.319203499999999767e+05 -1.567403000000000013e+01 9.371129999999999427e+01
2.319205499999999884e+05 -1.651567999999999969e+01 7.379098000000000468e+01
2.319207500000000000e+05 -1.521654000000000018e+01 1.070404000000000053e+02
2.319209499999999825e+05 -1.598105999999999938e+01 9.392040000000000077e+01
2.319211499999999942e+05 -1.510595999999999961e+01 9.899706000000000472e+01
2.319213499999999767e+05 -1.471382000000000012e+01 8.859716000000000236e+01
2.319215499999999884e+05 -1.615221000000000018e+01 9.298915999999999826e+01
2.319217500000000000e+05 -1.548385999999999996e+01 1.030408999999999935e+02
2.319219499999999825e+05 -1.667707000000000050e+01 9.614419999999999789e+01
2.319221499999999942e+05 -1.462881999999999927e+01 9.168843999999999994e+01
2.319223499999999767e+05 -1.540067999999999948e+01 1.049037000000000006e+02
2.319225499999999884e+05 -1.604411999999999949e+01 9.820405999999999835e+01
2.319227500000000000e+05 -1.601473999999999975e+01 9.921390999999999849e+01
2.319229499999999825e+05 -1.464203999999999972e+01 8.548516999999999655e+01
2.319231499999999942e+05 -1.498879999999999946e+01 8.677031999999999812e+01
2.319233499999999767e+05 -1.493712999999999980e+01 9.737578000000000600e+01
2.319235499999999884e+05 -1.483352999999999966e+01 9.865192000000000405e+01
2.319237500000000000e+05 -1.527999999999999936e+01 9.488643000000000427e+01
2.319239499999999825e+05 -1.555203000000000024e+01 9.164015000000000555e+01
2.319241499999999942e+05 -1.574107000000000056e+01 9.425739000000000090e+01
2.319243499999999767e+05 -1.610846000000000089e+01 7.660602000000000089e+01
2.319245499999999884e+05 -1.401726999999999990e+01 8.190693000000000268e+01
2.319247500000000000e+05 -1.164886000000000088e+01 9.432533999999999708e+01
2.319249499999999825e+05 -1.503729000000000049e+01 8.351130999999999460e+01
2.319251499999999942e+05 -1.497794999999999987e+01 1.026282000000000068e+02
2.319253499999999767e+05 -1.505749999999999922e+01 8.909108999999999412e+01
2.319255499999999884e+05 -1.483074000000000048e+01 1.110061000000000035e+02
2.319257500000000000e+05 -1.521739999999999959e+01 9.435406999999999300e+01
2.319259499999999825e+05 -1.582510000000000083e+01 9.380186000000000490e+01
2.319261499999999942e+05 -1.658158999999999850e+01 1.092951000000000050e+02
2.319263499999999767e+05 -1.673948999999999998e+01 9.279438000000000386e+01
2.319265499999999884e+05 -1.957210999999999856e+01 9.161504999999999654e+01
2.319267500000000000e+05 -1.480410000000000004e+01 9.955953999999999837e+01
2.319269499999999825e+05 -1.532124999999999915e+01 9.637281000000000120e+01
2.319271499999999942e+05 -1.553401999999999994e+01 9.958328000000000202e+01
2.319273499999999767e+05 -1.555216000000000065e+01 9.611383999999999617e+01
2.319275499999999884e+05 -1.323018000000000072e+01 1.073375999999999948e+02
