# Time finished:
# 2015-06-03 10.29.51
# Temp volt start:
# 1.0100213
# Temp volt stop:
# 1.0100213
# Approx start T:
# 86.951704745
# Approx stop T:
# 86.9718462596
# DC bias measured, messed up:
# 1.085746
# DC bias we asked for:
# 0
2.318203599999999860e+05 -1.577036999999999978e+01 9.123378999999999905e+01
2.318205599999999977e+05 -1.566520000000000046e+01 9.424318999999999846e+01
2.318207599999999802e+05 -1.557396999999999920e+01 9.362342999999999904e+01
2.318209599999999919e+05 -1.589151000000000025e+01 9.147478999999999871e+01
2.318211599999999744e+05 -1.568687000000000076e+01 9.288728000000000407e+01
2.318213599999999860e+05 -1.576065999999999967e+01 9.213522000000000389e+01
2.318215599999999977e+05 -1.597889999999999944e+01 9.004939000000000249e+01
2.318217599999999802e+05 -1.550040000000000084e+01 9.265385000000000559e+01
2.318219599999999919e+05 -1.556414999999999971e+01 8.861194000000000415e+01
2.318221599999999744e+05 -1.508221999999999952e+01 9.119011999999999318e+01
2.318223599999999860e+05 -1.555681000000000047e+01 9.375093999999999994e+01
2.318225599999999977e+05 -1.542290000000000028e+01 9.145987999999999829e+01
2.318227599999999802e+05 -1.584497999999999962e+01 9.023078999999999894e+01
2.318229599999999919e+05 -1.593406000000000056e+01 9.223655999999999722e+01
2.318231599999999744e+05 -1.566591000000000022e+01 9.202737999999999374e+01
2.318233599999999860e+05 -1.610738999999999876e+01 9.156199999999999761e+01
2.318235599999999977e+05 -1.566008000000000067e+01 9.079137000000000057e+01
2.318237599999999802e+05 -1.578276999999999930e+01 8.962293999999999983e+01
2.318239599999999919e+05 -1.527638999999999925e+01 9.101824000000000581e+01
2.318241599999999744e+05 -1.546185000000000009e+01 9.169584999999999297e+01
2.318243599999999860e+05 -1.568706000000000067e+01 9.264109999999999445e+01
2.318245599999999977e+05 -1.560920999999999914e+01 9.166546999999999912e+01
2.318247599999999802e+05 -1.597250000000000014e+01 9.453497000000000128e+01
2.318249599999999919e+05 -1.539068999999999932e+01 9.241709000000000174e+01
2.318251599999999744e+05 -1.523675000000000068e+01 9.055611000000000388e+01
2.318253599999999860e+05 -1.594522000000000084e+01 9.057801999999999509e+01
2.318255599999999977e+05 -1.580067999999999984e+01 9.263514999999999588e+01
2.318257599999999802e+05 -1.600785000000000124e+01 9.120167999999999608e+01
2.318259599999999919e+05 -1.593299000000000021e+01 9.198342999999999847e+01
2.318261599999999744e+05 -1.582768000000000086e+01 9.035962000000000671e+01
2.318263599999999860e+05 -1.558909000000000056e+01 9.130727000000000260e+01
2.318265599999999977e+05 -1.568703999999999965e+01 9.437839999999999918e+01
2.318267599999999802e+05 -1.591020999999999930e+01 8.893268999999999380e+01
2.318269599999999919e+05 -1.524492000000000047e+01 9.480241999999999791e+01
2.318271599999999744e+05 -1.544406000000000034e+01 9.471486000000000161e+01
2.318273599999999860e+05 -1.583872999999999998e+01 9.414337999999999340e+01
2.318275599999999977e+05 -1.531919000000000075e+01 9.243977999999999895e+01
2.318277599999999802e+05 -1.565047999999999995e+01 9.339292000000000371e+01
2.318279599999999919e+05 -1.628850999999999871e+01 9.192770000000000152e+01
2.318281599999999744e+05 -1.589662000000000042e+01 8.957751000000000374e+01
2.318283599999999860e+05 -1.537265000000000015e+01 9.231644000000000005e+01
2.318285599999999977e+05 -1.590548000000000073e+01 9.058942999999999302e+01
2.318287599999999802e+05 -1.544275000000000020e+01 9.158056999999999448e+01
2.318289599999999919e+05 -1.551593000000000089e+01 9.156968999999999426e+01
2.318291599999999744e+05 -1.524499999999999922e+01 9.197516000000000247e+01
2.318293599999999860e+05 -1.566006999999999927e+01 9.079509000000000185e+01
2.318295599999999977e+05 -1.575317000000000078e+01 9.063826000000000249e+01
2.318297599999999802e+05 -1.573779000000000039e+01 9.126915999999999940e+01
2.318299599999999919e+05 -1.515713000000000044e+01 9.467598999999999876e+01
2.318301599999999744e+05 -1.611482000000000170e+01 8.987129000000000190e+01
2.318303599999999860e+05 -1.587134000000000000e+01 9.110967999999999734e+01
2.318305599999999977e+05 -1.549430000000000085e+01 9.096375000000000455e+01
2.318307599999999802e+05 -1.561913000000000018e+01 9.031286000000000058e+01
2.318309599999999919e+05 -1.575704999999999956e+01 9.564400000000000546e+01
2.318311599999999744e+05 -1.515315999999999974e+01 9.117513999999999896e+01
2.318313599999999860e+05 -1.539187000000000083e+01 9.363110000000000355e+01
2.318315599999999977e+05 -1.597175000000000011e+01 9.479851999999999634e+01
2.318317599999999802e+05 -1.587695000000000078e+01 9.440425000000000466e+01
2.318319599999999919e+05 -1.528125000000000000e+01 8.948234999999999673e+01
2.318321599999999744e+05 -1.585885999999999996e+01 9.326514000000000237e+01
2.318323599999999860e+05 -1.589589999999999925e+01 9.275391000000000474e+01
2.318325599999999977e+05 -1.593379999999999974e+01 9.198736999999999853e+01
2.318327599999999802e+05 -1.608596000000000004e+01 9.118636999999999659e+01
2.318329599999999919e+05 -1.570340999999999987e+01 9.177545999999999538e+01
2.318331599999999744e+05 -1.585496999999999979e+01 9.174644999999999584e+01
2.318333599999999860e+05 -1.609194000000000102e+01 9.299981999999999971e+01
2.318335599999999977e+05 -1.546720999999999968e+01 8.988542999999999950e+01
2.318337599999999802e+05 -1.534716000000000058e+01 9.076895000000000380e+01
2.318339599999999919e+05 -1.572771999999999970e+01 8.977935999999999694e+01
2.318341599999999744e+05 -1.529861000000000004e+01 9.185146000000000299e+01
2.318343599999999860e+05 -1.523625000000000007e+01 9.032958999999999605e+01
2.318345599999999977e+05 -1.539162999999999926e+01 9.411141000000000645e+01
2.318347599999999802e+05 -1.566944999999999943e+01 9.351649999999999352e+01
2.318349599999999919e+05 -1.611155000000000115e+01 9.287067000000000405e+01
2.318351599999999744e+05 -1.561264000000000074e+01 8.957908999999999367e+01
2.318353599999999860e+05 -1.555577000000000076e+01 9.229285000000000139e+01
2.318355599999999977e+05 -1.536875000000000036e+01 9.136150000000000659e+01
2.318357599999999802e+05 -1.592235999999999940e+01 9.657814999999999372e+01
2.318359599999999919e+05 -1.567971000000000004e+01 9.586912999999999840e+01
2.318361599999999744e+05 -1.529355999999999938e+01 9.588344999999999629e+01
2.318363599999999860e+05 -1.560703999999999958e+01 9.118192999999999415e+01
2.318365599999999977e+05 -1.563174000000000063e+01 9.376232000000000255e+01
2.318367599999999802e+05 -1.610303000000000040e+01 9.079151000000000238e+01
2.318369599999999919e+05 -1.586655999999999977e+01 9.478312999999999988e+01
2.318371599999999744e+05 -1.531972000000000023e+01 9.054581000000000301e+01
2.318373599999999860e+05 -1.579171000000000014e+01 9.402228999999999814e+01
2.318375599999999977e+05 -1.545213000000000036e+01 9.158584000000000458e+01
2.318377599999999802e+05 -1.559604000000000035e+01 9.082038000000000011e+01
2.318379599999999919e+05 -1.579175000000000040e+01 9.401927999999999486e+01
2.318381599999999744e+05 -1.553053000000000061e+01 9.376049000000000433e+01
2.318383599999999860e+05 -1.541689000000000043e+01 9.159260999999999342e+01
2.318385599999999977e+05 -1.579907000000000039e+01 9.037919999999999732e+01
2.318387599999999802e+05 -1.536402000000000001e+01 9.219970999999999606e+01
2.318389599999999919e+05 -1.578862999999999950e+01 9.176188999999999396e+01
2.318391599999999744e+05 -1.517652000000000001e+01 9.058333000000000368e+01
2.318393599999999860e+05 -1.564119999999999955e+01 9.253000000000000114e+01
2.318395599999999977e+05 -1.505742000000000047e+01 9.120332000000000505e+01
2.318397599999999802e+05 -1.571584000000000003e+01 9.426537999999999329e+01
2.318399599999999919e+05 -1.571258000000000088e+01 9.152572000000000685e+01
2.318401599999999744e+05 -1.549247000000000085e+01 9.254533999999999594e+01
2.318403599999999860e+05 -1.625470999999999933e+01 9.564141999999999655e+01
