# Time finished:
# 2015-06-04 02.01.55
# Temp volt start:
# 1.0011659
# Temp volt stop:
# 1.0011659
# Approx start T:
# 91.8933336095
# Approx stop T:
# 91.9381786837
# DC bias measured, messed up:
# 1.162852
# DC bias we asked for:
# 0
2.318319700000000012e+05 -1.553865000000000052e+01 9.303394000000000119e+01
2.318321700000000128e+05 -1.613853999999999900e+01 9.011558999999999742e+01
2.318323699999999953e+05 -1.559495000000000076e+01 9.245105999999999824e+01
2.318325700000000070e+05 -1.546576999999999913e+01 9.118036999999999637e+01
2.318327699999999895e+05 -1.554313999999999929e+01 9.352110999999999308e+01
2.318329700000000012e+05 -1.607451000000000008e+01 9.165313999999999339e+01
2.318331700000000128e+05 -1.528898000000000046e+01 9.580449000000000126e+01
2.318333699999999953e+05 -1.574208999999999925e+01 9.412944000000000244e+01
2.318335700000000070e+05 -1.587825999999999915e+01 9.022127999999999304e+01
2.318337699999999895e+05 -1.540208999999999939e+01 9.304993000000000336e+01
2.318339700000000012e+05 -1.564278000000000013e+01 9.590855000000000530e+01
2.318341700000000128e+05 -1.492342000000000013e+01 9.306905000000000427e+01
2.318343699999999953e+05 -1.605406999999999940e+01 9.128619000000000483e+01
2.318345700000000070e+05 -1.579744999999999955e+01 9.280060000000000286e+01
2.318347699999999895e+05 -1.558216999999999963e+01 8.985205000000000553e+01
2.318349700000000012e+05 -1.577948999999999913e+01 9.316316000000000486e+01
2.318351700000000128e+05 -1.583395999999999937e+01 9.401519999999999300e+01
2.318353699999999953e+05 -1.544965000000000011e+01 8.908606000000000336e+01
2.318355700000000070e+05 -1.626932000000000045e+01 9.212969999999999970e+01
2.318357699999999895e+05 -1.536696000000000062e+01 9.259310999999999581e+01
2.318359700000000012e+05 -1.527696000000000076e+01 9.179489999999999839e+01
2.318361700000000128e+05 -1.524567000000000050e+01 9.317032000000000380e+01
2.318363699999999953e+05 -1.556170999999999971e+01 9.292750999999999806e+01
2.318365700000000070e+05 -1.642775999999999925e+01 9.289014000000000237e+01
2.318367699999999895e+05 -1.541727000000000025e+01 9.177190000000000225e+01
2.318369700000000012e+05 -1.538171999999999962e+01 9.478606000000000620e+01
2.318371700000000128e+05 -1.561616000000000071e+01 9.304779999999999518e+01
2.318373699999999953e+05 -1.613006999999999991e+01 9.126726999999999634e+01
2.318375700000000070e+05 -1.596449999999999925e+01 9.241873999999999967e+01
2.318377699999999895e+05 -1.562020000000000053e+01 9.649747999999999593e+01
2.318379700000000012e+05 -1.581118999999999986e+01 9.121286999999999523e+01
2.318381700000000128e+05 -1.588075000000000081e+01 8.862172999999999945e+01
2.318383699999999953e+05 -1.555701000000000001e+01 9.529355999999999938e+01
2.318385700000000070e+05 -1.546249000000000073e+01 9.609277000000000157e+01
2.318387699999999895e+05 -1.516940999999999917e+01 9.091621000000000663e+01
2.318389700000000012e+05 -1.547256999999999927e+01 9.328642999999999574e+01
2.318391700000000128e+05 -1.565135000000000076e+01 9.400127999999999417e+01
2.318393699999999953e+05 -1.547551999999999950e+01 8.707191000000000258e+01
2.318395700000000070e+05 -1.592141999999999946e+01 9.118948000000000320e+01
2.318397699999999895e+05 -1.541984000000000066e+01 9.316996000000000322e+01
2.318399700000000012e+05 -1.574221999999999966e+01 9.388805999999999585e+01
2.318401700000000128e+05 -1.600940999999999903e+01 8.842718000000000700e+01
2.318403699999999953e+05 -1.610369000000000028e+01 9.643045999999999651e+01
2.318405700000000070e+05 -1.574052999999999969e+01 9.195649000000000228e+01
2.318407699999999895e+05 -1.585277999999999921e+01 9.267964000000000624e+01
2.318409700000000012e+05 -1.542932000000000059e+01 9.072579000000000349e+01
2.318411700000000128e+05 -1.579524999999999935e+01 9.182671000000000561e+01
2.318413699999999953e+05 -1.494894999999999996e+01 9.086184000000000083e+01
2.318415700000000070e+05 -1.574840999999999980e+01 9.014709000000000572e+01
2.318417699999999895e+05 -1.594577999999999918e+01 9.254846999999999468e+01
2.318419700000000012e+05 -1.533210000000000051e+01 9.374393000000000598e+01
2.318421700000000128e+05 -1.555067999999999984e+01 9.033350000000000080e+01
2.318423699999999953e+05 -1.510740999999999978e+01 9.250211000000000183e+01
2.318425700000000070e+05 -1.585857999999999990e+01 9.010576000000000363e+01
2.318427699999999895e+05 -1.536700000000000088e+01 9.305523999999999774e+01
2.318429700000000012e+05 -1.562706999999999979e+01 9.102418000000000120e+01
2.318431700000000128e+05 -1.596491999999999933e+01 9.266567999999999472e+01
2.318433699999999953e+05 -1.632933999999999841e+01 9.328740999999999417e+01
2.318435700000000070e+05 -1.577875000000000050e+01 9.243954999999999700e+01
2.318437699999999895e+05 -1.615253999999999834e+01 9.467547000000000423e+01
2.318439700000000012e+05 -1.557717000000000063e+01 9.186977000000000260e+01
2.318441700000000128e+05 -1.585388999999999982e+01 9.340883999999999787e+01
2.318443699999999953e+05 -1.568530999999999942e+01 9.185193999999999903e+01
2.318445700000000070e+05 -1.574257000000000062e+01 9.364934999999999832e+01
2.318447699999999895e+05 -1.638785000000000025e+01 9.289759999999999707e+01
2.318449700000000012e+05 -1.548854000000000042e+01 9.223270999999999731e+01
2.318451700000000128e+05 -1.524085999999999963e+01 9.135107000000000710e+01
2.318453699999999953e+05 -1.570223999999999975e+01 9.148556999999999562e+01
2.318455700000000070e+05 -1.617021000000000086e+01 8.910500000000000398e+01
2.318457699999999895e+05 -1.563367000000000040e+01 9.364664000000000499e+01
2.318459700000000012e+05 -1.548544000000000054e+01 9.129509000000000185e+01
2.318461700000000128e+05 -1.568135999999999974e+01 9.568188000000000670e+01
2.318463699999999953e+05 -1.614873000000000047e+01 9.113585000000000491e+01
2.318465700000000070e+05 -1.538335000000000008e+01 9.432828000000000657e+01
2.318467699999999895e+05 -1.583315999999999946e+01 8.791664000000000101e+01
2.318469700000000012e+05 -1.558885000000000076e+01 8.746895999999999560e+01
2.318471700000000128e+05 -1.603697999999999979e+01 9.490655999999999892e+01
2.318473699999999953e+05 -1.565531999999999968e+01 8.826645999999999503e+01
2.318475700000000070e+05 -1.537723000000000084e+01 9.085493999999999915e+01
2.318477699999999895e+05 -1.552640000000000065e+01 9.340201999999999316e+01
2.318479700000000012e+05 -1.561655000000000015e+01 9.328732999999999720e+01
2.318481700000000128e+05 -1.579149999999999920e+01 9.546905999999999892e+01
2.318483699999999953e+05 -1.594665999999999961e+01 9.378131000000000483e+01
2.318485700000000070e+05 -1.559769999999999968e+01 9.269116999999999962e+01
2.318487699999999895e+05 -1.592633999999999972e+01 9.439211000000000240e+01
2.318489700000000012e+05 -1.583436999999999983e+01 9.255423999999999296e+01
2.318491700000000128e+05 -1.602174000000000120e+01 9.253745999999999583e+01
2.318493699999999953e+05 -1.565090999999999966e+01 9.232944000000000528e+01
2.318495700000000070e+05 -1.522532999999999959e+01 9.169547000000000025e+01
2.318497699999999895e+05 -1.561843000000000004e+01 8.983642999999999290e+01
2.318499700000000012e+05 -1.541953999999999958e+01 9.270641000000000531e+01
2.318501700000000128e+05 -1.544210999999999956e+01 9.013921999999999457e+01
2.318503699999999953e+05 -1.519304999999999950e+01 9.237977999999999668e+01
2.318505700000000070e+05 -1.574094999999999978e+01 9.461293000000000575e+01
2.318507699999999895e+05 -1.557809999999999917e+01 8.937505000000000166e+01
2.318509700000000012e+05 -1.579523999999999972e+01 9.182913000000000636e+01
2.318511700000000128e+05 -1.507343999999999973e+01 9.228221999999999525e+01
2.318513699999999953e+05 -1.581596000000000046e+01 9.389374999999999716e+01
2.318515700000000070e+05 -1.562875000000000014e+01 9.126260000000000616e+01
2.318517699999999895e+05 -1.561383999999999972e+01 9.209711000000000070e+01
2.318519700000000012e+05 -1.597915000000000063e+01 9.130509000000000697e+01
