# Time finished:
# 2015-06-04 07.13.27
# Temp volt start:
# 0.97050952
# Temp volt stop:
# 0.97050952
# Approx start T:
# 108.603488337
# Approx stop T:
# 108.676665855
# DC bias measured, messed up:
# 1.007864
# DC bias we asked for:
# 0
2.318634100000000035e+05 -1.512837000000000032e+01 9.252832999999999686e+01
2.318636100000000151e+05 -1.524091999999999913e+01 9.153574000000000410e+01
2.318638099999999977e+05 -1.601583000000000112e+01 9.206435999999999353e+01
2.318640100000000093e+05 -1.563000000000000078e+01 9.146790000000000020e+01
2.318642099999999919e+05 -1.561703999999999937e+01 9.667806000000000211e+01
2.318644100000000035e+05 -1.552743000000000073e+01 9.058265000000000100e+01
2.318646100000000151e+05 -1.614115999999999929e+01 9.177680999999999756e+01
2.318648099999999977e+05 -1.498606999999999978e+01 9.376458999999999833e+01
2.318650100000000093e+05 -1.550324999999999953e+01 9.637816999999999723e+01
2.318652099999999919e+05 -1.569486000000000026e+01 9.289741999999999678e+01
2.318654100000000035e+05 -1.593581000000000003e+01 9.370212999999999681e+01
2.318656100000000151e+05 -1.595561000000000007e+01 9.194133999999999673e+01
2.318658099999999977e+05 -1.536159999999999926e+01 9.354027999999999565e+01
2.318660100000000093e+05 -1.584890000000000043e+01 9.530228999999999928e+01
2.318662099999999919e+05 -1.623576999999999870e+01 8.994299999999999784e+01
2.318664100000000035e+05 -1.552777000000000029e+01 9.574211999999999989e+01
2.318666100000000151e+05 -1.516981999999999964e+01 9.712502000000000635e+01
2.318668099999999977e+05 -1.543459999999999965e+01 9.124754000000000076e+01
2.318670100000000093e+05 -1.561115999999999993e+01 9.498367000000000360e+01
2.318672099999999919e+05 -1.582582000000000022e+01 9.569952000000000680e+01
2.318674100000000035e+05 -1.549362999999999957e+01 9.161990000000000123e+01
2.318676100000000151e+05 -1.565113999999999983e+01 9.159019000000000688e+01
2.318678099999999977e+05 -1.545134999999999970e+01 9.085802999999999940e+01
2.318680100000000093e+05 -1.597606999999999999e+01 9.451582999999999402e+01
2.318682099999999919e+05 -1.622699000000000069e+01 9.427823999999999671e+01
2.318684100000000035e+05 -1.583381999999999934e+01 9.383105000000000473e+01
2.318686100000000151e+05 -1.583344999999999914e+01 8.915426999999999680e+01
2.318688099999999977e+05 -1.567406000000000077e+01 9.277035999999999660e+01
2.318690100000000093e+05 -1.547686999999999991e+01 9.405814999999999770e+01
2.318692099999999919e+05 -1.575397000000000070e+01 9.356098000000000070e+01
2.318694100000000035e+05 -1.526207999999999920e+01 9.141294000000000608e+01
2.318696100000000151e+05 -1.561130999999999958e+01 9.472386000000000195e+01
2.318698099999999977e+05 -1.555611000000000033e+01 9.303381000000000256e+01
2.318700100000000093e+05 -1.570190999999999981e+01 9.013040999999999769e+01
2.318702099999999919e+05 -1.569434000000000040e+01 9.316304999999999836e+01
2.318704100000000035e+05 -1.605376000000000047e+01 9.096693000000000495e+01
2.318706100000000151e+05 -1.587367000000000061e+01 9.195551000000000386e+01
2.318708099999999977e+05 -1.605630000000000024e+01 9.124728000000000350e+01
2.318710100000000093e+05 -1.627083999999999975e+01 9.344258999999999560e+01
2.318712099999999919e+05 -1.518973000000000084e+01 9.217121000000000208e+01
2.318714100000000035e+05 -1.538899999999999935e+01 9.024345999999999890e+01
2.318716100000000151e+05 -1.626980999999999966e+01 9.260062999999999533e+01
2.318718099999999977e+05 -1.543389999999999951e+01 9.507401000000000124e+01
2.318720100000000093e+05 -1.570626999999999995e+01 9.566782999999999504e+01
2.318722099999999919e+05 -1.569402999999999970e+01 9.290095999999999776e+01
2.318724100000000035e+05 -1.558553000000000033e+01 9.043532000000000437e+01
2.318726100000000151e+05 -1.563209999999999944e+01 9.172809999999999775e+01
2.318728099999999977e+05 -1.572278000000000020e+01 9.606763999999999726e+01
2.318730100000000093e+05 -1.551675000000000004e+01 9.354840000000000089e+01
2.318732099999999919e+05 -1.588583999999999996e+01 9.047571999999999548e+01
2.318734100000000035e+05 -1.589137999999999984e+01 9.128279999999999461e+01
2.318736100000000151e+05 -1.520196999999999932e+01 9.080298000000000513e+01
2.318738099999999977e+05 -1.626185999999999865e+01 9.064168999999999699e+01
2.318740100000000093e+05 -1.583222999999999914e+01 9.169697999999999638e+01
2.318742099999999919e+05 -1.588973000000000013e+01 9.101399999999999579e+01
2.318744100000000035e+05 -1.624540999999999968e+01 9.134315999999999747e+01
2.318746100000000151e+05 -1.549004000000000048e+01 8.866991000000000156e+01
2.318748099999999977e+05 -1.667674999999999841e+01 9.066192999999999813e+01
2.318750100000000093e+05 -1.591502000000000017e+01 9.410824999999999818e+01
2.318752099999999919e+05 -1.552839999999999954e+01 9.548676000000000386e+01
2.318754100000000035e+05 -1.563917999999999964e+01 8.976720000000000255e+01
2.318756100000000151e+05 -1.569294000000000011e+01 9.421515999999999735e+01
2.318758099999999977e+05 -1.569353000000000087e+01 9.316308999999999685e+01
2.318760100000000093e+05 -1.522672999999999988e+01 9.440769000000000233e+01
2.318762099999999919e+05 -1.551689000000000007e+01 9.277620000000000289e+01
2.318764100000000035e+05 -1.551631000000000071e+01 9.252008999999999617e+01
2.318766100000000151e+05 -1.549646000000000079e+01 9.265183000000000391e+01
2.318768099999999977e+05 -1.551655000000000051e+01 9.381153000000000475e+01
2.318770100000000093e+05 -1.543755999999999950e+01 9.405888000000000204e+01
2.318772099999999919e+05 -1.517038999999999938e+01 9.180335999999999785e+01
2.318774100000000035e+05 -1.531230000000000047e+01 9.027121999999999957e+01
2.318776100000000151e+05 -1.585335000000000072e+01 9.423382999999999754e+01
2.318778099999999977e+05 -1.550506000000000029e+01 9.612575999999999965e+01
2.318780100000000093e+05 -1.541690000000000005e+01 9.469204000000000576e+01
2.318782099999999919e+05 -1.526091000000000086e+01 9.516248000000000218e+01
2.318784100000000035e+05 -1.555044000000000004e+01 9.122320000000000562e+01
2.318786100000000151e+05 -1.649981999999999971e+01 9.071053999999999462e+01
2.318788099999999977e+05 -1.559470999999999918e+01 9.277407999999999788e+01
2.318790100000000093e+05 -1.582226999999999961e+01 9.623479000000000383e+01
2.318792099999999919e+05 -1.507666000000000039e+01 9.438572999999999524e+01
2.318794100000000035e+05 -1.605949000000000026e+01 9.370946999999999605e+01
2.318796100000000151e+05 -1.549825000000000053e+01 8.943363999999999692e+01
2.318798099999999977e+05 -1.579250000000000043e+01 9.196823999999999444e+01
2.318800100000000093e+05 -1.571330000000000027e+01 9.382156999999999414e+01
2.318802099999999919e+05 -1.590709999999999980e+01 9.060473000000000354e+01
2.318804100000000035e+05 -1.575178999999999974e+01 9.197426000000000101e+01
2.318806100000000151e+05 -1.547602000000000011e+01 9.200896000000000186e+01
2.318808099999999977e+05 -1.632726999999999862e+01 9.075951000000000590e+01
2.318810100000000093e+05 -1.541887000000000008e+01 9.240046999999999855e+01
2.318812099999999919e+05 -1.545082000000000022e+01 8.868729000000000440e+01
2.318814100000000035e+05 -1.557540000000000013e+01 9.290471999999999753e+01
2.318816100000000151e+05 -1.598710999999999949e+01 9.030679000000000656e+01
2.318818099999999977e+05 -1.595354000000000028e+01 9.465483999999999298e+01
2.318820100000000093e+05 -1.616216999999999970e+01 9.164072000000000173e+01
2.318822099999999919e+05 -1.562813000000000052e+01 9.538339999999999463e+01
2.318824100000000035e+05 -1.561186999999999969e+01 9.160350999999999999e+01
2.318826100000000151e+05 -1.545452000000000048e+01 9.137720000000000198e+01
2.318828099999999977e+05 -1.524751000000000012e+01 9.279134000000000526e+01
2.318830100000000093e+05 -1.537719000000000058e+01 9.139095000000000368e+01
2.318832099999999919e+05 -1.601839000000000013e+01 9.234327999999999292e+01
2.318834100000000035e+05 -1.532372999999999941e+01 9.278745000000000687e+01
