# Time finished:
# 2015-06-03 04.10.19
# Temp volt start:
# 1.0199069
# Temp volt stop:
# 1.0199069
# Approx start T:
# 81.3713531667
# Approx stop T:
# 81.3968539243
# DC bias measured, messed up:
# 1.026048
# DC bias we asked for:
# 0
2.318108999999999942e+05 -1.562922999999999973e+01 9.213423000000000229e+01
2.318111000000000058e+05 -1.562154999999999916e+01 8.746468000000000131e+01
2.318112999999999884e+05 -1.561429000000000045e+01 9.159646999999999650e+01
2.318115000000000000e+05 -1.511212000000000089e+01 9.347881999999999891e+01
2.318116999999999825e+05 -1.552731999999999957e+01 9.084727999999999781e+01
2.318118999999999942e+05 -1.564714000000000027e+01 9.114369999999999550e+01
2.318121000000000058e+05 -1.565055000000000085e+01 9.181113999999999464e+01
2.318122999999999884e+05 -1.571014000000000088e+01 9.045528000000000191e+01
2.318125000000000000e+05 -1.556767999999999930e+01 9.215831000000000017e+01
2.318126999999999825e+05 -1.544730000000000025e+01 9.119543000000000177e+01
2.318128999999999942e+05 -1.542861000000000082e+01 9.087564999999999316e+01
2.318131000000000058e+05 -1.591130000000000067e+01 9.325966999999999985e+01
2.318132999999999884e+05 -1.538794000000000040e+01 9.315769000000000233e+01
2.318135000000000000e+05 -1.558567000000000036e+01 8.972127000000000407e+01
2.318136999999999825e+05 -1.532042999999999999e+01 9.230254999999999654e+01
2.318138999999999942e+05 -1.575423999999999936e+01 9.427929000000000315e+01
2.318141000000000058e+05 -1.551889000000000074e+01 9.271783999999999537e+01
2.318142999999999884e+05 -1.542708999999999975e+01 9.066109000000000151e+01
2.318145000000000000e+05 -1.576849999999999952e+01 9.506759999999999877e+01
2.318146999999999825e+05 -1.545049999999999990e+01 8.955948999999999671e+01
2.318148999999999942e+05 -1.563233999999999924e+01 9.148453999999999553e+01
2.318151000000000058e+05 -1.528933999999999926e+01 9.294785000000000252e+01
2.318152999999999884e+05 -1.597949999999999982e+01 9.418280000000000030e+01
2.318155000000000000e+05 -1.601473999999999975e+01 9.232307000000000130e+01
2.318156999999999825e+05 -1.580686000000000035e+01 9.348615999999999815e+01
2.318158999999999942e+05 -1.578532000000000046e+01 9.518228000000000577e+01
2.318161000000000058e+05 -1.597700999999999993e+01 9.163846999999999809e+01
2.318162999999999884e+05 -1.546419000000000032e+01 9.130316999999999439e+01
2.318165000000000000e+05 -1.605287999999999826e+01 8.987286000000000286e+01
2.318166999999999825e+05 -1.573263000000000034e+01 9.123861999999999739e+01
2.318168999999999942e+05 -1.512444999999999951e+01 9.149070000000000391e+01
2.318171000000000058e+05 -1.563472999999999935e+01 9.215282999999999447e+01
2.318172999999999884e+05 -1.523099999999999987e+01 8.891092999999999336e+01
2.318175000000000000e+05 -1.545088999999999935e+01 8.956287000000000376e+01
2.318176999999999825e+05 -1.580644999999999989e+01 9.394328000000000145e+01
2.318178999999999942e+05 -1.547192000000000078e+01 9.010151999999999362e+01
2.318181000000000058e+05 -1.578725999999999985e+01 9.179368999999999801e+01
2.318182999999999884e+05 -1.589330999999999960e+01 9.337821999999999889e+01
2.318185000000000000e+05 -1.589226000000000028e+01 9.429394000000000631e+01
2.318186999999999825e+05 -1.553510999999999953e+01 9.436545999999999879e+01
2.318188999999999942e+05 -1.527172000000000018e+01 9.220399999999999352e+01
2.318191000000000058e+05 -1.562670999999999921e+01 9.615779000000000565e+01
2.318192999999999884e+05 -1.530230000000000068e+01 9.498189000000000703e+01
2.318195000000000000e+05 -1.544917000000000051e+01 9.163602000000000203e+01
2.318196999999999825e+05 -1.540107000000000070e+01 9.197056999999999505e+01
2.318198999999999942e+05 -1.564420999999999928e+01 9.070548999999999751e+01
2.318201000000000058e+05 -1.517468000000000039e+01 9.200673999999999353e+01
2.318202999999999884e+05 -1.599526000000000003e+01 9.175252999999999304e+01
2.318205000000000000e+05 -1.583531999999999940e+01 9.121392000000000166e+01
2.318206999999999825e+05 -1.615084999999999837e+01 9.113559999999999661e+01
2.318208999999999942e+05 -1.541766999999999932e+01 8.957573999999999614e+01
2.318211000000000058e+05 -1.548629000000000033e+01 9.359623999999999455e+01
2.318212999999999884e+05 -1.592844999999999978e+01 9.360545999999999367e+01
2.318215000000000000e+05 -1.532141999999999982e+01 9.273396999999999935e+01
2.318216999999999825e+05 -1.616696999999999917e+01 9.598013000000000261e+01
2.318218999999999942e+05 -1.581461999999999968e+01 9.064839000000000624e+01
2.318221000000000058e+05 -1.598428999999999967e+01 9.013362999999999658e+01
2.318222999999999884e+05 -1.591074000000000055e+01 9.372284999999999400e+01
2.318225000000000000e+05 -1.563232999999999961e+01 9.148816999999999666e+01
2.318226999999999825e+05 -1.555816000000000088e+01 9.039776999999999418e+01
2.318228999999999942e+05 -1.590939999999999976e+01 9.234489000000000658e+01
2.318231000000000058e+05 -1.571053000000000033e+01 9.045965999999999951e+01
2.318232999999999884e+05 -1.563114000000000026e+01 9.126570999999999856e+01
2.318235000000000000e+05 -1.553392999999999979e+01 9.216535000000000366e+01
2.318236999999999825e+05 -1.556957000000000058e+01 9.370756000000000085e+01
2.318238999999999942e+05 -1.585979000000000028e+01 8.983572999999999809e+01
2.318241000000000058e+05 -1.615806999999999860e+01 9.349572000000000571e+01
2.318242999999999884e+05 -1.580547999999999931e+01 9.440098999999999307e+01
2.318245000000000000e+05 -1.540245999999999960e+01 9.240366000000000213e+01
2.318246999999999825e+05 -1.589371000000000045e+01 9.337990999999999531e+01
2.318248999999999942e+05 -1.539470000000000027e+01 9.067291000000000167e+01
2.318251000000000058e+05 -1.561984999999999957e+01 9.293514000000000408e+01
2.318252999999999884e+05 -1.514315000000000033e+01 9.222245999999999810e+01
2.318255000000000000e+05 -1.575247000000000064e+01 9.473331000000000301e+01
2.318256999999999825e+05 -1.582389000000000046e+01 9.292579000000000633e+01
2.318258999999999942e+05 -1.543699999999999939e+01 9.283325999999999567e+01
2.318261000000000058e+05 -1.563674999999999926e+01 9.326690000000000680e+01
2.318262999999999884e+05 -1.558195000000000086e+01 9.160971999999999582e+01
2.318265000000000000e+05 -1.540377999999999936e+01 9.326756000000000313e+01
2.318266999999999825e+05 -1.591075000000000017e+01 9.372149000000000285e+01
2.318268999999999942e+05 -1.592027000000000037e+01 9.085035000000000593e+01
2.318271000000000058e+05 -1.506447999999999965e+01 9.233598999999999535e+01
2.318272999999999884e+05 -1.595960000000000001e+01 8.933410999999999547e+01
2.318275000000000000e+05 -1.572978999999999949e+01 9.078870000000000573e+01
2.318276999999999825e+05 -1.556331999999999915e+01 9.128467000000000553e+01
2.318278999999999942e+05 -1.596268000000000065e+01 9.268873999999999569e+01
2.318281000000000058e+05 -1.581748999999999938e+01 9.565240000000000009e+01
2.318282999999999884e+05 -1.587316000000000038e+01 9.189524000000000115e+01
2.318285000000000000e+05 -1.534595000000000020e+01 9.079522000000000048e+01
2.318286999999999825e+05 -1.558489999999999931e+01 9.227512000000000114e+01
2.318288999999999942e+05 -1.539541999999999966e+01 9.088988000000000511e+01
2.318291000000000058e+05 -1.563113000000000063e+01 9.126636999999999489e+01
2.318292999999999884e+05 -1.536412999999999940e+01 9.111469999999999914e+01
2.318295000000000000e+05 -1.566909000000000063e+01 9.237717999999999563e+01
2.318296999999999825e+05 -1.585731000000000002e+01 9.223744999999999550e+01
2.318298999999999942e+05 -1.621174999999999855e+01 9.290610999999999819e+01
2.318301000000000058e+05 -1.544827000000000083e+01 9.534216999999999587e+01
2.318302999999999884e+05 -1.577205999999999975e+01 9.258907000000000664e+01
2.318305000000000000e+05 -1.582156999999999947e+01 9.178982999999999493e+01
2.318306999999999825e+05 -1.563072999999999979e+01 9.126770999999999390e+01
2.318308999999999942e+05 -1.569424000000000063e+01 9.057904999999999518e+01
