# Time finished:
# 2015-06-02 22.08.36
# Temp volt start:
# 1.0625258
# Temp volt stop:
# 1.0625258
# Approx start T:
# 56.4960220278
# Approx stop T:
# 56.6191229282
# DC bias measured, messed up:
# 1.244957
# DC bias we asked for:
# 0
2.317631300000000047e+05 -1.552946000000000026e+01 9.002840000000000487e+01
2.317633300000000163e+05 -1.558394999999999975e+01 9.357929000000000030e+01
2.317635299999999988e+05 -1.566187000000000040e+01 9.256005000000000393e+01
2.317637300000000105e+05 -1.607930999999999955e+01 9.212624999999999886e+01
2.317639299999999930e+05 -1.585485000000000078e+01 9.517036000000000229e+01
2.317641300000000047e+05 -1.572606000000000037e+01 8.971462999999999965e+01
2.317643300000000163e+05 -1.511644000000000077e+01 9.199899000000000626e+01
2.317645299999999988e+05 -1.568263999999999925e+01 9.397368000000000166e+01
2.317647300000000105e+05 -1.581748999999999938e+01 9.150677000000000305e+01
2.317649299999999930e+05 -1.572011000000000003e+01 9.165604000000000440e+01
2.317651300000000047e+05 -1.576077000000000083e+01 9.424123000000000161e+01
2.317653300000000163e+05 -1.592658999999999914e+01 8.989853999999999701e+01
2.317655299999999988e+05 -1.543379999999999974e+01 9.357890999999999337e+01
2.317657300000000105e+05 -1.537536000000000058e+01 9.444570000000000221e+01
2.317659299999999930e+05 -1.530203999999999986e+01 9.344988999999999635e+01
2.317661300000000047e+05 -1.611179999999999879e+01 9.617486999999999853e+01
2.317663300000000163e+05 -1.560222000000000087e+01 9.142318000000000211e+01
2.317665299999999988e+05 -1.553935000000000066e+01 9.054690999999999690e+01
2.317667300000000105e+05 -1.568093999999999966e+01 9.474899000000000626e+01
2.317669299999999930e+05 -1.554842000000000013e+01 9.257210999999999501e+01
2.317671300000000047e+05 -1.589781999999999940e+01 9.438621999999999446e+01
2.317673300000000163e+05 -1.571931999999999974e+01 9.165304999999999325e+01
2.317675299999999988e+05 -1.592012000000000072e+01 8.764999000000000251e+01
2.317677300000000105e+05 -1.593230999999999931e+01 9.571379000000000303e+01
2.317679299999999930e+05 -1.539170000000000016e+01 9.506738000000000000e+01
2.317681300000000047e+05 -1.599649999999999928e+01 9.134693000000000040e+01
2.317683300000000163e+05 -1.541498999999999953e+01 8.933835000000000548e+01
2.317685299999999988e+05 -1.568398000000000003e+01 9.294810999999999979e+01
2.317687300000000105e+05 -1.578144999999999953e+01 9.281324999999999648e+01
2.317689299999999930e+05 -1.580195999999999934e+01 9.320807999999999538e+01
2.317691300000000047e+05 -1.540551999999999921e+01 9.594228999999999985e+01
2.317693300000000163e+05 -1.537702999999999953e+01 9.270889999999999986e+01
2.317695299999999988e+05 -1.629601999999999862e+01 9.003479000000000099e+01
2.317697300000000105e+05 -1.560580999999999996e+01 9.346081999999999823e+01
2.317699299999999930e+05 -1.564197000000000060e+01 9.167126000000000374e+01
2.317701300000000047e+05 -1.549057999999999957e+01 9.270380000000000109e+01
2.317703300000000163e+05 -1.548440000000000083e+01 9.760509999999999309e+01
2.317705299999999988e+05 -1.559923000000000037e+01 9.549618999999999858e+01
2.317707300000000105e+05 -1.608177999999999841e+01 9.266694999999999993e+01
2.317709299999999930e+05 -1.580741000000000085e+01 8.994498000000000104e+01
2.317711300000000047e+05 -1.592394999999999960e+01 8.963754000000000133e+01
2.317713300000000163e+05 -1.526035000000000075e+01 9.125082000000000448e+01
2.317715299999999988e+05 -1.582127999999999979e+01 9.333915000000000362e+01
2.317717300000000105e+05 -1.603014999999999901e+01 9.614709999999999468e+01
2.317719299999999930e+05 -1.572859000000000052e+01 8.997638000000000602e+01
2.317721300000000047e+05 -1.587170000000000059e+01 9.058454999999999302e+01
2.317723300000000163e+05 -1.598094000000000037e+01 9.281144999999999357e+01
2.317725299999999988e+05 -1.546418000000000070e+01 8.869424999999999670e+01
2.317727300000000105e+05 -1.564570999999999934e+01 9.691916999999999405e+01
2.317729299999999930e+05 -1.542301999999999929e+01 9.607507999999999981e+01
2.317731300000000047e+05 -1.558272999999999975e+01 9.130271000000000470e+01
2.317733300000000163e+05 -1.603586999999999918e+01 9.106671000000000049e+01
2.317735299999999988e+05 -1.547181999999999924e+01 9.232993000000000450e+01
2.317737300000000105e+05 -1.601249999999999929e+01 9.067297999999999547e+01
2.317739299999999930e+05 -1.539059999999999917e+01 9.109501000000000204e+01
2.317741300000000047e+05 -1.588044000000000011e+01 9.294406999999999641e+01
2.317743300000000163e+05 -1.587625000000000064e+01 9.136861000000000388e+01
2.317745299999999988e+05 -1.565787000000000084e+01 9.538531000000000404e+01
2.317747300000000105e+05 -1.546804000000000023e+01 9.132559999999999434e+01
2.317749299999999930e+05 -1.572226999999999997e+01 9.268819000000000585e+01
2.317751300000000047e+05 -1.582062999999999953e+01 9.281601999999999464e+01
2.317753300000000163e+05 -1.562498000000000076e+01 9.231235999999999819e+01
2.317755299999999988e+05 -1.618383000000000038e+01 9.415337999999999852e+01
2.317757300000000105e+05 -1.570123000000000069e+01 9.204679000000000144e+01
2.317759299999999930e+05 -1.529917999999999978e+01 9.173121999999999332e+01
2.317761300000000047e+05 -1.602276000000000167e+01 8.946077999999999975e+01
2.317763300000000163e+05 -1.576215999999999973e+01 9.372436999999999330e+01
2.317765299999999988e+05 -1.577745999999999960e+01 9.151988000000000056e+01
2.317767300000000105e+05 -1.636013000000000162e+01 9.014759999999999707e+01
2.317769299999999930e+05 -1.566633000000000031e+01 8.961469999999999914e+01
2.317771300000000047e+05 -1.601776999999999873e+01 9.146922000000000708e+01
2.317773300000000163e+05 -1.560389999999999944e+01 9.447805999999999926e+01
2.317775299999999988e+05 -1.579050999999999938e+01 9.606837000000000160e+01
2.317777300000000105e+05 -1.597952000000000083e+01 9.227921999999999514e+01
2.317779299999999930e+05 -1.557901999999999987e+01 9.561938999999999567e+01
2.317781300000000047e+05 -1.593745999999999974e+01 9.175030999999999892e+01
2.317783300000000163e+05 -1.587767999999999979e+01 9.163102999999999554e+01
2.317785299999999988e+05 -1.583488000000000007e+01 9.530423000000000400e+01
2.317787300000000105e+05 -1.569361999999999924e+01 9.591129999999999711e+01
2.317789299999999930e+05 -1.612228999999999957e+01 9.401659999999999684e+01
2.317791300000000047e+05 -1.556835000000000058e+01 9.345837000000000216e+01
2.317793300000000163e+05 -1.570343000000000089e+01 9.359127999999999759e+01
2.317795299999999988e+05 -1.609401000000000082e+01 9.064936000000000149e+01
2.317797300000000105e+05 -1.546864000000000061e+01 9.157751000000000374e+01
2.317799299999999930e+05 -1.532853000000000065e+01 9.024129000000000644e+01
2.317801300000000047e+05 -1.562592000000000070e+01 9.307779999999999632e+01
2.317803300000000163e+05 -1.557743999999999929e+01 9.053901999999999362e+01
2.317805299999999988e+05 -1.554687999999999981e+01 9.231976000000000226e+01
2.317807300000000105e+05 -1.576216999999999935e+01 9.346741000000000099e+01
2.317809299999999930e+05 -1.626585999999999999e+01 9.197307999999999595e+01
2.317811300000000047e+05 -1.576202999999999932e+01 9.320676000000000272e+01
2.317813300000000163e+05 -1.587800000000000011e+01 9.452459000000000344e+01
2.317815299999999988e+05 -1.548971000000000053e+01 9.194996999999999332e+01
2.317817300000000105e+05 -1.568396000000000079e+01 9.295158999999999594e+01
2.317819299999999930e+05 -1.596113000000000071e+01 9.320623000000000502e+01
2.317821300000000047e+05 -1.569844999999999935e+01 9.513992000000000360e+01
2.317823300000000163e+05 -1.606081999999999965e+01 9.414803999999999462e+01
2.317825299999999988e+05 -1.607790999999999926e+01 9.132478999999999303e+01
2.317827300000000105e+05 -1.606116000000000099e+01 9.387896999999999537e+01
2.317829299999999930e+05 -1.548989000000000082e+01 9.220374999999999943e+01
2.317831300000000047e+05 -1.635258999999999929e+01 8.932026999999999362e+01
