2.160638e+02	7.087641e+04
2.145979e+02	1.834396e+05
2.131522e+02	3.498192e+05
2.117107e+02	3.690403e+05
2.102802e+02	3.650172e+05
2.088634e+02	3.741832e+05
2.074629e+02	3.745754e+05
2.060682e+02	3.643611e+05
2.046883e+02	3.779567e+05
2.033262e+02	3.774668e+05
2.019649e+02	3.779719e+05
2.006289e+02	3.885371e+05
1.993049e+02	3.885621e+05
1.979810e+02	3.796820e+05
1.966794e+02	3.844565e+05
1.953942e+02	3.832520e+05
1.941256e+02	3.906251e+05
1.928806e+02	3.734709e+05
1.916390e+02	3.919844e+05
1.903995e+02	3.950403e+05
1.891951e+02	3.945696e+05
1.879909e+02	3.981011e+05
1.867888e+02	4.023961e+05
1.856081e+02	4.075330e+05
1.844302e+02	4.067065e+05
1.832702e+02	3.871056e+05
1.821110e+02	4.035945e+05
1.809498e+02	4.045483e+05
1.798059e+02	4.181197e+05
1.786733e+02	4.183567e+05
1.775476e+02	3.993153e+05
1.764435e+02	4.012973e+05
1.753451e+02	4.021673e+05
1.742496e+02	4.110847e+05
1.731700e+02	4.139556e+05
1.721075e+02	4.171791e+05
1.710568e+02	3.928569e+05
1.700151e+02	4.050330e+05
1.689859e+02	3.948197e+05
