# Temperature: None K
2.317967500000000000e+05 -2.252590999999999966e+01
2.317968250000000116e+05 -2.060980999999999952e+01
2.317968999999999942e+05 -1.879898999999999987e+01
2.317969750000000058e+05 -1.696715999999999980e+01
2.317970499999999884e+05 -2.073561000000000121e+01
2.317971250000000000e+05 -2.279510000000000147e+01
2.317972000000000116e+05 -2.276899999999999835e+01
2.317972749999999942e+05 -1.939879000000000175e+01
2.317973500000000058e+05 -1.568305999999999933e+01
2.317974249999999884e+05 -1.900196000000000041e+01
2.317975000000000000e+05 -2.156710999999999956e+01
2.317975750000000116e+05 -1.919002000000000052e+01
2.317976499999999942e+05 -1.866599000000000075e+01
2.317977250000000058e+05 -1.943924000000000163e+01
2.317977999999999884e+05 -1.919707000000000008e+01
2.317978750000000000e+05 -2.111163000000000167e+01
2.317979500000000116e+05 -1.959754999999999825e+01
2.317980249999999942e+05 -1.666639999999999944e+01
2.317981000000000058e+05 -1.872961000000000098e+01
2.317981749999999884e+05 -2.209159000000000006e+01
2.317982500000000000e+05 -1.701661999999999964e+01
2.317983250000000116e+05 -1.631205999999999889e+01
2.317983999999999942e+05 -2.154933000000000121e+01
2.317984750000000058e+05 -2.090525999999999840e+01
2.317985499999999884e+05 -1.845388000000000162e+01
2.317986250000000000e+05 -1.907860000000000156e+01
2.317987000000000116e+05 -2.096827000000000041e+01
2.317987749999999942e+05 -1.879974999999999952e+01
2.317988500000000058e+05 -1.945842999999999989e+01
2.317989249999999884e+05 -1.933590999999999838e+01
2.317990000000000000e+05 -1.897028999999999854e+01
2.317990750000000116e+05 -2.011854999999999905e+01
2.317991499999999942e+05 -1.842230999999999952e+01
2.317992250000000058e+05 -2.107097999999999871e+01
2.317992999999999884e+05 -1.934378999999999849e+01
2.317993750000000000e+05 -1.813838000000000150e+01
2.317994500000000116e+05 -2.175981000000000165e+01
2.317995249999999942e+05 -1.717752000000000123e+01
2.317996000000000058e+05 -1.811066999999999894e+01
2.317996749999999884e+05 -1.973967000000000027e+01
2.317997500000000000e+05 -1.828074000000000154e+01
2.317998250000000116e+05 -1.886981000000000108e+01
2.317998999999999942e+05 -2.058739999999999881e+01
2.317999750000000058e+05 -2.001887999999999934e+01
2.318000499999999884e+05 -1.921196000000000126e+01
2.318001250000000000e+05 -1.872422999999999860e+01
2.318002000000000116e+05 -2.111485000000000056e+01
2.318002749999999942e+05 -1.873611000000000004e+01
2.318003500000000058e+05 -1.862690999999999875e+01
2.318004249999999884e+05 -1.930971999999999866e+01
2.318005000000000000e+05 -1.948788000000000054e+01
2.318005750000000116e+05 -1.690633000000000052e+01
2.318006499999999942e+05 -1.791907000000000139e+01
2.318007250000000058e+05 -1.920292999999999850e+01
2.318007999999999884e+05 -1.926673999999999864e+01
2.318008750000000000e+05 -2.162019000000000091e+01
2.318009500000000116e+05 -1.837881000000000142e+01
2.318010249999999942e+05 -2.116711000000000098e+01
2.318011000000000058e+05 -1.840002000000000137e+01
2.318011749999999884e+05 -1.885803999999999903e+01
2.318012500000000000e+05 -1.929390000000000072e+01
2.318013250000000116e+05 -1.842840999999999951e+01
2.318013999999999942e+05 -1.814470999999999989e+01
2.318014750000000058e+05 -2.073740000000000094e+01
2.318015499999999884e+05 -2.086138000000000048e+01
2.318016250000000000e+05 -1.804967999999999861e+01
2.318017000000000116e+05 -1.962057000000000073e+01
2.318017749999999942e+05 -1.975009000000000015e+01
2.318018500000000058e+05 -1.918278000000000105e+01
2.318019249999999884e+05 -1.883595000000000041e+01
2.318020000000000000e+05 -1.919799000000000078e+01
2.318020750000000116e+05 -1.900989999999999824e+01
2.318021499999999942e+05 -1.885957000000000150e+01
2.318022250000000058e+05 -1.938408000000000087e+01
2.318022999999999884e+05 -1.772607999999999961e+01
2.318023750000000000e+05 -2.119274000000000058e+01
2.318024500000000116e+05 -1.856729999999999947e+01
2.318025249999999942e+05 -1.807326000000000121e+01
2.318026000000000058e+05 -1.809027000000000029e+01
2.318026749999999884e+05 -1.829192000000000107e+01
2.318027500000000000e+05 -1.740426000000000073e+01
2.318028250000000116e+05 -1.655758000000000152e+01
2.318028999999999942e+05 -1.760593000000000075e+01
2.318029750000000058e+05 -1.964527999999999963e+01
2.318030499999999884e+05 -1.775515000000000043e+01
2.318031250000000000e+05 -1.789514000000000138e+01
2.318032000000000116e+05 -2.195805999999999969e+01
2.318032749999999942e+05 -1.793026000000000053e+01
2.318033500000000058e+05 -1.784800999999999860e+01
2.318034249999999884e+05 -2.012850999999999857e+01
2.318035000000000000e+05 -1.936010999999999882e+01
2.318035750000000116e+05 -1.933035999999999888e+01
2.318036499999999942e+05 -1.793581999999999965e+01
2.318037250000000058e+05 -1.833026999999999873e+01
2.318037999999999884e+05 -1.924640000000000128e+01
2.318038750000000000e+05 -1.812422000000000111e+01
2.318039500000000116e+05 -1.928257999999999939e+01
2.318040249999999942e+05 -1.679098000000000113e+01
2.318041000000000058e+05 -1.651248000000000005e+01
2.318041749999999884e+05 -1.701891000000000176e+01
2.318042500000000000e+05 -1.837224000000000146e+01
2.318043250000000116e+05 -2.149456999999999951e+01
2.318043999999999942e+05 -1.747982999999999976e+01
2.318044750000000058e+05 -1.681774000000000058e+01
2.318045499999999884e+05 -1.812745999999999924e+01
2.318046250000000000e+05 -1.618153999999999826e+01
2.318047000000000116e+05 -1.801407999999999987e+01
2.318047749999999942e+05 -1.712117999999999896e+01
2.318048500000000058e+05 -1.879741999999999891e+01
2.318049249999999884e+05 -1.853988000000000014e+01
2.318050000000000000e+05 -1.618400000000000105e+01
2.318050750000000116e+05 -1.800183000000000177e+01
2.318051499999999942e+05 -1.888727000000000089e+01
2.318052250000000058e+05 -1.670213999999999999e+01
2.318052999999999884e+05 -1.608783999999999992e+01
2.318053750000000000e+05 -1.747347999999999857e+01
2.318054500000000116e+05 -1.846562000000000126e+01
2.318055249999999942e+05 -1.690222999999999942e+01
2.318056000000000058e+05 -1.674130999999999858e+01
2.318056749999999884e+05 -1.706460999999999828e+01
2.318057500000000000e+05 -1.880205000000000126e+01
2.318058250000000116e+05 -1.681541999999999959e+01
2.318058999999999942e+05 -1.709835999999999956e+01
2.318059750000000058e+05 -1.812686000000000064e+01
2.318060499999999884e+05 -1.713645999999999958e+01
2.318061250000000000e+05 -1.800662000000000162e+01
2.318062000000000116e+05 -1.635317999999999827e+01
2.318062749999999942e+05 -1.599827999999999939e+01
2.318063500000000058e+05 -1.617570999999999870e+01
2.318064249999999884e+05 -1.740475999999999956e+01
2.318065000000000000e+05 -1.786758999999999986e+01
2.318065750000000116e+05 -1.803284000000000020e+01
2.318066499999999942e+05 -1.829717000000000127e+01
2.318067250000000058e+05 -1.693882999999999939e+01
2.318067999999999884e+05 -1.562096000000000018e+01
2.318068750000000000e+05 -1.825135999999999825e+01
2.318069500000000116e+05 -1.550372999999999912e+01
2.318070249999999942e+05 -1.517951000000000050e+01
2.318071000000000058e+05 -1.767670999999999992e+01
2.318071749999999884e+05 -1.731440999999999875e+01
2.318072500000000000e+05 -1.634636000000000067e+01
2.318073250000000116e+05 -1.697381999999999991e+01
2.318073999999999942e+05 -1.611871999999999971e+01
2.318074750000000058e+05 -1.778162000000000020e+01
2.318075499999999884e+05 -1.612642999999999915e+01
2.318076250000000000e+05 -1.547283000000000008e+01
2.318077000000000116e+05 -1.562040999999999968e+01
2.318077749999999942e+05 -1.764194000000000173e+01
2.318078500000000058e+05 -1.557513999999999932e+01
2.318079249999999884e+05 -1.649862999999999857e+01
2.318080000000000000e+05 -1.431540000000000035e+01
2.318080750000000116e+05 -1.480253000000000085e+01
2.318081499999999942e+05 -1.428952999999999918e+01
2.318082250000000058e+05 -1.476312000000000069e+01
2.318082999999999884e+05 -1.550796000000000063e+01
2.318083750000000000e+05 -1.432610000000000028e+01
2.318084500000000116e+05 -1.507435000000000080e+01
2.318085249999999942e+05 -1.573793000000000042e+01
2.318086000000000058e+05 -1.312210999999999927e+01
2.318086749999999884e+05 -1.359124000000000088e+01
2.318087500000000000e+05 -1.418729000000000084e+01
2.318088250000000116e+05 -1.395866999999999969e+01
2.318088999999999942e+05 -1.343191000000000024e+01
2.318089750000000058e+05 -1.275492999999999988e+01
2.318090499999999884e+05 -1.327003999999999984e+01
2.318091250000000000e+05 -1.331931999999999938e+01
2.318092000000000116e+05 -1.383501000000000047e+01
2.318092749999999942e+05 -1.305072000000000010e+01
2.318093500000000058e+05 -1.180977999999999994e+01
2.318094249999999884e+05 -1.142474999999999952e+01
2.318095000000000000e+05 -1.158977999999999930e+01
2.318095750000000116e+05 -1.112880000000000003e+01
2.318096499999999942e+05 -1.121903999999999968e+01
2.318097250000000058e+05 -1.035688000000000031e+01
2.318097999999999884e+05 -1.007460999999999984e+01
2.318098750000000000e+05 -9.637036999999999409e+00
2.318099500000000116e+05 -9.354300999999999533e+00
2.318100249999999942e+05 -9.026483000000000700e+00
2.318101000000000058e+05 -8.654569000000000401e+00
2.318101749999999884e+05 -8.212578999999999851e+00
2.318102500000000000e+05 -7.542361999999999789e+00
2.318103250000000116e+05 -7.363336000000000325e+00
2.318103999999999942e+05 -6.450874999999999915e+00
2.318104750000000058e+05 -5.705472999999999573e+00
2.318105499999999884e+05 -5.809872000000000369e+00
2.318106250000000000e+05 -4.879589000000000176e+00
2.318107000000000116e+05 -3.895294999999999952e+00
2.318107749999999942e+05 -3.541351999999999833e+00
2.318108500000000058e+05 -2.971071999999999935e+00
2.318109249999999884e+05 -2.500354999999999883e+00
2.318110000000000000e+05 -2.058397999999999950e+00
2.318110750000000116e+05 -1.410751000000000088e+00
2.318111499999999942e+05 -7.980728999999999740e-01
2.318112250000000058e+05 -2.629173000000000204e-01
2.318112999999999884e+05 -3.258712999999999888e-03
2.318113750000000000e+05 6.268707999999999503e-01
2.318114500000000116e+05 1.036267999999999967e+00
2.318115249999999942e+05 1.384217999999999948e+00
2.318116000000000058e+05 1.570448999999999984e+00
2.318116749999999884e+05 1.886729000000000100e+00
2.318117500000000000e+05 1.792799999999999949e+00
2.318118250000000116e+05 1.721314999999999928e+00
2.318118999999999942e+05 1.374959999999999960e+00
2.318119750000000058e+05 1.149156000000000066e+00
2.318120499999999884e+05 4.678115999999999941e-01
2.318121250000000000e+05 -4.268909000000000176e-01
2.318122000000000116e+05 -9.888295000000000279e-01
2.318122749999999942e+05 -2.429508999999999919e+00
2.318123500000000058e+05 -2.613347000000000087e+00
2.318124249999999884e+05 -3.323656000000000166e+00
2.318125000000000000e+05 -2.726831999999999923e+00
2.318125750000000116e+05 -3.113446000000000158e+00
2.318126499999999942e+05 -2.340882999999999825e+00
2.318127250000000058e+05 -2.247851999999999961e+00
2.318127999999999884e+05 -2.568916999999999895e+00
2.318128750000000000e+05 -3.069120999999999988e+00
2.318129500000000116e+05 -4.021491000000000149e+00
2.318130249999999942e+05 -4.568896999999999764e+00
2.318131000000000058e+05 -5.102145000000000152e+00
2.318131749999999884e+05 -5.101027000000000200e+00
2.318132500000000000e+05 -4.764028999999999847e+00
2.318133250000000116e+05 -4.518864999999999910e+00
2.318133999999999942e+05 -4.728045999999999971e+00
2.318134750000000058e+05 -5.254412000000000305e+00
2.318135499999999884e+05 -5.897255000000000358e+00
2.318136250000000000e+05 -6.592622000000000426e+00
2.318137000000000116e+05 -6.576959999999999695e+00
2.318137749999999942e+05 -6.999127999999999794e+00
2.318138500000000058e+05 -6.697010999999999825e+00
2.318139249999999884e+05 -6.668661000000000172e+00
2.318140000000000000e+05 -7.361797000000000146e+00
2.318140750000000116e+05 -8.388821000000000083e+00
2.318141499999999942e+05 -8.352033999999999736e+00
2.318142250000000058e+05 -8.123836999999999975e+00
2.318142999999999884e+05 -7.811150999999999733e+00
2.318143750000000000e+05 -8.368738000000000454e+00
2.318144500000000116e+05 -8.985053000000000623e+00
2.318145249999999942e+05 -9.814410999999999774e+00
2.318146000000000058e+05 -9.641923000000000243e+00
2.318146749999999884e+05 -1.078758999999999979e+01
2.318147500000000000e+05 -9.528684000000000154e+00
2.318148250000000116e+05 -9.722085999999999117e+00
2.318148999999999942e+05 -1.078501999999999938e+01
2.318149750000000058e+05 -1.084162000000000070e+01
2.318150499999999884e+05 -1.056892000000000031e+01
2.318151250000000000e+05 -1.088390000000000057e+01
2.318152000000000116e+05 -1.256063999999999936e+01
2.318152749999999942e+05 -1.260466000000000086e+01
2.318153500000000058e+05 -1.056358999999999959e+01
2.318154249999999884e+05 -1.305866999999999933e+01
2.318155000000000000e+05 -1.196711999999999954e+01
2.318155750000000116e+05 -1.289502000000000059e+01
2.318156499999999942e+05 -1.206287000000000020e+01
2.318157250000000058e+05 -1.230503999999999998e+01
2.318157999999999884e+05 -1.496772999999999954e+01
2.318158750000000000e+05 -1.370833999999999975e+01
2.318159500000000116e+05 -1.253668000000000049e+01
2.318160249999999942e+05 -1.421706000000000003e+01
2.318161000000000058e+05 -1.623523000000000138e+01
2.318161749999999884e+05 -1.409055999999999997e+01
2.318162500000000000e+05 -1.392450999999999972e+01
2.318163250000000116e+05 -1.597340999999999944e+01
2.318163999999999942e+05 -1.628956000000000159e+01
2.318164750000000058e+05 -1.398614000000000068e+01
2.318165499999999884e+05 -1.837793999999999883e+01
2.318166250000000000e+05 -1.452999999999999936e+01
2.318167000000000116e+05 -1.652993000000000023e+01
2.318167749999999942e+05 -2.125690000000000168e+01
2.318168500000000058e+05 -1.587264000000000053e+01
2.318169249999999884e+05 -1.636648999999999887e+01
2.318170000000000000e+05 -2.071754999999999924e+01
2.318170750000000116e+05 -1.795364000000000004e+01
2.318171499999999942e+05 -1.868112999999999957e+01
2.318172250000000058e+05 -2.292098000000000013e+01
2.318172999999999884e+05 -1.696731000000000122e+01
2.318173750000000000e+05 -2.014145999999999859e+01
2.318174500000000116e+05 -1.826382999999999868e+01
2.318175249999999942e+05 -1.651784999999999926e+01
2.318176000000000058e+05 -2.372079000000000093e+01
2.318176749999999884e+05 -1.832726999999999862e+01
2.318177500000000000e+05 -1.721376000000000062e+01
2.318178250000000116e+05 -2.184353000000000122e+01
2.318178999999999942e+05 -1.532405999999999935e+01
2.318179750000000058e+05 -2.379983000000000004e+01
2.318180499999999884e+05 -2.175850000000000151e+01
2.318181250000000000e+05 -2.207910000000000039e+01
2.318182000000000116e+05 -2.084963000000000122e+01
2.318182749999999942e+05 -1.751516000000000162e+01
2.318183500000000058e+05 -2.682334000000000174e+01
2.318184249999999884e+05 -1.769260999999999839e+01
2.318185000000000000e+05 -2.770309999999999917e+01
2.318185750000000116e+05 -1.893430999999999997e+01
2.318186499999999942e+05 -2.117041000000000039e+01
2.318187250000000058e+05 -2.368945000000000078e+01
2.318187999999999884e+05 -2.274945999999999913e+01
2.318188750000000000e+05 -2.785154999999999959e+01
2.318189500000000116e+05 -1.954957999999999885e+01
2.318190249999999942e+05 -2.255376000000000047e+01
2.318191000000000058e+05 -1.929473000000000127e+01
2.318191749999999884e+05 -3.719633999999999929e+01
2.318192500000000000e+05 -1.942326999999999870e+01
2.318193250000000116e+05 -2.878130000000000166e+01
2.318193999999999942e+05 -2.012458000000000169e+01
2.318194750000000058e+05 -2.747152000000000172e+01
2.318195499999999884e+05 -2.045052000000000092e+01
2.318196250000000000e+05 -3.300896000000000186e+01
2.318197000000000116e+05 -2.005519999999999925e+01
2.318197749999999942e+05 -2.436702000000000012e+01
2.318198500000000058e+05 -2.176714000000000127e+01
2.318199249999999884e+05 -3.669519999999999982e+01
2.318200000000000000e+05 -2.277672000000000097e+01
2.318200750000000116e+05 -3.153957000000000122e+01
2.318201499999999942e+05 -2.477711000000000041e+01
2.318202250000000058e+05 -2.483841999999999928e+01
2.318202999999999884e+05 -2.216309000000000040e+01
2.318203750000000000e+05 -2.120286000000000115e+01
2.318204500000000116e+05 -2.429642000000000124e+01
2.318205249999999942e+05 -2.277587000000000117e+01
2.318206000000000058e+05 -2.632294999999999874e+01
2.318206749999999884e+05 -1.936570000000000036e+01
2.318207500000000000e+05 -2.963166000000000011e+01
2.318208250000000116e+05 -2.084263999999999939e+01
2.318208999999999942e+05 -2.325340999999999880e+01
2.318209750000000058e+05 -2.288454000000000121e+01
2.318210499999999884e+05 -2.411843000000000004e+01
2.318211250000000000e+05 -3.175343000000000160e+01
2.318212000000000116e+05 -2.045562999999999931e+01
2.318212749999999942e+05 -3.829990000000000094e+01
2.318213500000000058e+05 -2.370339999999999847e+01
2.318214249999999884e+05 -2.093813000000000102e+01
2.318215000000000000e+05 -2.922662000000000049e+01
2.318215750000000116e+05 -2.151236000000000104e+01
2.318216499999999942e+05 -2.183799000000000134e+01
2.318217250000000058e+05 -2.727626000000000062e+01
2.318217999999999884e+05 -2.276706000000000074e+01
2.318218750000000000e+05 -2.451315999999999917e+01
2.318219500000000116e+05 -3.027437000000000111e+01
2.318220249999999942e+05 -2.630930999999999997e+01
2.318221000000000058e+05 -2.709467000000000070e+01
2.318221749999999884e+05 -2.211920999999999893e+01
2.318222500000000000e+05 -2.058179000000000158e+01
2.318223250000000116e+05 -2.925501999999999825e+01
2.318223999999999942e+05 -2.259731000000000023e+01
2.318224750000000058e+05 -2.402324000000000126e+01
2.318225499999999884e+05 -2.929655999999999949e+01
2.318226250000000000e+05 -2.115374999999999872e+01
2.318227000000000116e+05 -2.565134000000000114e+01
2.318227749999999942e+05 -2.621602999999999994e+01
2.318228500000000058e+05 -2.489408999999999850e+01
2.318229249999999884e+05 -2.285460000000000136e+01
2.318230000000000000e+05 -2.610556000000000054e+01
2.318230750000000116e+05 -2.467845000000000155e+01
2.318231499999999942e+05 -2.125579000000000107e+01
2.318232250000000058e+05 -1.992016999999999882e+01
2.318232999999999884e+05 -2.690407000000000082e+01
2.318233750000000000e+05 -2.353939000000000092e+01
2.318234500000000116e+05 -2.241395999999999944e+01
2.318235249999999942e+05 -2.274764000000000053e+01
2.318236000000000058e+05 -2.450638999999999967e+01
2.318236749999999884e+05 -2.099060000000000059e+01
2.318237500000000000e+05 -2.306645999999999930e+01
2.318238250000000116e+05 -2.536060000000000159e+01
2.318238999999999942e+05 -3.068155000000000143e+01
2.318239750000000058e+05 -2.394527000000000072e+01
2.318240499999999884e+05 -2.649596000000000018e+01
2.318241250000000000e+05 -2.638735000000000142e+01
2.318242000000000116e+05 -2.287262000000000128e+01
2.318242749999999942e+05 -2.365110999999999919e+01
2.318243500000000058e+05 -2.250363000000000113e+01
2.318244249999999884e+05 -2.593739000000000061e+01
2.318245000000000000e+05 -2.273346000000000089e+01
2.318245750000000116e+05 -2.321798000000000073e+01
2.318246499999999942e+05 -2.681743000000000166e+01
2.318247250000000058e+05 -2.158299999999999841e+01
2.318247999999999884e+05 -2.807483999999999824e+01
2.318248750000000000e+05 -2.781701999999999941e+01
2.318249500000000116e+05 -2.847585000000000122e+01
2.318250249999999942e+05 -2.558449999999999847e+01
2.318251000000000058e+05 -2.242511999999999972e+01
2.318251749999999884e+05 -2.333123000000000147e+01
2.318252500000000000e+05 -2.423319000000000045e+01
2.318253250000000116e+05 -2.449108000000000018e+01
2.318253999999999942e+05 -2.395044000000000040e+01
2.318254750000000058e+05 -3.323584000000000316e+01
2.318255499999999884e+05 -2.268252000000000024e+01
2.318256250000000000e+05 -2.271818000000000026e+01
2.318257000000000116e+05 -2.276087000000000060e+01
2.318257749999999942e+05 -2.196177000000000135e+01
2.318258500000000058e+05 -2.305474999999999852e+01
2.318259249999999884e+05 -2.371254000000000062e+01
2.318260000000000000e+05 -2.230368999999999957e+01
2.318260750000000116e+05 -2.087471999999999994e+01
2.318261499999999942e+05 -2.213526999999999845e+01
2.318262250000000058e+05 -2.777258000000000138e+01
2.318262999999999884e+05 -2.320204999999999984e+01
2.318263750000000000e+05 -2.548223000000000127e+01
2.318264500000000116e+05 -2.458362999999999943e+01
2.318265249999999942e+05 -2.558012000000000086e+01
2.318266000000000058e+05 -2.571132000000000062e+01
2.318266749999999884e+05 -2.736676999999999893e+01
2.318267500000000000e+05 -2.119507000000000119e+01
