# Temperature: None K
2.318059750000000058e+05 -2.335649000000000086e+01
2.318060500000000175e+05 -2.223744999999999905e+01
2.318061250000000000e+05 -2.147765000000000057e+01
2.318062000000000116e+05 -1.812616999999999834e+01
2.318062749999999942e+05 -1.706058000000000163e+01
2.318063500000000058e+05 -1.982612999999999914e+01
2.318064250000000175e+05 -2.204707000000000150e+01
2.318065000000000000e+05 -2.415127000000000024e+01
2.318065750000000116e+05 -1.837103000000000108e+01
2.318066499999999942e+05 -1.731036999999999892e+01
2.318067250000000058e+05 -1.764075000000000060e+01
2.318068000000000175e+05 -2.029304000000000130e+01
2.318068750000000000e+05 -2.192838000000000065e+01
2.318069500000000116e+05 -1.812040000000000006e+01
2.318070249999999942e+05 -1.758406000000000091e+01
2.318071000000000058e+05 -2.046384000000000114e+01
2.318071750000000175e+05 -2.147875000000000156e+01
2.318072500000000000e+05 -2.230612999999999957e+01
2.318073250000000116e+05 -1.968708000000000169e+01
2.318073999999999942e+05 -1.795991000000000071e+01
2.318074750000000058e+05 -2.009101000000000070e+01
2.318075500000000175e+05 -2.036573999999999884e+01
2.318076250000000000e+05 -1.731618999999999886e+01
2.318077000000000116e+05 -1.680089999999999861e+01
2.318077749999999942e+05 -1.738510000000000133e+01
2.318078500000000058e+05 -2.180555000000000021e+01
2.318079250000000175e+05 -1.730270000000000152e+01
2.318080000000000000e+05 -1.687967000000000084e+01
2.318080750000000116e+05 -1.795898000000000039e+01
2.318081499999999942e+05 -1.800118000000000151e+01
2.318082250000000058e+05 -1.652279000000000053e+01
2.318083000000000175e+05 -1.923057000000000016e+01
2.318083750000000000e+05 -2.327216999999999913e+01
2.318084500000000116e+05 -1.794924999999999926e+01
2.318085249999999942e+05 -1.905228999999999928e+01
2.318086000000000058e+05 -2.223048999999999964e+01
2.318086750000000175e+05 -2.162051999999999907e+01
2.318087500000000000e+05 -1.838295000000000101e+01
2.318088250000000116e+05 -1.934591999999999956e+01
2.318088999999999942e+05 -1.903094000000000108e+01
2.318089750000000058e+05 -2.051858999999999966e+01
2.318090500000000175e+05 -2.186405999999999850e+01
2.318091250000000000e+05 -1.875972000000000151e+01
2.318092000000000116e+05 -1.904228000000000165e+01
2.318092749999999942e+05 -1.970017999999999958e+01
2.318093500000000058e+05 -1.792008999999999830e+01
2.318094250000000175e+05 -1.962139000000000166e+01
2.318095000000000000e+05 -1.838418000000000063e+01
2.318095750000000116e+05 -1.837791999999999959e+01
2.318096499999999942e+05 -1.725256999999999863e+01
2.318097250000000058e+05 -2.096435999999999922e+01
2.318098000000000175e+05 -1.570622999999999969e+01
2.318098750000000000e+05 -1.804165000000000063e+01
2.318099500000000116e+05 -1.888091999999999970e+01
2.318100249999999942e+05 -1.808601000000000170e+01
2.318101000000000058e+05 -2.053532999999999831e+01
2.318101750000000175e+05 -1.879006000000000043e+01
2.318102500000000000e+05 -2.134495000000000076e+01
2.318103250000000116e+05 -1.953843000000000174e+01
2.318103999999999942e+05 -2.173214000000000112e+01
2.318104750000000058e+05 -1.806677000000000177e+01
2.318105500000000175e+05 -1.808886000000000038e+01
2.318106250000000000e+05 -1.896726999999999919e+01
2.318107000000000116e+05 -1.763947999999999894e+01
2.318107749999999942e+05 -1.968806000000000012e+01
2.318108500000000058e+05 -2.204422999999999888e+01
2.318109250000000175e+05 -1.825753999999999877e+01
2.318110000000000000e+05 -1.880716999999999928e+01
2.318110750000000116e+05 -2.060084000000000160e+01
2.318111499999999942e+05 -1.975559000000000154e+01
2.318112250000000058e+05 -1.798200999999999894e+01
2.318113000000000175e+05 -1.830054000000000158e+01
2.318113750000000000e+05 -2.141750000000000043e+01
2.318114500000000116e+05 -1.934813000000000116e+01
2.318115249999999942e+05 -1.799392999999999887e+01
2.318116000000000058e+05 -1.755621999999999971e+01
2.318116750000000175e+05 -2.050280000000000058e+01
2.318117500000000000e+05 -1.736163000000000167e+01
2.318118250000000116e+05 -1.951561999999999841e+01
2.318118999999999942e+05 -1.577491000000000021e+01
2.318119750000000058e+05 -1.763876000000000133e+01
2.318120500000000175e+05 -1.782283999999999935e+01
2.318121250000000000e+05 -1.906064999999999898e+01
2.318122000000000116e+05 -1.795351000000000141e+01
2.318122749999999942e+05 -1.855327000000000126e+01
2.318123500000000058e+05 -1.755499999999999972e+01
2.318124250000000175e+05 -1.843141999999999925e+01
2.318125000000000000e+05 -1.690736000000000061e+01
2.318125750000000116e+05 -2.182190999999999903e+01
2.318126499999999942e+05 -1.837072999999999823e+01
2.318127250000000058e+05 -1.805951999999999913e+01
2.318128000000000175e+05 -1.920413999999999888e+01
2.318128750000000000e+05 -1.751707000000000036e+01
2.318129500000000116e+05 -1.854520000000000124e+01
2.318130249999999942e+05 -1.870114999999999839e+01
2.318131000000000058e+05 -1.869617999999999824e+01
2.318131750000000175e+05 -1.807908000000000115e+01
2.318132500000000000e+05 -1.674328999999999823e+01
2.318133250000000116e+05 -1.735131000000000157e+01
2.318133999999999942e+05 -1.932902999999999949e+01
2.318134750000000058e+05 -1.675081000000000131e+01
2.318135500000000175e+05 -1.629007999999999967e+01
2.318136250000000000e+05 -1.970131999999999906e+01
2.318137000000000116e+05 -1.953436999999999912e+01
2.318137749999999942e+05 -1.742834999999999823e+01
2.318138500000000058e+05 -1.848045000000000115e+01
2.318139250000000175e+05 -1.712894999999999968e+01
2.318140000000000000e+05 -1.840509000000000128e+01
2.318140750000000116e+05 -2.039269000000000176e+01
2.318141499999999942e+05 -1.725766000000000133e+01
2.318142250000000058e+05 -1.921083000000000141e+01
2.318143000000000175e+05 -1.839410000000000167e+01
2.318143750000000000e+05 -1.980114999999999981e+01
2.318144500000000116e+05 -1.613132999999999839e+01
2.318145249999999942e+05 -1.906537000000000148e+01
2.318146000000000058e+05 -1.869121000000000166e+01
2.318146750000000175e+05 -1.759472999999999843e+01
2.318147500000000000e+05 -1.930938000000000088e+01
2.318148250000000116e+05 -1.811943000000000126e+01
2.318148999999999942e+05 -1.846687000000000012e+01
2.318149750000000058e+05 -1.892123000000000133e+01
2.318150500000000175e+05 -1.623112000000000066e+01
2.318151250000000000e+05 -1.763944000000000045e+01
2.318152000000000116e+05 -1.573818999999999946e+01
2.318152749999999942e+05 -1.525183000000000000e+01
2.318153500000000058e+05 -1.938090000000000046e+01
2.318154250000000175e+05 -1.626897999999999911e+01
2.318155000000000000e+05 -1.720382999999999996e+01
2.318155750000000116e+05 -1.799941000000000102e+01
2.318156499999999942e+05 -1.594162000000000035e+01
2.318157250000000058e+05 -1.564053000000000004e+01
2.318158000000000175e+05 -1.672424000000000177e+01
2.318158750000000000e+05 -1.676069000000000031e+01
2.318159500000000116e+05 -1.783841999999999928e+01
2.318160249999999942e+05 -1.733305000000000007e+01
2.318161000000000058e+05 -1.690831000000000017e+01
2.318161750000000175e+05 -1.755301000000000045e+01
2.318162500000000000e+05 -1.539089000000000063e+01
2.318163250000000116e+05 -1.473489000000000004e+01
2.318163999999999942e+05 -1.561192999999999920e+01
2.318164750000000058e+05 -1.491477000000000075e+01
2.318165500000000175e+05 -1.615932000000000102e+01
2.318166250000000000e+05 -1.570439000000000007e+01
2.318167000000000116e+05 -1.630338000000000065e+01
2.318167749999999942e+05 -1.842756999999999934e+01
2.318168500000000058e+05 -1.462452000000000041e+01
2.318169250000000175e+05 -1.661929999999999907e+01
2.318170000000000000e+05 -1.604766000000000048e+01
2.318170750000000116e+05 -1.546153999999999940e+01
2.318171499999999942e+05 -1.627631999999999834e+01
2.318172250000000058e+05 -1.583954999999999913e+01
2.318173000000000175e+05 -1.484919000000000011e+01
2.318173750000000000e+05 -1.414428999999999981e+01
2.318174500000000116e+05 -1.525209000000000081e+01
2.318175249999999942e+05 -1.464620000000000033e+01
2.318176000000000058e+05 -1.468651000000000018e+01
2.318176750000000175e+05 -1.536847999999999992e+01
2.318177500000000000e+05 -1.340107000000000070e+01
2.318178250000000116e+05 -1.504631999999999969e+01
2.318178999999999942e+05 -1.319314999999999927e+01
2.318179750000000058e+05 -1.493870000000000076e+01
2.318180500000000175e+05 -1.555672000000000033e+01
2.318181250000000000e+05 -1.295608000000000004e+01
2.318182000000000116e+05 -1.374404999999999966e+01
2.318182749999999942e+05 -1.365082999999999913e+01
2.318183500000000058e+05 -1.407302999999999926e+01
2.318184250000000175e+05 -1.329580999999999946e+01
2.318185000000000000e+05 -1.315316999999999936e+01
2.318185750000000116e+05 -1.304499999999999993e+01
2.318186499999999942e+05 -1.210378000000000043e+01
2.318187250000000058e+05 -1.349071999999999960e+01
2.318188000000000175e+05 -1.253806999999999938e+01
2.318188750000000000e+05 -1.124489999999999945e+01
2.318189500000000116e+05 -1.267140999999999984e+01
2.318190249999999942e+05 -1.182862000000000080e+01
2.318191000000000058e+05 -1.149285000000000068e+01
2.318191750000000175e+05 -1.138906000000000063e+01
2.318192500000000000e+05 -1.152515000000000001e+01
2.318193250000000116e+05 -1.085800000000000054e+01
2.318193999999999942e+05 -1.135482000000000014e+01
2.318194750000000058e+05 -1.084262000000000015e+01
2.318195500000000175e+05 -1.016531999999999947e+01
2.318196250000000000e+05 -9.559604999999999464e+00
2.318197000000000116e+05 -8.395317000000000363e+00
2.318197749999999942e+05 -8.428705000000000780e+00
2.318198500000000058e+05 -8.394764999999999588e+00
2.318199250000000175e+05 -7.766924999999999635e+00
2.318200000000000000e+05 -6.977992000000000417e+00
2.318200750000000116e+05 -6.064281000000000255e+00
2.318201499999999942e+05 -6.063706999999999958e+00
2.318202250000000058e+05 -5.070247000000000170e+00
2.318203000000000175e+05 -4.799974999999999881e+00
2.318203750000000000e+05 -3.895493000000000094e+00
2.318204500000000116e+05 -3.032566999999999791e+00
2.318205249999999942e+05 -2.937203999999999926e+00
2.318206000000000058e+05 -2.578305999999999987e+00
2.318206750000000175e+05 -1.680061999999999944e+00
2.318207500000000000e+05 -1.048357999999999901e+00
2.318208250000000116e+05 -5.916580000000000172e-01
2.318208999999999942e+05 1.010654000000000066e-02
2.318209750000000058e+05 6.051712999999999676e-01
2.318210500000000175e+05 9.420787000000000466e-01
2.318211250000000000e+05 1.073469999999999924e+00
2.318212000000000116e+05 1.651115000000000110e+00
2.318212749999999942e+05 1.960857000000000072e+00
2.318213500000000058e+05 1.967254000000000058e+00
2.318214250000000175e+05 1.880200000000000093e+00
2.318215000000000000e+05 1.636532000000000098e+00
2.318215750000000116e+05 1.166347000000000023e+00
2.318216499999999942e+05 7.403728000000000531e-01
2.318217250000000058e+05 5.201266999999999696e-02
2.318218000000000175e+05 -5.782521000000000466e-01
2.318218750000000000e+05 -1.835844999999999949e+00
2.318219500000000116e+05 -1.932023999999999964e+00
2.318220249999999942e+05 -3.059063000000000088e+00
2.318221000000000058e+05 -2.750347999999999793e+00
2.318221750000000175e+05 -2.752832000000000168e+00
2.318222500000000000e+05 -2.177458999999999811e+00
2.318223250000000116e+05 -1.883841000000000099e+00
2.318223999999999942e+05 -1.999149000000000065e+00
2.318224750000000058e+05 -2.095995999999999970e+00
2.318225500000000175e+05 -2.490137999999999963e+00
2.318226250000000000e+05 -3.741689000000000043e+00
2.318227000000000116e+05 -4.323559999999999626e+00
2.318227749999999942e+05 -5.116799999999999571e+00
2.318228500000000058e+05 -4.592951000000000228e+00
2.318229250000000175e+05 -4.435227000000000253e+00
2.318230000000000000e+05 -4.622118999999999645e+00
2.318230750000000116e+05 -4.538971000000000089e+00
2.318231499999999942e+05 -5.068495000000000417e+00
2.318232250000000058e+05 -6.061259999999999870e+00
2.318233000000000175e+05 -6.013433000000000028e+00
2.318233750000000000e+05 -6.066798000000000357e+00
2.318234500000000116e+05 -6.004704000000000264e+00
2.318235249999999942e+05 -6.584107000000000376e+00
2.318236000000000058e+05 -6.684987999999999708e+00
2.318236750000000175e+05 -7.287081999999999837e+00
2.318237500000000000e+05 -7.578242000000000367e+00
2.318238250000000116e+05 -7.753073999999999799e+00
2.318238999999999942e+05 -8.033488999999999436e+00
2.318239750000000058e+05 -8.025499999999999190e+00
2.318240500000000175e+05 -7.790987000000000329e+00
2.318241250000000000e+05 -8.699723000000000539e+00
2.318242000000000116e+05 -9.097676999999999126e+00
2.318242749999999942e+05 -9.259812999999999406e+00
2.318243500000000058e+05 -8.835034999999999528e+00
2.318244250000000175e+05 -9.239724000000000714e+00
2.318245000000000000e+05 -9.954658000000000229e+00
2.318245750000000116e+05 -1.087448000000000015e+01
2.318246499999999942e+05 -1.082099000000000011e+01
2.318247250000000058e+05 -1.038012999999999941e+01
2.318248000000000175e+05 -1.189265999999999934e+01
2.318248750000000000e+05 -1.154273000000000060e+01
2.318249500000000116e+05 -1.265883000000000003e+01
2.318250249999999942e+05 -1.038940999999999981e+01
2.318251000000000058e+05 -1.079598999999999975e+01
2.318251750000000175e+05 -1.303891999999999918e+01
2.318252500000000000e+05 -1.174038000000000004e+01
2.318253250000000116e+05 -1.179599999999999937e+01
2.318253999999999942e+05 -1.307818999999999932e+01
2.318254750000000058e+05 -1.314952000000000076e+01
2.318255500000000175e+05 -1.351314999999999955e+01
2.318256250000000000e+05 -1.249830000000000041e+01
2.318257000000000116e+05 -1.655875999999999948e+01
2.318257749999999942e+05 -1.460706000000000060e+01
2.318258500000000058e+05 -1.426042999999999950e+01
2.318259250000000175e+05 -1.548545000000000016e+01
2.318260000000000000e+05 -1.584970999999999997e+01
2.318260750000000116e+05 -1.370509000000000022e+01
2.318261499999999942e+05 -1.559503999999999913e+01
2.318262250000000058e+05 -1.687206000000000117e+01
2.318263000000000175e+05 -1.519996000000000080e+01
2.318263750000000000e+05 -1.619669999999999987e+01
2.318264500000000116e+05 -1.777634000000000114e+01
2.318265249999999942e+05 -1.546734999999999971e+01
2.318266000000000058e+05 -1.947503999999999991e+01
2.318266750000000175e+05 -1.612252000000000152e+01
2.318267500000000000e+05 -1.501788999999999952e+01
2.318268250000000116e+05 -1.949633000000000038e+01
2.318268999999999942e+05 -1.851077000000000083e+01
2.318269750000000058e+05 -1.657772999999999897e+01
2.318270500000000175e+05 -2.365439999999999898e+01
2.318271250000000000e+05 -1.556325999999999965e+01
2.318272000000000116e+05 -1.716696999999999917e+01
2.318272749999999942e+05 -1.978209999999999980e+01
2.318273500000000058e+05 -1.637020000000000053e+01
2.318274250000000175e+05 -2.950253000000000014e+01
2.318275000000000000e+05 -2.038017999999999930e+01
2.318275750000000116e+05 -1.918396999999999863e+01
2.318276499999999942e+05 -2.596014999999999873e+01
2.318277250000000058e+05 -1.668120000000000047e+01
2.318278000000000175e+05 -2.630002999999999957e+01
2.318278750000000000e+05 -1.862733000000000061e+01
2.318279500000000116e+05 -2.579440999999999917e+01
2.318280249999999942e+05 -1.970347999999999900e+01
2.318281000000000058e+05 -1.857252000000000081e+01
2.318281750000000175e+05 -2.835803999999999903e+01
2.318282500000000000e+05 -1.935218000000000060e+01
2.318283250000000116e+05 -4.868466999999999700e+01
2.318283999999999942e+05 -1.875035000000000096e+01
2.318284750000000058e+05 -2.688631000000000171e+01
2.318285500000000175e+05 -1.953271000000000157e+01
2.318286250000000000e+05 -2.460636999999999830e+01
2.318287000000000116e+05 -2.211845999999999890e+01
2.318287749999999942e+05 -2.335701999999999856e+01
2.318288500000000058e+05 -2.337089999999999890e+01
2.318289250000000175e+05 -2.172410999999999959e+01
2.318290000000000000e+05 -2.520540000000000092e+01
2.318290750000000116e+05 -2.248556999999999917e+01
2.318291499999999942e+05 -2.400083000000000055e+01
2.318292250000000058e+05 -1.825003999999999849e+01
2.318293000000000175e+05 -2.688881999999999906e+01
2.318293750000000000e+05 -2.464975000000000094e+01
2.318294500000000116e+05 -2.498750000000000071e+01
2.318295249999999942e+05 -2.276174999999999926e+01
2.318296000000000058e+05 -2.079489999999999839e+01
2.318296750000000175e+05 -2.087417999999999907e+01
2.318297500000000000e+05 -2.089320999999999984e+01
2.318298250000000116e+05 -2.254710999999999999e+01
2.318298999999999942e+05 -2.537228999999999957e+01
2.318299750000000058e+05 -3.011034000000000077e+01
2.318300500000000175e+05 -2.327231000000000094e+01
2.318301250000000000e+05 -3.577027999999999963e+01
2.318302000000000116e+05 -2.336014000000000124e+01
2.318302749999999942e+05 -3.027949999999999875e+01
2.318303500000000058e+05 -2.252083999999999975e+01
2.318304250000000175e+05 -2.481294000000000111e+01
2.318305000000000000e+05 -3.022660000000000124e+01
2.318305750000000116e+05 -2.526895000000000024e+01
2.318306499999999942e+05 -3.253555000000000064e+01
2.318307250000000058e+05 -2.212896999999999892e+01
2.318308000000000175e+05 -3.208055000000000234e+01
2.318308750000000000e+05 -2.436887000000000114e+01
2.318309500000000116e+05 -2.342010000000000147e+01
2.318310249999999942e+05 -2.625026000000000082e+01
2.318311000000000058e+05 -2.165643000000000029e+01
2.318311750000000175e+05 -2.628248999999999924e+01
2.318312500000000000e+05 -2.497303000000000139e+01
2.318313250000000116e+05 -1.951945999999999870e+01
2.318313999999999942e+05 -2.948613999999999891e+01
2.318314750000000058e+05 -2.544004999999999939e+01
2.318315500000000175e+05 -2.277867000000000175e+01
2.318316250000000000e+05 -2.952417000000000158e+01
2.318317000000000116e+05 -2.297082999999999942e+01
2.318317749999999942e+05 -2.157453999999999894e+01
2.318318500000000058e+05 -2.577618999999999971e+01
2.318319250000000175e+05 -2.097355999999999909e+01
2.318320000000000000e+05 -2.476831999999999923e+01
2.318320750000000116e+05 -3.240863000000000227e+01
2.318321499999999942e+05 -2.450355000000000061e+01
2.318322250000000058e+05 -2.263804999999999978e+01
2.318323000000000175e+05 -2.023092000000000112e+01
2.318323750000000000e+05 -2.270926000000000045e+01
2.318324500000000116e+05 -2.837287999999999855e+01
2.318325249999999942e+05 -2.649964999999999904e+01
2.318326000000000058e+05 -2.402007000000000048e+01
2.318326750000000175e+05 -2.060532999999999859e+01
2.318327500000000000e+05 -2.862143999999999977e+01
2.318328250000000116e+05 -2.626912000000000091e+01
2.318328999999999942e+05 -2.308856000000000108e+01
2.318329750000000058e+05 -2.432758000000000109e+01
2.318330500000000175e+05 -2.398170999999999964e+01
2.318331250000000000e+05 -2.343361000000000161e+01
2.318332000000000116e+05 -2.237576999999999927e+01
2.318332749999999942e+05 -2.557370999999999839e+01
2.318333500000000058e+05 -1.912489000000000061e+01
2.318334250000000175e+05 -2.416147000000000133e+01
2.318335000000000000e+05 -2.005968000000000018e+01
2.318335750000000116e+05 -2.371361999999999881e+01
2.318336499999999942e+05 -2.737462000000000018e+01
2.318337250000000058e+05 -2.254551000000000016e+01
2.318338000000000175e+05 -2.438776999999999973e+01
2.318338750000000000e+05 -2.517659000000000091e+01
2.318339500000000116e+05 -2.285429999999999851e+01
2.318340249999999942e+05 -2.619559999999999889e+01
2.318341000000000058e+05 -2.119263000000000119e+01
2.318341750000000175e+05 -2.359565999999999875e+01
2.318342500000000000e+05 -2.512248999999999910e+01
2.318343250000000116e+05 -2.687152999999999992e+01
2.318343999999999942e+05 -2.049261999999999873e+01
2.318344750000000058e+05 -2.124583000000000155e+01
2.318345500000000175e+05 -2.162658000000000058e+01
2.318346250000000000e+05 -2.619209000000000032e+01
2.318347000000000116e+05 -2.417415000000000092e+01
2.318347749999999942e+05 -2.321913999999999945e+01
2.318348500000000058e+05 -2.237470000000000070e+01
2.318349250000000175e+05 -1.799921000000000149e+01
2.318350000000000000e+05 -2.467471000000000103e+01
2.318350750000000116e+05 -2.721986000000000061e+01
2.318351499999999942e+05 -2.303665000000000163e+01
2.318352250000000058e+05 -2.040256000000000114e+01
2.318353000000000175e+05 -2.366835999999999984e+01
2.318353750000000000e+05 -2.466428000000000154e+01
2.318354500000000116e+05 -2.458832999999999913e+01
2.318355249999999942e+05 -2.458771000000000129e+01
2.318356000000000058e+05 -2.256773000000000096e+01
2.318356750000000175e+05 -2.290559000000000012e+01
2.318357500000000000e+05 -2.479956999999999923e+01
2.318358250000000116e+05 -2.206790000000000163e+01
2.318358999999999942e+05 -2.172616000000000014e+01
2.318359750000000058e+05 -2.163564999999999827e+01
