# Temperature: None K
2.319097000000000116e+05 -2.247897000000000034e+01
2.319097750000000233e+05 -2.449670000000000059e+01
2.319098500000000058e+05 -1.825711000000000084e+01
2.319099250000000175e+05 -1.559459000000000017e+01
2.319100000000000000e+05 -1.810951000000000022e+01
2.319100750000000116e+05 -2.071114000000000033e+01
2.319101500000000233e+05 -2.532494000000000156e+01
2.319102250000000058e+05 -2.040317999999999898e+01
2.319103000000000175e+05 -1.801639000000000124e+01
2.319103750000000000e+05 -1.693962000000000145e+01
2.319104500000000116e+05 -1.935756999999999906e+01
2.319105250000000233e+05 -2.339511999999999858e+01
2.319106000000000058e+05 -2.046003999999999934e+01
2.319106750000000175e+05 -1.973288000000000153e+01
2.319107500000000000e+05 -1.871815000000000140e+01
2.319108250000000116e+05 -1.846083000000000141e+01
2.319109000000000233e+05 -1.817127999999999943e+01
2.319109750000000058e+05 -1.774415000000000120e+01
2.319110500000000175e+05 -1.742350000000000065e+01
2.319111250000000000e+05 -2.460559999999999903e+01
2.319112000000000116e+05 -2.038591999999999871e+01
2.319112750000000233e+05 -1.820467999999999975e+01
2.319113500000000058e+05 -1.930865000000000009e+01
2.319114250000000175e+05 -2.165606999999999971e+01
2.319115000000000000e+05 -1.873191999999999879e+01
2.319115750000000116e+05 -1.772100999999999971e+01
2.319116500000000233e+05 -2.304299999999999926e+01
2.319117250000000058e+05 -1.937246000000000024e+01
2.319118000000000175e+05 -1.813294000000000139e+01
2.319118750000000000e+05 -1.585961999999999961e+01
2.319119500000000116e+05 -1.836267000000000138e+01
2.319120250000000233e+05 -1.880125999999999920e+01
2.319121000000000058e+05 -1.963676999999999850e+01
2.319121750000000175e+05 -1.866507999999999967e+01
2.319122500000000000e+05 -1.996385000000000076e+01
2.319123250000000116e+05 -1.881450999999999851e+01
2.319124000000000233e+05 -1.794940000000000069e+01
2.319124750000000058e+05 -1.919795999999999836e+01
2.319125500000000175e+05 -1.913895000000000124e+01
2.319126250000000000e+05 -1.748644000000000176e+01
2.319127000000000116e+05 -2.136267000000000138e+01
2.319127750000000233e+05 -2.016037999999999997e+01
2.319128500000000058e+05 -1.898282999999999987e+01
2.319129250000000175e+05 -1.893096999999999852e+01
2.319130000000000000e+05 -1.728121000000000151e+01
2.319130750000000116e+05 -2.025813000000000130e+01
2.319131500000000233e+05 -1.859191999999999823e+01
2.319132250000000058e+05 -1.735545000000000115e+01
2.319133000000000175e+05 -2.064271000000000100e+01
2.319133750000000000e+05 -1.707095999999999947e+01
2.319134500000000116e+05 -1.942095000000000127e+01
2.319135250000000233e+05 -1.931458999999999904e+01
2.319136000000000058e+05 -1.841310999999999964e+01
2.319136750000000175e+05 -1.858099999999999952e+01
2.319137500000000000e+05 -2.025260000000000105e+01
2.319138250000000116e+05 -2.150240000000000151e+01
2.319139000000000233e+05 -2.024555000000000149e+01
2.319139750000000058e+05 -1.904730999999999952e+01
2.319140500000000175e+05 -1.926546000000000092e+01
2.319141250000000000e+05 -1.906244999999999834e+01
2.319142000000000116e+05 -1.963149999999999906e+01
2.319142750000000233e+05 -1.880330000000000013e+01
2.319143500000000058e+05 -1.691484000000000165e+01
2.319144250000000175e+05 -1.844602000000000075e+01
2.319145000000000000e+05 -2.093736000000000175e+01
2.319145750000000116e+05 -1.855900000000000105e+01
2.319146500000000233e+05 -1.944960000000000022e+01
2.319147250000000058e+05 -1.924673999999999907e+01
2.319148000000000175e+05 -1.555951999999999913e+01
2.319148750000000000e+05 -1.859067999999999898e+01
2.319149500000000116e+05 -1.805051999999999879e+01
2.319150250000000233e+05 -2.248458000000000112e+01
2.319151000000000058e+05 -1.935649000000000086e+01
2.319151750000000175e+05 -1.758051000000000030e+01
2.319152500000000000e+05 -1.858402999999999849e+01
2.319153250000000116e+05 -2.014739000000000146e+01
2.319154000000000233e+05 -1.777844999999999942e+01
2.319154750000000058e+05 -1.823839999999999861e+01
2.319155500000000175e+05 -1.910341999999999985e+01
2.319156250000000000e+05 -1.782130000000000081e+01
2.319157000000000116e+05 -2.063554999999999851e+01
2.319157750000000233e+05 -1.819216000000000122e+01
2.319158500000000058e+05 -1.776941000000000059e+01
2.319159250000000175e+05 -1.710826000000000136e+01
2.319160000000000000e+05 -1.860292000000000101e+01
2.319160750000000116e+05 -1.931324000000000041e+01
2.319161500000000233e+05 -2.082641999999999882e+01
2.319162250000000058e+05 -2.075221000000000160e+01
2.319163000000000175e+05 -1.616989999999999839e+01
2.319163750000000000e+05 -1.728499000000000052e+01
2.319164500000000116e+05 -1.759852000000000061e+01
2.319165250000000233e+05 -1.835585999999999984e+01
2.319166000000000058e+05 -2.018199999999999861e+01
2.319166750000000175e+05 -2.036318999999999946e+01
2.319167500000000000e+05 -1.857783999999999835e+01
2.319168250000000116e+05 -2.089686999999999983e+01
2.319169000000000233e+05 -1.782616000000000156e+01
2.319169750000000058e+05 -1.828629000000000104e+01
2.319170500000000175e+05 -1.935772000000000048e+01
2.319171250000000000e+05 -1.725318000000000040e+01
2.319172000000000116e+05 -1.717521999999999949e+01
2.319172750000000233e+05 -1.880552000000000135e+01
2.319173500000000058e+05 -1.768001999999999896e+01
2.319174250000000175e+05 -1.885059000000000040e+01
2.319175000000000000e+05 -1.993664000000000058e+01
2.319175750000000116e+05 -1.807195000000000107e+01
2.319176500000000233e+05 -1.769059999999999988e+01
2.319177250000000058e+05 -1.626800000000000068e+01
2.319178000000000175e+05 -1.778091999999999828e+01
2.319178750000000000e+05 -1.811430999999999969e+01
2.319179500000000116e+05 -1.904739999999999966e+01
2.319180250000000233e+05 -1.689009000000000071e+01
2.319181000000000058e+05 -1.773235999999999990e+01
2.319181750000000175e+05 -1.700454999999999828e+01
2.319182500000000000e+05 -1.653265999999999991e+01
2.319183250000000116e+05 -1.837806000000000139e+01
2.319184000000000233e+05 -1.757563999999999993e+01
2.319184750000000058e+05 -1.886441999999999908e+01
2.319185500000000175e+05 -1.725823000000000107e+01
2.319186250000000000e+05 -1.678610000000000113e+01
2.319187000000000116e+05 -1.671809999999999974e+01
2.319187750000000233e+05 -1.567056000000000004e+01
2.319188500000000058e+05 -1.730572000000000088e+01
2.319189250000000175e+05 -1.726188000000000144e+01
2.319190000000000000e+05 -1.635135000000000005e+01
2.319190750000000116e+05 -1.646606999999999843e+01
2.319191500000000233e+05 -1.700324000000000169e+01
2.319192250000000058e+05 -1.597161000000000008e+01
2.319193000000000175e+05 -1.638739999999999952e+01
2.319193750000000000e+05 -1.592753000000000085e+01
2.319194500000000116e+05 -1.610925999999999902e+01
2.319195250000000233e+05 -1.738367999999999824e+01
2.319196000000000058e+05 -1.557765999999999984e+01
2.319196750000000175e+05 -1.611072000000000060e+01
2.319197500000000000e+05 -1.700409000000000148e+01
2.319198250000000116e+05 -1.599864999999999959e+01
2.319199000000000233e+05 -1.686054999999999993e+01
2.319199750000000058e+05 -1.681391999999999953e+01
2.319200500000000175e+05 -1.793008999999999986e+01
2.319201250000000000e+05 -1.520302000000000042e+01
2.319202000000000116e+05 -1.594849999999999923e+01
2.319202750000000233e+05 -1.592889000000000088e+01
2.319203500000000058e+05 -1.556161999999999956e+01
2.319204250000000175e+05 -1.502063000000000059e+01
2.319205000000000000e+05 -1.453686000000000078e+01
2.319205750000000116e+05 -1.496646999999999927e+01
2.319206500000000233e+05 -1.464582000000000050e+01
2.319207250000000058e+05 -1.575858000000000025e+01
2.319208000000000175e+05 -1.558553000000000033e+01
2.319208750000000000e+05 -1.432391999999999932e+01
2.319209500000000116e+05 -1.515184999999999960e+01
2.319210250000000233e+05 -1.524216999999999977e+01
2.319211000000000058e+05 -1.605917000000000172e+01
2.319211750000000175e+05 -1.414622999999999919e+01
2.319212500000000000e+05 -1.283398000000000039e+01
2.319213250000000116e+05 -1.431662000000000035e+01
2.319214000000000233e+05 -1.308742999999999945e+01
2.319214750000000058e+05 -1.402771000000000079e+01
2.319215500000000175e+05 -1.383853000000000044e+01
2.319216250000000000e+05 -1.383628999999999998e+01
2.319217000000000116e+05 -1.402455999999999925e+01
2.319217750000000233e+05 -1.358372999999999919e+01
2.319218500000000058e+05 -1.382709000000000010e+01
2.319219250000000175e+05 -1.394035000000000046e+01
2.319220000000000000e+05 -1.248535000000000039e+01
2.319220750000000116e+05 -1.324008000000000074e+01
2.319221500000000233e+05 -1.266125000000000078e+01
2.319222250000000058e+05 -1.213349000000000011e+01
2.319223000000000175e+05 -1.316153000000000084e+01
2.319223750000000000e+05 -1.207146999999999970e+01
2.319224500000000116e+05 -1.042872000000000021e+01
2.319225250000000233e+05 -1.218906999999999918e+01
2.319226000000000058e+05 -1.212175000000000047e+01
2.319226750000000175e+05 -1.160364000000000040e+01
2.319227500000000000e+05 -1.087942999999999927e+01
2.319228250000000116e+05 -1.111796999999999969e+01
2.319229000000000233e+05 -1.092544999999999966e+01
2.319229750000000058e+05 -9.808795999999999182e+00
2.319230500000000175e+05 -9.047506999999999522e+00
2.319231250000000000e+05 -8.823802999999999841e+00
2.319232000000000116e+05 -8.139568999999999832e+00
2.319232750000000233e+05 -7.382630999999999943e+00
2.319233500000000058e+05 -7.770532000000000217e+00
2.319234250000000175e+05 -6.974212999999999774e+00
2.319235000000000000e+05 -6.408247000000000249e+00
2.319235750000000116e+05 -5.947693000000000119e+00
2.319236500000000233e+05 -5.396543000000000312e+00
2.319237250000000058e+05 -5.210265999999999842e+00
2.319238000000000175e+05 -4.362072000000000394e+00
2.319238750000000000e+05 -3.514663000000000093e+00
2.319239500000000116e+05 -2.932142999999999944e+00
2.319240250000000233e+05 -2.368173999999999779e+00
2.319241000000000058e+05 -1.855610999999999899e+00
2.319241750000000175e+05 -1.288240000000000052e+00
2.319242500000000000e+05 -8.473939000000000332e-01
2.319243250000000116e+05 -1.174243999999999982e-01
2.319244000000000233e+05 4.048634999999999873e-01
2.319244750000000058e+05 9.718548000000000187e-01
2.319245500000000175e+05 1.376341999999999954e+00
2.319246250000000000e+05 1.632641000000000009e+00
2.319247000000000116e+05 1.883563000000000098e+00
2.319247750000000233e+05 1.947854999999999892e+00
2.319248500000000058e+05 1.791662000000000088e+00
2.319249250000000175e+05 1.423947000000000074e+00
2.319250000000000000e+05 1.216371000000000091e+00
2.319250750000000116e+05 8.173532999999999493e-01
2.319251500000000233e+05 3.265903000000000000e-01
2.319252250000000058e+05 -6.692829999999999613e-01
2.319253000000000175e+05 -1.605995999999999979e+00
2.319253750000000000e+05 -2.172953000000000134e+00
2.319254500000000116e+05 -3.051597000000000115e+00
2.319255250000000233e+05 -2.772545000000000037e+00
2.319256000000000058e+05 -2.887469999999999981e+00
2.319256750000000175e+05 -2.323666999999999927e+00
2.319257500000000000e+05 -2.293508999999999798e+00
2.319258250000000116e+05 -1.965727000000000002e+00
2.319259000000000233e+05 -2.405076000000000214e+00
2.319259750000000058e+05 -3.207640000000000047e+00
2.319260500000000175e+05 -3.864180999999999866e+00
2.319261250000000000e+05 -4.661751999999999896e+00
2.319262000000000116e+05 -5.041850000000000165e+00
2.319262750000000233e+05 -4.672914999999999708e+00
2.319263500000000058e+05 -4.578739999999999810e+00
2.319264250000000175e+05 -4.821201000000000292e+00
2.319265000000000000e+05 -5.216928000000000232e+00
2.319265750000000116e+05 -5.447084000000000259e+00
2.319266500000000233e+05 -5.925512000000000334e+00
2.319267250000000058e+05 -6.512074000000000140e+00
2.319268000000000175e+05 -6.619213000000000235e+00
2.319268750000000000e+05 -6.017051000000000371e+00
2.319269500000000116e+05 -6.454566999999999943e+00
2.319270250000000233e+05 -6.634630999999999723e+00
2.319271000000000058e+05 -6.997352000000000238e+00
2.319271750000000175e+05 -8.128272000000000830e+00
2.319272500000000000e+05 -8.261278000000000787e+00
2.319273250000000116e+05 -8.174115000000000464e+00
2.319274000000000233e+05 -7.684974999999999667e+00
2.319274750000000058e+05 -8.670590000000000686e+00
2.319275500000000175e+05 -9.257384000000000057e+00
2.319276250000000000e+05 -9.811908000000000740e+00
2.319277000000000116e+05 -9.313848999999999378e+00
2.319277750000000233e+05 -1.010026000000000046e+01
2.319278500000000058e+05 -9.187253000000000114e+00
2.319279250000000175e+05 -1.032424999999999926e+01
2.319280000000000000e+05 -1.097838999999999920e+01
2.319280750000000116e+05 -1.082459000000000060e+01
2.319281500000000233e+05 -1.147162999999999933e+01
2.319282250000000058e+05 -1.088156999999999996e+01
2.319283000000000175e+05 -1.118360000000000021e+01
2.319283750000000000e+05 -1.232666000000000039e+01
2.319284500000000116e+05 -1.119297000000000075e+01
2.319285250000000233e+05 -1.224187000000000047e+01
2.319286000000000058e+05 -1.354528999999999961e+01
2.319286750000000175e+05 -1.316011999999999915e+01
2.319287500000000000e+05 -1.118328999999999951e+01
2.319288250000000116e+05 -1.376205999999999996e+01
2.319289000000000233e+05 -1.458558999999999983e+01
2.319289750000000058e+05 -1.390053999999999945e+01
2.319290500000000175e+05 -1.247743999999999964e+01
2.319291250000000000e+05 -1.550239999999999974e+01
2.319292000000000116e+05 -1.542069000000000045e+01
2.319292750000000233e+05 -1.406667999999999985e+01
2.319293500000000058e+05 -1.724213999999999913e+01
2.319294250000000175e+05 -1.531297999999999959e+01
2.319295000000000000e+05 -1.463110999999999962e+01
2.319295750000000116e+05 -1.834900999999999982e+01
2.319296500000000233e+05 -1.728717999999999932e+01
2.319297250000000058e+05 -1.591112000000000037e+01
2.319298000000000175e+05 -1.504052000000000078e+01
2.319298750000000000e+05 -2.096121000000000123e+01
2.319299500000000116e+05 -1.665231999999999957e+01
2.319300250000000233e+05 -1.989565999999999946e+01
2.319301000000000058e+05 -1.651150000000000162e+01
2.319301750000000175e+05 -1.601536000000000115e+01
2.319302500000000000e+05 -1.831831999999999994e+01
2.319303250000000116e+05 -1.653959000000000046e+01
2.319304000000000233e+05 -1.760115000000000052e+01
2.319304750000000058e+05 -2.393655000000000044e+01
2.319305500000000175e+05 -1.793758000000000052e+01
2.319306250000000000e+05 -2.018200999999999823e+01
2.319307000000000116e+05 -2.380909000000000120e+01
2.319307750000000233e+05 -1.644313999999999965e+01
2.319308500000000058e+05 -2.228963999999999857e+01
2.319309250000000175e+05 -1.868481999999999843e+01
2.319310000000000000e+05 -2.068513000000000090e+01
2.319310750000000116e+05 -2.870290999999999926e+01
2.319311500000000233e+05 -1.717671999999999954e+01
2.319312250000000058e+05 -4.153763000000000005e+01
2.319313000000000175e+05 -2.032775000000000176e+01
2.319313750000000000e+05 -2.005309000000000097e+01
2.319314500000000116e+05 -2.584732999999999947e+01
2.319315250000000233e+05 -1.922363999999999962e+01
2.319316000000000058e+05 -2.573359999999999914e+01
2.319316750000000175e+05 -1.766107999999999834e+01
2.319317500000000000e+05 -3.225323999999999813e+01
2.319318250000000116e+05 -1.806460999999999828e+01
2.319319000000000233e+05 -2.463035999999999959e+01
2.319319750000000058e+05 -2.043476000000000070e+01
2.319320500000000175e+05 -2.435771000000000086e+01
2.319321250000000000e+05 -2.304528000000000176e+01
2.319322000000000116e+05 -1.910207000000000122e+01
2.319322750000000233e+05 -2.363585000000000136e+01
2.319323500000000058e+05 -2.222747000000000028e+01
2.319324250000000175e+05 -2.954881999999999920e+01
2.319325000000000000e+05 -2.084226999999999919e+01
2.319325750000000116e+05 -2.648404000000000025e+01
2.319326500000000233e+05 -1.925038999999999945e+01
2.319327250000000058e+05 -2.752319999999999922e+01
2.319328000000000175e+05 -2.254542999999999964e+01
2.319328750000000000e+05 -2.161946000000000012e+01
2.319329500000000116e+05 -2.230949999999999989e+01
2.319330250000000233e+05 -2.838503000000000043e+01
2.319331000000000058e+05 -2.217312000000000083e+01
2.319331750000000175e+05 -2.646915999999999869e+01
2.319332500000000000e+05 -2.292685000000000173e+01
2.319333250000000116e+05 -2.009673000000000087e+01
2.319334000000000233e+05 -2.918062000000000111e+01
2.319334750000000058e+05 -1.950750999999999991e+01
2.319335500000000175e+05 -2.667989999999999995e+01
2.319336250000000000e+05 -2.141015000000000157e+01
2.319337000000000116e+05 -3.900274999999999892e+01
2.319337750000000233e+05 -2.206415000000000148e+01
2.319338500000000058e+05 -2.789112000000000080e+01
2.319339250000000175e+05 -2.248508999999999958e+01
2.319340000000000000e+05 -2.101104000000000127e+01
2.319340750000000116e+05 -3.258438000000000301e+01
2.319341500000000233e+05 -2.124662000000000006e+01
2.319342250000000058e+05 -2.724311000000000149e+01
2.319343000000000175e+05 -2.435572000000000159e+01
2.319343750000000000e+05 -2.284994000000000014e+01
2.319344500000000116e+05 -2.407122999999999990e+01
2.319345250000000233e+05 -2.290537000000000134e+01
2.319346000000000058e+05 -2.782480999999999938e+01
2.319346750000000175e+05 -2.697990000000000066e+01
2.319347500000000000e+05 -2.681653000000000020e+01
2.319348250000000116e+05 -2.418537999999999855e+01
2.319349000000000233e+05 -2.262470000000000070e+01
2.319349750000000058e+05 -2.496612999999999971e+01
2.319350500000000175e+05 -2.861972000000000094e+01
2.319351250000000000e+05 -2.081285000000000096e+01
2.319352000000000116e+05 -2.204796999999999940e+01
2.319352750000000233e+05 -3.325285999999999831e+01
2.319353500000000058e+05 -2.404440999999999917e+01
2.319354250000000175e+05 -2.318999000000000166e+01
2.319355000000000000e+05 -2.479920999999999864e+01
2.319355750000000116e+05 -2.063910999999999873e+01
2.319356500000000233e+05 -2.238329999999999842e+01
2.319357250000000058e+05 -3.082635000000000147e+01
2.319358000000000175e+05 -2.319736999999999938e+01
2.319358750000000000e+05 -2.483708999999999989e+01
2.319359500000000116e+05 -2.701091999999999871e+01
2.319360250000000233e+05 -2.370683000000000007e+01
2.319361000000000058e+05 -2.065938999999999837e+01
2.319361750000000175e+05 -2.479048999999999836e+01
2.319362500000000000e+05 -2.907724999999999937e+01
2.319363250000000116e+05 -2.141304999999999836e+01
2.319364000000000233e+05 -2.263506999999999891e+01
2.319364750000000058e+05 -2.829918999999999940e+01
2.319365500000000175e+05 -2.553253000000000128e+01
2.319366250000000000e+05 -2.551183999999999941e+01
2.319367000000000116e+05 -2.145797999999999917e+01
2.319367750000000233e+05 -2.379485999999999990e+01
2.319368500000000058e+05 -2.037049000000000021e+01
2.319369250000000175e+05 -2.199420999999999893e+01
2.319370000000000000e+05 -2.464131000000000071e+01
2.319370750000000116e+05 -2.388209000000000160e+01
2.319371500000000233e+05 -2.374766999999999939e+01
2.319372250000000058e+05 -2.370626000000000033e+01
2.319373000000000175e+05 -2.049701999999999913e+01
2.319373750000000000e+05 -2.726150000000000162e+01
2.319374500000000116e+05 -2.312734000000000023e+01
2.319375250000000233e+05 -2.187611000000000061e+01
2.319376000000000058e+05 -2.684149999999999991e+01
2.319376750000000175e+05 -3.608677999999999741e+01
2.319377500000000000e+05 -2.608401999999999887e+01
2.319378250000000116e+05 -2.146684000000000125e+01
2.319379000000000233e+05 -2.119885999999999981e+01
2.319379750000000058e+05 -2.606398000000000081e+01
2.319380500000000175e+05 -2.489821999999999846e+01
2.319381250000000000e+05 -2.301511999999999958e+01
2.319382000000000116e+05 -2.240597999999999956e+01
2.319382750000000233e+05 -2.433576000000000050e+01
2.319383500000000058e+05 -2.419948000000000121e+01
2.319384250000000175e+05 -2.077792000000000172e+01
2.319385000000000000e+05 -2.637948000000000093e+01
2.319385750000000116e+05 -2.251342999999999961e+01
2.319386500000000233e+05 -2.173254999999999981e+01
2.319387250000000058e+05 -2.402278000000000091e+01
2.319388000000000175e+05 -2.465514999999999901e+01
2.319388750000000000e+05 -2.465044999999999931e+01
2.319389500000000116e+05 -2.413853999999999900e+01
2.319390250000000233e+05 -2.447890999999999906e+01
2.319391000000000058e+05 -2.262556000000000012e+01
2.319391750000000175e+05 -2.256828000000000145e+01
2.319392500000000000e+05 -2.163586000000000098e+01
2.319393250000000116e+05 -2.334819999999999851e+01
2.319394000000000233e+05 -2.305017000000000138e+01
2.319394750000000058e+05 -2.211364000000000019e+01
2.319395500000000175e+05 -2.253623999999999938e+01
2.319396250000000000e+05 -2.124962000000000018e+01
2.319397000000000116e+05 -2.393036000000000030e+01
