# Temperature: None K
2.318006499999999942e+05 -2.292492000000000019e+01
2.318007250000000058e+05 -2.194546000000000063e+01
2.318007999999999884e+05 -1.820561999999999969e+01
2.318008750000000000e+05 -1.698826000000000036e+01
2.318009499999999825e+05 -1.893815000000000026e+01
2.318010249999999942e+05 -2.138628999999999891e+01
2.318011000000000058e+05 -1.904673999999999978e+01
2.318011749999999884e+05 -2.055202999999999847e+01
2.318012500000000000e+05 -1.784616000000000113e+01
2.318013249999999825e+05 -1.877026000000000039e+01
2.318013999999999942e+05 -2.156540999999999997e+01
2.318014750000000058e+05 -1.882847999999999900e+01
2.318015499999999884e+05 -1.838800000000000168e+01
2.318016250000000000e+05 -1.989505000000000123e+01
2.318016999999999825e+05 -2.090202999999999989e+01
2.318017749999999942e+05 -2.071586999999999890e+01
2.318018500000000058e+05 -1.782179999999999964e+01
2.318019249999999884e+05 -1.885536000000000101e+01
2.318020000000000000e+05 -1.775573999999999941e+01
2.318020749999999825e+05 -1.843377999999999872e+01
2.318021499999999942e+05 -1.776066000000000145e+01
2.318022250000000058e+05 -1.898705999999999960e+01
2.318022999999999884e+05 -1.908341000000000065e+01
2.318023750000000000e+05 -2.015168999999999855e+01
2.318024499999999825e+05 -1.736899000000000015e+01
2.318025249999999942e+05 -2.139393000000000100e+01
2.318026000000000058e+05 -2.056129999999999924e+01
2.318026749999999884e+05 -1.928218999999999994e+01
2.318027500000000000e+05 -1.810426000000000002e+01
2.318028249999999825e+05 -2.225647999999999982e+01
2.318028999999999942e+05 -1.837028000000000105e+01
2.318029750000000058e+05 -1.774108999999999980e+01
2.318030499999999884e+05 -2.056457999999999942e+01
2.318031250000000000e+05 -2.035648000000000124e+01
2.318031999999999825e+05 -1.949427999999999983e+01
2.318032749999999942e+05 -2.093887000000000143e+01
2.318033500000000058e+05 -1.986064999999999969e+01
2.318034249999999884e+05 -1.892118999999999929e+01
2.318035000000000000e+05 -1.990930000000000177e+01
2.318035749999999825e+05 -2.080504000000000175e+01
2.318036499999999942e+05 -1.826619000000000170e+01
2.318037250000000058e+05 -1.998542000000000129e+01
2.318037999999999884e+05 -1.932263000000000019e+01
2.318038750000000000e+05 -2.000704999999999956e+01
2.318039499999999825e+05 -1.946615999999999858e+01
2.318040249999999942e+05 -2.087096000000000018e+01
2.318041000000000058e+05 -1.832554000000000016e+01
2.318041749999999884e+05 -1.686147000000000062e+01
2.318042500000000000e+05 -1.862741000000000113e+01
2.318043249999999825e+05 -1.959071000000000140e+01
2.318043999999999942e+05 -1.611447000000000074e+01
2.318044750000000058e+05 -1.930944999999999823e+01
2.318045499999999884e+05 -1.932854000000000028e+01
2.318046250000000000e+05 -1.854583999999999833e+01
2.318046999999999825e+05 -2.070439000000000007e+01
2.318047749999999942e+05 -2.053547999999999973e+01
2.318048500000000058e+05 -1.784456000000000131e+01
2.318049249999999884e+05 -2.105317000000000149e+01
2.318050000000000000e+05 -2.028371999999999886e+01
2.318050749999999825e+05 -1.963391000000000020e+01
2.318051499999999942e+05 -1.997202000000000055e+01
2.318052250000000058e+05 -1.845317000000000007e+01
2.318052999999999884e+05 -1.815532999999999930e+01
2.318053750000000000e+05 -1.735633999999999943e+01
2.318054499999999825e+05 -1.864349999999999952e+01
2.318055249999999942e+05 -1.649739999999999895e+01
2.318056000000000058e+05 -1.781474000000000046e+01
2.318056749999999884e+05 -1.848160999999999987e+01
2.318057500000000000e+05 -1.966188000000000002e+01
2.318058249999999825e+05 -1.766394999999999982e+01
2.318058999999999942e+05 -1.892538000000000054e+01
2.318059750000000058e+05 -1.939696999999999960e+01
2.318060499999999884e+05 -1.911627000000000010e+01
2.318061250000000000e+05 -1.778828000000000031e+01
2.318061999999999825e+05 -1.893674000000000035e+01
2.318062749999999942e+05 -1.970516999999999896e+01
2.318063500000000058e+05 -1.955491999999999919e+01
2.318064249999999884e+05 -1.894227000000000061e+01
2.318065000000000000e+05 -1.783311000000000135e+01
2.318065749999999825e+05 -1.674307999999999907e+01
2.318066499999999942e+05 -1.819568999999999903e+01
2.318067250000000058e+05 -1.942922000000000082e+01
2.318067999999999884e+05 -1.835512999999999906e+01
2.318068750000000000e+05 -1.770214999999999961e+01
2.318069499999999825e+05 -1.741372000000000142e+01
2.318070249999999942e+05 -1.850842000000000098e+01
2.318071000000000058e+05 -2.134216999999999942e+01
2.318071749999999884e+05 -1.806343000000000032e+01
2.318072500000000000e+05 -1.897782000000000124e+01
2.318073249999999825e+05 -1.841458000000000084e+01
2.318073999999999942e+05 -2.176212999999999909e+01
2.318074750000000058e+05 -1.780290000000000106e+01
2.318075499999999884e+05 -1.835585000000000022e+01
2.318076250000000000e+05 -1.921528999999999954e+01
2.318076999999999825e+05 -1.741654000000000124e+01
2.318077749999999942e+05 -1.739958000000000027e+01
2.318078500000000058e+05 -1.922098000000000084e+01
2.318079249999999884e+05 -1.852080000000000126e+01
2.318080000000000000e+05 -1.843607000000000085e+01
2.318080749999999825e+05 -2.009727000000000174e+01
2.318081499999999942e+05 -1.788760999999999868e+01
2.318082250000000058e+05 -1.719638000000000133e+01
2.318082999999999884e+05 -1.946137999999999835e+01
2.318083750000000000e+05 -1.607213000000000136e+01
2.318084499999999825e+05 -1.792876000000000047e+01
2.318085249999999942e+05 -1.922193000000000040e+01
2.318086000000000058e+05 -1.768175000000000097e+01
2.318086749999999884e+05 -1.836799999999999855e+01
2.318087500000000000e+05 -1.892220999999999975e+01
2.318088249999999825e+05 -1.869688000000000017e+01
2.318088999999999942e+05 -1.651641000000000048e+01
2.318089750000000058e+05 -1.811864999999999881e+01
2.318090499999999884e+05 -1.817522999999999911e+01
2.318091250000000000e+05 -1.711246999999999829e+01
2.318091999999999825e+05 -1.688116000000000128e+01
2.318092749999999942e+05 -1.893447000000000102e+01
2.318093500000000058e+05 -1.742596999999999952e+01
2.318094249999999884e+05 -1.865351000000000070e+01
2.318095000000000000e+05 -1.689476000000000155e+01
2.318095749999999825e+05 -1.606409000000000020e+01
2.318096499999999942e+05 -1.736132999999999882e+01
2.318097250000000058e+05 -1.707454999999999856e+01
2.318097999999999884e+05 -1.713298999999999950e+01
2.318098750000000000e+05 -1.878773999999999944e+01
2.318099499999999825e+05 -1.719692999999999827e+01
2.318100249999999942e+05 -1.540936999999999912e+01
2.318101000000000058e+05 -1.618353000000000108e+01
2.318101749999999884e+05 -1.555456000000000039e+01
2.318102500000000000e+05 -1.520471000000000039e+01
2.318103249999999825e+05 -1.752032000000000167e+01
2.318103999999999942e+05 -1.705022999999999911e+01
2.318104750000000058e+05 -1.594907000000000075e+01
2.318105499999999884e+05 -1.848528999999999911e+01
2.318106250000000000e+05 -1.648084000000000060e+01
2.318106999999999825e+05 -1.690300999999999831e+01
2.318107749999999942e+05 -1.752659999999999840e+01
2.318108500000000058e+05 -1.527181000000000033e+01
2.318109249999999884e+05 -1.647064999999999912e+01
2.318110000000000000e+05 -1.671749000000000152e+01
2.318110749999999825e+05 -1.648476000000000141e+01
2.318111499999999942e+05 -1.763811000000000107e+01
2.318112250000000058e+05 -1.641131000000000029e+01
2.318112999999999884e+05 -1.644258999999999915e+01
2.318113750000000000e+05 -1.508003000000000071e+01
2.318114499999999825e+05 -1.689020000000000010e+01
2.318115249999999942e+05 -1.543238000000000021e+01
2.318116000000000058e+05 -1.702276000000000167e+01
2.318116749999999884e+05 -1.442774999999999963e+01
2.318117500000000000e+05 -1.407693000000000083e+01
2.318118249999999825e+05 -1.619521999999999906e+01
2.318118999999999942e+05 -1.531151000000000018e+01
2.318119750000000058e+05 -1.491810000000000080e+01
2.318120499999999884e+05 -1.396120999999999945e+01
2.318121250000000000e+05 -1.480247999999999919e+01
2.318121999999999825e+05 -1.331583999999999968e+01
2.318122749999999942e+05 -1.487634000000000079e+01
2.318123500000000058e+05 -1.344876000000000005e+01
2.318124249999999884e+05 -1.383633999999999986e+01
2.318125000000000000e+05 -1.368275000000000041e+01
2.318125749999999825e+05 -1.506545000000000023e+01
2.318126499999999942e+05 -1.356622999999999912e+01
2.318127250000000058e+05 -1.341977999999999938e+01
2.318127999999999884e+05 -1.276521999999999935e+01
2.318128750000000000e+05 -1.288538999999999923e+01
2.318129499999999825e+05 -1.318421000000000021e+01
2.318130249999999942e+05 -1.148789000000000016e+01
2.318131000000000058e+05 -1.339863000000000071e+01
2.318131749999999884e+05 -1.083472000000000079e+01
2.318132500000000000e+05 -1.144450999999999929e+01
2.318133249999999825e+05 -1.176140000000000008e+01
2.318133999999999942e+05 -1.085740000000000016e+01
2.318134750000000058e+05 -1.042402000000000051e+01
2.318135499999999884e+05 -1.126531999999999911e+01
2.318136250000000000e+05 -1.022865000000000002e+01
2.318136999999999825e+05 -1.004086000000000034e+01
2.318137749999999942e+05 -9.213635000000000019e+00
2.318138500000000058e+05 -8.892117999999999967e+00
2.318139249999999884e+05 -8.406040000000000845e+00
2.318140000000000000e+05 -7.853750999999999927e+00
2.318140749999999825e+05 -7.644362000000000101e+00
2.318141499999999942e+05 -7.053112999999999744e+00
2.318142250000000058e+05 -6.496929999999999872e+00
2.318142999999999884e+05 -6.031412000000000440e+00
2.318143750000000000e+05 -5.312053999999999832e+00
2.318144499999999825e+05 -4.983665000000000234e+00
2.318145249999999942e+05 -4.158089999999999620e+00
2.318146000000000058e+05 -3.600959000000000021e+00
2.318146749999999884e+05 -3.147577000000000069e+00
2.318147500000000000e+05 -2.250725000000000087e+00
2.318148249999999825e+05 -1.646382000000000012e+00
2.318148999999999942e+05 -1.480313999999999908e+00
2.318149750000000058e+05 -9.393491999999999953e-01
2.318150499999999884e+05 1.620334000000000010e-02
2.318151250000000000e+05 5.058477999999999586e-01
2.318151999999999825e+05 7.868323000000000400e-01
2.318152749999999942e+05 1.302861000000000047e+00
2.318153500000000058e+05 1.621304999999999996e+00
2.318154249999999884e+05 1.602378000000000080e+00
2.318155000000000000e+05 1.510388999999999982e+00
2.318155749999999825e+05 1.773109000000000046e+00
2.318156499999999942e+05 1.529266999999999932e+00
2.318157250000000058e+05 1.200255999999999990e+00
2.318157999999999884e+05 6.961637999999999993e-01
2.318158750000000000e+05 8.800099999999999589e-02
2.318159499999999825e+05 -6.578777000000000097e-01
2.318160249999999942e+05 -2.110545000000000115e+00
2.318161000000000058e+05 -2.610634000000000121e+00
2.318161749999999884e+05 -2.876193999999999917e+00
2.318162500000000000e+05 -3.171196000000000126e+00
2.318163249999999825e+05 -2.601482999999999990e+00
2.318163999999999942e+05 -2.007903999999999911e+00
2.318164750000000058e+05 -2.638730999999999938e+00
2.318165499999999884e+05 -2.493916000000000022e+00
2.318166250000000000e+05 -2.671567000000000025e+00
2.318166999999999825e+05 -3.495909000000000155e+00
2.318167749999999942e+05 -4.019201999999999941e+00
2.318168500000000058e+05 -4.668668000000000262e+00
2.318169249999999884e+05 -5.352384999999999948e+00
2.318170000000000000e+05 -5.074524000000000257e+00
2.318170749999999825e+05 -4.663247000000000142e+00
2.318171499999999942e+05 -4.575152000000000108e+00
2.318172250000000058e+05 -4.845068000000000374e+00
2.318172999999999884e+05 -5.931675000000000253e+00
2.318173750000000000e+05 -6.211579000000000406e+00
2.318174499999999825e+05 -6.720676000000000094e+00
2.318175249999999942e+05 -7.000962999999999603e+00
2.318176000000000058e+05 -5.674500000000000099e+00
2.318176749999999884e+05 -6.242784999999999584e+00
2.318177500000000000e+05 -6.116397000000000084e+00
2.318178249999999825e+05 -7.645820999999999756e+00
2.318178999999999942e+05 -7.806447000000000358e+00
2.318179750000000058e+05 -8.721273999999999305e+00
2.318180499999999884e+05 -7.584257000000000026e+00
2.318181250000000000e+05 -8.249190999999999718e+00
2.318181999999999825e+05 -8.785885999999999640e+00
2.318182749999999942e+05 -9.513268000000000058e+00
2.318183500000000058e+05 -9.902917000000000414e+00
2.318184249999999884e+05 -9.420795000000000030e+00
2.318185000000000000e+05 -8.290146000000000015e+00
2.318185749999999825e+05 -1.004219999999999935e+01
2.318186499999999942e+05 -1.049362999999999957e+01
2.318187250000000058e+05 -1.131779000000000046e+01
2.318187999999999884e+05 -1.086246000000000045e+01
2.318188750000000000e+05 -1.034558000000000000e+01
2.318189499999999825e+05 -1.110241000000000078e+01
2.318190249999999942e+05 -1.197250000000000014e+01
2.318191000000000058e+05 -1.160662999999999911e+01
2.318191749999999884e+05 -1.153861999999999988e+01
2.318192500000000000e+05 -1.263982999999999990e+01
2.318193249999999825e+05 -1.368928999999999974e+01
2.318193999999999942e+05 -1.232435000000000080e+01
2.318194750000000058e+05 -1.136486999999999981e+01
2.318195499999999884e+05 -1.340986000000000011e+01
2.318196250000000000e+05 -1.472091999999999956e+01
2.318196999999999825e+05 -1.449015999999999948e+01
2.318197749999999942e+05 -1.341473000000000049e+01
2.318198500000000058e+05 -1.703341999999999956e+01
2.318199249999999884e+05 -1.475578999999999930e+01
2.318200000000000000e+05 -1.396555999999999997e+01
2.318200749999999825e+05 -1.679187999999999903e+01
2.318201499999999942e+05 -1.519548999999999950e+01
2.318202250000000058e+05 -1.306239000000000061e+01
2.318202999999999884e+05 -1.603078999999999965e+01
2.318203750000000000e+05 -1.598332000000000086e+01
2.318204499999999825e+05 -1.579965999999999937e+01
2.318205249999999942e+05 -1.668511000000000166e+01
2.318206000000000058e+05 -1.790784000000000020e+01
2.318206749999999884e+05 -1.689310000000000045e+01
2.318207500000000000e+05 -1.996139000000000152e+01
2.318208249999999825e+05 -1.984965000000000046e+01
2.318208999999999942e+05 -1.691806000000000054e+01
2.318209750000000058e+05 -2.087536000000000058e+01
2.318210499999999884e+05 -1.706946999999999903e+01
2.318211250000000000e+05 -1.746370999999999896e+01
2.318211999999999825e+05 -2.150172999999999845e+01
2.318212749999999942e+05 -1.752722999999999942e+01
2.318213500000000058e+05 -2.016141999999999967e+01
2.318214249999999884e+05 -2.129382999999999981e+01
2.318215000000000000e+05 -1.568065999999999960e+01
2.318215749999999825e+05 -2.587847999999999971e+01
2.318216499999999942e+05 -1.970150999999999897e+01
2.318217250000000058e+05 -1.864874999999999972e+01
2.318217999999999884e+05 -2.573412000000000077e+01
2.318218750000000000e+05 -1.707182999999999851e+01
2.318219499999999825e+05 -2.954872999999999905e+01
2.318220249999999942e+05 -1.874982999999999933e+01
2.318221000000000058e+05 -2.104732999999999876e+01
2.318221749999999884e+05 -2.330013999999999896e+01
2.318222500000000000e+05 -1.864873000000000047e+01
2.318223249999999825e+05 -2.072537000000000162e+01
2.318223999999999942e+05 -1.978361999999999910e+01
2.318224750000000058e+05 -2.483171000000000106e+01
2.318225499999999884e+05 -1.883509000000000100e+01
2.318226250000000000e+05 -2.551088999999999984e+01
2.318226999999999825e+05 -2.010776999999999859e+01
2.318227749999999942e+05 -2.616626000000000118e+01
2.318228500000000058e+05 -2.064952999999999861e+01
2.318229249999999884e+05 -2.134824000000000055e+01
2.318230000000000000e+05 -2.451182000000000016e+01
2.318230749999999825e+05 -2.394885000000000019e+01
2.318231499999999942e+05 -2.734072000000000102e+01
2.318232250000000058e+05 -2.340280999999999878e+01
2.318232999999999884e+05 -2.544507000000000119e+01
2.318233750000000000e+05 -2.083205999999999847e+01
2.318234499999999825e+05 -2.111554999999999893e+01
2.318235249999999942e+05 -2.614377999999999957e+01
2.318236000000000058e+05 -2.074757999999999925e+01
2.318236749999999884e+05 -2.812753999999999976e+01
2.318237500000000000e+05 -2.671359999999999957e+01
2.318238249999999825e+05 -2.667878999999999934e+01
2.318238999999999942e+05 -2.081821000000000055e+01
2.318239750000000058e+05 -2.556380000000000052e+01
2.318240499999999884e+05 -2.400946000000000069e+01
2.318241250000000000e+05 -2.944668000000000063e+01
2.318241999999999825e+05 -2.084199999999999875e+01
2.318242749999999942e+05 -2.331668000000000163e+01
2.318243500000000058e+05 -1.998394000000000048e+01
2.318244249999999884e+05 -2.176793999999999940e+01
2.318245000000000000e+05 -2.014715999999999951e+01
2.318245749999999825e+05 -2.390052000000000021e+01
2.318246499999999942e+05 -2.622747000000000028e+01
2.318247250000000058e+05 -2.018807999999999936e+01
2.318247999999999884e+05 -2.927647999999999939e+01
2.318248750000000000e+05 -2.640859999999999985e+01
2.318249499999999825e+05 -2.194893000000000072e+01
2.318250249999999942e+05 -2.265606999999999971e+01
2.318251000000000058e+05 -2.190271999999999863e+01
2.318251749999999884e+05 -2.607508999999999943e+01
2.318252500000000000e+05 -2.318074999999999974e+01
2.318253249999999825e+05 -2.126603000000000065e+01
2.318253999999999942e+05 -2.795664000000000016e+01
2.318254750000000058e+05 -2.271706999999999965e+01
2.318255499999999884e+05 -2.471154999999999902e+01
2.318256250000000000e+05 -2.144978000000000051e+01
2.318256999999999825e+05 -2.246105000000000018e+01
2.318257749999999942e+05 -2.986382000000000048e+01
2.318258500000000058e+05 -2.491232000000000113e+01
2.318259249999999884e+05 -2.160333999999999932e+01
2.318260000000000000e+05 -3.319109000000000265e+01
2.318260749999999825e+05 -1.974999000000000038e+01
2.318261499999999942e+05 -2.527490999999999843e+01
2.318262250000000058e+05 -2.675561000000000078e+01
2.318262999999999884e+05 -2.224631000000000114e+01
2.318263750000000000e+05 -2.374304000000000059e+01
2.318264499999999825e+05 -2.301445999999999970e+01
2.318265249999999942e+05 -1.874636999999999887e+01
2.318266000000000058e+05 -2.284707999999999828e+01
2.318266749999999884e+05 -2.772218000000000160e+01
2.318267500000000000e+05 -2.175992000000000104e+01
2.318268249999999825e+05 -2.365261999999999887e+01
2.318268999999999942e+05 -2.256449999999999889e+01
2.318269750000000058e+05 -2.623858999999999853e+01
2.318270499999999884e+05 -2.377233999999999980e+01
2.318271250000000000e+05 -2.471706999999999965e+01
2.318271999999999825e+05 -2.412632999999999939e+01
2.318272749999999942e+05 -2.257566999999999879e+01
2.318273500000000058e+05 -2.530827000000000027e+01
2.318274249999999884e+05 -2.537963999999999842e+01
2.318275000000000000e+05 -2.708651000000000053e+01
2.318275749999999825e+05 -2.457770000000000010e+01
2.318276499999999942e+05 -2.410924999999999940e+01
2.318277250000000058e+05 -2.112519999999999953e+01
2.318277999999999884e+05 -2.238664999999999949e+01
2.318278750000000000e+05 -2.307555999999999941e+01
2.318279499999999825e+05 -2.378569999999999851e+01
2.318280249999999942e+05 -2.054025000000000034e+01
2.318281000000000058e+05 -2.389021999999999935e+01
2.318281749999999884e+05 -2.378607999999999834e+01
2.318282500000000000e+05 -2.229601999999999862e+01
2.318283249999999825e+05 -2.273053000000000168e+01
2.318283999999999942e+05 -2.205093000000000103e+01
2.318284750000000058e+05 -2.971189000000000036e+01
2.318285499999999884e+05 -2.526419999999999888e+01
2.318286250000000000e+05 -2.206724000000000174e+01
2.318286999999999825e+05 -2.247531000000000034e+01
2.318287749999999942e+05 -2.151277999999999935e+01
2.318288500000000058e+05 -2.961330999999999847e+01
2.318289249999999884e+05 -2.331223999999999918e+01
2.318290000000000000e+05 -2.082815000000000083e+01
2.318290749999999825e+05 -2.414885999999999910e+01
2.318291499999999942e+05 -2.381534999999999869e+01
2.318292250000000058e+05 -2.503707999999999956e+01
2.318292999999999884e+05 -2.341658999999999935e+01
2.318293750000000000e+05 -2.086355999999999966e+01
2.318294499999999825e+05 -2.561036000000000001e+01
2.318295249999999942e+05 -2.148566999999999894e+01
2.318296000000000058e+05 -2.741980999999999824e+01
2.318296749999999884e+05 -2.242153000000000063e+01
2.318297500000000000e+05 -2.264470000000000027e+01
2.318298249999999825e+05 -2.319510999999999967e+01
2.318298999999999942e+05 -2.162020000000000053e+01
2.318299750000000058e+05 -2.223745999999999867e+01
2.318300499999999884e+05 -2.182113999999999976e+01
2.318301250000000000e+05 -2.249501000000000062e+01
2.318301999999999825e+05 -2.477189999999999870e+01
2.318302749999999942e+05 -2.200177000000000049e+01
2.318303500000000058e+05 -2.482460999999999984e+01
2.318304249999999884e+05 -2.443228999999999829e+01
2.318305000000000000e+05 -2.554279999999999973e+01
2.318305749999999825e+05 -2.315234999999999843e+01
2.318306499999999942e+05 -2.295367999999999853e+01
