# Temperature: None K
2.317962250000000058e+05 -2.375328999999999979e+01
2.317963000000000175e+05 -1.940034999999999954e+01
2.317963750000000000e+05 -1.879881999999999920e+01
2.317964500000000116e+05 -1.776087000000000060e+01
2.317965249999999942e+05 -1.699853999999999843e+01
2.317966000000000058e+05 -1.870492000000000132e+01
2.317966750000000175e+05 -2.028615999999999886e+01
2.317967500000000000e+05 -1.914448000000000150e+01
2.317968250000000116e+05 -1.893065999999999960e+01
2.317968999999999942e+05 -1.820420999999999978e+01
2.317969750000000058e+05 -1.838026999999999944e+01
2.317970500000000175e+05 -2.153386000000000067e+01
2.317971250000000000e+05 -1.868151999999999902e+01
2.317972000000000116e+05 -1.777522000000000091e+01
2.317972749999999942e+05 -1.827725999999999829e+01
2.317973500000000058e+05 -2.013990000000000080e+01
2.317974250000000175e+05 -2.386664000000000030e+01
2.317975000000000000e+05 -1.818916000000000111e+01
2.317975750000000116e+05 -2.070995999999999881e+01
2.317976499999999942e+05 -1.971142000000000039e+01
2.317977250000000058e+05 -2.011961000000000155e+01
2.317978000000000175e+05 -1.779307999999999979e+01
2.317978750000000000e+05 -1.741178000000000026e+01
2.317979500000000116e+05 -2.195720000000000027e+01
2.317980249999999942e+05 -2.024893000000000143e+01
2.317981000000000058e+05 -1.637199999999999989e+01
2.317981750000000175e+05 -1.802206999999999937e+01
2.317982500000000000e+05 -2.022469999999999857e+01
2.317983250000000116e+05 -1.681164000000000058e+01
2.317983999999999942e+05 -1.710951000000000022e+01
2.317984750000000058e+05 -2.222961000000000098e+01
2.317985500000000175e+05 -2.053030000000000044e+01
2.317986250000000000e+05 -1.990120999999999896e+01
2.317987000000000116e+05 -2.074118999999999957e+01
2.317987749999999942e+05 -2.385610000000000142e+01
2.317988500000000058e+05 -1.797687000000000168e+01
2.317989250000000175e+05 -1.744178000000000139e+01
2.317990000000000000e+05 -2.091916000000000153e+01
2.317990750000000116e+05 -1.905405999999999977e+01
2.317991499999999942e+05 -2.055997999999999948e+01
2.317992250000000058e+05 -2.268452999999999875e+01
2.317993000000000175e+05 -1.768355000000000032e+01
2.317993750000000000e+05 -1.991148000000000096e+01
2.317994500000000116e+05 -1.578789000000000087e+01
2.317995249999999942e+05 -1.737267999999999901e+01
2.317996000000000058e+05 -2.186994999999999933e+01
2.317996750000000175e+05 -1.922528000000000148e+01
2.317997500000000000e+05 -1.812406999999999968e+01
2.317998250000000116e+05 -2.134932999999999836e+01
2.317998999999999942e+05 -1.699655999999999878e+01
2.317999750000000058e+05 -1.882842000000000127e+01
2.318000500000000175e+05 -1.903838999999999970e+01
2.318001250000000000e+05 -2.015500000000000114e+01
2.318002000000000116e+05 -2.074391999999999925e+01
2.318002749999999942e+05 -1.951706000000000074e+01
2.318003500000000058e+05 -2.018763999999999825e+01
2.318004250000000175e+05 -1.930448000000000164e+01
2.318005000000000000e+05 -1.717164999999999964e+01
2.318005750000000116e+05 -2.161865999999999843e+01
2.318006499999999942e+05 -2.041923999999999850e+01
2.318007250000000058e+05 -2.060943999999999932e+01
2.318008000000000175e+05 -1.946606999999999843e+01
2.318008750000000000e+05 -1.905379999999999896e+01
2.318009500000000116e+05 -1.939220999999999862e+01
2.318010249999999942e+05 -1.966223000000000098e+01
2.318011000000000058e+05 -1.724215999999999838e+01
2.318011750000000175e+05 -1.732912999999999926e+01
2.318012500000000000e+05 -1.930280000000000129e+01
2.318013250000000116e+05 -1.777449999999999974e+01
2.318013999999999942e+05 -2.206619999999999848e+01
2.318014750000000058e+05 -1.701810000000000045e+01
2.318015500000000175e+05 -2.038344999999999985e+01
2.318016250000000000e+05 -2.085331000000000046e+01
2.318017000000000116e+05 -1.962668999999999997e+01
2.318017749999999942e+05 -2.037644999999999840e+01
2.318018500000000058e+05 -1.910078999999999994e+01
2.318019250000000175e+05 -1.867006999999999906e+01
2.318020000000000000e+05 -1.908227000000000118e+01
2.318020750000000116e+05 -1.700975000000000037e+01
2.318021499999999942e+05 -2.000880000000000081e+01
2.318022250000000058e+05 -1.722162000000000148e+01
2.318023000000000175e+05 -2.004346999999999923e+01
2.318023750000000000e+05 -1.801261999999999830e+01
2.318024500000000116e+05 -1.812081999999999837e+01
2.318025249999999942e+05 -1.598310999999999993e+01
2.318026000000000058e+05 -1.870393999999999934e+01
2.318026750000000175e+05 -2.095393999999999934e+01
2.318027500000000000e+05 -1.812412000000000134e+01
2.318028250000000116e+05 -1.992719999999999914e+01
2.318028999999999942e+05 -1.821940000000000026e+01
2.318029750000000058e+05 -1.764942999999999884e+01
2.318030500000000175e+05 -1.937544000000000111e+01
2.318031250000000000e+05 -1.967062999999999917e+01
2.318032000000000116e+05 -1.991026000000000096e+01
2.318032749999999942e+05 -1.985808000000000106e+01
2.318033500000000058e+05 -1.720551999999999992e+01
2.318034250000000175e+05 -1.892598999999999876e+01
2.318035000000000000e+05 -1.768905000000000172e+01
2.318035750000000116e+05 -1.656992999999999938e+01
2.318036499999999942e+05 -1.899111999999999867e+01
2.318037250000000058e+05 -1.921431000000000111e+01
2.318038000000000175e+05 -1.807310999999999979e+01
2.318038750000000000e+05 -1.672689000000000092e+01
2.318039500000000116e+05 -1.775888000000000133e+01
2.318040249999999942e+05 -1.806165000000000020e+01
2.318041000000000058e+05 -1.870927000000000007e+01
2.318041750000000175e+05 -1.969678000000000040e+01
2.318042500000000000e+05 -1.714874000000000009e+01
2.318043250000000116e+05 -1.847440999999999889e+01
2.318043999999999942e+05 -1.817799000000000120e+01
2.318044750000000058e+05 -1.680829999999999913e+01
2.318045500000000175e+05 -2.002897000000000105e+01
2.318046250000000000e+05 -1.769820999999999955e+01
2.318047000000000116e+05 -1.974528000000000105e+01
2.318047749999999942e+05 -1.718278000000000105e+01
2.318048500000000058e+05 -1.761358999999999853e+01
2.318049250000000175e+05 -1.711301999999999879e+01
2.318050000000000000e+05 -1.933064999999999856e+01
2.318050750000000116e+05 -1.831679000000000102e+01
2.318051499999999942e+05 -1.653846000000000060e+01
2.318052250000000058e+05 -1.683567999999999998e+01
2.318053000000000175e+05 -1.712230999999999881e+01
2.318053750000000000e+05 -1.679547000000000168e+01
2.318054500000000116e+05 -1.636871999999999971e+01
2.318055249999999942e+05 -1.602717000000000169e+01
2.318056000000000058e+05 -1.655554000000000059e+01
2.318056750000000175e+05 -1.695381000000000071e+01
2.318057500000000000e+05 -1.833802999999999983e+01
2.318058250000000116e+05 -1.831566000000000116e+01
2.318058999999999942e+05 -1.728722000000000136e+01
2.318059750000000058e+05 -1.788446000000000069e+01
2.318060500000000175e+05 -1.699860999999999933e+01
2.318061250000000000e+05 -1.610127999999999915e+01
2.318062000000000116e+05 -1.781257000000000090e+01
2.318062749999999942e+05 -1.615070000000000050e+01
2.318063500000000058e+05 -1.655971999999999866e+01
2.318064250000000175e+05 -1.469139999999999979e+01
2.318065000000000000e+05 -1.568961999999999968e+01
2.318065750000000116e+05 -1.519243999999999950e+01
2.318066499999999942e+05 -1.515696999999999939e+01
2.318067250000000058e+05 -1.450948999999999955e+01
2.318068000000000175e+05 -1.635463999999999984e+01
2.318068750000000000e+05 -1.486372000000000071e+01
2.318069500000000116e+05 -1.431193999999999988e+01
2.318070249999999942e+05 -1.407766999999999946e+01
2.318071000000000058e+05 -1.441206000000000031e+01
2.318071750000000175e+05 -1.565732999999999997e+01
2.318072500000000000e+05 -1.466526999999999958e+01
2.318073250000000116e+05 -1.614356000000000080e+01
2.318073999999999942e+05 -1.417669000000000068e+01
2.318074750000000058e+05 -1.353813000000000066e+01
2.318075500000000175e+05 -1.535514000000000046e+01
2.318076250000000000e+05 -1.473892000000000024e+01
2.318077000000000116e+05 -1.489556999999999931e+01
2.318077749999999942e+05 -1.519378000000000029e+01
2.318078500000000058e+05 -1.615156999999999954e+01
2.318079250000000175e+05 -1.458319999999999972e+01
2.318080000000000000e+05 -1.495701999999999998e+01
2.318080750000000116e+05 -1.548512999999999984e+01
2.318081499999999942e+05 -1.335013000000000005e+01
2.318082250000000058e+05 -1.431738000000000000e+01
2.318083000000000175e+05 -1.339423999999999992e+01
2.318083750000000000e+05 -1.421940000000000026e+01
2.318084500000000116e+05 -1.424491000000000085e+01
2.318085249999999942e+05 -1.375629999999999953e+01
2.318086000000000058e+05 -1.275314999999999976e+01
2.318086750000000175e+05 -1.193162000000000056e+01
2.318087500000000000e+05 -1.215590000000000082e+01
2.318088250000000116e+05 -1.332742999999999967e+01
2.318088999999999942e+05 -1.254561999999999955e+01
2.318089750000000058e+05 -1.145093999999999923e+01
2.318090500000000175e+05 -1.167479999999999940e+01
2.318091250000000000e+05 -1.149923000000000073e+01
2.318092000000000116e+05 -1.024732000000000021e+01
2.318092749999999942e+05 -1.021458999999999939e+01
2.318093500000000058e+05 -1.054950999999999972e+01
2.318094250000000175e+05 -9.310140000000000526e+00
2.318095000000000000e+05 -9.665627000000000635e+00
2.318095750000000116e+05 -9.192377999999999716e+00
2.318096499999999942e+05 -8.359593999999999525e+00
2.318097250000000058e+05 -7.288490999999999609e+00
2.318098000000000175e+05 -7.766957999999999807e+00
2.318098750000000000e+05 -7.397762000000000171e+00
2.318099500000000116e+05 -6.587119999999999642e+00
2.318100249999999942e+05 -6.461077000000000403e+00
2.318101000000000058e+05 -5.785161000000000442e+00
2.318101750000000175e+05 -5.416814999999999714e+00
2.318102500000000000e+05 -5.224635000000000140e+00
2.318103250000000116e+05 -3.918956000000000106e+00
2.318103999999999942e+05 -3.553997999999999990e+00
2.318104750000000058e+05 -2.658600999999999992e+00
2.318105500000000175e+05 -2.321629999999999860e+00
2.318106250000000000e+05 -1.618276999999999965e+00
2.318107000000000116e+05 -9.599164000000000030e-01
2.318107749999999942e+05 -3.505452000000000012e-01
2.318108500000000058e+05 1.326936999999999978e-01
2.318109250000000175e+05 4.910430000000000073e-01
2.318110000000000000e+05 8.256643999999999650e-01
2.318110750000000116e+05 1.233054000000000094e+00
2.318111499999999942e+05 1.623679000000000094e+00
2.318112250000000058e+05 1.866592000000000029e+00
2.318113000000000175e+05 1.870789000000000035e+00
2.318113750000000000e+05 1.675429999999999975e+00
2.318114500000000116e+05 1.518818999999999919e+00
2.318115249999999942e+05 1.034456000000000042e+00
2.318116000000000058e+05 6.382326000000000388e-01
2.318116750000000175e+05 -3.701109000000000204e-01
2.318117500000000000e+05 -9.017783999999999800e-01
2.318118250000000116e+05 -2.126987000000000183e+00
2.318118999999999942e+05 -2.013889999999999958e+00
2.318119750000000058e+05 -2.879761999999999933e+00
2.318120500000000175e+05 -2.738246000000000180e+00
2.318121250000000000e+05 -2.836923000000000084e+00
2.318122000000000116e+05 -2.342427999999999955e+00
2.318122749999999942e+05 -2.240845999999999894e+00
2.318123500000000058e+05 -2.117687999999999793e+00
2.318124250000000175e+05 -2.833912000000000209e+00
2.318125000000000000e+05 -3.353393000000000068e+00
2.318125750000000116e+05 -4.421706999999999610e+00
2.318126499999999942e+05 -5.037753999999999621e+00
2.318127250000000058e+05 -4.803003000000000355e+00
2.318128000000000175e+05 -4.620458000000000176e+00
2.318128750000000000e+05 -4.437488000000000099e+00
2.318129500000000116e+05 -4.308188999999999602e+00
2.318130249999999942e+05 -5.286916999999999867e+00
2.318131000000000058e+05 -5.819751000000000118e+00
2.318131750000000175e+05 -6.447828000000000337e+00
2.318132500000000000e+05 -6.866230999999999973e+00
2.318133250000000116e+05 -6.601549000000000333e+00
2.318133999999999942e+05 -6.236670000000000158e+00
2.318134750000000058e+05 -6.534010999999999569e+00
2.318135500000000175e+05 -7.635606000000000115e+00
2.318136250000000000e+05 -7.769320999999999700e+00
2.318137000000000116e+05 -8.529337999999999198e+00
2.318137749999999942e+05 -7.557876000000000261e+00
2.318138500000000058e+05 -8.825143000000000626e+00
2.318139250000000175e+05 -8.121847999999999956e+00
2.318140000000000000e+05 -8.658248000000000388e+00
2.318140750000000116e+05 -8.961866999999999805e+00
2.318141499999999942e+05 -1.000897999999999932e+01
2.318142250000000058e+05 -9.397759999999999891e+00
2.318143000000000175e+05 -9.320163000000000864e+00
2.318143750000000000e+05 -9.641170999999999935e+00
2.318144500000000116e+05 -1.022133000000000003e+01
2.318145249999999942e+05 -1.112411999999999956e+01
2.318146000000000058e+05 -1.122179000000000038e+01
2.318146750000000175e+05 -1.134756999999999927e+01
2.318147500000000000e+05 -1.106437000000000026e+01
2.318148250000000116e+05 -1.266236999999999924e+01
2.318148999999999942e+05 -1.194111999999999973e+01
2.318149750000000058e+05 -1.254200999999999944e+01
2.318150500000000175e+05 -1.239396999999999949e+01
2.318151250000000000e+05 -1.411613000000000007e+01
2.318152000000000116e+05 -1.288735999999999926e+01
2.318152749999999942e+05 -1.313582000000000072e+01
2.318153500000000058e+05 -1.491023999999999994e+01
2.318154250000000175e+05 -1.484289000000000058e+01
2.318155000000000000e+05 -1.298460000000000036e+01
2.318155750000000116e+05 -1.284129000000000076e+01
2.318156499999999942e+05 -1.523861999999999917e+01
2.318157250000000058e+05 -1.332507000000000019e+01
2.318158000000000175e+05 -1.630281000000000091e+01
2.318158750000000000e+05 -1.672659000000000162e+01
2.318159500000000116e+05 -1.521377999999999986e+01
2.318160249999999942e+05 -1.489711999999999925e+01
2.318161000000000058e+05 -1.619744999999999990e+01
2.318161750000000175e+05 -1.774101999999999890e+01
2.318162500000000000e+05 -1.581282000000000032e+01
2.318163250000000116e+05 -1.741717999999999833e+01
2.318163999999999942e+05 -1.764077999999999946e+01
2.318164750000000058e+05 -1.660606999999999900e+01
2.318165500000000175e+05 -1.878857999999999961e+01
2.318166250000000000e+05 -1.740746000000000038e+01
2.318167000000000116e+05 -1.537433000000000050e+01
2.318167749999999942e+05 -2.735547000000000040e+01
2.318168500000000058e+05 -1.763766000000000034e+01
2.318169250000000175e+05 -1.710122000000000142e+01
2.318170000000000000e+05 -2.455658999999999992e+01
2.318170750000000116e+05 -1.686199999999999832e+01
2.318171499999999942e+05 -2.091170999999999935e+01
2.318172250000000058e+05 -1.940812000000000026e+01
2.318173000000000175e+05 -1.798798999999999992e+01
2.318173750000000000e+05 -2.723440000000000083e+01
2.318174500000000116e+05 -1.930146999999999835e+01
2.318175249999999942e+05 -2.166992000000000118e+01
2.318176000000000058e+05 -1.988428000000000040e+01
2.318176750000000175e+05 -1.851864000000000132e+01
2.318177500000000000e+05 -3.118635000000000090e+01
2.318178250000000116e+05 -1.847378000000000142e+01
2.318178999999999942e+05 -2.429432999999999865e+01
2.318179750000000058e+05 -1.628236000000000061e+01
2.318180500000000175e+05 -2.247025000000000006e+01
2.318181250000000000e+05 -2.778363999999999834e+01
2.318182000000000116e+05 -1.946034999999999826e+01
2.318182749999999942e+05 -2.489558999999999855e+01
2.318183500000000058e+05 -1.796002000000000010e+01
2.318184250000000175e+05 -3.341638999999999982e+01
2.318185000000000000e+05 -1.869981999999999900e+01
2.318185750000000116e+05 -3.394827999999999690e+01
2.318186499999999942e+05 -2.118347999999999942e+01
2.318187250000000058e+05 -2.984759999999999991e+01
2.318188000000000175e+05 -2.204242999999999952e+01
2.318188750000000000e+05 -2.403497000000000128e+01
2.318189500000000116e+05 -2.357162999999999897e+01
2.318190249999999942e+05 -2.417323999999999984e+01
2.318191000000000058e+05 -2.345746000000000109e+01
2.318191750000000175e+05 -2.161077999999999832e+01
2.318192500000000000e+05 -2.200716999999999857e+01
2.318193250000000116e+05 -2.932139000000000095e+01
2.318193999999999942e+05 -2.415131999999999834e+01
2.318194750000000058e+05 -2.899082999999999899e+01
2.318195500000000175e+05 -2.033730999999999867e+01
2.318196250000000000e+05 -2.297345999999999933e+01
2.318197000000000116e+05 -1.922345999999999933e+01
2.318197749999999942e+05 -2.770014000000000109e+01
2.318198500000000058e+05 -2.164758000000000138e+01
2.318199250000000175e+05 -3.227177999999999969e+01
2.318200000000000000e+05 -1.970770999999999873e+01
2.318200750000000116e+05 -2.817205999999999833e+01
2.318201499999999942e+05 -2.354476000000000013e+01
2.318202250000000058e+05 -3.138398000000000110e+01
2.318203000000000175e+05 -2.822463000000000122e+01
2.318203750000000000e+05 -2.019443000000000055e+01
2.318204500000000116e+05 -3.651442000000000121e+01
2.318205249999999942e+05 -2.162421000000000149e+01
2.318206000000000058e+05 -2.187886999999999915e+01
2.318206750000000175e+05 -2.167175999999999902e+01
2.318207500000000000e+05 -2.293889000000000067e+01
2.318208250000000116e+05 -2.851100999999999885e+01
2.318208999999999942e+05 -2.133109999999999928e+01
2.318209750000000058e+05 -3.060855000000000103e+01
2.318210500000000175e+05 -3.053390999999999877e+01
2.318211250000000000e+05 -2.299372999999999934e+01
2.318212000000000116e+05 -2.573479999999999990e+01
2.318212749999999942e+05 -2.335053999999999874e+01
2.318213500000000058e+05 -2.623856999999999928e+01
2.318214250000000175e+05 -2.485448999999999842e+01
2.318215000000000000e+05 -2.552355000000000018e+01
2.318215750000000116e+05 -2.206107000000000085e+01
2.318216499999999942e+05 -2.311605000000000132e+01
2.318217250000000058e+05 -2.333751000000000175e+01
2.318218000000000175e+05 -2.233439999999999870e+01
2.318218750000000000e+05 -2.318027000000000015e+01
2.318219500000000116e+05 -2.234683000000000064e+01
2.318220249999999942e+05 -2.538973999999999975e+01
2.318221000000000058e+05 -2.139349999999999952e+01
2.318221750000000175e+05 -2.219981999999999900e+01
2.318222500000000000e+05 -3.296923999999999921e+01
2.318223250000000116e+05 -2.678919000000000139e+01
2.318223999999999942e+05 -2.052333000000000141e+01
2.318224750000000058e+05 -2.851011000000000095e+01
2.318225500000000175e+05 -2.444903000000000048e+01
2.318226250000000000e+05 -2.745852000000000004e+01
2.318227000000000116e+05 -2.392842999999999876e+01
2.318227749999999942e+05 -2.645758999999999972e+01
2.318228500000000058e+05 -2.377830000000000155e+01
2.318229250000000175e+05 -1.984712000000000032e+01
2.318230000000000000e+05 -2.462847000000000008e+01
2.318230750000000116e+05 -2.130972999999999828e+01
2.318231499999999942e+05 -2.469428999999999874e+01
2.318232250000000058e+05 -2.520540000000000092e+01
2.318233000000000175e+05 -2.637222999999999828e+01
2.318233750000000000e+05 -2.317364999999999853e+01
2.318234500000000116e+05 -2.121377000000000024e+01
2.318235249999999942e+05 -2.483995000000000175e+01
2.318236000000000058e+05 -2.990446999999999989e+01
2.318236750000000175e+05 -2.177426000000000172e+01
2.318237500000000000e+05 -2.086168999999999940e+01
2.318238250000000116e+05 -1.926692999999999856e+01
2.318238999999999942e+05 -3.143269000000000091e+01
2.318239750000000058e+05 -3.670974999999999966e+01
2.318240500000000175e+05 -2.251993999999999829e+01
2.318241250000000000e+05 -2.631700999999999979e+01
2.318242000000000116e+05 -2.588140999999999892e+01
2.318242749999999942e+05 -2.250022999999999840e+01
2.318243500000000058e+05 -2.045564999999999856e+01
2.318244250000000175e+05 -2.421771000000000029e+01
2.318245000000000000e+05 -2.216433999999999926e+01
2.318245750000000116e+05 -2.327402000000000015e+01
2.318246499999999942e+05 -2.258534999999999826e+01
2.318247250000000058e+05 -2.627107000000000170e+01
2.318248000000000175e+05 -2.807588000000000150e+01
2.318248750000000000e+05 -2.294482999999999961e+01
2.318249500000000116e+05 -2.327741999999999933e+01
2.318250249999999942e+05 -2.317025999999999897e+01
2.318251000000000058e+05 -2.525153999999999854e+01
2.318251750000000175e+05 -2.369269999999999854e+01
2.318252500000000000e+05 -2.113848000000000127e+01
2.318253250000000116e+05 -2.473539999999999850e+01
2.318253999999999942e+05 -2.082355000000000089e+01
2.318254750000000058e+05 -2.977522000000000091e+01
2.318255500000000175e+05 -2.213408000000000087e+01
2.318256250000000000e+05 -2.225105999999999895e+01
2.318257000000000116e+05 -2.425843000000000060e+01
2.318257749999999942e+05 -2.518259000000000114e+01
2.318258500000000058e+05 -2.113412999999999897e+01
2.318259250000000175e+05 -2.363195999999999941e+01
2.318260000000000000e+05 -2.363436000000000092e+01
2.318260750000000116e+05 -2.308322000000000074e+01
2.318261499999999942e+05 -2.405674000000000134e+01
2.318262250000000058e+05 -2.428033999999999892e+01
