# Temperature: None K
2.317312749999999942e+05 -1.851953999999999922e+01
2.317313500000000058e+05 -2.115333000000000041e+01
2.317314249999999884e+05 -1.831418999999999997e+01
2.317315000000000000e+05 -1.992614000000000019e+01
2.317315749999999825e+05 -2.050581999999999994e+01
2.317316499999999942e+05 -1.864243000000000094e+01
2.317317250000000058e+05 -2.199977000000000160e+01
2.317317999999999884e+05 -1.929780999999999835e+01
2.317318750000000000e+05 -1.795148000000000010e+01
2.317319499999999825e+05 -2.049127999999999972e+01
2.317320249999999942e+05 -2.071937000000000140e+01
2.317321000000000058e+05 -2.139604999999999890e+01
2.317321749999999884e+05 -2.054139999999999944e+01
2.317322500000000000e+05 -1.978461000000000070e+01
2.317323249999999825e+05 -1.864304999999999879e+01
2.317323999999999942e+05 -1.834508999999999901e+01
2.317324750000000058e+05 -1.889780000000000015e+01
2.317325499999999884e+05 -2.022814999999999941e+01
2.317326250000000000e+05 -1.919924999999999926e+01
2.317326999999999825e+05 -1.884711000000000070e+01
2.317327749999999942e+05 -1.917857000000000056e+01
2.317328500000000058e+05 -1.827844999999999942e+01
2.317329249999999884e+05 -2.045914000000000144e+01
2.317330000000000000e+05 -2.093694999999999951e+01
2.317330749999999825e+05 -1.782870000000000132e+01
2.317331499999999942e+05 -2.293721999999999994e+01
2.317332250000000058e+05 -1.804737000000000080e+01
2.317332999999999884e+05 -2.107103999999999999e+01
2.317333750000000000e+05 -1.838597000000000037e+01
2.317334499999999825e+05 -2.062974000000000174e+01
2.317335249999999942e+05 -1.876432000000000144e+01
2.317336000000000058e+05 -1.826933000000000007e+01
2.317336749999999884e+05 -2.007864000000000004e+01
2.317337500000000000e+05 -1.738093999999999895e+01
2.317338249999999825e+05 -2.068985999999999947e+01
2.317338999999999942e+05 -2.018071000000000126e+01
2.317339750000000058e+05 -1.699301000000000172e+01
2.317340499999999884e+05 -1.709649999999999892e+01
2.317341250000000000e+05 -1.670826999999999884e+01
2.317341999999999825e+05 -1.781972000000000023e+01
2.317342749999999942e+05 -1.762841999999999842e+01
2.317343500000000058e+05 -1.793534000000000006e+01
2.317344249999999884e+05 -1.677759000000000000e+01
2.317345000000000000e+05 -1.745484000000000080e+01
2.317345749999999825e+05 -1.852894999999999825e+01
2.317346499999999942e+05 -1.820308999999999955e+01
2.317347250000000058e+05 -1.911514999999999986e+01
2.317347999999999884e+05 -1.919357000000000113e+01
2.317348750000000000e+05 -1.898374000000000095e+01
2.317349499999999825e+05 -1.942141000000000162e+01
2.317350249999999942e+05 -1.871086000000000027e+01
2.317351000000000058e+05 -1.957094000000000023e+01
2.317351749999999884e+05 -1.876006999999999891e+01
2.317352500000000000e+05 -2.068345000000000056e+01
2.317353249999999825e+05 -1.831380000000000052e+01
2.317353999999999942e+05 -1.943699000000000154e+01
2.317354750000000058e+05 -1.862872000000000128e+01
2.317355499999999884e+05 -2.005496000000000123e+01
2.317356250000000000e+05 -1.753921000000000063e+01
2.317356999999999825e+05 -2.124281999999999826e+01
2.317357749999999942e+05 -1.992594000000000065e+01
2.317358500000000058e+05 -2.019423000000000101e+01
2.317359249999999884e+05 -1.788909999999999911e+01
2.317360000000000000e+05 -1.842772000000000077e+01
2.317360749999999825e+05 -2.109645000000000081e+01
2.317361499999999942e+05 -1.886759999999999948e+01
2.317362250000000058e+05 -1.765183000000000035e+01
2.317362999999999884e+05 -1.831737000000000037e+01
2.317363750000000000e+05 -1.936141999999999896e+01
2.317364499999999825e+05 -1.989246999999999943e+01
2.317365249999999942e+05 -1.826418999999999926e+01
2.317366000000000058e+05 -1.834258000000000166e+01
2.317366749999999884e+05 -2.156434000000000140e+01
2.317367500000000000e+05 -2.019519999999999982e+01
2.317368249999999825e+05 -1.900966000000000022e+01
2.317368999999999942e+05 -1.714217000000000013e+01
2.317369750000000058e+05 -2.183834999999999837e+01
2.317370499999999884e+05 -1.768429000000000073e+01
2.317371250000000000e+05 -1.756799000000000177e+01
2.317371999999999825e+05 -1.733213999999999899e+01
2.317372749999999942e+05 -1.814495000000000147e+01
2.317373500000000058e+05 -1.955725999999999942e+01
2.317374249999999884e+05 -1.717354999999999876e+01
2.317375000000000000e+05 -1.663637999999999906e+01
2.317375749999999825e+05 -2.029996999999999829e+01
2.317376499999999942e+05 -1.839631999999999934e+01
2.317377250000000058e+05 -1.814049999999999940e+01
2.317377999999999884e+05 -1.776391999999999882e+01
2.317378750000000000e+05 -1.715249999999999986e+01
2.317379499999999825e+05 -1.797332000000000107e+01
2.317380249999999942e+05 -1.878939000000000092e+01
2.317381000000000058e+05 -1.738946999999999932e+01
2.317381749999999884e+05 -2.012385000000000090e+01
2.317382500000000000e+05 -1.956979000000000113e+01
2.317383249999999825e+05 -1.797485999999999962e+01
2.317383999999999942e+05 -1.773253000000000057e+01
2.317384750000000058e+05 -1.746246000000000009e+01
2.317385499999999884e+05 -1.827301999999999893e+01
2.317386250000000000e+05 -2.150103000000000009e+01
2.317386999999999825e+05 -1.839473999999999876e+01
2.317387749999999942e+05 -1.835625999999999891e+01
2.317388500000000058e+05 -1.840199000000000140e+01
2.317389249999999884e+05 -1.910403000000000162e+01
2.317390000000000000e+05 -1.967201999999999984e+01
2.317390749999999825e+05 -1.918000999999999934e+01
2.317391499999999942e+05 -2.103151000000000082e+01
2.317392250000000058e+05 -1.779432999999999865e+01
2.317392999999999884e+05 -1.794504999999999839e+01
2.317393750000000000e+05 -1.798029000000000011e+01
2.317394499999999825e+05 -2.069616999999999862e+01
2.317395249999999942e+05 -1.835538999999999987e+01
2.317396000000000058e+05 -2.091349999999999909e+01
2.317396749999999884e+05 -1.881661000000000072e+01
2.317397500000000000e+05 -1.757513000000000147e+01
2.317398249999999825e+05 -2.096737999999999857e+01
2.317398999999999942e+05 -1.579485999999999990e+01
2.317399750000000058e+05 -1.871235000000000070e+01
2.317400499999999884e+05 -1.725845999999999947e+01
2.317401250000000000e+05 -1.609787999999999997e+01
2.317401999999999825e+05 -1.857214000000000098e+01
2.317402749999999942e+05 -1.790388000000000090e+01
2.317403500000000058e+05 -1.540687999999999924e+01
2.317404249999999884e+05 -1.956169999999999831e+01
2.317405000000000000e+05 -1.762407999999999930e+01
2.317405749999999825e+05 -1.591544999999999987e+01
2.317406499999999942e+05 -1.649339000000000155e+01
2.317407250000000058e+05 -1.681231999999999971e+01
2.317407999999999884e+05 -1.574562000000000062e+01
2.317408750000000000e+05 -1.644522999999999868e+01
2.317409499999999825e+05 -1.682979999999999876e+01
2.317410249999999942e+05 -1.855123999999999995e+01
2.317411000000000058e+05 -1.670144000000000162e+01
2.317411749999999884e+05 -1.679960000000000164e+01
2.317412500000000000e+05 -1.537524999999999942e+01
2.317413249999999825e+05 -1.749361000000000033e+01
2.317413999999999942e+05 -1.673855999999999966e+01
2.317414750000000058e+05 -1.618158999999999992e+01
2.317415499999999884e+05 -1.707768000000000086e+01
2.317416250000000000e+05 -1.838879999999999981e+01
2.317416999999999825e+05 -1.673977000000000004e+01
2.317417749999999942e+05 -1.691583999999999932e+01
2.317418500000000058e+05 -1.641753999999999891e+01
2.317419249999999884e+05 -1.614414000000000016e+01
2.317420000000000000e+05 -1.614797000000000082e+01
2.317420749999999825e+05 -1.676154000000000011e+01
2.317421499999999942e+05 -1.581389000000000067e+01
2.317422250000000058e+05 -1.580547999999999931e+01
2.317422999999999884e+05 -1.587101999999999968e+01
2.317423750000000000e+05 -1.631694999999999851e+01
2.317424499999999825e+05 -1.706819000000000131e+01
2.317425249999999942e+05 -1.714314999999999856e+01
2.317426000000000058e+05 -1.593909000000000020e+01
2.317426749999999884e+05 -1.634994999999999976e+01
2.317427500000000000e+05 -1.643282999999999916e+01
2.317428249999999825e+05 -1.630196000000000112e+01
2.317428999999999942e+05 -1.577590000000000003e+01
2.317429750000000058e+05 -1.507640999999999920e+01
2.317430499999999884e+05 -1.617799000000000120e+01
2.317431250000000000e+05 -1.598809999999999931e+01
2.317431999999999825e+05 -1.543111999999999995e+01
2.317432749999999942e+05 -1.477359000000000044e+01
2.317433500000000058e+05 -1.473249999999999993e+01
2.317434249999999884e+05 -1.425820000000000043e+01
2.317435000000000000e+05 -1.421734999999999971e+01
2.317435749999999825e+05 -1.478035000000000032e+01
2.317436499999999942e+05 -1.453231000000000073e+01
2.317437250000000058e+05 -1.450258999999999965e+01
2.317437999999999884e+05 -1.405383999999999922e+01
2.317438750000000000e+05 -1.621152000000000015e+01
2.317439499999999825e+05 -1.435485000000000078e+01
2.317440249999999942e+05 -1.400619999999999976e+01
2.317441000000000058e+05 -1.360807999999999929e+01
2.317441749999999884e+05 -1.330713000000000079e+01
2.317442500000000000e+05 -1.375928000000000040e+01
2.317443249999999825e+05 -1.369528000000000034e+01
2.317443999999999942e+05 -1.336168999999999940e+01
2.317444750000000058e+05 -1.408038999999999952e+01
2.317445499999999884e+05 -1.438710000000000022e+01
2.317446250000000000e+05 -1.328476999999999997e+01
2.317446999999999825e+05 -1.232304000000000066e+01
2.317447749999999942e+05 -1.263730999999999938e+01
2.317448500000000058e+05 -1.251275000000000048e+01
2.317449249999999884e+05 -1.221280999999999928e+01
2.317450000000000000e+05 -1.277363000000000071e+01
2.317450749999999825e+05 -1.243947000000000003e+01
2.317451499999999942e+05 -1.302739000000000047e+01
2.317452250000000058e+05 -1.225187999999999988e+01
2.317452999999999884e+05 -1.173076999999999970e+01
2.317453750000000000e+05 -1.171335999999999977e+01
2.317454499999999825e+05 -1.259834000000000032e+01
2.317455249999999942e+05 -1.158521000000000001e+01
2.317456000000000058e+05 -1.069037999999999933e+01
2.317456749999999884e+05 -1.066647999999999996e+01
2.317457500000000000e+05 -1.103288000000000046e+01
2.317458249999999825e+05 -1.179841000000000051e+01
2.317458999999999942e+05 -9.699488999999999805e+00
2.317459750000000058e+05 -1.062302999999999997e+01
2.317460499999999884e+05 -1.023403000000000063e+01
2.317461250000000000e+05 -1.074461999999999939e+01
2.317461999999999825e+05 -1.109117999999999959e+01
2.317462749999999942e+05 -1.044435999999999964e+01
2.317463500000000058e+05 -1.146125999999999934e+01
2.317464249999999884e+05 -1.125502999999999965e+01
2.317465000000000000e+05 -1.140389000000000053e+01
2.317465749999999825e+05 -1.179283000000000037e+01
2.317466499999999942e+05 -1.070053000000000054e+01
2.317467250000000058e+05 -1.229157999999999973e+01
2.317467999999999884e+05 -1.117919999999999980e+01
2.317468750000000000e+05 -1.580230000000000068e+01
2.317469499999999825e+05 -1.366885000000000083e+01
2.317470249999999942e+05 -1.349837999999999916e+01
2.317471000000000058e+05 -1.611377999999999844e+01
2.317471749999999884e+05 -1.736835999999999913e+01
2.317472500000000000e+05 -1.673028000000000048e+01
2.317473249999999825e+05 -1.696587999999999852e+01
2.317473999999999942e+05 -1.705089999999999861e+01
2.317474750000000058e+05 -2.048467000000000127e+01
2.317475499999999884e+05 -1.835247999999999990e+01
2.317476250000000000e+05 -2.022387000000000157e+01
2.317476999999999825e+05 -2.057341999999999871e+01
2.317477749999999942e+05 -2.062812999999999874e+01
2.317478500000000058e+05 -2.296599000000000146e+01
2.317479249999999884e+05 -2.452277000000000129e+01
2.317480000000000000e+05 -2.454841000000000051e+01
2.317480749999999825e+05 -2.369023999999999930e+01
2.317481499999999942e+05 -2.666141000000000005e+01
2.317482250000000058e+05 -2.980808999999999997e+01
2.317482999999999884e+05 -2.366693000000000069e+01
2.317483750000000000e+05 -2.956702999999999903e+01
2.317484499999999825e+05 -2.369943999999999917e+01
2.317485249999999942e+05 -3.538788000000000267e+01
2.317486000000000058e+05 -2.925917000000000101e+01
2.317486749999999884e+05 -3.831687999999999761e+01
2.317487500000000000e+05 -2.602733999999999881e+01
2.317488249999999825e+05 -2.945189999999999841e+01
2.317488999999999942e+05 -3.607565999999999917e+01
2.317489750000000058e+05 -3.634006999999999721e+01
2.317490499999999884e+05 -3.524137000000000342e+01
2.317491250000000000e+05 -3.322581000000000273e+01
2.317491999999999825e+05 -3.512666999999999717e+01
2.317492749999999942e+05 -3.153977000000000075e+01
2.317493500000000058e+05 -2.739396999999999949e+01
2.317494249999999884e+05 -5.438049000000000177e+01
2.317495000000000000e+05 -3.137109999999999843e+01
2.317495749999999825e+05 -3.620445999999999742e+01
2.317496499999999942e+05 -2.867351999999999990e+01
2.317497250000000058e+05 -3.505198000000000036e+01
2.317497999999999884e+05 -4.624880000000000280e+01
2.317498750000000000e+05 -3.189368999999999943e+01
2.317499499999999825e+05 -3.656237999999999744e+01
2.317500249999999942e+05 -2.966067999999999927e+01
2.317501000000000058e+05 -3.209512000000000143e+01
2.317501749999999884e+05 -3.212265000000000015e+01
2.317502500000000000e+05 -3.233729999999999905e+01
2.317503249999999825e+05 -2.749081999999999937e+01
2.317503999999999942e+05 -3.825139000000000067e+01
2.317504750000000058e+05 -2.716635000000000133e+01
2.317505499999999884e+05 -2.455227000000000004e+01
2.317506250000000000e+05 -2.946066000000000074e+01
2.317506999999999825e+05 -2.440502000000000038e+01
2.317507749999999942e+05 -3.227279999999999660e+01
2.317508500000000058e+05 -3.309096999999999866e+01
2.317509249999999884e+05 -2.696801999999999921e+01
2.317510000000000000e+05 -2.606447000000000003e+01
2.317510749999999825e+05 -2.721906999999999854e+01
2.317511499999999942e+05 -2.668944000000000116e+01
2.317512250000000058e+05 -3.354269000000000034e+01
2.317512999999999884e+05 -2.265375999999999834e+01
2.317513750000000000e+05 -2.452686999999999884e+01
2.317514499999999825e+05 -2.712590000000000146e+01
2.317515249999999942e+05 -3.089183999999999841e+01
2.317516000000000058e+05 -3.258176000000000272e+01
2.317516749999999884e+05 -2.743631999999999849e+01
2.317517500000000000e+05 -2.754652000000000100e+01
2.317518249999999825e+05 -4.093701999999999686e+01
2.317518999999999942e+05 -2.983436000000000021e+01
2.317519750000000058e+05 -3.002621999999999858e+01
2.317520499999999884e+05 -2.587297999999999831e+01
2.317521250000000000e+05 -3.286787999999999954e+01
2.317521999999999825e+05 -3.135166999999999859e+01
2.317522749999999942e+05 -2.554306000000000054e+01
2.317523500000000058e+05 -3.110720999999999847e+01
2.317524249999999884e+05 -2.801666000000000167e+01
2.317525000000000000e+05 -2.710997000000000057e+01
2.317525749999999825e+05 -2.480176000000000158e+01
2.317526499999999942e+05 -2.783674999999999855e+01
2.317527250000000058e+05 -2.642535000000000167e+01
2.317527999999999884e+05 -2.464533000000000129e+01
2.317528750000000000e+05 -3.599835999999999814e+01
2.317529499999999825e+05 -2.620898000000000039e+01
2.317530249999999942e+05 -2.668995999999999924e+01
2.317531000000000058e+05 -2.955071999999999832e+01
2.317531749999999884e+05 -2.381725000000000136e+01
2.317532500000000000e+05 -2.427180999999999855e+01
2.317533249999999825e+05 -2.403632999999999953e+01
2.317533999999999942e+05 -2.368269000000000091e+01
2.317534750000000058e+05 -3.153772000000000020e+01
2.317535499999999884e+05 -2.771105999999999980e+01
2.317536250000000000e+05 -2.587357000000000085e+01
2.317536999999999825e+05 -2.663836999999999833e+01
2.317537749999999942e+05 -2.607488000000000028e+01
2.317538500000000058e+05 -2.661478999999999928e+01
2.317539249999999884e+05 -2.546400999999999826e+01
2.317540000000000000e+05 -2.982820999999999856e+01
2.317540749999999825e+05 -3.344312000000000040e+01
2.317541499999999942e+05 -2.062341999999999942e+01
2.317542250000000058e+05 -3.286641000000000190e+01
2.317542999999999884e+05 -2.956118000000000023e+01
2.317543750000000000e+05 -2.232750000000000057e+01
2.317544499999999825e+05 -2.881181000000000125e+01
2.317545249999999942e+05 -2.685930000000000106e+01
2.317546000000000058e+05 -2.147640000000000171e+01
2.317546749999999884e+05 -2.552958999999999889e+01
2.317547500000000000e+05 -2.358017999999999859e+01
2.317548249999999825e+05 -2.845084999999999908e+01
2.317548999999999942e+05 -2.219177000000000177e+01
2.317549750000000058e+05 -2.778256000000000014e+01
2.317550499999999884e+05 -2.352487999999999957e+01
2.317551250000000000e+05 -2.446094000000000079e+01
2.317551999999999825e+05 -2.750733999999999924e+01
2.317552749999999942e+05 -3.196613999999999933e+01
2.317553500000000058e+05 -2.878717999999999932e+01
2.317554249999999884e+05 -2.452064999999999984e+01
2.317555000000000000e+05 -3.255693000000000126e+01
2.317555749999999825e+05 -2.157928000000000068e+01
2.317556499999999942e+05 -2.752884999999999849e+01
2.317557250000000058e+05 -3.346724999999999994e+01
2.317557999999999884e+05 -2.331137000000000015e+01
2.317558750000000000e+05 -2.577611999999999881e+01
2.317559499999999825e+05 -2.023349999999999937e+01
2.317560249999999942e+05 -2.417706000000000088e+01
2.317561000000000058e+05 -2.481047999999999831e+01
2.317561749999999884e+05 -2.348619000000000057e+01
2.317562500000000000e+05 -2.597839000000000098e+01
2.317563249999999825e+05 -2.740360000000000085e+01
2.317563999999999942e+05 -3.013889999999999958e+01
2.317564750000000058e+05 -2.623138000000000147e+01
2.317565499999999884e+05 -2.403265999999999991e+01
2.317566250000000000e+05 -2.250930999999999926e+01
2.317566999999999825e+05 -2.039675000000000082e+01
2.317567749999999942e+05 -1.971552000000000149e+01
2.317568500000000058e+05 -2.290728000000000009e+01
2.317569249999999884e+05 -2.273919000000000068e+01
2.317570000000000000e+05 -2.409338999999999942e+01
2.317570749999999825e+05 -2.477792000000000172e+01
2.317571499999999942e+05 -2.347298999999999936e+01
2.317572250000000058e+05 -2.166963000000000150e+01
2.317572999999999884e+05 -2.194239999999999924e+01
2.317573750000000000e+05 -2.486931999999999832e+01
2.317574499999999825e+05 -2.271853000000000122e+01
2.317575249999999942e+05 -2.710263000000000133e+01
2.317576000000000058e+05 -2.450976999999999961e+01
2.317576749999999884e+05 -2.500676999999999950e+01
2.317577500000000000e+05 -2.423789999999999978e+01
2.317578249999999825e+05 -2.390257000000000076e+01
2.317578999999999942e+05 -2.457958999999999961e+01
2.317579750000000058e+05 -2.171412000000000120e+01
2.317580499999999884e+05 -2.286570999999999998e+01
2.317581250000000000e+05 -2.787698999999999927e+01
2.317581999999999825e+05 -2.405582000000000065e+01
2.317582749999999942e+05 -2.911661000000000143e+01
2.317583500000000058e+05 -2.490812000000000026e+01
2.317584249999999884e+05 -2.369118999999999886e+01
2.317585000000000000e+05 -2.353584000000000032e+01
2.317585749999999825e+05 -2.007083000000000084e+01
2.317586499999999942e+05 -2.618375999999999948e+01
2.317587250000000058e+05 -2.420582999999999885e+01
2.317587999999999884e+05 -2.278931000000000040e+01
2.317588750000000000e+05 -2.343823000000000079e+01
2.317589499999999825e+05 -2.112127999999999872e+01
2.317590249999999942e+05 -2.096858999999999895e+01
2.317591000000000058e+05 -2.127408000000000143e+01
2.317591749999999884e+05 -2.273369999999999891e+01
2.317592500000000000e+05 -2.550407999999999831e+01
2.317593249999999825e+05 -2.219895999999999958e+01
2.317593999999999942e+05 -2.336186999999999969e+01
2.317594750000000058e+05 -2.036092000000000013e+01
2.317595499999999884e+05 -2.263986999999999838e+01
2.317596250000000000e+05 -2.089348999999999990e+01
2.317596999999999825e+05 -2.831569999999999965e+01
2.317597749999999942e+05 -2.381525999999999854e+01
2.317598500000000058e+05 -2.091059999999999874e+01
2.317599249999999884e+05 -2.446480999999999995e+01
2.317600000000000000e+05 -2.676126000000000005e+01
2.317600749999999825e+05 -2.516083000000000069e+01
2.317601499999999942e+05 -2.305173999999999879e+01
2.317602250000000058e+05 -2.143288000000000082e+01
2.317602999999999884e+05 -2.284517999999999915e+01
2.317603750000000000e+05 -2.393892999999999915e+01
2.317604499999999825e+05 -2.393106999999999829e+01
2.317605249999999942e+05 -2.270070000000000121e+01
2.317606000000000058e+05 -2.448222000000000165e+01
2.317606749999999884e+05 -2.360219000000000023e+01
2.317607500000000000e+05 -2.322399000000000058e+01
2.317608249999999825e+05 -2.371783999999999892e+01
2.317608999999999942e+05 -2.206796999999999898e+01
2.317609750000000058e+05 -2.805902000000000029e+01
2.317610499999999884e+05 -2.610127999999999915e+01
2.317611250000000000e+05 -2.239819999999999922e+01
2.317611999999999825e+05 -2.042799000000000120e+01
2.317612749999999942e+05 -2.631136000000000053e+01
