# Temperature: None K
2.319153999999999942e+05 -2.459626000000000090e+01
2.319154750000000058e+05 -2.175161999999999907e+01
2.319155499999999884e+05 -2.055135999999999896e+01
2.319156250000000000e+05 -1.824020000000000152e+01
2.319156999999999825e+05 -1.585187999999999953e+01
2.319157749999999942e+05 -1.850834000000000046e+01
2.319158500000000058e+05 -1.783165999999999940e+01
2.319159249999999884e+05 -1.946482999999999919e+01
2.319160000000000000e+05 -1.824729999999999919e+01
2.319160749999999825e+05 -1.735645999999999844e+01
2.319161499999999942e+05 -1.676197000000000159e+01
2.319162250000000058e+05 -2.147907999999999973e+01
2.319162999999999884e+05 -2.288926000000000016e+01
2.319163750000000000e+05 -1.666759000000000057e+01
2.319164499999999825e+05 -1.733305999999999969e+01
2.319165249999999942e+05 -2.210014999999999930e+01
2.319166000000000058e+05 -1.894123000000000090e+01
2.319166749999999884e+05 -1.773143999999999920e+01
2.319167500000000000e+05 -1.749990000000000023e+01
2.319168249999999825e+05 -1.916375000000000028e+01
2.319168999999999942e+05 -1.976683999999999841e+01
2.319169750000000058e+05 -2.244612000000000052e+01
2.319170499999999884e+05 -1.997084999999999866e+01
2.319171250000000000e+05 -2.104411999999999949e+01
2.319171999999999825e+05 -2.124742000000000175e+01
2.319172749999999942e+05 -1.827618999999999971e+01
2.319173500000000058e+05 -1.810414000000000101e+01
2.319174249999999884e+05 -1.967197000000000173e+01
2.319175000000000000e+05 -2.011541000000000068e+01
2.319175749999999825e+05 -1.738376999999999839e+01
2.319176499999999942e+05 -1.891748000000000118e+01
2.319177250000000058e+05 -2.135088999999999970e+01
2.319177999999999884e+05 -2.107704999999999984e+01
2.319178750000000000e+05 -2.100273999999999930e+01
2.319179499999999825e+05 -2.116011999999999915e+01
2.319180249999999942e+05 -1.996971999999999881e+01
2.319181000000000058e+05 -1.695559000000000083e+01
2.319181749999999884e+05 -1.757528999999999897e+01
2.319182500000000000e+05 -1.946089999999999876e+01
2.319183249999999825e+05 -2.074861999999999895e+01
2.319183999999999942e+05 -2.100945000000000107e+01
2.319184750000000058e+05 -2.244982999999999862e+01
2.319185499999999884e+05 -2.063685999999999865e+01
2.319186250000000000e+05 -1.964957000000000065e+01
2.319186999999999825e+05 -2.091721000000000075e+01
2.319187749999999942e+05 -1.739978999999999942e+01
2.319188500000000058e+05 -1.863334000000000046e+01
2.319189249999999884e+05 -1.733117999999999981e+01
2.319190000000000000e+05 -1.928361999999999910e+01
2.319190749999999825e+05 -2.194127999999999901e+01
2.319191499999999942e+05 -1.992749999999999844e+01
2.319192250000000058e+05 -1.944582000000000122e+01
2.319192999999999884e+05 -1.987211999999999890e+01
2.319193750000000000e+05 -1.999690999999999974e+01
2.319194499999999825e+05 -2.039508000000000010e+01
2.319195249999999942e+05 -2.379861000000000004e+01
2.319196000000000058e+05 -1.625619000000000014e+01
2.319196749999999884e+05 -1.928868999999999900e+01
2.319197500000000000e+05 -1.932630999999999943e+01
2.319198249999999825e+05 -1.857776000000000138e+01
2.319198999999999942e+05 -1.953708999999999918e+01
2.319199750000000058e+05 -2.211062000000000083e+01
2.319200499999999884e+05 -1.664076000000000022e+01
2.319201250000000000e+05 -1.847997000000000156e+01
2.319201999999999825e+05 -1.774286000000000030e+01
2.319202749999999942e+05 -1.972154000000000096e+01
2.319203500000000058e+05 -2.014177000000000106e+01
2.319204249999999884e+05 -2.043533000000000044e+01
2.319205000000000000e+05 -1.780909000000000120e+01
2.319205749999999825e+05 -1.866929999999999978e+01
2.319206499999999942e+05 -1.951514999999999844e+01
2.319207250000000058e+05 -2.003274000000000044e+01
2.319207999999999884e+05 -2.014706999999999937e+01
2.319208750000000000e+05 -1.938138999999999967e+01
2.319209499999999825e+05 -1.889737999999999829e+01
2.319210249999999942e+05 -1.718409000000000120e+01
2.319211000000000058e+05 -1.714543000000000106e+01
2.319211749999999884e+05 -1.768794000000000111e+01
2.319212500000000000e+05 -1.773372000000000170e+01
2.319213249999999825e+05 -1.890606000000000009e+01
2.319213999999999942e+05 -1.716020999999999930e+01
2.319214750000000058e+05 -2.178546000000000049e+01
2.319215499999999884e+05 -1.858999000000000024e+01
2.319216250000000000e+05 -1.877637999999999963e+01
2.319216999999999825e+05 -1.843859000000000137e+01
2.319217749999999942e+05 -1.684873999999999938e+01
2.319218500000000058e+05 -2.231510000000000105e+01
2.319219249999999884e+05 -1.770353000000000065e+01
2.319220000000000000e+05 -1.992967000000000155e+01
2.319220749999999825e+05 -2.194528000000000034e+01
2.319221499999999942e+05 -1.992391999999999896e+01
2.319222250000000058e+05 -1.677734999999999843e+01
2.319222999999999884e+05 -1.999306999999999945e+01
2.319223750000000000e+05 -1.913357999999999848e+01
2.319224499999999825e+05 -1.863229000000000113e+01
2.319225249999999942e+05 -1.693328999999999951e+01
2.319226000000000058e+05 -1.772939999999999827e+01
2.319226749999999884e+05 -1.910382999999999853e+01
2.319227500000000000e+05 -1.819873000000000118e+01
2.319228249999999825e+05 -1.876373999999999853e+01
2.319228999999999942e+05 -1.812480000000000047e+01
2.319229750000000058e+05 -1.722145000000000081e+01
2.319230499999999884e+05 -1.857517999999999958e+01
2.319231250000000000e+05 -1.967033999999999949e+01
2.319231999999999825e+05 -1.942593000000000103e+01
2.319232749999999942e+05 -1.693487999999999971e+01
2.319233500000000058e+05 -1.689545000000000030e+01
2.319234249999999884e+05 -1.627357999999999905e+01
2.319235000000000000e+05 -1.718293999999999855e+01
2.319235749999999825e+05 -1.582291000000000025e+01
2.319236499999999942e+05 -1.923630999999999958e+01
2.319237250000000058e+05 -1.847256000000000142e+01
2.319237999999999884e+05 -1.721221999999999852e+01
2.319238750000000000e+05 -1.583394000000000013e+01
2.319239499999999825e+05 -1.741837999999999909e+01
2.319240249999999942e+05 -1.789322999999999908e+01
2.319241000000000058e+05 -1.708671999999999969e+01
2.319241749999999884e+05 -1.742182999999999993e+01
2.319242500000000000e+05 -1.748107999999999862e+01
2.319243249999999825e+05 -1.638599999999999923e+01
2.319243999999999942e+05 -1.639825000000000088e+01
2.319244750000000058e+05 -1.644829999999999970e+01
2.319245499999999884e+05 -1.665821000000000041e+01
2.319246250000000000e+05 -1.660284000000000049e+01
2.319246999999999825e+05 -1.778218000000000032e+01
2.319247749999999942e+05 -1.716691000000000145e+01
2.319248500000000058e+05 -1.565590000000000082e+01
2.319249249999999884e+05 -1.719942999999999955e+01
2.319250000000000000e+05 -1.693346000000000018e+01
2.319250749999999825e+05 -1.677587000000000117e+01
2.319251499999999942e+05 -1.750180999999999898e+01
2.319252250000000058e+05 -1.660633999999999943e+01
2.319252999999999884e+05 -1.627358999999999867e+01
2.319253750000000000e+05 -1.677374999999999972e+01
2.319254499999999825e+05 -1.840802000000000049e+01
2.319255249999999942e+05 -1.639500999999999920e+01
2.319256000000000058e+05 -1.724485999999999919e+01
2.319256749999999884e+05 -1.537839999999999918e+01
2.319257500000000000e+05 -1.595036999999999949e+01
2.319258249999999825e+05 -1.540747999999999962e+01
2.319258999999999942e+05 -1.693414999999999893e+01
2.319259750000000058e+05 -1.552571999999999974e+01
2.319260499999999884e+05 -1.536392000000000024e+01
2.319261250000000000e+05 -1.749831999999999965e+01
2.319261999999999825e+05 -1.476319999999999943e+01
2.319262749999999942e+05 -1.578449999999999953e+01
2.319263500000000058e+05 -1.608180000000000121e+01
2.319264249999999884e+05 -1.537775000000000070e+01
2.319265000000000000e+05 -1.652646000000000015e+01
2.319265749999999825e+05 -1.640820000000000078e+01
2.319266499999999942e+05 -1.697002000000000166e+01
2.319267250000000058e+05 -1.475638999999999967e+01
2.319267999999999884e+05 -1.525070999999999977e+01
2.319268750000000000e+05 -1.443873999999999924e+01
2.319269499999999825e+05 -1.532221999999999973e+01
2.319270249999999942e+05 -1.346128999999999998e+01
2.319271000000000058e+05 -1.408752999999999922e+01
2.319271749999999884e+05 -1.539489000000000019e+01
2.319272500000000000e+05 -1.530912000000000006e+01
2.319273249999999825e+05 -1.388810999999999929e+01
2.319273999999999942e+05 -1.442521999999999949e+01
2.319274750000000058e+05 -1.393016000000000076e+01
2.319275499999999884e+05 -1.375827999999999918e+01
2.319276250000000000e+05 -1.281695999999999991e+01
2.319276999999999825e+05 -1.424762999999999913e+01
2.319277749999999942e+05 -1.229954999999999998e+01
2.319278500000000058e+05 -1.358047999999999966e+01
2.319279249999999884e+05 -1.215534000000000070e+01
2.319280000000000000e+05 -1.291644999999999932e+01
2.319280749999999825e+05 -1.270753000000000021e+01
2.319281499999999942e+05 -1.318087000000000053e+01
2.319282250000000058e+05 -1.269811999999999941e+01
2.319282999999999884e+05 -1.107466999999999935e+01
2.319283750000000000e+05 -1.079429999999999978e+01
2.319284499999999825e+05 -1.025426000000000037e+01
2.319285249999999942e+05 -1.065433999999999948e+01
2.319286000000000058e+05 -1.072645999999999944e+01
2.319286749999999884e+05 -1.011660000000000004e+01
2.319287500000000000e+05 -9.627181000000000211e+00
2.319288249999999825e+05 -9.955064999999999387e+00
2.319288999999999942e+05 -9.097391999999999257e+00
2.319289750000000058e+05 -8.746090999999999838e+00
2.319290499999999884e+05 -8.277141000000000304e+00
2.319291250000000000e+05 -7.846694000000000280e+00
2.319291999999999825e+05 -7.517011000000000109e+00
2.319292749999999942e+05 -6.989463999999999899e+00
2.319293500000000058e+05 -6.368374000000000201e+00
2.319294249999999884e+05 -5.464292999999999623e+00
2.319295000000000000e+05 -5.288469000000000086e+00
2.319295749999999825e+05 -4.425688000000000066e+00
2.319296499999999942e+05 -3.953324999999999978e+00
2.319297250000000058e+05 -3.438644000000000034e+00
2.319297999999999884e+05 -2.906414999999999971e+00
2.319298750000000000e+05 -2.371347999999999789e+00
2.319299499999999825e+05 -1.716226999999999947e+00
2.319300249999999942e+05 -1.141772999999999927e+00
2.319301000000000058e+05 -5.862256999999999607e-01
2.319301749999999884e+05 -4.536897999999999764e-01
2.319302500000000000e+05 2.558795999999999848e-01
2.319303249999999825e+05 3.574880999999999753e-01
2.319303999999999942e+05 7.129054999999999698e-01
2.319304750000000058e+05 9.840674999999999839e-01
2.319305499999999884e+05 1.157963999999999993e+00
2.319306250000000000e+05 1.398009999999999975e+00
2.319306999999999825e+05 8.020597000000000421e-01
2.319307749999999942e+05 7.666359999999999841e-01
2.319308500000000058e+05 1.159133999999999998e-01
2.319309249999999884e+05 -7.794096999999999831e-01
2.319310000000000000e+05 -1.284432999999999936e+00
2.319310749999999825e+05 -2.161700999999999873e+00
2.319311499999999942e+05 -3.105300000000000171e+00
2.319312250000000058e+05 -4.237695999999999685e+00
2.319312999999999884e+05 -4.823235999999999635e+00
2.319313750000000000e+05 -4.779138999999999804e+00
2.319314499999999825e+05 -4.678041000000000338e+00
2.319315249999999942e+05 -4.055725999999999942e+00
2.319316000000000058e+05 -3.720521999999999885e+00
2.319316749999999884e+05 -4.016051000000000037e+00
2.319317500000000000e+05 -4.787906000000000439e+00
2.319318249999999825e+05 -5.391078000000000259e+00
2.319318999999999942e+05 -6.066550999999999583e+00
2.319319750000000058e+05 -7.349027999999999672e+00
2.319320499999999884e+05 -7.255335999999999785e+00
2.319321250000000000e+05 -6.816384000000000221e+00
2.319321999999999825e+05 -7.146618000000000137e+00
2.319322749999999942e+05 -7.186380999999999908e+00
2.319323500000000058e+05 -7.567129000000000438e+00
2.319324249999999884e+05 -9.063078000000000856e+00
2.319325000000000000e+05 -9.031753999999999394e+00
2.319325749999999825e+05 -9.342159000000000546e+00
2.319326499999999942e+05 -9.433495999999999881e+00
2.319327250000000058e+05 -9.429760999999999171e+00
2.319327999999999884e+05 -9.795372000000000412e+00
2.319328750000000000e+05 -1.017625999999999920e+01
2.319329499999999825e+05 -1.127281999999999940e+01
2.319330249999999942e+05 -1.232638999999999996e+01
2.319331000000000058e+05 -1.222409999999999997e+01
2.319331749999999884e+05 -1.143914999999999971e+01
2.319332500000000000e+05 -1.127300999999999931e+01
2.319333249999999825e+05 -1.420057000000000080e+01
2.319333999999999942e+05 -1.343050999999999995e+01
2.319334750000000058e+05 -1.320809999999999995e+01
2.319335499999999884e+05 -1.462968000000000046e+01
2.319336250000000000e+05 -1.366455999999999982e+01
2.319336999999999825e+05 -1.468666999999999945e+01
2.319337749999999942e+05 -1.441722000000000037e+01
2.319338500000000058e+05 -1.659439000000000064e+01
2.319339249999999884e+05 -1.385183999999999926e+01
2.319340000000000000e+05 -1.505367999999999995e+01
2.319340749999999825e+05 -1.646299000000000134e+01
2.319341499999999942e+05 -1.646013999999999911e+01
2.319342250000000058e+05 -1.888653000000000048e+01
2.319342999999999884e+05 -1.628085000000000093e+01
2.319343750000000000e+05 -1.734125999999999834e+01
2.319344499999999825e+05 -2.114247999999999905e+01
2.319345249999999942e+05 -1.504025999999999996e+01
2.319346000000000058e+05 -1.709465000000000146e+01
2.319346749999999884e+05 -1.940774000000000044e+01
2.319347500000000000e+05 -2.242736999999999981e+01
2.319348249999999825e+05 -1.730512999999999835e+01
2.319348999999999942e+05 -2.183740999999999843e+01
2.319349750000000058e+05 -2.223986999999999981e+01
2.319350499999999884e+05 -1.801631000000000071e+01
2.319351250000000000e+05 -1.976089999999999947e+01
2.319351999999999825e+05 -2.565149999999999864e+01
2.319352749999999942e+05 -1.911155000000000115e+01
2.319353500000000058e+05 -1.862886999999999915e+01
2.319354249999999884e+05 -3.150033000000000172e+01
2.319355000000000000e+05 -2.075161999999999907e+01
2.319355749999999825e+05 -2.083110999999999891e+01
2.319356499999999942e+05 -2.578757999999999839e+01
2.319357250000000058e+05 -1.955487000000000108e+01
2.319357999999999884e+05 -2.055828999999999951e+01
2.319358750000000000e+05 -2.491351999999999833e+01
2.319359499999999825e+05 -2.304910999999999888e+01
2.319360249999999942e+05 -2.042385000000000161e+01
2.319361000000000058e+05 -2.956969000000000136e+01
2.319361749999999884e+05 -1.862641999999999953e+01
2.319362500000000000e+05 -2.364986999999999995e+01
2.319363249999999825e+05 -2.723617000000000132e+01
2.319363999999999942e+05 -1.841209999999999880e+01
2.319364750000000058e+05 -3.882780000000000342e+01
2.319365499999999884e+05 -2.038009999999999877e+01
2.319366250000000000e+05 -2.060833999999999833e+01
2.319366999999999825e+05 -3.071696999999999989e+01
2.319367749999999942e+05 -2.056324000000000041e+01
2.319368500000000058e+05 -3.042545000000000144e+01
2.319369249999999884e+05 -2.295282999999999873e+01
2.319370000000000000e+05 -2.854352000000000089e+01
2.319370749999999825e+05 -2.573742999999999981e+01
2.319371499999999942e+05 -2.323104000000000013e+01
2.319372250000000058e+05 -2.508181000000000083e+01
2.319372999999999884e+05 -2.380230999999999852e+01
2.319373750000000000e+05 -2.654526999999999859e+01
2.319374499999999825e+05 -2.472167999999999921e+01
2.319375249999999942e+05 -2.188361000000000089e+01
2.319376000000000058e+05 -2.484286000000000172e+01
2.319376749999999884e+05 -2.754104999999999848e+01
2.319377500000000000e+05 -2.444181000000000026e+01
2.319378249999999825e+05 -2.490534999999999854e+01
2.319378999999999942e+05 -2.885516000000000147e+01
2.319379750000000058e+05 -2.118834999999999980e+01
2.319380499999999884e+05 -3.353627999999999787e+01
2.319381250000000000e+05 -1.997004000000000090e+01
2.319381999999999825e+05 -2.538408000000000087e+01
2.319382749999999942e+05 -2.348204000000000136e+01
2.319383500000000058e+05 -2.665127000000000024e+01
2.319384249999999884e+05 -2.658473000000000042e+01
2.319385000000000000e+05 -3.163763000000000147e+01
2.319385749999999825e+05 -2.064793999999999841e+01
2.319386499999999942e+05 -2.422183000000000064e+01
2.319387250000000058e+05 -1.927261999999999986e+01
2.319387999999999884e+05 -2.544436999999999927e+01
2.319388750000000000e+05 -2.324408999999999992e+01
2.319389499999999825e+05 -3.095571999999999946e+01
2.319390249999999942e+05 -2.570027999999999935e+01
2.319391000000000058e+05 -2.576776999999999873e+01
2.319391749999999884e+05 -2.155414999999999992e+01
2.319392500000000000e+05 -2.440587000000000018e+01
2.319393249999999825e+05 -2.851483999999999952e+01
2.319393999999999942e+05 -1.930274000000000001e+01
2.319394750000000058e+05 -2.705266999999999911e+01
2.319395499999999884e+05 -2.588779999999999859e+01
2.319396250000000000e+05 -3.291436000000000206e+01
2.319396999999999825e+05 -2.413688000000000144e+01
2.319397749999999942e+05 -2.802617000000000047e+01
2.319398500000000058e+05 -2.462674000000000163e+01
2.319399249999999884e+05 -2.643554999999999922e+01
2.319400000000000000e+05 -2.231138999999999939e+01
2.319400749999999825e+05 -2.145829000000000164e+01
2.319401499999999942e+05 -2.675623999999999825e+01
2.319402250000000058e+05 -2.710935999999999879e+01
2.319402999999999884e+05 -2.695206999999999908e+01
2.319403750000000000e+05 -2.292594000000000065e+01
2.319404499999999825e+05 -2.416927000000000092e+01
2.319405249999999942e+05 -2.369943999999999917e+01
2.319406000000000058e+05 -2.428516000000000119e+01
2.319406749999999884e+05 -2.415252999999999872e+01
2.319407500000000000e+05 -2.437572000000000116e+01
2.319408249999999825e+05 -2.681784000000000034e+01
2.319408999999999942e+05 -2.331854999999999833e+01
2.319409750000000058e+05 -2.380264000000000024e+01
2.319410499999999884e+05 -2.483664999999999878e+01
2.319411250000000000e+05 -2.563952000000000098e+01
2.319411999999999825e+05 -2.397259000000000029e+01
2.319412749999999942e+05 -3.069924999999999926e+01
2.319413500000000058e+05 -2.377667999999999893e+01
2.319414249999999884e+05 -2.680027000000000115e+01
2.319415000000000000e+05 -2.730961999999999890e+01
2.319415749999999825e+05 -2.351195999999999842e+01
2.319416499999999942e+05 -2.566492999999999824e+01
2.319417250000000058e+05 -2.520857000000000170e+01
2.319417999999999884e+05 -2.027046999999999954e+01
2.319418750000000000e+05 -2.718928999999999974e+01
2.319419499999999825e+05 -1.894734000000000052e+01
2.319420249999999942e+05 -2.539206000000000074e+01
2.319421000000000058e+05 -2.366376999999999953e+01
2.319421749999999884e+05 -2.546536000000000044e+01
2.319422500000000000e+05 -2.358719999999999928e+01
2.319423249999999825e+05 -2.171854000000000084e+01
2.319423999999999942e+05 -2.331987000000000165e+01
2.319424750000000058e+05 -2.595092999999999961e+01
2.319425499999999884e+05 -2.454917999999999978e+01
2.319426250000000000e+05 -2.097103999999999857e+01
2.319426999999999825e+05 -2.475507999999999953e+01
2.319427749999999942e+05 -2.297297999999999973e+01
2.319428500000000058e+05 -2.671932999999999936e+01
2.319429249999999884e+05 -2.208723000000000170e+01
2.319430000000000000e+05 -2.299491000000000085e+01
2.319430749999999825e+05 -2.620403999999999911e+01
2.319431499999999942e+05 -2.869362999999999886e+01
2.319432250000000058e+05 -2.412772000000000006e+01
2.319432999999999884e+05 -2.383295999999999992e+01
2.319433750000000000e+05 -2.371695000000000064e+01
2.319434499999999825e+05 -2.655512999999999835e+01
2.319435249999999942e+05 -2.221378999999999948e+01
2.319436000000000058e+05 -2.764668999999999954e+01
2.319436749999999884e+05 -2.620476999999999990e+01
2.319437500000000000e+05 -2.495989000000000146e+01
2.319438249999999825e+05 -2.583062999999999931e+01
2.319438999999999942e+05 -2.122218000000000160e+01
2.319439750000000058e+05 -2.365859999999999985e+01
2.319440499999999884e+05 -2.281342000000000070e+01
2.319441250000000000e+05 -3.439014000000000237e+01
2.319441999999999825e+05 -2.301100999999999885e+01
2.319442749999999942e+05 -2.798920000000000030e+01
2.319443500000000058e+05 -2.158839000000000041e+01
2.319444249999999884e+05 -2.139478000000000080e+01
2.319445000000000000e+05 -2.165143000000000129e+01
2.319445749999999825e+05 -2.339630999999999972e+01
2.319446499999999942e+05 -2.357538999999999874e+01
2.319447250000000058e+05 -2.750228999999999857e+01
2.319447999999999884e+05 -2.290294000000000096e+01
2.319448750000000000e+05 -2.102929999999999922e+01
2.319449499999999825e+05 -2.188965999999999923e+01
2.319450249999999942e+05 -2.152821000000000140e+01
2.319451000000000058e+05 -3.191366000000000014e+01
2.319451749999999884e+05 -2.200216999999999956e+01
2.319452500000000000e+05 -2.376518000000000086e+01
2.319453249999999825e+05 -2.529825999999999908e+01
2.319453999999999942e+05 -2.012999999999999901e+01
