# Temperature: None K
2.318146000000000058e+05 -2.407182999999999851e+01
2.318146750000000175e+05 -2.288353000000000037e+01
2.318147500000000000e+05 -1.769742000000000104e+01
2.318148250000000116e+05 -1.683602000000000132e+01
2.318148999999999942e+05 -1.779907000000000039e+01
2.318149750000000058e+05 -1.888338999999999857e+01
2.318150500000000175e+05 -2.212604999999999933e+01
2.318151250000000000e+05 -1.990788999999999831e+01
2.318152000000000116e+05 -1.740099000000000018e+01
2.318152749999999942e+05 -2.028145999999999916e+01
2.318153500000000058e+05 -2.637914999999999921e+01
2.318154250000000175e+05 -2.084677999999999898e+01
2.318155000000000000e+05 -1.879710000000000036e+01
2.318155750000000116e+05 -1.926512999999999920e+01
2.318156499999999942e+05 -2.711671000000000120e+01
2.318157250000000058e+05 -1.785650000000000048e+01
2.318158000000000175e+05 -1.656485999999999947e+01
2.318158750000000000e+05 -1.947710999999999970e+01
2.318159500000000116e+05 -1.986843999999999966e+01
2.318160249999999942e+05 -2.076443000000000083e+01
2.318161000000000058e+05 -1.802658999999999878e+01
2.318161750000000175e+05 -1.926960000000000051e+01
2.318162500000000000e+05 -2.185377000000000081e+01
2.318163250000000116e+05 -1.909058999999999884e+01
2.318163999999999942e+05 -2.102897000000000105e+01
2.318164750000000058e+05 -1.944493999999999900e+01
2.318165500000000175e+05 -1.718767000000000067e+01
2.318166250000000000e+05 -1.913250999999999991e+01
2.318167000000000116e+05 -1.753613999999999962e+01
2.318167749999999942e+05 -2.110035999999999845e+01
2.318168500000000058e+05 -1.973780000000000001e+01
2.318169250000000175e+05 -1.937438999999999822e+01
2.318170000000000000e+05 -2.178378999999999976e+01
2.318170750000000116e+05 -1.683868000000000009e+01
2.318171499999999942e+05 -1.751801000000000030e+01
2.318172250000000058e+05 -1.929411999999999949e+01
2.318173000000000175e+05 -1.808926999999999907e+01
2.318173750000000000e+05 -2.085268999999999906e+01
2.318174500000000116e+05 -2.748208999999999946e+01
2.318175249999999942e+05 -1.802214000000000027e+01
2.318176000000000058e+05 -2.129073999999999955e+01
2.318176750000000175e+05 -2.000611999999999924e+01
2.318177500000000000e+05 -1.947694999999999865e+01
2.318178250000000116e+05 -1.937572000000000116e+01
2.318178999999999942e+05 -2.129316000000000031e+01
2.318179750000000058e+05 -2.069874000000000080e+01
2.318180500000000175e+05 -1.885051999999999950e+01
2.318181250000000000e+05 -1.983668000000000120e+01
2.318182000000000116e+05 -2.052915000000000134e+01
2.318182749999999942e+05 -1.981359000000000137e+01
2.318183500000000058e+05 -1.883201999999999998e+01
2.318184250000000175e+05 -1.814619000000000071e+01
2.318185000000000000e+05 -1.768796999999999997e+01
2.318185750000000116e+05 -1.805270000000000152e+01
2.318186499999999942e+05 -1.921942999999999913e+01
2.318187250000000058e+05 -1.813475999999999999e+01
2.318188000000000175e+05 -2.173096999999999923e+01
2.318188750000000000e+05 -1.922379000000000104e+01
2.318189500000000116e+05 -1.735581000000000174e+01
2.318190249999999942e+05 -1.819023999999999930e+01
2.318191000000000058e+05 -1.876633999999999958e+01
2.318191750000000175e+05 -2.000904999999999845e+01
2.318192500000000000e+05 -1.764930999999999983e+01
2.318193250000000116e+05 -1.935270999999999830e+01
2.318193999999999942e+05 -1.793431999999999960e+01
2.318194750000000058e+05 -1.959958999999999918e+01
2.318195500000000175e+05 -1.576413999999999938e+01
2.318196250000000000e+05 -1.876212999999999909e+01
2.318197000000000116e+05 -1.736852999999999980e+01
2.318197749999999942e+05 -2.172986999999999824e+01
2.318198500000000058e+05 -1.900737000000000165e+01
2.318199250000000175e+05 -1.866384000000000043e+01
2.318200000000000000e+05 -1.599095999999999940e+01
2.318200750000000116e+05 -1.657046000000000063e+01
2.318201499999999942e+05 -1.951963999999999899e+01
2.318202250000000058e+05 -1.916865999999999914e+01
2.318203000000000175e+05 -1.688629999999999853e+01
2.318203750000000000e+05 -1.839277999999999835e+01
2.318204500000000116e+05 -1.859150999999999954e+01
2.318205249999999942e+05 -1.952703999999999951e+01
2.318206000000000058e+05 -1.740523999999999916e+01
2.318206750000000175e+05 -1.848744999999999905e+01
2.318207500000000000e+05 -1.818252999999999986e+01
2.318208250000000116e+05 -1.797931000000000168e+01
2.318208999999999942e+05 -2.046695000000000064e+01
2.318209750000000058e+05 -1.972241000000000000e+01
2.318210500000000175e+05 -1.776747999999999905e+01
2.318211250000000000e+05 -1.760972999999999900e+01
2.318212000000000116e+05 -1.804192000000000107e+01
2.318212749999999942e+05 -1.685606999999999900e+01
2.318213500000000058e+05 -1.872561999999999927e+01
2.318214250000000175e+05 -2.181405000000000172e+01
2.318215000000000000e+05 -1.714244000000000057e+01
2.318215750000000116e+05 -1.729065999999999903e+01
2.318216499999999942e+05 -1.683751000000000175e+01
2.318217250000000058e+05 -1.682917000000000129e+01
2.318218000000000175e+05 -2.249500000000000099e+01
2.318218750000000000e+05 -1.766731000000000051e+01
2.318219500000000116e+05 -1.814580000000000126e+01
2.318220249999999942e+05 -1.967718999999999951e+01
2.318221000000000058e+05 -1.943749000000000038e+01
2.318221750000000175e+05 -1.730167000000000144e+01
2.318222500000000000e+05 -1.903522999999999854e+01
2.318223250000000116e+05 -1.827032000000000167e+01
2.318223999999999942e+05 -1.951539000000000001e+01
2.318224750000000058e+05 -1.955380999999999858e+01
2.318225500000000175e+05 -1.733370999999999995e+01
2.318226250000000000e+05 -1.829479999999999862e+01
2.318227000000000116e+05 -1.934446000000000154e+01
2.318227749999999942e+05 -1.784678999999999860e+01
2.318228500000000058e+05 -1.676483999999999952e+01
2.318229250000000175e+05 -1.781878000000000029e+01
2.318230000000000000e+05 -1.642473000000000027e+01
2.318230750000000116e+05 -1.675791999999999859e+01
2.318231499999999942e+05 -1.684691000000000116e+01
2.318232250000000058e+05 -1.858149999999999835e+01
2.318233000000000175e+05 -1.757561000000000107e+01
2.318233750000000000e+05 -1.684297000000000111e+01
2.318234500000000116e+05 -1.679323000000000121e+01
2.318235249999999942e+05 -1.675185000000000102e+01
2.318236000000000058e+05 -1.692738999999999905e+01
2.318236750000000175e+05 -1.595306000000000068e+01
2.318237500000000000e+05 -1.759271000000000029e+01
2.318238250000000116e+05 -1.713206999999999880e+01
2.318238999999999942e+05 -1.545448999999999984e+01
2.318239750000000058e+05 -1.691697999999999880e+01
2.318240500000000175e+05 -1.635131000000000157e+01
2.318241250000000000e+05 -1.876136999999999944e+01
2.318242000000000116e+05 -1.680893000000000015e+01
2.318242749999999942e+05 -1.781572999999999851e+01
2.318243500000000058e+05 -1.675582999999999956e+01
2.318244250000000175e+05 -1.675602999999999909e+01
2.318245000000000000e+05 -1.723592000000000013e+01
2.318245750000000116e+05 -1.654877000000000109e+01
2.318246499999999942e+05 -1.698419000000000167e+01
2.318247250000000058e+05 -1.469161000000000072e+01
2.318248000000000175e+05 -1.805790000000000006e+01
2.318248750000000000e+05 -1.775794000000000139e+01
2.318249500000000116e+05 -1.789019000000000048e+01
2.318250249999999942e+05 -1.489314000000000071e+01
2.318251000000000058e+05 -1.506006000000000000e+01
2.318251750000000175e+05 -1.557696999999999932e+01
2.318252500000000000e+05 -1.370881999999999934e+01
2.318253250000000116e+05 -1.649767999999999901e+01
2.318253999999999942e+05 -1.430615000000000059e+01
2.318254750000000058e+05 -1.770346999999999937e+01
2.318255500000000175e+05 -1.370701000000000036e+01
2.318256250000000000e+05 -1.527403999999999940e+01
2.318257000000000116e+05 -1.531973999999999947e+01
2.318257749999999942e+05 -1.688017999999999930e+01
2.318258500000000058e+05 -1.481420999999999921e+01
2.318259250000000175e+05 -1.489277000000000051e+01
2.318260000000000000e+05 -1.528946999999999967e+01
2.318260750000000116e+05 -1.669650000000000034e+01
2.318261499999999942e+05 -1.533201999999999998e+01
2.318262250000000058e+05 -1.472405000000000008e+01
2.318263000000000175e+05 -1.345617000000000019e+01
2.318263750000000000e+05 -1.311707999999999963e+01
2.318264500000000116e+05 -1.320702999999999960e+01
2.318265249999999942e+05 -1.318007000000000062e+01
2.318266000000000058e+05 -1.380626999999999960e+01
2.318266750000000175e+05 -1.421987999999999985e+01
2.318267500000000000e+05 -1.342454999999999998e+01
2.318268250000000116e+05 -1.220571999999999946e+01
2.318268999999999942e+05 -1.214320999999999984e+01
2.318269750000000058e+05 -1.287223000000000006e+01
2.318270500000000175e+05 -1.109749000000000052e+01
2.318271250000000000e+05 -1.234257000000000026e+01
2.318272000000000116e+05 -1.030264999999999986e+01
2.318272749999999942e+05 -1.159953999999999930e+01
2.318273500000000058e+05 -1.042656999999999989e+01
2.318274250000000175e+05 -1.035271000000000008e+01
2.318275000000000000e+05 -1.020430999999999955e+01
2.318275750000000116e+05 -9.766614999999999824e+00
2.318276499999999942e+05 -8.463696000000000552e+00
2.318277250000000058e+05 -9.379255999999999815e+00
2.318278000000000175e+05 -8.522064000000000306e+00
2.318278750000000000e+05 -7.992179000000000144e+00
2.318279500000000116e+05 -7.141015000000000335e+00
2.318280249999999942e+05 -7.156268999999999991e+00
2.318281000000000058e+05 -6.581545000000000201e+00
2.318281750000000175e+05 -6.392684000000000033e+00
2.318282500000000000e+05 -4.701096999999999859e+00
2.318283250000000116e+05 -4.812746999999999886e+00
2.318283999999999942e+05 -3.801232999999999862e+00
2.318284750000000058e+05 -3.384668000000000010e+00
2.318285500000000175e+05 -2.997380000000000155e+00
2.318286250000000000e+05 -2.428176000000000112e+00
2.318287000000000116e+05 -1.714369999999999949e+00
2.318287749999999942e+05 -1.371787000000000090e+00
2.318288500000000058e+05 -3.853824000000000138e-01
2.318289250000000175e+05 -2.288181999999999994e-01
2.318290000000000000e+05 3.969611000000000112e-01
2.318290750000000116e+05 8.764844999999999997e-01
2.318291499999999942e+05 1.112335999999999991e+00
2.318292250000000058e+05 1.621331000000000078e+00
2.318293000000000175e+05 1.811414000000000080e+00
2.318293750000000000e+05 1.872163999999999939e+00
2.318294500000000116e+05 1.656193000000000026e+00
2.318295249999999942e+05 1.351782999999999957e+00
2.318296000000000058e+05 1.156800000000000050e+00
2.318296750000000175e+05 4.636281999999999903e-01
2.318297500000000000e+05 -2.216194999999999971e-01
2.318298250000000116e+05 -1.120937000000000072e+00
2.318298999999999942e+05 -1.733776999999999902e+00
2.318299750000000058e+05 -2.337031000000000081e+00
2.318300500000000175e+05 -2.542936000000000085e+00
2.318301250000000000e+05 -2.720626999999999907e+00
2.318302000000000116e+05 -2.343900000000000095e+00
2.318302749999999942e+05 -2.247399000000000147e+00
2.318303500000000058e+05 -2.076795999999999864e+00
2.318304250000000175e+05 -2.081507000000000218e+00
2.318305000000000000e+05 -2.842611000000000221e+00
2.318305750000000116e+05 -2.663403999999999883e+00
2.318306499999999942e+05 -4.307439999999999714e+00
2.318307250000000058e+05 -4.827657000000000309e+00
2.318308000000000175e+05 -4.891530999999999629e+00
2.318308750000000000e+05 -4.858933999999999642e+00
2.318309500000000116e+05 -4.597186999999999912e+00
2.318310249999999942e+05 -4.376420000000000421e+00
2.318311000000000058e+05 -4.438672000000000395e+00
2.318311750000000175e+05 -5.199745000000000061e+00
2.318312500000000000e+05 -5.601435000000000386e+00
2.318313250000000116e+05 -6.047206000000000081e+00
2.318313999999999942e+05 -6.135416000000000203e+00
2.318314750000000058e+05 -5.578534999999999577e+00
2.318315500000000175e+05 -6.592451999999999757e+00
2.318316250000000000e+05 -6.977788999999999575e+00
2.318317000000000116e+05 -7.075175999999999910e+00
2.318317749999999942e+05 -7.427368000000000414e+00
2.318318500000000058e+05 -7.396251000000000353e+00
2.318319250000000175e+05 -7.053531000000000439e+00
2.318320000000000000e+05 -7.607953000000000188e+00
2.318320750000000116e+05 -8.172796999999999201e+00
2.318321499999999942e+05 -8.667605999999999256e+00
2.318322250000000058e+05 -8.554906000000000788e+00
2.318323000000000175e+05 -8.230375000000000441e+00
2.318323750000000000e+05 -8.338400000000000034e+00
2.318324500000000116e+05 -9.658474000000000004e+00
2.318325249999999942e+05 -9.973770000000000024e+00
2.318326000000000058e+05 -1.007024000000000008e+01
2.318326750000000175e+05 -9.364155999999999480e+00
2.318327500000000000e+05 -9.559533000000000058e+00
2.318328250000000116e+05 -1.133944999999999936e+01
2.318328999999999942e+05 -1.102632999999999974e+01
2.318329750000000058e+05 -1.141155999999999970e+01
2.318330500000000175e+05 -1.053664999999999985e+01
2.318331250000000000e+05 -1.190616999999999948e+01
2.318332000000000116e+05 -1.342572000000000010e+01
2.318332749999999942e+05 -1.171878000000000064e+01
2.318333500000000058e+05 -1.148389000000000060e+01
2.318334250000000175e+05 -1.374742999999999959e+01
2.318335000000000000e+05 -1.373578999999999972e+01
2.318335750000000116e+05 -1.294392000000000031e+01
2.318336499999999942e+05 -1.271470000000000056e+01
2.318337250000000058e+05 -1.358608000000000082e+01
2.318338000000000175e+05 -1.318044000000000082e+01
2.318338750000000000e+05 -1.239940999999999960e+01
2.318339500000000116e+05 -1.666309000000000040e+01
2.318340249999999942e+05 -1.489935999999999972e+01
2.318341000000000058e+05 -1.419181000000000026e+01
2.318341750000000175e+05 -1.628192999999999913e+01
2.318342500000000000e+05 -1.595467999999999975e+01
2.318343250000000116e+05 -1.412559000000000076e+01
2.318343999999999942e+05 -1.890935999999999950e+01
2.318344750000000058e+05 -1.564114999999999966e+01
2.318345500000000175e+05 -1.407588999999999935e+01
2.318346250000000000e+05 -2.011747000000000085e+01
2.318347000000000116e+05 -1.674609999999999843e+01
2.318347749999999942e+05 -1.484206000000000003e+01
2.318348500000000058e+05 -2.036568000000000112e+01
2.318349250000000175e+05 -1.418044000000000082e+01
2.318350000000000000e+05 -1.643677999999999884e+01
2.318350750000000116e+05 -1.920989000000000146e+01
2.318351499999999942e+05 -1.510722999999999949e+01
2.318352250000000058e+05 -2.292677000000000120e+01
2.318353000000000175e+05 -1.625844000000000023e+01
2.318353750000000000e+05 -1.639777000000000129e+01
2.318354500000000116e+05 -2.311577000000000126e+01
2.318355249999999942e+05 -1.457244999999999990e+01
2.318356000000000058e+05 -2.185353999999999886e+01
2.318356750000000175e+05 -1.831966999999999857e+01
2.318357500000000000e+05 -1.858830999999999989e+01
2.318358250000000116e+05 -1.975212000000000145e+01
2.318358999999999942e+05 -1.736583999999999861e+01
2.318359750000000058e+05 -2.532200999999999880e+01
2.318360500000000175e+05 -1.752160999999999902e+01
2.318361250000000000e+05 -2.043836999999999904e+01
2.318362000000000116e+05 -2.023884999999999934e+01
2.318362749999999942e+05 -2.049802999999999997e+01
2.318363500000000058e+05 -2.122054999999999936e+01
2.318364250000000175e+05 -2.067034999999999911e+01
2.318365000000000000e+05 -2.230961999999999890e+01
2.318365750000000116e+05 -1.856749999999999901e+01
2.318366499999999942e+05 -2.646715999999999980e+01
2.318367250000000058e+05 -1.670267000000000124e+01
2.318368000000000175e+05 -2.634416999999999831e+01
2.318368750000000000e+05 -1.887087000000000003e+01
2.318369500000000116e+05 -3.821054000000000173e+01
2.318370249999999942e+05 -1.819982999999999862e+01
2.318371000000000058e+05 -3.230519000000000318e+01
2.318371750000000175e+05 -2.323793999999999826e+01
2.318372500000000000e+05 -3.302832000000000079e+01
2.318373250000000116e+05 -2.225448000000000093e+01
2.318373999999999942e+05 -2.918452999999999875e+01
2.318374750000000058e+05 -1.894395000000000095e+01
2.318375500000000175e+05 -3.334261000000000053e+01
2.318376250000000000e+05 -2.097485999999999962e+01
2.318377000000000116e+05 -3.260311999999999699e+01
2.318377749999999942e+05 -2.421903999999999968e+01
2.318378500000000058e+05 -2.603902000000000072e+01
2.318379250000000175e+05 -2.347732999999999848e+01
2.318380000000000000e+05 -2.222979000000000127e+01
2.318380750000000116e+05 -2.119136999999999915e+01
2.318381499999999942e+05 -2.181116000000000099e+01
2.318382250000000058e+05 -2.513215999999999894e+01
2.318383000000000175e+05 -2.112368000000000023e+01
2.318383750000000000e+05 -4.218983000000000061e+01
2.318384500000000116e+05 -2.375808999999999926e+01
2.318385249999999942e+05 -3.261007000000000033e+01
2.318386000000000058e+05 -2.580890000000000128e+01
2.318386750000000175e+05 -1.952975999999999956e+01
2.318387500000000000e+05 -2.831318999999999875e+01
2.318388250000000116e+05 -2.149617999999999896e+01
2.318388999999999942e+05 -2.607944000000000173e+01
2.318389750000000058e+05 -2.595445000000000135e+01
2.318390500000000175e+05 -2.057262000000000057e+01
2.318391250000000000e+05 -3.208335000000000292e+01
2.318392000000000116e+05 -2.010636999999999830e+01
2.318392749999999942e+05 -2.463944000000000045e+01
2.318393500000000058e+05 -2.392117999999999967e+01
2.318394250000000175e+05 -2.138397000000000148e+01
2.318395000000000000e+05 -2.564686999999999983e+01
2.318395750000000116e+05 -1.986204000000000036e+01
2.318396499999999942e+05 -2.491933999999999827e+01
2.318397250000000058e+05 -2.911130999999999958e+01
2.318398000000000175e+05 -2.620893999999999835e+01
2.318398750000000000e+05 -2.518936000000000064e+01
2.318399500000000116e+05 -2.302504000000000062e+01
2.318400249999999942e+05 -3.017248999999999981e+01
2.318401000000000058e+05 -2.420933000000000135e+01
2.318401750000000175e+05 -2.528966000000000136e+01
2.318402500000000000e+05 -2.486335000000000051e+01
2.318403250000000116e+05 -2.540472000000000108e+01
2.318403999999999942e+05 -2.938316999999999979e+01
2.318404750000000058e+05 -2.439759000000000100e+01
2.318405500000000175e+05 -2.526425000000000054e+01
2.318406250000000000e+05 -2.325037999999999982e+01
2.318407000000000116e+05 -2.487146999999999863e+01
2.318407749999999942e+05 -2.301013000000000019e+01
2.318408500000000058e+05 -2.235738999999999876e+01
2.318409250000000175e+05 -2.698401000000000138e+01
2.318410000000000000e+05 -2.629047999999999874e+01
2.318410750000000116e+05 -2.475862000000000052e+01
2.318411499999999942e+05 -2.644509000000000043e+01
2.318412250000000058e+05 -2.703312000000000026e+01
2.318413000000000175e+05 -2.287890000000000157e+01
2.318413750000000000e+05 -2.509358999999999895e+01
2.318414500000000116e+05 -3.469214999999999804e+01
2.318415249999999942e+05 -2.691675000000000040e+01
2.318416000000000058e+05 -2.326598999999999862e+01
2.318416750000000175e+05 -2.333334999999999937e+01
2.318417500000000000e+05 -2.543816999999999950e+01
2.318418250000000116e+05 -3.635208000000000084e+01
2.318418999999999942e+05 -2.433945999999999898e+01
2.318419750000000058e+05 -2.499621000000000137e+01
2.318420500000000175e+05 -2.393515000000000015e+01
2.318421250000000000e+05 -2.685585999999999984e+01
2.318422000000000116e+05 -2.227592999999999890e+01
2.318422749999999942e+05 -2.302889000000000053e+01
2.318423500000000058e+05 -2.720724999999999838e+01
2.318424250000000175e+05 -2.299167999999999878e+01
2.318425000000000000e+05 -2.158715000000000117e+01
2.318425750000000116e+05 -2.311687999999999832e+01
2.318426499999999942e+05 -2.165897999999999968e+01
2.318427250000000058e+05 -2.244935999999999865e+01
2.318428000000000175e+05 -2.415069000000000088e+01
2.318428750000000000e+05 -2.544027000000000172e+01
2.318429500000000116e+05 -2.418171999999999855e+01
2.318430249999999942e+05 -2.278745999999999938e+01
2.318431000000000058e+05 -2.666134999999999877e+01
2.318431750000000175e+05 -2.433745000000000047e+01
2.318432500000000000e+05 -2.197171000000000163e+01
2.318433250000000116e+05 -2.101023999999999958e+01
2.318433999999999942e+05 -2.320955000000000013e+01
2.318434750000000058e+05 -2.816319999999999979e+01
2.318435500000000175e+05 -2.134911999999999921e+01
2.318436250000000000e+05 -2.247713999999999857e+01
2.318437000000000116e+05 -2.113718000000000075e+01
2.318437749999999942e+05 -2.116216999999999970e+01
2.318438500000000058e+05 -2.250518999999999892e+01
2.318439250000000175e+05 -2.071646000000000143e+01
2.318440000000000000e+05 -2.195067999999999842e+01
2.318440750000000116e+05 -2.417199000000000098e+01
2.318441499999999942e+05 -2.290968000000000160e+01
2.318442250000000058e+05 -2.175685000000000002e+01
2.318443000000000175e+05 -2.421881000000000128e+01
2.318443750000000000e+05 -2.588260999999999967e+01
2.318444500000000116e+05 -2.356059000000000125e+01
2.318445249999999942e+05 -2.795108000000000104e+01
2.318446000000000058e+05 -2.281229000000000084e+01
