# Temperature: None K
2.318532999999999884e+05 -2.189216000000000051e+01
2.318533750000000000e+05 -2.012108999999999881e+01
2.318534499999999825e+05 -1.884378999999999849e+01
2.318535249999999942e+05 -1.803870999999999825e+01
2.318535999999999767e+05 -1.910663999999999874e+01
2.318536749999999884e+05 -1.965703999999999851e+01
2.318537500000000000e+05 -2.001063999999999865e+01
2.318538249999999825e+05 -1.789605999999999852e+01
2.318538999999999942e+05 -2.076836000000000126e+01
2.318539749999999767e+05 -1.993974000000000046e+01
2.318540499999999884e+05 -2.040729999999999933e+01
2.318541250000000000e+05 -1.882480999999999938e+01
2.318541999999999825e+05 -1.973302999999999940e+01
2.318542749999999942e+05 -2.023932999999999893e+01
2.318543499999999767e+05 -1.702658999999999878e+01
2.318544249999999884e+05 -2.002501000000000175e+01
2.318545000000000000e+05 -2.123442999999999969e+01
2.318545749999999825e+05 -1.691808999999999941e+01
2.318546499999999942e+05 -1.755444999999999922e+01
2.318547249999999767e+05 -1.992495999999999867e+01
2.318547999999999884e+05 -1.750673000000000101e+01
2.318548750000000000e+05 -1.967476999999999876e+01
2.318549499999999825e+05 -2.053933999999999926e+01
2.318550249999999942e+05 -1.981333000000000055e+01
2.318550999999999767e+05 -2.007293999999999912e+01
2.318551749999999884e+05 -1.804666999999999888e+01
2.318552500000000000e+05 -1.877178999999999931e+01
2.318553249999999825e+05 -1.958504999999999896e+01
2.318553999999999942e+05 -1.789158000000000115e+01
2.318554749999999767e+05 -1.849125000000000085e+01
2.318555499999999884e+05 -2.125650999999999868e+01
2.318556250000000000e+05 -2.007115999999999900e+01
2.318556999999999825e+05 -1.845645999999999987e+01
2.318557749999999942e+05 -1.882864999999999966e+01
2.318558499999999767e+05 -2.077309999999999945e+01
2.318559249999999884e+05 -1.652036999999999978e+01
2.318560000000000000e+05 -2.093244999999999933e+01
2.318560749999999825e+05 -1.639788000000000068e+01
2.318561499999999942e+05 -2.060140000000000171e+01
2.318562249999999767e+05 -1.996452999999999989e+01
2.318562999999999884e+05 -1.758984999999999843e+01
2.318563750000000000e+05 -1.815590999999999866e+01
2.318564499999999825e+05 -1.955526000000000053e+01
2.318565249999999942e+05 -2.107548999999999850e+01
2.318565999999999767e+05 -1.751043999999999912e+01
2.318566749999999884e+05 -2.257317000000000107e+01
2.318567500000000000e+05 -1.889378999999999920e+01
2.318568249999999825e+05 -1.988324000000000069e+01
2.318568999999999942e+05 -1.885882000000000147e+01
2.318569749999999767e+05 -2.235645999999999844e+01
2.318570499999999884e+05 -1.731058000000000163e+01
2.318571250000000000e+05 -2.132511999999999830e+01
2.318571999999999825e+05 -1.826554000000000144e+01
2.318572749999999942e+05 -1.776267999999999958e+01
2.318573499999999767e+05 -1.911108000000000118e+01
2.318574249999999884e+05 -2.097460999999999842e+01
2.318575000000000000e+05 -1.717171000000000092e+01
2.318575749999999825e+05 -1.697397000000000133e+01
2.318576499999999942e+05 -2.033585000000000065e+01
2.318577249999999767e+05 -1.912728999999999857e+01
2.318577999999999884e+05 -1.864660999999999902e+01
2.318578750000000000e+05 -1.819306999999999874e+01
2.318579499999999825e+05 -1.794720999999999833e+01
2.318580249999999942e+05 -1.786750999999999934e+01
2.318580999999999767e+05 -1.864322999999999908e+01
2.318581749999999884e+05 -1.897500000000000142e+01
2.318582500000000000e+05 -1.875422000000000011e+01
2.318583249999999825e+05 -1.971614999999999895e+01
2.318583999999999942e+05 -1.768854999999999933e+01
2.318584749999999767e+05 -1.837218999999999980e+01
2.318585499999999884e+05 -2.164733999999999980e+01
2.318586250000000000e+05 -1.903358000000000061e+01
2.318586999999999825e+05 -1.716114999999999924e+01
2.318587749999999942e+05 -1.860613000000000028e+01
2.318588499999999767e+05 -1.725495000000000090e+01
2.318589249999999884e+05 -1.848771999999999949e+01
2.318590000000000000e+05 -1.936289000000000016e+01
2.318590749999999825e+05 -1.898515000000000086e+01
2.318591499999999942e+05 -1.942229000000000028e+01
2.318592249999999767e+05 -1.738828000000000173e+01
2.318592999999999884e+05 -1.748566999999999894e+01
2.318593750000000000e+05 -1.662724000000000046e+01
2.318594499999999825e+05 -1.842607999999999890e+01
2.318595249999999942e+05 -1.827619999999999933e+01
2.318595999999999767e+05 -1.916941999999999879e+01
2.318596749999999884e+05 -1.899800000000000111e+01
2.318597500000000000e+05 -1.727991000000000099e+01
2.318598249999999825e+05 -1.924165999999999954e+01
2.318598999999999942e+05 -1.631266000000000105e+01
2.318599749999999767e+05 -1.671799999999999997e+01
2.318600499999999884e+05 -1.712209000000000003e+01
2.318601250000000000e+05 -1.638175999999999988e+01
2.318601999999999825e+05 -1.974229000000000056e+01
2.318602749999999942e+05 -1.764209999999999923e+01
2.318603499999999767e+05 -1.776639000000000124e+01
2.318604249999999884e+05 -1.772935000000000016e+01
2.318605000000000000e+05 -1.624491000000000085e+01
2.318605749999999825e+05 -1.805664000000000158e+01
2.318606499999999942e+05 -1.856116000000000099e+01
2.318607249999999767e+05 -1.888682000000000016e+01
2.318607999999999884e+05 -1.937763999999999953e+01
2.318608750000000000e+05 -1.861924000000000134e+01
2.318609499999999825e+05 -1.882067999999999941e+01
2.318610249999999942e+05 -1.854308999999999941e+01
2.318610999999999767e+05 -1.830618000000000123e+01
2.318611749999999884e+05 -1.848977000000000004e+01
2.318612500000000000e+05 -1.778258999999999901e+01
2.318613249999999825e+05 -1.693954000000000093e+01
2.318613999999999942e+05 -1.708059000000000083e+01
2.318614749999999767e+05 -1.783051999999999992e+01
2.318615499999999884e+05 -1.962894000000000005e+01
2.318616250000000000e+05 -1.594039000000000073e+01
2.318616999999999825e+05 -1.603778000000000148e+01
2.318617749999999942e+05 -1.844726999999999961e+01
2.318618499999999767e+05 -2.147898999999999958e+01
2.318619249999999884e+05 -1.623836999999999975e+01
2.318620000000000000e+05 -1.770559000000000083e+01
2.318620749999999825e+05 -1.799940000000000140e+01
2.318621499999999942e+05 -1.744972999999999885e+01
2.318622249999999767e+05 -1.574455999999999989e+01
2.318622999999999884e+05 -1.683015999999999934e+01
2.318623750000000000e+05 -1.662346000000000146e+01
2.318624499999999825e+05 -1.824508000000000152e+01
2.318625249999999942e+05 -1.697560999999999964e+01
2.318625999999999767e+05 -1.870899000000000001e+01
2.318626749999999884e+05 -1.876395000000000124e+01
2.318627500000000000e+05 -1.784606000000000137e+01
2.318628249999999825e+05 -1.943124999999999858e+01
2.318628999999999942e+05 -1.627498999999999896e+01
2.318629749999999767e+05 -1.617306999999999917e+01
2.318630499999999884e+05 -1.645452999999999832e+01
2.318631250000000000e+05 -1.824211000000000027e+01
2.318631999999999825e+05 -1.548349999999999937e+01
2.318632749999999942e+05 -1.557912999999999926e+01
2.318633499999999767e+05 -1.569996000000000080e+01
2.318634249999999884e+05 -1.706118000000000023e+01
2.318635000000000000e+05 -1.483638999999999974e+01
2.318635749999999825e+05 -1.690693999999999875e+01
2.318636499999999942e+05 -1.542027000000000037e+01
2.318637249999999767e+05 -1.650854999999999961e+01
2.318637999999999884e+05 -1.593707999999999991e+01
2.318638750000000000e+05 -1.655652999999999864e+01
2.318639499999999825e+05 -1.523301999999999978e+01
2.318640249999999942e+05 -1.669945999999999842e+01
2.318640999999999767e+05 -1.552796000000000021e+01
2.318641749999999884e+05 -1.505193000000000048e+01
2.318642500000000000e+05 -1.468959000000000081e+01
2.318643249999999825e+05 -1.604417000000000115e+01
2.318643999999999942e+05 -1.432029999999999959e+01
2.318644749999999767e+05 -1.622531999999999996e+01
2.318645499999999884e+05 -1.586758999999999986e+01
2.318646250000000000e+05 -1.532764000000000060e+01
2.318646999999999825e+05 -1.430198000000000036e+01
2.318647749999999942e+05 -1.329460000000000086e+01
2.318648499999999767e+05 -1.440285000000000082e+01
2.318649249999999884e+05 -1.515593999999999930e+01
2.318650000000000000e+05 -1.489987999999999957e+01
2.318650749999999825e+05 -1.243069999999999986e+01
2.318651499999999942e+05 -1.486857999999999969e+01
2.318652249999999767e+05 -1.390296999999999983e+01
2.318652999999999884e+05 -1.312434999999999974e+01
2.318653750000000000e+05 -1.288247999999999927e+01
2.318654499999999825e+05 -1.371002999999999972e+01
2.318655249999999942e+05 -1.267210000000000036e+01
2.318655999999999767e+05 -1.300005999999999950e+01
2.318656749999999884e+05 -1.248741000000000057e+01
2.318657500000000000e+05 -1.264927999999999919e+01
2.318658249999999825e+05 -1.144220999999999933e+01
2.318658999999999942e+05 -1.210627000000000031e+01
2.318659749999999767e+05 -1.245969999999999978e+01
2.318660499999999884e+05 -1.132423999999999964e+01
2.318661250000000000e+05 -1.125470999999999933e+01
2.318661999999999825e+05 -1.100921999999999912e+01
2.318662749999999942e+05 -1.084915999999999947e+01
2.318663499999999767e+05 -1.051244999999999941e+01
2.318664249999999884e+05 -9.722201999999999344e+00
2.318665000000000000e+05 -8.830863000000000795e+00
2.318665749999999825e+05 -9.256171999999999400e+00
2.318666499999999942e+05 -9.560990999999999573e+00
2.318667249999999767e+05 -8.551714999999999733e+00
2.318667999999999884e+05 -8.493233000000000033e+00
2.318668750000000000e+05 -8.228353999999999502e+00
2.318669499999999825e+05 -8.357606000000000535e+00
2.318670249999999942e+05 -7.150765999999999956e+00
2.318670999999999767e+05 -7.195516999999999719e+00
2.318671749999999884e+05 -7.682394000000000389e+00
2.318672500000000000e+05 -7.355286000000000435e+00
2.318673249999999825e+05 -7.139503000000000377e+00
2.318673999999999942e+05 -7.078367000000000075e+00
2.318674749999999767e+05 -6.996895000000000309e+00
2.318675499999999884e+05 -6.612733000000000416e+00
2.318676250000000000e+05 -6.171808000000000405e+00
2.318676999999999825e+05 -6.289939999999999642e+00
2.318677749999999942e+05 -6.293982999999999883e+00
2.318678499999999767e+05 -7.061918000000000362e+00
2.318679249999999884e+05 -7.259358999999999895e+00
2.318680000000000000e+05 -7.547481999999999580e+00
2.318680749999999825e+05 -7.397020000000000373e+00
2.318681499999999942e+05 -8.999601000000000184e+00
2.318682249999999767e+05 -9.267827000000000481e+00
2.318682999999999884e+05 -1.109695999999999927e+01
2.318683750000000000e+05 -1.172935000000000016e+01
2.318684499999999825e+05 -1.347119000000000000e+01
2.318685249999999942e+05 -1.497645999999999944e+01
2.318685999999999767e+05 -1.778741000000000128e+01
2.318686749999999884e+05 -1.898478000000000065e+01
2.318687500000000000e+05 -2.055497000000000085e+01
2.318688249999999825e+05 -2.394419999999999860e+01
2.318688999999999942e+05 -2.345289000000000001e+01
2.318689749999999767e+05 -2.068594999999999828e+01
2.318690499999999884e+05 -2.244481999999999999e+01
2.318691250000000000e+05 -1.929957999999999885e+01
2.318691999999999825e+05 -2.545531000000000077e+01
2.318692749999999942e+05 -2.501154999999999973e+01
2.318693499999999767e+05 -2.343941999999999837e+01
2.318694249999999884e+05 -2.880994000000000099e+01
2.318695000000000000e+05 -4.273366999999999649e+01
2.318695749999999825e+05 -2.524647999999999826e+01
2.318696499999999942e+05 -3.353849000000000302e+01
2.318697249999999767e+05 -3.444348999999999705e+01
2.318697999999999884e+05 -3.674291999999999803e+01
2.318698750000000000e+05 -3.215368999999999744e+01
2.318699499999999825e+05 -3.321900000000000119e+01
2.318700249999999942e+05 -2.539013999999999882e+01
2.318700999999999767e+05 -3.220568999999999704e+01
2.318701749999999884e+05 -2.601560999999999879e+01
2.318702500000000000e+05 -4.276221999999999923e+01
2.318703249999999825e+05 -4.170530999999999722e+01
2.318703999999999942e+05 -3.040143000000000129e+01
2.318704749999999767e+05 -3.471500999999999948e+01
2.318705499999999884e+05 -4.170546999999999827e+01
2.318706250000000000e+05 -3.257744000000000284e+01
2.318706999999999825e+05 -4.738754000000000133e+01
2.318707749999999942e+05 -4.932690999999999804e+01
2.318708499999999767e+05 -3.508091999999999899e+01
2.318709249999999884e+05 -3.176400999999999897e+01
2.318710000000000000e+05 -4.351353000000000293e+01
2.318710749999999825e+05 -3.655780000000000030e+01
2.318711499999999942e+05 -3.090392999999999901e+01
2.318712249999999767e+05 -2.647413999999999845e+01
2.318712999999999884e+05 -4.022771000000000186e+01
2.318713750000000000e+05 -2.772503000000000029e+01
2.318714499999999825e+05 -2.652642000000000166e+01
2.318715249999999942e+05 -3.842217999999999734e+01
2.318715999999999767e+05 -3.209812999999999761e+01
2.318716749999999884e+05 -2.530289000000000144e+01
2.318717500000000000e+05 -2.616457000000000122e+01
2.318718249999999825e+05 -3.035210999999999970e+01
2.318718999999999942e+05 -3.458704000000000178e+01
2.318719749999999767e+05 -3.182589000000000112e+01
2.318720499999999884e+05 -3.037150000000000105e+01
2.318721250000000000e+05 -2.855084000000000088e+01
2.318721999999999825e+05 -2.861551000000000045e+01
2.318722749999999942e+05 -2.988607999999999976e+01
2.318723499999999767e+05 -3.415205000000000268e+01
2.318724249999999884e+05 -2.580746999999999858e+01
2.318725000000000000e+05 -2.677035000000000053e+01
2.318725749999999825e+05 -2.687593999999999994e+01
2.318726499999999942e+05 -3.407056000000000040e+01
2.318727249999999767e+05 -2.772673999999999950e+01
2.318727999999999884e+05 -2.651567000000000007e+01
2.318728750000000000e+05 -2.694301000000000101e+01
2.318729499999999825e+05 -3.008136000000000010e+01
2.318730249999999942e+05 -2.409953000000000145e+01
2.318730999999999767e+05 -2.714947000000000088e+01
2.318731749999999884e+05 -2.624393999999999849e+01
2.318732500000000000e+05 -2.635526000000000124e+01
2.318733249999999825e+05 -2.362660999999999945e+01
2.318733999999999942e+05 -2.843725999999999843e+01
2.318734749999999767e+05 -2.176279999999999859e+01
2.318735499999999884e+05 -2.743231000000000108e+01
2.318736250000000000e+05 -2.653559999999999874e+01
2.318736999999999825e+05 -2.264877999999999858e+01
2.318737749999999942e+05 -3.170550000000000068e+01
2.318738499999999767e+05 -2.911793000000000120e+01
2.318739249999999884e+05 -2.907116999999999862e+01
2.318740000000000000e+05 -2.124042999999999992e+01
2.318740749999999825e+05 -2.394369999999999976e+01
2.318741499999999942e+05 -3.458744000000000085e+01
2.318742249999999767e+05 -3.110309000000000168e+01
2.318742999999999884e+05 -2.744853000000000165e+01
2.318743750000000000e+05 -2.956559000000000026e+01
2.318744499999999825e+05 -2.383886000000000038e+01
2.318745249999999942e+05 -2.394744999999999990e+01
2.318745999999999767e+05 -2.954732999999999876e+01
2.318746749999999884e+05 -4.906475999999999971e+01
2.318747500000000000e+05 -2.495571999999999946e+01
2.318748249999999825e+05 -2.574956999999999852e+01
2.318748999999999942e+05 -2.372401999999999944e+01
2.318749749999999767e+05 -2.357751000000000019e+01
2.318750499999999884e+05 -2.166423999999999950e+01
2.318751250000000000e+05 -2.603072999999999837e+01
2.318751999999999825e+05 -2.602596000000000132e+01
2.318752749999999942e+05 -2.283986000000000161e+01
2.318753499999999767e+05 -2.315521999999999991e+01
2.318754249999999884e+05 -2.458977000000000146e+01
2.318755000000000000e+05 -2.508956999999999837e+01
2.318755749999999825e+05 -2.464033999999999835e+01
2.318756499999999942e+05 -2.463898000000000010e+01
2.318757249999999767e+05 -2.470070000000000121e+01
2.318757999999999884e+05 -3.032022999999999868e+01
2.318758750000000000e+05 -2.408775999999999939e+01
2.318759499999999825e+05 -2.216274999999999906e+01
2.318760249999999942e+05 -2.632758000000000109e+01
2.318760999999999767e+05 -2.830758000000000152e+01
2.318761749999999884e+05 -2.255132000000000048e+01
2.318762500000000000e+05 -3.300012999999999863e+01
2.318763249999999825e+05 -2.178781000000000034e+01
2.318763999999999942e+05 -2.189039999999999964e+01
2.318764749999999767e+05 -2.710939000000000121e+01
2.318765499999999884e+05 -2.605953999999999837e+01
2.318766250000000000e+05 -2.870995999999999881e+01
2.318766999999999825e+05 -2.360266999999999982e+01
2.318767749999999942e+05 -2.305148000000000152e+01
2.318768499999999767e+05 -2.134806999999999988e+01
2.318769249999999884e+05 -2.594489000000000090e+01
2.318770000000000000e+05 -3.039692000000000149e+01
2.318770749999999825e+05 -2.368425999999999831e+01
2.318771499999999942e+05 -2.378789000000000087e+01
2.318772249999999767e+05 -2.382131000000000043e+01
2.318772999999999884e+05 -2.379073999999999955e+01
2.318773750000000000e+05 -2.348130000000000095e+01
2.318774499999999825e+05 -2.544219999999999970e+01
2.318775249999999942e+05 -2.140906000000000020e+01
2.318775999999999767e+05 -3.226951999999999998e+01
2.318776749999999884e+05 -2.279608999999999952e+01
2.318777500000000000e+05 -2.362299000000000149e+01
2.318778249999999825e+05 -2.447881999999999891e+01
2.318778999999999942e+05 -2.497939999999999827e+01
2.318779749999999767e+05 -2.334619999999999962e+01
2.318780499999999884e+05 -2.922235999999999834e+01
2.318781250000000000e+05 -2.119399999999999906e+01
2.318781999999999825e+05 -3.267484000000000322e+01
2.318782749999999942e+05 -2.473432000000000031e+01
2.318783499999999767e+05 -2.761548000000000158e+01
2.318784249999999884e+05 -2.443714999999999904e+01
2.318785000000000000e+05 -2.650835999999999970e+01
2.318785749999999825e+05 -2.151474999999999937e+01
2.318786499999999942e+05 -2.717648000000000152e+01
2.318787249999999767e+05 -2.215924000000000049e+01
2.318787999999999884e+05 -2.633661999999999992e+01
2.318788750000000000e+05 -2.144826000000000121e+01
2.318789499999999825e+05 -2.248781999999999925e+01
2.318790249999999942e+05 -2.251279999999999859e+01
2.318790999999999767e+05 -3.349334999999999951e+01
2.318791749999999884e+05 -2.141029999999999944e+01
2.318792500000000000e+05 -2.236268000000000100e+01
2.318793249999999825e+05 -2.248742000000000019e+01
2.318793999999999942e+05 -2.793729000000000084e+01
2.318794749999999767e+05 -2.512190000000000012e+01
2.318795499999999884e+05 -2.182983000000000118e+01
2.318796250000000000e+05 -2.482158000000000087e+01
2.318796999999999825e+05 -2.154833999999999961e+01
2.318797749999999942e+05 -2.453553000000000139e+01
2.318798499999999767e+05 -2.384688999999999837e+01
2.318799249999999884e+05 -2.568625000000000114e+01
2.318800000000000000e+05 -2.370395999999999859e+01
2.318800749999999825e+05 -2.377334000000000103e+01
2.318801499999999942e+05 -2.520923000000000158e+01
2.318802249999999767e+05 -2.416392000000000095e+01
2.318802999999999884e+05 -2.083558000000000021e+01
2.318803750000000000e+05 -2.482111000000000089e+01
2.318804499999999825e+05 -2.331328999999999851e+01
2.318805249999999942e+05 -2.830039000000000016e+01
2.318805999999999767e+05 -2.164464999999999861e+01
2.318806749999999884e+05 -2.264638000000000062e+01
2.318807500000000000e+05 -2.359921999999999898e+01
2.318808249999999825e+05 -2.138326999999999956e+01
2.318808999999999942e+05 -2.809324000000000154e+01
2.318809749999999767e+05 -2.390917999999999921e+01
2.318810499999999884e+05 -2.304213999999999984e+01
2.318811250000000000e+05 -3.092789000000000144e+01
2.318811999999999825e+05 -2.166099000000000174e+01
2.318812749999999942e+05 -2.392523999999999873e+01
2.318813499999999767e+05 -2.588924000000000092e+01
2.318814249999999884e+05 -2.771182999999999907e+01
2.318815000000000000e+05 -2.073599000000000103e+01
2.318815749999999825e+05 -2.703059999999999974e+01
2.318816499999999942e+05 -2.168763999999999825e+01
2.318817249999999767e+05 -2.346509999999999962e+01
2.318817999999999884e+05 -2.310779000000000138e+01
2.318818750000000000e+05 -2.266546999999999912e+01
2.318819499999999825e+05 -2.607704999999999984e+01
2.318820249999999942e+05 -2.209094999999999942e+01
2.318820999999999767e+05 -2.223216000000000037e+01
2.318821749999999884e+05 -2.266759000000000057e+01
2.318822500000000000e+05 -2.387703000000000131e+01
2.318823249999999825e+05 -2.067946999999999846e+01
2.318823999999999942e+05 -2.243959999999999866e+01
2.318824749999999767e+05 -2.336533999999999978e+01
2.318825499999999884e+05 -2.443778999999999968e+01
2.318826250000000000e+05 -2.257292999999999950e+01
2.318826999999999825e+05 -2.870588000000000051e+01
2.318827749999999942e+05 -2.175409000000000148e+01
2.318828499999999767e+05 -1.934589000000000070e+01
2.318829249999999884e+05 -2.167383999999999844e+01
2.318830000000000000e+05 -2.331144000000000105e+01
2.318830749999999825e+05 -2.113271999999999906e+01
2.318831499999999942e+05 -2.459881000000000029e+01
2.318832249999999767e+05 -2.420747000000000071e+01
2.318832999999999884e+05 -2.244700999999999880e+01
