# Temperature: None K
2.317967500000000000e+05 -2.427562999999999960e+01
2.317968250000000116e+05 -2.160914000000000001e+01
2.317968999999999942e+05 -1.894967000000000112e+01
2.317969750000000058e+05 -1.768587000000000131e+01
2.317970499999999884e+05 -1.715512000000000015e+01
2.317971250000000000e+05 -2.143798999999999921e+01
2.317972000000000116e+05 -2.362316999999999823e+01
2.317972749999999942e+05 -1.788701000000000008e+01
2.317973500000000058e+05 -1.625209999999999866e+01
2.317974249999999884e+05 -2.238045999999999935e+01
2.317975000000000000e+05 -2.047889999999999944e+01
2.317975750000000116e+05 -2.270593999999999824e+01
2.317976499999999942e+05 -1.825994999999999990e+01
2.317977250000000058e+05 -1.625761999999999929e+01
2.317977999999999884e+05 -2.183490000000000109e+01
2.317978750000000000e+05 -1.838285000000000124e+01
2.317979500000000116e+05 -2.158574000000000126e+01
2.317980249999999942e+05 -1.799833999999999889e+01
2.317981000000000058e+05 -2.080135999999999896e+01
2.317981749999999884e+05 -2.464881000000000100e+01
2.317982500000000000e+05 -1.809778999999999982e+01
2.317983250000000116e+05 -1.965260999999999925e+01
2.317983999999999942e+05 -1.893063000000000073e+01
2.317984750000000058e+05 -2.086909999999999954e+01
2.317985499999999884e+05 -1.798045000000000115e+01
2.317986250000000000e+05 -1.805987000000000009e+01
2.317987000000000116e+05 -1.967081999999999908e+01
2.317987749999999942e+05 -2.251323000000000008e+01
2.317988500000000058e+05 -1.792076000000000136e+01
2.317989249999999884e+05 -1.972663000000000011e+01
2.317990000000000000e+05 -1.784709000000000145e+01
2.317990750000000116e+05 -1.852878000000000114e+01
2.317991499999999942e+05 -2.044028000000000134e+01
2.317992250000000058e+05 -2.209998999999999825e+01
2.317992999999999884e+05 -1.971825000000000117e+01
2.317993750000000000e+05 -1.822681000000000040e+01
2.317994500000000116e+05 -1.960736999999999952e+01
2.317995249999999942e+05 -1.806477999999999895e+01
2.317996000000000058e+05 -1.846540999999999855e+01
2.317996749999999884e+05 -2.131364999999999910e+01
2.317997500000000000e+05 -1.879178999999999888e+01
2.317998250000000116e+05 -1.830292000000000030e+01
2.317998999999999942e+05 -1.973414999999999964e+01
2.317999750000000058e+05 -1.793756000000000128e+01
2.318000499999999884e+05 -1.861196999999999946e+01
2.318001250000000000e+05 -2.070579000000000036e+01
2.318002000000000116e+05 -1.885284000000000049e+01
2.318002749999999942e+05 -2.041320999999999941e+01
2.318003500000000058e+05 -1.894619000000000142e+01
2.318004249999999884e+05 -1.942348000000000141e+01
2.318005000000000000e+05 -1.880995000000000061e+01
2.318005750000000116e+05 -1.849276000000000053e+01
2.318006499999999942e+05 -2.048865999999999943e+01
2.318007250000000058e+05 -1.882354000000000127e+01
2.318007999999999884e+05 -2.047528000000000148e+01
2.318008750000000000e+05 -1.810506000000000171e+01
2.318009500000000116e+05 -1.708350000000000080e+01
2.318010249999999942e+05 -1.933851999999999904e+01
2.318011000000000058e+05 -2.096168000000000120e+01
2.318011749999999884e+05 -1.926066000000000145e+01
2.318012500000000000e+05 -1.866100000000000136e+01
2.318013250000000116e+05 -1.863701999999999970e+01
2.318013999999999942e+05 -1.978424000000000049e+01
2.318014750000000058e+05 -1.875560000000000116e+01
2.318015499999999884e+05 -1.769451000000000107e+01
2.318016250000000000e+05 -1.806093999999999866e+01
2.318017000000000116e+05 -1.945034000000000063e+01
2.318017749999999942e+05 -1.849378000000000100e+01
2.318018500000000058e+05 -2.021819999999999951e+01
2.318019249999999884e+05 -1.945538000000000167e+01
2.318020000000000000e+05 -1.661146000000000100e+01
2.318020750000000116e+05 -1.966432999999999964e+01
2.318021499999999942e+05 -2.177456000000000103e+01
2.318022250000000058e+05 -2.144794999999999874e+01
2.318022999999999884e+05 -1.802502000000000137e+01
2.318023750000000000e+05 -1.907769000000000048e+01
2.318024500000000116e+05 -1.918475000000000108e+01
2.318025249999999942e+05 -1.817942000000000036e+01
2.318026000000000058e+05 -1.620252999999999943e+01
2.318026749999999884e+05 -1.765379000000000076e+01
2.318027500000000000e+05 -1.781117000000000061e+01
2.318028250000000116e+05 -2.193326000000000064e+01
2.318028999999999942e+05 -1.930611000000000033e+01
2.318029750000000058e+05 -1.898852000000000118e+01
2.318030499999999884e+05 -2.049772000000000105e+01
2.318031250000000000e+05 -1.655997999999999948e+01
2.318032000000000116e+05 -2.113753000000000171e+01
2.318032749999999942e+05 -1.777699000000000140e+01
2.318033500000000058e+05 -1.684177000000000035e+01
2.318034249999999884e+05 -1.937550999999999846e+01
2.318035000000000000e+05 -1.952468999999999966e+01
2.318035750000000116e+05 -1.904358999999999824e+01
2.318036499999999942e+05 -1.826484999999999914e+01
2.318037250000000058e+05 -1.873326000000000136e+01
2.318037999999999884e+05 -1.863575000000000159e+01
2.318038750000000000e+05 -1.957234000000000052e+01
2.318039500000000116e+05 -1.884221000000000146e+01
2.318040249999999942e+05 -1.989999999999999858e+01
2.318041000000000058e+05 -1.554369999999999941e+01
2.318041749999999884e+05 -1.785941000000000045e+01
2.318042500000000000e+05 -1.836974999999999980e+01
2.318043250000000116e+05 -1.966298000000000101e+01
2.318043999999999942e+05 -1.735473999999999961e+01
2.318044750000000058e+05 -1.647875000000000156e+01
2.318045499999999884e+05 -1.693024000000000129e+01
2.318046250000000000e+05 -1.952533000000000030e+01
2.318047000000000116e+05 -1.598905000000000065e+01
2.318047749999999942e+05 -1.882609000000000066e+01
2.318048500000000058e+05 -1.785707000000000022e+01
2.318049249999999884e+05 -1.844876999999999967e+01
2.318050000000000000e+05 -1.844881000000000171e+01
2.318050750000000116e+05 -1.811734999999999829e+01
2.318051499999999942e+05 -1.914507000000000048e+01
2.318052250000000058e+05 -1.702523000000000053e+01
2.318052999999999884e+05 -1.833990999999999971e+01
2.318053750000000000e+05 -1.659947999999999979e+01
2.318054500000000116e+05 -1.872409000000000034e+01
2.318055249999999942e+05 -2.026533999999999835e+01
2.318056000000000058e+05 -1.564462999999999937e+01
2.318056749999999884e+05 -1.945550000000000068e+01
2.318057500000000000e+05 -1.797450999999999866e+01
2.318058250000000116e+05 -1.649574000000000140e+01
2.318058999999999942e+05 -1.802543000000000006e+01
2.318059750000000058e+05 -1.760292000000000101e+01
2.318060499999999884e+05 -1.759836999999999918e+01
2.318061250000000000e+05 -1.794228000000000023e+01
2.318062000000000116e+05 -1.833279999999999887e+01
2.318062749999999942e+05 -1.677179999999999893e+01
2.318063500000000058e+05 -1.652683000000000035e+01
2.318064249999999884e+05 -1.661891999999999925e+01
2.318065000000000000e+05 -1.855226000000000042e+01
2.318065750000000116e+05 -1.588809999999999967e+01
2.318066499999999942e+05 -1.657404999999999973e+01
2.318067250000000058e+05 -1.749714000000000169e+01
2.318067999999999884e+05 -1.618235999999999919e+01
2.318068750000000000e+05 -1.612929000000000102e+01
2.318069500000000116e+05 -1.653116999999999948e+01
2.318070249999999942e+05 -1.671874000000000038e+01
2.318071000000000058e+05 -1.539644000000000013e+01
2.318071749999999884e+05 -1.593790000000000084e+01
2.318072500000000000e+05 -1.374923000000000073e+01
2.318073250000000116e+05 -1.435411000000000037e+01
2.318073999999999942e+05 -1.548745000000000083e+01
2.318074750000000058e+05 -1.818300999999999945e+01
2.318075499999999884e+05 -1.393722999999999956e+01
2.318076250000000000e+05 -1.517374000000000045e+01
2.318077000000000116e+05 -1.635470000000000113e+01
2.318077749999999942e+05 -1.631046999999999869e+01
2.318078500000000058e+05 -1.489189000000000007e+01
2.318079249999999884e+05 -1.660335999999999856e+01
2.318080000000000000e+05 -1.437679999999999936e+01
2.318080750000000116e+05 -1.518207999999999913e+01
2.318081499999999942e+05 -1.533675999999999995e+01
2.318082250000000058e+05 -1.427347999999999928e+01
2.318082999999999884e+05 -1.510788999999999938e+01
2.318083750000000000e+05 -1.411452000000000062e+01
2.318084500000000116e+05 -1.462430999999999948e+01
2.318085249999999942e+05 -1.510632999999999981e+01
2.318086000000000058e+05 -1.382370000000000054e+01
2.318086749999999884e+05 -1.443160999999999916e+01
2.318087500000000000e+05 -1.431162999999999919e+01
2.318088250000000116e+05 -1.339896000000000065e+01
2.318088999999999942e+05 -1.326671999999999940e+01
2.318089750000000058e+05 -1.292122999999999955e+01
2.318090499999999884e+05 -1.298485999999999940e+01
2.318091250000000000e+05 -1.251008999999999993e+01
2.318092000000000116e+05 -1.332362000000000002e+01
2.318092749999999942e+05 -1.178203000000000067e+01
2.318093500000000058e+05 -1.232630999999999943e+01
2.318094249999999884e+05 -1.133962999999999965e+01
2.318095000000000000e+05 -1.143933999999999962e+01
2.318095750000000116e+05 -1.170833999999999975e+01
2.318096499999999942e+05 -1.115193000000000012e+01
2.318097250000000058e+05 -1.030902999999999992e+01
2.318097999999999884e+05 -9.689375000000000071e+00
2.318098750000000000e+05 -9.628391999999999840e+00
2.318099500000000116e+05 -9.086090000000000444e+00
2.318100249999999942e+05 -8.701446999999999932e+00
2.318101000000000058e+05 -8.685356999999999772e+00
2.318101749999999884e+05 -8.303330000000000766e+00
2.318102500000000000e+05 -7.601925999999999739e+00
2.318103250000000116e+05 -8.053266000000000702e+00
2.318103999999999942e+05 -6.684482000000000035e+00
2.318104750000000058e+05 -6.827666999999999931e+00
2.318105499999999884e+05 -5.678571999999999953e+00
2.318106250000000000e+05 -4.924976000000000020e+00
2.318107000000000116e+05 -4.378279000000000032e+00
2.318107749999999942e+05 -4.126102000000000380e+00
2.318108500000000058e+05 -3.172617999999999938e+00
2.318109249999999884e+05 -2.420186999999999866e+00
2.318110000000000000e+05 -2.446406000000000081e+00
2.318110750000000116e+05 -1.525536999999999921e+00
2.318111499999999942e+05 -1.008005000000000040e+00
2.318112250000000058e+05 -3.215638000000000107e-01
2.318112999999999884e+05 3.476365000000000149e-01
2.318113750000000000e+05 6.624227000000000309e-01
2.318114500000000116e+05 1.077393000000000045e+00
2.318115249999999942e+05 1.501522000000000023e+00
2.318116000000000058e+05 1.568835999999999897e+00
2.318116749999999884e+05 1.688037999999999927e+00
2.318117500000000000e+05 1.708798999999999957e+00
2.318118250000000116e+05 1.717419000000000029e+00
2.318118999999999942e+05 1.577275999999999900e+00
2.318119750000000058e+05 1.231996000000000091e+00
2.318120499999999884e+05 5.470519999999999827e-01
2.318121250000000000e+05 -3.227153999999999856e-01
2.318122000000000116e+05 -1.016157999999999895e+00
2.318122749999999942e+05 -1.617272000000000043e+00
2.318123500000000058e+05 -2.863830999999999793e+00
2.318124249999999884e+05 -2.870261000000000173e+00
2.318125000000000000e+05 -3.067292999999999825e+00
2.318125750000000116e+05 -2.590481000000000034e+00
2.318126499999999942e+05 -2.240518999999999927e+00
2.318127250000000058e+05 -2.129865999999999815e+00
2.318127999999999884e+05 -2.549338000000000104e+00
2.318128750000000000e+05 -2.813048000000000215e+00
2.318129500000000116e+05 -3.508681999999999856e+00
2.318130249999999942e+05 -4.262917999999999985e+00
2.318131000000000058e+05 -4.456464000000000425e+00
2.318131749999999884e+05 -5.138863999999999876e+00
2.318132500000000000e+05 -4.792466000000000115e+00
2.318133250000000116e+05 -4.740389999999999660e+00
2.318133999999999942e+05 -4.413914000000000115e+00
2.318134750000000058e+05 -4.823921000000000348e+00
2.318135499999999884e+05 -5.709451999999999749e+00
2.318136250000000000e+05 -6.153559999999999697e+00
2.318137000000000116e+05 -6.934925999999999924e+00
2.318137749999999942e+05 -6.684349000000000096e+00
2.318138500000000058e+05 -6.710238000000000369e+00
2.318139249999999884e+05 -6.716463000000000072e+00
2.318140000000000000e+05 -7.447907999999999973e+00
2.318140750000000116e+05 -7.457626000000000310e+00
2.318141499999999942e+05 -7.960956000000000365e+00
2.318142250000000058e+05 -8.558716999999999686e+00
2.318142999999999884e+05 -7.933162000000000269e+00
2.318143750000000000e+05 -7.963587000000000415e+00
2.318144500000000116e+05 -9.529073999999999600e+00
2.318145249999999942e+05 -9.417445000000000732e+00
2.318146000000000058e+05 -9.598088999999999871e+00
2.318146749999999884e+05 -9.667866000000000071e+00
2.318147500000000000e+05 -9.776854000000000156e+00
2.318148250000000116e+05 -9.976983999999999853e+00
2.318148999999999942e+05 -1.017563999999999957e+01
2.318149750000000058e+05 -1.041671000000000014e+01
2.318150499999999884e+05 -1.045275999999999961e+01
2.318151250000000000e+05 -1.023226000000000013e+01
2.318152000000000116e+05 -1.203875000000000028e+01
2.318152749999999942e+05 -1.280959999999999965e+01
2.318153500000000058e+05 -1.134173999999999971e+01
2.318154249999999884e+05 -1.107108999999999988e+01
2.318155000000000000e+05 -1.385941000000000045e+01
2.318155750000000116e+05 -1.322584999999999944e+01
2.318156499999999942e+05 -1.402649000000000079e+01
2.318157250000000058e+05 -1.189453999999999922e+01
2.318157999999999884e+05 -1.461073000000000022e+01
2.318158750000000000e+05 -1.482447999999999944e+01
2.318159500000000116e+05 -1.383048999999999928e+01
2.318160249999999942e+05 -1.344760999999999918e+01
2.318161000000000058e+05 -1.716660999999999859e+01
2.318161749999999884e+05 -1.478368000000000038e+01
2.318162500000000000e+05 -1.417266000000000048e+01
2.318163250000000116e+05 -1.631242999999999910e+01
2.318163999999999942e+05 -1.434867999999999988e+01
2.318164750000000058e+05 -1.590798000000000023e+01
2.318165499999999884e+05 -1.828605999999999909e+01
2.318166250000000000e+05 -1.649941000000000102e+01
2.318167000000000116e+05 -1.635113000000000127e+01
2.318167749999999942e+05 -1.872727000000000075e+01
2.318168500000000058e+05 -1.498854000000000042e+01
2.318169249999999884e+05 -1.540671999999999997e+01
2.318170000000000000e+05 -1.988430999999999926e+01
2.318170750000000116e+05 -1.718846999999999881e+01
2.318171499999999942e+05 -1.595557999999999943e+01
2.318172250000000058e+05 -2.079694999999999894e+01
2.318172999999999884e+05 -1.722457999999999956e+01
2.318173750000000000e+05 -1.666572000000000031e+01
2.318174500000000116e+05 -2.062459000000000131e+01
2.318175249999999942e+05 -1.714333999999999847e+01
2.318176000000000058e+05 -2.378041999999999945e+01
2.318176749999999884e+05 -1.958277000000000001e+01
2.318177500000000000e+05 -1.656588999999999956e+01
2.318178250000000116e+05 -2.526641000000000048e+01
2.318178999999999942e+05 -1.638415000000000177e+01
2.318179750000000058e+05 -2.347227000000000174e+01
2.318180499999999884e+05 -1.833063999999999893e+01
2.318181250000000000e+05 -2.046758000000000166e+01
2.318182000000000116e+05 -2.143362000000000123e+01
2.318182749999999942e+05 -2.077854999999999919e+01
2.318183500000000058e+05 -3.068586000000000169e+01
2.318184249999999884e+05 -1.793111999999999995e+01
2.318185000000000000e+05 -2.948951999999999884e+01
2.318185750000000116e+05 -2.001878999999999920e+01
2.318186499999999942e+05 -1.993761999999999901e+01
2.318187250000000058e+05 -2.593256999999999834e+01
2.318187999999999884e+05 -1.680311999999999983e+01
2.318188750000000000e+05 -3.071227999999999980e+01
2.318189500000000116e+05 -1.917153000000000063e+01
2.318190249999999942e+05 -4.906828999999999752e+01
2.318191000000000058e+05 -1.935397000000000034e+01
2.318191749999999884e+05 -2.886788999999999916e+01
2.318192500000000000e+05 -1.858438999999999908e+01
2.318193250000000116e+05 -2.957104999999999961e+01
2.318193999999999942e+05 -1.948368999999999929e+01
2.318194750000000058e+05 -4.023525999999999669e+01
2.318195499999999884e+05 -2.024896999999999991e+01
2.318196250000000000e+05 -3.175482999999999834e+01
2.318197000000000116e+05 -2.137272000000000105e+01
2.318197749999999942e+05 -3.071446999999999861e+01
2.318198500000000058e+05 -1.874149999999999849e+01
2.318199249999999884e+05 -3.309861000000000075e+01
2.318200000000000000e+05 -2.047710999999999970e+01
2.318200750000000116e+05 -4.171345999999999776e+01
2.318201499999999942e+05 -1.996834000000000131e+01
2.318202250000000058e+05 -2.998548999999999864e+01
2.318202999999999884e+05 -2.294744999999999990e+01
2.318203750000000000e+05 -2.352664000000000044e+01
2.318204500000000116e+05 -2.142501999999999995e+01
2.318205249999999942e+05 -2.132987999999999928e+01
2.318206000000000058e+05 -2.773175000000000168e+01
2.318206749999999884e+05 -2.073777000000000115e+01
2.318207500000000000e+05 -3.086661000000000143e+01
2.318208250000000116e+05 -2.060462000000000060e+01
2.318208999999999942e+05 -2.257804000000000144e+01
2.318209750000000058e+05 -2.287765999999999877e+01
2.318210499999999884e+05 -2.495666999999999902e+01
2.318211250000000000e+05 -2.433164000000000016e+01
2.318212000000000116e+05 -2.863791000000000153e+01
2.318212749999999942e+05 -2.898810999999999893e+01
2.318213500000000058e+05 -2.294050999999999974e+01
2.318214249999999884e+05 -2.373265999999999920e+01
2.318215000000000000e+05 -2.838083999999999918e+01
2.318215750000000116e+05 -2.123810999999999893e+01
2.318216499999999942e+05 -2.514640999999999948e+01
2.318217250000000058e+05 -2.428997000000000028e+01
2.318217999999999884e+05 -2.378181000000000012e+01
2.318218750000000000e+05 -2.725752999999999915e+01
2.318219500000000116e+05 -2.013655999999999935e+01
2.318220249999999942e+05 -2.666114999999999924e+01
2.318221000000000058e+05 -2.929930999999999841e+01
2.318221749999999884e+05 -2.314893999999999963e+01
2.318222500000000000e+05 -2.548621999999999943e+01
2.318223250000000116e+05 -2.412409999999999854e+01
2.318223999999999942e+05 -2.320447000000000060e+01
2.318224750000000058e+05 -2.457320999999999955e+01
2.318225499999999884e+05 -2.549361999999999995e+01
2.318226250000000000e+05 -2.520992000000000033e+01
2.318227000000000116e+05 -2.141082000000000107e+01
2.318227749999999942e+05 -2.605990999999999858e+01
2.318228500000000058e+05 -2.371161000000000030e+01
2.318229249999999884e+05 -2.375876999999999839e+01
2.318230000000000000e+05 -2.547511000000000081e+01
2.318230750000000116e+05 -2.481335999999999942e+01
2.318231499999999942e+05 -2.343119000000000085e+01
2.318232250000000058e+05 -2.408772000000000091e+01
2.318232999999999884e+05 -2.505244000000000071e+01
2.318233750000000000e+05 -2.594784999999999897e+01
2.318234500000000116e+05 -2.085248999999999953e+01
2.318235249999999942e+05 -2.458870999999999896e+01
2.318236000000000058e+05 -2.211987999999999843e+01
2.318236749999999884e+05 -2.457417999999999836e+01
2.318237500000000000e+05 -2.320203000000000060e+01
2.318238250000000116e+05 -2.507796000000000092e+01
2.318238999999999942e+05 -2.737897999999999854e+01
2.318239750000000058e+05 -2.359817999999999927e+01
2.318240499999999884e+05 -2.236559000000000097e+01
2.318241250000000000e+05 -2.591844000000000037e+01
2.318242000000000116e+05 -2.177596000000000132e+01
2.318242749999999942e+05 -2.220867000000000147e+01
2.318243500000000058e+05 -2.595655000000000001e+01
2.318244249999999884e+05 -2.579473000000000127e+01
2.318245000000000000e+05 -2.715677000000000163e+01
2.318245750000000116e+05 -2.220313000000000159e+01
2.318246499999999942e+05 -2.216199999999999903e+01
2.318247250000000058e+05 -2.317433000000000121e+01
2.318247999999999884e+05 -2.170375999999999905e+01
2.318248750000000000e+05 -2.688543999999999912e+01
2.318249500000000116e+05 -2.482759000000000071e+01
2.318250249999999942e+05 -2.190756999999999977e+01
2.318251000000000058e+05 -2.421474999999999866e+01
2.318251749999999884e+05 -2.166798999999999964e+01
2.318252500000000000e+05 -2.705877999999999872e+01
2.318253250000000116e+05 -2.679498999999999853e+01
2.318253999999999942e+05 -2.370480999999999838e+01
2.318254750000000058e+05 -2.386034000000000077e+01
2.318255499999999884e+05 -2.099883000000000166e+01
2.318256250000000000e+05 -2.157290000000000063e+01
2.318257000000000116e+05 -2.507723000000000013e+01
2.318257749999999942e+05 -2.313833999999999946e+01
2.318258500000000058e+05 -2.331848000000000098e+01
2.318259249999999884e+05 -2.318916000000000111e+01
2.318260000000000000e+05 -2.444722000000000151e+01
2.318260750000000116e+05 -2.720849000000000117e+01
2.318261499999999942e+05 -2.240783000000000058e+01
2.318262250000000058e+05 -2.162779000000000096e+01
2.318262999999999884e+05 -2.080120000000000147e+01
2.318263750000000000e+05 -2.483699999999999974e+01
2.318264500000000116e+05 -2.721759000000000128e+01
2.318265249999999942e+05 -2.612190000000000012e+01
2.318266000000000058e+05 -2.355395000000000039e+01
2.318266749999999884e+05 -2.210285999999999973e+01
2.318267500000000000e+05 -2.676222999999999885e+01
