# Temperature: None K
2.319177999999999884e+05 -2.185348000000000113e+01
2.319178750000000000e+05 -2.099322000000000088e+01
2.319179499999999825e+05 -1.905076000000000036e+01
2.319180249999999942e+05 -1.995474000000000103e+01
2.319180999999999767e+05 -1.979397000000000162e+01
2.319181749999999884e+05 -2.052907000000000082e+01
2.319182500000000000e+05 -2.020682000000000045e+01
2.319183249999999825e+05 -2.061168999999999940e+01
2.319183999999999942e+05 -1.899087000000000103e+01
2.319184749999999767e+05 -1.606201000000000079e+01
2.319185499999999884e+05 -1.912540999999999869e+01
2.319186250000000000e+05 -2.169470000000000098e+01
2.319186999999999825e+05 -1.854461999999999833e+01
2.319187749999999942e+05 -1.828069999999999951e+01
2.319188499999999767e+05 -1.988654000000000011e+01
2.319189249999999884e+05 -2.092415000000000092e+01
2.319190000000000000e+05 -1.866537999999999897e+01
2.319190749999999825e+05 -2.196313999999999922e+01
2.319191499999999942e+05 -1.886615000000000109e+01
2.319192249999999767e+05 -2.223856999999999928e+01
2.319192999999999884e+05 -1.825536999999999921e+01
2.319193750000000000e+05 -1.772216999999999842e+01
2.319194499999999825e+05 -2.050722000000000023e+01
2.319195249999999942e+05 -2.199363999999999919e+01
2.319195999999999767e+05 -2.040308999999999884e+01
2.319196749999999884e+05 -1.953807000000000116e+01
2.319197500000000000e+05 -1.981469999999999843e+01
2.319198249999999825e+05 -2.139367999999999981e+01
2.319198999999999942e+05 -1.844659000000000049e+01
2.319199749999999767e+05 -1.800653000000000148e+01
2.319200499999999884e+05 -2.218811000000000178e+01
2.319201250000000000e+05 -2.135938000000000159e+01
2.319201999999999825e+05 -1.763220000000000098e+01
2.319202749999999942e+05 -1.987484999999999857e+01
2.319203499999999767e+05 -1.888860999999999990e+01
2.319204249999999884e+05 -1.767028000000000176e+01
2.319205000000000000e+05 -2.157434999999999903e+01
2.319205749999999825e+05 -1.848881000000000085e+01
2.319206499999999942e+05 -1.835220999999999947e+01
2.319207249999999767e+05 -1.854536999999999836e+01
2.319207999999999884e+05 -2.230643999999999849e+01
2.319208750000000000e+05 -1.661845999999999890e+01
2.319209499999999825e+05 -1.877683999999999997e+01
2.319210249999999942e+05 -1.980304999999999893e+01
2.319210999999999767e+05 -1.934674000000000049e+01
2.319211749999999884e+05 -2.033082999999999885e+01
2.319212500000000000e+05 -1.885688000000000031e+01
2.319213249999999825e+05 -1.889283999999999963e+01
2.319213999999999942e+05 -2.168460999999999927e+01
2.319214749999999767e+05 -1.904620999999999853e+01
2.319215499999999884e+05 -1.791308000000000078e+01
2.319216250000000000e+05 -1.812696000000000041e+01
2.319216999999999825e+05 -2.017349000000000103e+01
2.319217749999999942e+05 -1.834149000000000029e+01
2.319218499999999767e+05 -1.892231999999999914e+01
2.319219249999999884e+05 -1.885297999999999874e+01
2.319220000000000000e+05 -2.277032000000000167e+01
2.319220749999999825e+05 -2.079727000000000103e+01
2.319221499999999942e+05 -1.870970000000000155e+01
2.319222249999999767e+05 -2.059784000000000148e+01
2.319222999999999884e+05 -1.739842000000000155e+01
2.319223750000000000e+05 -1.972953000000000046e+01
2.319224499999999825e+05 -1.783085000000000164e+01
2.319225249999999942e+05 -1.909369999999999834e+01
2.319225999999999767e+05 -1.829937999999999931e+01
2.319226749999999884e+05 -2.089846999999999966e+01
2.319227500000000000e+05 -1.904702999999999946e+01
2.319228249999999825e+05 -2.005383000000000138e+01
2.319228999999999942e+05 -1.923029000000000011e+01
2.319229749999999767e+05 -1.735397999999999996e+01
2.319230499999999884e+05 -1.895357999999999876e+01
2.319231250000000000e+05 -1.836999000000000137e+01
2.319231999999999825e+05 -1.991289000000000087e+01
2.319232749999999942e+05 -1.687323999999999913e+01
2.319233499999999767e+05 -1.933822999999999936e+01
2.319234249999999884e+05 -1.882396999999999920e+01
2.319235000000000000e+05 -1.774070999999999998e+01
2.319235749999999825e+05 -2.145573999999999870e+01
2.319236499999999942e+05 -2.177220000000000155e+01
2.319237249999999767e+05 -2.014016000000000162e+01
2.319237999999999884e+05 -1.621490000000000009e+01
2.319238750000000000e+05 -1.593718999999999930e+01
2.319239499999999825e+05 -1.700648999999999944e+01
2.319240249999999942e+05 -1.949159999999999826e+01
2.319240999999999767e+05 -1.997614000000000090e+01
2.319241749999999884e+05 -1.963791000000000153e+01
2.319242500000000000e+05 -1.735576000000000008e+01
2.319243249999999825e+05 -1.851552999999999827e+01
2.319243999999999942e+05 -1.784364000000000061e+01
2.319244749999999767e+05 -1.715690000000000026e+01
2.319245499999999884e+05 -1.816302999999999912e+01
2.319246250000000000e+05 -1.909751999999999938e+01
2.319246999999999825e+05 -1.787794999999999845e+01
2.319247749999999942e+05 -1.701004000000000005e+01
2.319248499999999767e+05 -1.936957999999999913e+01
2.319249249999999884e+05 -1.970372000000000057e+01
2.319250000000000000e+05 -1.790578000000000003e+01
2.319250749999999825e+05 -1.995122999999999891e+01
2.319251499999999942e+05 -1.912867999999999924e+01
2.319252249999999767e+05 -1.661964000000000041e+01
2.319252999999999884e+05 -1.881271999999999878e+01
2.319253750000000000e+05 -1.782957999999999998e+01
2.319254499999999825e+05 -2.014701000000000164e+01
2.319255249999999942e+05 -1.682078999999999880e+01
2.319255999999999767e+05 -1.929902999999999835e+01
2.319256749999999884e+05 -1.928802999999999912e+01
2.319257500000000000e+05 -1.676296999999999926e+01
2.319258249999999825e+05 -1.872581999999999880e+01
2.319258999999999942e+05 -1.837988000000000000e+01
2.319259749999999767e+05 -1.788757999999999981e+01
2.319260499999999884e+05 -1.887357000000000085e+01
2.319261250000000000e+05 -1.709279000000000082e+01
2.319261999999999825e+05 -1.636244999999999905e+01
2.319262749999999942e+05 -1.672109999999999985e+01
2.319263499999999767e+05 -1.861292999999999864e+01
2.319264249999999884e+05 -1.681390999999999991e+01
2.319265000000000000e+05 -1.815984999999999872e+01
2.319265749999999825e+05 -1.693534999999999968e+01
2.319266499999999942e+05 -1.572877000000000081e+01
2.319267249999999767e+05 -1.614505000000000123e+01
2.319267999999999884e+05 -1.749312000000000111e+01
2.319268750000000000e+05 -1.743460999999999927e+01
2.319269499999999825e+05 -1.688306000000000040e+01
2.319270249999999942e+05 -1.831492000000000075e+01
2.319270999999999767e+05 -1.544331000000000031e+01
2.319271749999999884e+05 -1.771640000000000015e+01
2.319272500000000000e+05 -1.667386000000000124e+01
2.319273249999999825e+05 -1.788843999999999923e+01
2.319273999999999942e+05 -1.763625000000000043e+01
2.319274749999999767e+05 -1.708445999999999998e+01
2.319275499999999884e+05 -1.594181999999999988e+01
2.319276250000000000e+05 -1.644967000000000112e+01
2.319276999999999825e+05 -1.736886000000000152e+01
2.319277749999999942e+05 -1.580062000000000033e+01
2.319278499999999767e+05 -1.836423999999999879e+01
2.319279249999999884e+05 -1.827484000000000108e+01
2.319280000000000000e+05 -1.644245000000000090e+01
2.319280749999999825e+05 -1.756494999999999962e+01
2.319281499999999942e+05 -1.639376999999999995e+01
2.319282249999999767e+05 -1.621539999999999893e+01
2.319282999999999884e+05 -1.611751999999999896e+01
2.319283750000000000e+05 -1.761911999999999878e+01
2.319284499999999825e+05 -1.470804000000000045e+01
2.319285249999999942e+05 -1.603254000000000090e+01
2.319285999999999767e+05 -1.738616000000000028e+01
2.319286749999999884e+05 -1.428092000000000006e+01
2.319287500000000000e+05 -1.480901000000000067e+01
2.319288249999999825e+05 -1.431517000000000017e+01
2.319288999999999942e+05 -1.459914000000000023e+01
2.319289749999999767e+05 -1.722652000000000072e+01
2.319290499999999884e+05 -1.550902999999999921e+01
2.319291250000000000e+05 -1.452328999999999937e+01
2.319291999999999825e+05 -1.539841999999999977e+01
2.319292749999999942e+05 -1.397526000000000046e+01
2.319293499999999767e+05 -1.305471000000000004e+01
2.319294249999999884e+05 -1.410815999999999981e+01
2.319295000000000000e+05 -1.403373000000000026e+01
2.319295749999999825e+05 -1.438322999999999929e+01
2.319296499999999942e+05 -1.416768000000000072e+01
2.319297249999999767e+05 -1.327745999999999960e+01
2.319297999999999884e+05 -1.401450999999999958e+01
2.319298750000000000e+05 -1.348396999999999935e+01
2.319299499999999825e+05 -1.288082999999999956e+01
2.319300249999999942e+05 -1.424904000000000082e+01
2.319300999999999767e+05 -1.390419999999999945e+01
2.319301749999999884e+05 -1.187992999999999988e+01
2.319302500000000000e+05 -1.312250000000000050e+01
2.319303249999999825e+05 -1.156991999999999976e+01
2.319303999999999942e+05 -1.241738999999999926e+01
2.319304749999999767e+05 -1.180959999999999965e+01
2.319305499999999884e+05 -1.156569000000000003e+01
2.319306250000000000e+05 -1.195917999999999992e+01
2.319306999999999825e+05 -1.162922999999999973e+01
2.319307749999999942e+05 -1.138995000000000068e+01
2.319308499999999767e+05 -1.009248000000000012e+01
2.319309249999999884e+05 -9.708869999999999223e+00
2.319310000000000000e+05 -1.029170000000000051e+01
2.319310749999999825e+05 -9.498837999999999226e+00
2.319311499999999942e+05 -8.427590000000000359e+00
2.319312249999999767e+05 -8.204164999999999708e+00
2.319312999999999884e+05 -8.621662999999999855e+00
2.319313750000000000e+05 -7.511286000000000129e+00
2.319314499999999825e+05 -7.600554999999999950e+00
2.319315249999999942e+05 -6.754016000000000020e+00
2.319315999999999767e+05 -6.626314999999999955e+00
2.319316749999999884e+05 -5.770475000000000243e+00
2.319317500000000000e+05 -5.390221000000000373e+00
2.319318249999999825e+05 -5.366240999999999595e+00
2.319318999999999942e+05 -4.577856999999999843e+00
2.319319749999999767e+05 -3.771771000000000207e+00
2.319320499999999884e+05 -3.244295999999999847e+00
2.319321250000000000e+05 -2.778391000000000055e+00
2.319321999999999825e+05 -2.011836999999999875e+00
2.319322749999999942e+05 -1.550170000000000048e+00
2.319323499999999767e+05 -1.345919000000000088e+00
2.319324249999999884e+05 -7.392771000000000203e-01
2.319325000000000000e+05 -4.002942999999999918e-01
2.319325749999999825e+05 -2.223874999999999880e-01
2.319326499999999942e+05 -3.027807000000000137e-01
2.319327249999999767e+05 -4.228830000000000089e-02
2.319327999999999884e+05 1.429734000000000005e-01
2.319328750000000000e+05 -3.908987000000000052e-03
2.319329499999999825e+05 -6.838752999999999638e-01
2.319330249999999942e+05 -6.762527999999999873e-01
2.319330999999999767e+05 -1.483211999999999975e+00
2.319331749999999884e+05 -2.401342999999999783e+00
2.319332500000000000e+05 -3.768588999999999967e+00
2.319333249999999825e+05 -4.964228999999999559e+00
2.319333999999999942e+05 -6.294776999999999845e+00
2.319334749999999767e+05 -7.822602999999999973e+00
2.319335499999999884e+05 -7.947881999999999891e+00
2.319336250000000000e+05 -8.290924000000000404e+00
2.319336999999999825e+05 -7.850615000000000343e+00
2.319337749999999942e+05 -7.249484999999999957e+00
2.319338499999999767e+05 -6.797081000000000373e+00
2.319339249999999884e+05 -7.274497000000000213e+00
2.319340000000000000e+05 -8.416807000000000372e+00
2.319340749999999825e+05 -9.089824000000000126e+00
2.319341499999999942e+05 -1.142803999999999931e+01
2.319342249999999767e+05 -1.106086999999999954e+01
2.319342999999999884e+05 -1.193756999999999913e+01
2.319343750000000000e+05 -1.175833000000000084e+01
2.319344499999999825e+05 -1.049175999999999931e+01
2.319345249999999942e+05 -1.167118999999999929e+01
2.319345999999999767e+05 -1.383610000000000007e+01
2.319346749999999884e+05 -1.320834999999999937e+01
2.319347500000000000e+05 -1.538481999999999950e+01
2.319348249999999825e+05 -1.473568999999999996e+01
2.319348999999999942e+05 -1.502758000000000038e+01
2.319349749999999767e+05 -1.437804000000000038e+01
2.319350499999999884e+05 -1.522297999999999973e+01
2.319351250000000000e+05 -1.615975999999999857e+01
2.319351999999999825e+05 -1.610291000000000139e+01
2.319352749999999942e+05 -1.685031000000000034e+01
2.319353499999999767e+05 -1.698669999999999902e+01
2.319354249999999884e+05 -1.799733000000000160e+01
2.319355000000000000e+05 -1.802785000000000082e+01
2.319355749999999825e+05 -1.781390999999999991e+01
2.319356499999999942e+05 -2.187976000000000099e+01
2.319357249999999767e+05 -2.087500999999999962e+01
2.319357999999999884e+05 -1.894710999999999856e+01
2.319358750000000000e+05 -1.787180999999999997e+01
2.319359499999999825e+05 -2.109054000000000073e+01
2.319360249999999942e+05 -2.539875999999999934e+01
2.319360999999999767e+05 -1.968393000000000015e+01
2.319361749999999884e+05 -1.993888000000000105e+01
2.319362500000000000e+05 -2.166510999999999854e+01
2.319363249999999825e+05 -2.433162000000000091e+01
2.319363999999999942e+05 -2.436805000000000021e+01
2.319364749999999767e+05 -2.267673999999999879e+01
2.319365499999999884e+05 -2.463867000000000118e+01
2.319366250000000000e+05 -3.430125999999999920e+01
2.319366999999999825e+05 -2.792113000000000156e+01
2.319367749999999942e+05 -2.100768000000000058e+01
2.319368499999999767e+05 -2.231033000000000044e+01
2.319369249999999884e+05 -2.948626000000000147e+01
2.319370000000000000e+05 -2.679972000000000065e+01
2.319370749999999825e+05 -2.204262999999999906e+01
2.319371499999999942e+05 -2.535563000000000144e+01
2.319372249999999767e+05 -2.816143999999999892e+01
2.319372999999999884e+05 -2.307773999999999859e+01
2.319373750000000000e+05 -2.485576999999999970e+01
2.319374499999999825e+05 -3.240238999999999692e+01
2.319375249999999942e+05 -2.264223000000000141e+01
2.319375999999999767e+05 -2.266282999999999959e+01
2.319376749999999884e+05 -3.130630999999999986e+01
2.319377500000000000e+05 -3.063138000000000005e+01
2.319378249999999825e+05 -2.472002000000000166e+01
2.319378999999999942e+05 -2.920043000000000077e+01
2.319379749999999767e+05 -2.296077000000000012e+01
2.319380499999999884e+05 -2.963644999999999996e+01
2.319381250000000000e+05 -2.694284000000000034e+01
2.319381999999999825e+05 -2.580096999999999952e+01
2.319382749999999942e+05 -2.253793999999999897e+01
2.319383499999999767e+05 -2.905909000000000120e+01
2.319384249999999884e+05 -2.794970999999999961e+01
2.319385000000000000e+05 -2.323967000000000027e+01
2.319385749999999825e+05 -2.593849000000000160e+01
2.319386499999999942e+05 -2.397554999999999836e+01
2.319387249999999767e+05 -3.084655000000000058e+01
2.319387999999999884e+05 -3.092974999999999852e+01
2.319388750000000000e+05 -2.616841000000000150e+01
2.319389499999999825e+05 -2.282009000000000043e+01
2.319390249999999942e+05 -2.304432999999999865e+01
2.319390999999999767e+05 -2.685711999999999833e+01
2.319391749999999884e+05 -2.786906000000000105e+01
2.319392500000000000e+05 -2.591016000000000119e+01
2.319393249999999825e+05 -2.509046999999999983e+01
2.319393999999999942e+05 -2.622963000000000022e+01
2.319394749999999767e+05 -2.579906000000000077e+01
2.319395499999999884e+05 -3.688512000000000057e+01
2.319396250000000000e+05 -3.036448999999999998e+01
2.319396999999999825e+05 -2.405206000000000088e+01
2.319397749999999942e+05 -2.581322000000000116e+01
2.319398499999999767e+05 -2.370295000000000130e+01
2.319399249999999884e+05 -2.422835999999999856e+01
2.319400000000000000e+05 -2.494019000000000119e+01
2.319400749999999825e+05 -2.850198999999999927e+01
2.319401499999999942e+05 -2.604823000000000022e+01
2.319402249999999767e+05 -2.412632999999999939e+01
2.319402999999999884e+05 -2.186582999999999899e+01
2.319403750000000000e+05 -2.889683000000000135e+01
2.319404499999999825e+05 -2.371712000000000131e+01
2.319405249999999942e+05 -2.707079999999999842e+01
2.319405999999999767e+05 -3.071972999999999843e+01
2.319406749999999884e+05 -2.826349000000000089e+01
2.319407500000000000e+05 -2.556728000000000023e+01
2.319408249999999825e+05 -2.873714000000000013e+01
2.319408999999999942e+05 -2.709826999999999941e+01
2.319409749999999767e+05 -2.676116000000000028e+01
2.319410499999999884e+05 -2.400359999999999872e+01
2.319411250000000000e+05 -2.942636999999999858e+01
2.319411999999999825e+05 -2.797710999999999970e+01
2.319412749999999942e+05 -2.160538000000000025e+01
2.319413499999999767e+05 -2.465381000000000000e+01
2.319414249999999884e+05 -2.393599999999999994e+01
2.319415000000000000e+05 -2.478526000000000096e+01
2.319415749999999825e+05 -2.518553999999999959e+01
2.319416499999999942e+05 -2.364469000000000065e+01
2.319417249999999767e+05 -2.293622999999999834e+01
2.319417999999999884e+05 -2.054909999999999926e+01
2.319418750000000000e+05 -3.515104000000000184e+01
2.319419499999999825e+05 -3.179217999999999833e+01
2.319420249999999942e+05 -2.560548999999999964e+01
2.319420999999999767e+05 -2.303327000000000169e+01
2.319421749999999884e+05 -2.121405999999999992e+01
2.319422500000000000e+05 -2.213542999999999950e+01
2.319423249999999825e+05 -2.431550999999999974e+01
2.319423999999999942e+05 -2.285581000000000174e+01
2.319424749999999767e+05 -2.099992999999999910e+01
2.319425499999999884e+05 -2.310848000000000013e+01
2.319426250000000000e+05 -2.462508000000000052e+01
2.319426999999999825e+05 -2.821415999999999968e+01
2.319427749999999942e+05 -2.418153999999999826e+01
2.319428499999999767e+05 -2.897993999999999915e+01
2.319429249999999884e+05 -2.527705999999999875e+01
2.319430000000000000e+05 -2.232077999999999918e+01
2.319430749999999825e+05 -2.427638999999999925e+01
2.319431499999999942e+05 -2.517260999999999882e+01
2.319432249999999767e+05 -2.450663000000000125e+01
2.319432999999999884e+05 -2.250216999999999956e+01
2.319433750000000000e+05 -2.564949000000000012e+01
2.319434499999999825e+05 -2.187999999999999901e+01
2.319435249999999942e+05 -1.991956000000000060e+01
2.319435999999999767e+05 -2.258371999999999957e+01
2.319436749999999884e+05 -2.656012000000000128e+01
2.319437500000000000e+05 -2.499099999999999966e+01
2.319438249999999825e+05 -2.643926000000000087e+01
2.319438999999999942e+05 -2.449184999999999945e+01
2.319439749999999767e+05 -2.291557999999999851e+01
2.319440499999999884e+05 -1.875666000000000011e+01
2.319441250000000000e+05 -2.499155999999999977e+01
2.319441999999999825e+05 -2.665541999999999945e+01
2.319442749999999942e+05 -2.238304000000000116e+01
2.319443499999999767e+05 -2.627618000000000009e+01
2.319444249999999884e+05 -2.497641000000000133e+01
2.319445000000000000e+05 -2.103703000000000145e+01
2.319445749999999825e+05 -2.348150000000000048e+01
2.319446499999999942e+05 -2.637650000000000006e+01
2.319447249999999767e+05 -2.226880999999999844e+01
2.319447999999999884e+05 -2.381130999999999887e+01
2.319448750000000000e+05 -2.369874000000000080e+01
2.319449499999999825e+05 -2.221535000000000082e+01
2.319450249999999942e+05 -2.463939999999999841e+01
2.319450999999999767e+05 -2.250209999999999866e+01
2.319451749999999884e+05 -2.296360999999999919e+01
2.319452500000000000e+05 -2.372148999999999930e+01
2.319453249999999825e+05 -2.105186000000000135e+01
2.319453999999999942e+05 -2.850554999999999950e+01
2.319454749999999767e+05 -2.775384999999999991e+01
2.319455499999999884e+05 -2.584502000000000166e+01
2.319456250000000000e+05 -2.134535999999999945e+01
2.319456999999999825e+05 -2.393796999999999997e+01
2.319457749999999942e+05 -2.240341000000000093e+01
2.319458499999999767e+05 -2.281504999999999939e+01
2.319459249999999884e+05 -2.483951000000000064e+01
2.319460000000000000e+05 -2.881715000000000160e+01
2.319460749999999825e+05 -2.365069000000000088e+01
2.319461499999999942e+05 -2.465568999999999988e+01
2.319462249999999767e+05 -3.053246000000000038e+01
2.319462999999999884e+05 -2.272995999999999839e+01
2.319463750000000000e+05 -2.115305999999999997e+01
2.319464499999999825e+05 -2.206981000000000037e+01
2.319465249999999942e+05 -2.310679999999999978e+01
2.319465999999999767e+05 -2.366344000000000136e+01
2.319466749999999884e+05 -2.702015000000000100e+01
2.319467500000000000e+05 -2.252442999999999884e+01
2.319468249999999825e+05 -2.369873000000000118e+01
2.319468999999999942e+05 -2.268947000000000003e+01
2.319469749999999767e+05 -2.294860999999999862e+01
2.319470499999999884e+05 -3.057282000000000011e+01
2.319471250000000000e+05 -2.452631999999999834e+01
2.319471999999999825e+05 -2.259072000000000102e+01
2.319472749999999942e+05 -2.423463999999999885e+01
2.319473499999999767e+05 -2.020811000000000135e+01
2.319474249999999884e+05 -2.397060000000000102e+01
2.319475000000000000e+05 -2.250501999999999825e+01
2.319475749999999825e+05 -1.980694000000000088e+01
2.319476499999999942e+05 -2.654560999999999993e+01
2.319477249999999767e+05 -2.587008000000000152e+01
2.319477999999999884e+05 -2.304198999999999842e+01
