# Temperature: None K
2.318461000000000058e+05 -2.223224000000000089e+01
2.318461750000000175e+05 -2.216001999999999938e+01
2.318462500000000000e+05 -1.746444999999999936e+01
2.318463250000000116e+05 -1.615371999999999986e+01
2.318463999999999942e+05 -1.916091000000000122e+01
2.318464750000000058e+05 -1.908243999999999829e+01
2.318465500000000175e+05 -2.207431000000000054e+01
2.318466250000000000e+05 -2.222267000000000081e+01
2.318467000000000116e+05 -1.862264000000000053e+01
2.318467749999999942e+05 -1.926554000000000144e+01
2.318468500000000058e+05 -1.839063000000000159e+01
2.318469250000000175e+05 -1.755673000000000172e+01
2.318470000000000000e+05 -2.343986999999999910e+01
2.318470750000000116e+05 -1.854654999999999987e+01
2.318471499999999942e+05 -1.768065999999999960e+01
2.318472250000000058e+05 -1.898333999999999833e+01
2.318473000000000175e+05 -2.166185000000000116e+01
2.318473750000000000e+05 -2.301430999999999827e+01
2.318474500000000116e+05 -1.769362999999999886e+01
2.318475249999999942e+05 -1.589391999999999960e+01
2.318476000000000058e+05 -1.961147000000000062e+01
2.318476750000000175e+05 -2.030693000000000126e+01
2.318477500000000000e+05 -1.910350999999999999e+01
2.318478250000000116e+05 -1.805236999999999981e+01
2.318478999999999942e+05 -1.939497000000000071e+01
2.318479750000000058e+05 -2.144288999999999845e+01
2.318480500000000175e+05 -2.026672999999999902e+01
2.318481250000000000e+05 -1.793367999999999896e+01
2.318482000000000116e+05 -1.805679999999999907e+01
2.318482749999999942e+05 -2.132537999999999911e+01
2.318483500000000058e+05 -1.834760999999999953e+01
2.318484250000000175e+05 -1.926375000000000171e+01
2.318485000000000000e+05 -2.016147000000000133e+01
2.318485750000000116e+05 -2.055237999999999943e+01
2.318486499999999942e+05 -1.879134000000000171e+01
2.318487250000000058e+05 -1.685695000000000121e+01
2.318488000000000175e+05 -2.209494000000000113e+01
2.318488750000000000e+05 -1.800391000000000119e+01
2.318489500000000116e+05 -2.056659000000000148e+01
2.318490249999999942e+05 -1.857396999999999920e+01
2.318491000000000058e+05 -1.956533999999999907e+01
2.318491750000000175e+05 -1.694990999999999914e+01
2.318492500000000000e+05 -2.053415999999999997e+01
2.318493250000000116e+05 -1.889778000000000091e+01
2.318493999999999942e+05 -2.144675000000000153e+01
2.318494750000000058e+05 -1.960270999999999830e+01
2.318495500000000175e+05 -2.283492000000000033e+01
2.318496250000000000e+05 -1.809335000000000093e+01
2.318497000000000116e+05 -2.352874999999999872e+01
2.318497749999999942e+05 -2.013712999999999909e+01
2.318498500000000058e+05 -2.050476000000000099e+01
2.318499250000000175e+05 -1.857453999999999894e+01
2.318500000000000000e+05 -1.861147000000000062e+01
2.318500750000000116e+05 -2.189592999999999989e+01
2.318501499999999942e+05 -1.813660000000000139e+01
2.318502250000000058e+05 -1.749874000000000152e+01
2.318503000000000175e+05 -2.160998999999999981e+01
2.318503750000000000e+05 -1.966140000000000043e+01
2.318504500000000116e+05 -1.940115000000000123e+01
2.318505249999999942e+05 -1.865774000000000044e+01
2.318506000000000058e+05 -1.964171999999999940e+01
2.318506750000000175e+05 -2.085791000000000039e+01
2.318507500000000000e+05 -1.936240000000000094e+01
2.318508250000000116e+05 -1.767990999999999957e+01
2.318508999999999942e+05 -1.949416000000000082e+01
2.318509750000000058e+05 -2.036619999999999919e+01
2.318510500000000175e+05 -1.635919000000000167e+01
2.318511250000000000e+05 -1.720025000000000048e+01
2.318512000000000116e+05 -2.084628000000000014e+01
2.318512749999999942e+05 -1.793378999999999834e+01
2.318513500000000058e+05 -1.975008000000000052e+01
2.318514250000000175e+05 -1.899191000000000074e+01
2.318515000000000000e+05 -1.929065999999999903e+01
2.318515750000000116e+05 -2.044603999999999999e+01
2.318516499999999942e+05 -1.977864999999999895e+01
2.318517250000000058e+05 -1.996539999999999893e+01
2.318518000000000175e+05 -2.017738999999999905e+01
2.318518750000000000e+05 -1.884010999999999925e+01
2.318519500000000116e+05 -1.995225999999999900e+01
2.318520249999999942e+05 -1.899616999999999933e+01
2.318521000000000058e+05 -2.087280000000000157e+01
2.318521750000000175e+05 -1.813363000000000014e+01
2.318522500000000000e+05 -1.679054999999999964e+01
2.318523250000000116e+05 -1.878765999999999892e+01
2.318523999999999942e+05 -1.826446999999999932e+01
2.318524750000000058e+05 -1.708632000000000062e+01
2.318525500000000175e+05 -2.070074999999999932e+01
2.318526250000000000e+05 -1.885811999999999955e+01
2.318527000000000116e+05 -2.004857000000000156e+01
2.318527749999999942e+05 -1.792810000000000059e+01
2.318528500000000058e+05 -1.840448999999999913e+01
2.318529250000000175e+05 -1.719480000000000075e+01
2.318530000000000000e+05 -2.017869999999999919e+01
2.318530750000000116e+05 -1.834976999999999947e+01
2.318531499999999942e+05 -1.890954999999999941e+01
2.318532250000000058e+05 -1.796085000000000065e+01
2.318533000000000175e+05 -1.829827999999999832e+01
2.318533750000000000e+05 -1.806287000000000020e+01
2.318534500000000116e+05 -1.763725000000000165e+01
2.318535249999999942e+05 -1.894967000000000112e+01
2.318536000000000058e+05 -1.781105000000000160e+01
2.318536750000000175e+05 -1.707545999999999964e+01
2.318537500000000000e+05 -1.580674999999999919e+01
2.318538250000000116e+05 -1.749916999999999945e+01
2.318538999999999942e+05 -1.724194999999999922e+01
2.318539750000000058e+05 -1.720807999999999893e+01
2.318540500000000175e+05 -1.724766999999999939e+01
2.318541250000000000e+05 -1.929835999999999885e+01
2.318542000000000116e+05 -1.787831999999999866e+01
2.318542749999999942e+05 -1.966514000000000095e+01
2.318543500000000058e+05 -1.752215999999999951e+01
2.318544250000000175e+05 -1.953387000000000029e+01
2.318545000000000000e+05 -1.734206000000000003e+01
2.318545750000000116e+05 -1.668990000000000151e+01
2.318546499999999942e+05 -1.695302999999999827e+01
2.318547250000000058e+05 -1.564678999999999931e+01
2.318548000000000175e+05 -1.800517999999999930e+01
2.318548750000000000e+05 -1.715168999999999855e+01
2.318549500000000116e+05 -1.808877000000000024e+01
2.318550249999999942e+05 -1.600638999999999967e+01
2.318551000000000058e+05 -1.821747999999999834e+01
2.318551750000000175e+05 -1.657789000000000001e+01
2.318552500000000000e+05 -1.690847000000000122e+01
2.318553250000000116e+05 -1.734785000000000110e+01
2.318553999999999942e+05 -1.759900999999999982e+01
2.318554750000000058e+05 -1.665906000000000020e+01
2.318555500000000175e+05 -1.748232000000000141e+01
2.318556250000000000e+05 -1.890953000000000017e+01
2.318557000000000116e+05 -1.654043000000000063e+01
2.318557749999999942e+05 -1.603910000000000124e+01
2.318558500000000058e+05 -1.743232000000000070e+01
2.318559250000000175e+05 -1.669115000000000038e+01
2.318560000000000000e+05 -1.826360999999999990e+01
2.318560750000000116e+05 -1.605531999999999826e+01
2.318561499999999942e+05 -1.758323000000000036e+01
2.318562250000000058e+05 -1.592497999999999969e+01
2.318563000000000175e+05 -1.520616000000000057e+01
2.318563750000000000e+05 -1.610473999999999961e+01
2.318564500000000116e+05 -1.650261000000000067e+01
2.318565249999999942e+05 -1.685146999999999906e+01
2.318566000000000058e+05 -1.634161999999999892e+01
2.318566750000000175e+05 -1.748341999999999885e+01
2.318567500000000000e+05 -1.769510999999999967e+01
2.318568250000000116e+05 -1.582620000000000005e+01
2.318568999999999942e+05 -1.680358000000000018e+01
2.318569750000000058e+05 -1.718721000000000032e+01
2.318570500000000175e+05 -1.602318999999999960e+01
2.318571250000000000e+05 -1.630626000000000175e+01
2.318572000000000116e+05 -1.498619000000000057e+01
2.318572749999999942e+05 -1.536154999999999937e+01
2.318573500000000058e+05 -1.579634000000000071e+01
2.318574250000000175e+05 -1.592498999999999931e+01
2.318575000000000000e+05 -1.532117000000000040e+01
2.318575750000000116e+05 -1.462936000000000014e+01
2.318576499999999942e+05 -1.752232000000000056e+01
2.318577250000000058e+05 -1.616569000000000145e+01
2.318578000000000175e+05 -1.606973999999999947e+01
2.318578750000000000e+05 -1.410716000000000037e+01
2.318579500000000116e+05 -1.444125000000000014e+01
2.318580249999999942e+05 -1.392284000000000077e+01
2.318581000000000058e+05 -1.449000999999999983e+01
2.318581750000000175e+05 -1.437574000000000041e+01
2.318582500000000000e+05 -1.382919000000000054e+01
2.318583250000000116e+05 -1.502651999999999965e+01
2.318583999999999942e+05 -1.435327999999999982e+01
2.318584750000000058e+05 -1.295642999999999923e+01
2.318585500000000175e+05 -1.318721999999999994e+01
2.318586250000000000e+05 -1.319393999999999956e+01
2.318587000000000116e+05 -1.310225999999999935e+01
2.318587749999999942e+05 -1.259740000000000038e+01
2.318588500000000058e+05 -1.303017999999999965e+01
2.318589250000000175e+05 -1.288275999999999932e+01
2.318590000000000000e+05 -1.285397000000000034e+01
2.318590750000000116e+05 -1.245546000000000042e+01
2.318591499999999942e+05 -1.261777000000000015e+01
2.318592250000000058e+05 -1.129776000000000025e+01
2.318593000000000175e+05 -1.248084000000000060e+01
2.318593750000000000e+05 -1.062355999999999945e+01
2.318594500000000116e+05 -1.074970000000000070e+01
2.318595249999999942e+05 -1.007174000000000014e+01
2.318596000000000058e+05 -9.954995999999999512e+00
2.318596750000000175e+05 -9.723492999999999498e+00
2.318597500000000000e+05 -9.854798999999999864e+00
2.318598250000000116e+05 -9.560947999999999780e+00
2.318598999999999942e+05 -8.906755999999999673e+00
2.318599750000000058e+05 -7.787734999999999630e+00
2.318600500000000175e+05 -7.935897999999999897e+00
2.318601250000000000e+05 -7.161503999999999870e+00
2.318602000000000116e+05 -6.472712999999999717e+00
2.318602749999999942e+05 -6.644085999999999714e+00
2.318603500000000058e+05 -5.809946000000000055e+00
2.318604250000000175e+05 -4.893817999999999557e+00
2.318605000000000000e+05 -4.150528999999999691e+00
2.318605750000000116e+05 -3.740759999999999863e+00
2.318606499999999942e+05 -3.242728000000000055e+00
2.318607250000000058e+05 -2.594441999999999915e+00
2.318608000000000175e+05 -1.846389999999999976e+00
2.318608750000000000e+05 -1.337048999999999932e+00
2.318609500000000116e+05 -9.057178000000000173e-01
2.318610249999999942e+05 -1.751044999999999963e-01
2.318611000000000058e+05 3.427272000000000096e-01
2.318611750000000175e+05 6.856693999999999845e-01
2.318612500000000000e+05 1.090465000000000018e+00
2.318613250000000116e+05 1.939550000000000107e+00
2.318613999999999942e+05 1.930015999999999954e+00
2.318614750000000058e+05 2.268298000000000147e+00
2.318615500000000175e+05 2.241566000000000169e+00
2.318616250000000000e+05 2.230748999999999871e+00
2.318617000000000116e+05 2.352237000000000133e+00
2.318617749999999942e+05 2.068276000000000003e+00
2.318618500000000058e+05 1.643529999999999935e+00
2.318619250000000175e+05 1.048545999999999978e+00
2.318620000000000000e+05 -1.375945999999999940e-02
2.318620750000000116e+05 -1.762480999999999909e-01
2.318621499999999942e+05 -1.183934000000000042e+00
2.318622250000000058e+05 -1.509327000000000085e+00
2.318623000000000175e+05 -1.245573000000000041e+00
2.318623750000000000e+05 -1.077134999999999954e+00
2.318624500000000116e+05 -1.009173000000000098e+00
2.318625249999999942e+05 -7.795881999999999534e-01
2.318626000000000058e+05 -5.861252999999999602e-01
2.318626750000000175e+05 -1.299805000000000099e+00
2.318627500000000000e+05 -1.402204999999999924e+00
2.318628250000000116e+05 -2.102533999999999903e+00
2.318628999999999942e+05 -2.835563000000000056e+00
2.318629750000000058e+05 -2.804879000000000122e+00
2.318630500000000175e+05 -2.466962999999999795e+00
2.318631250000000000e+05 -2.352357000000000031e+00
2.318632000000000116e+05 -2.440223000000000031e+00
2.318632749999999942e+05 -2.867655000000000065e+00
2.318633500000000058e+05 -3.219364999999999810e+00
2.318634250000000175e+05 -3.978593000000000046e+00
2.318635000000000000e+05 -4.022007000000000332e+00
2.318635750000000116e+05 -4.297355999999999732e+00
2.318636499999999942e+05 -3.771311999999999998e+00
2.318637250000000058e+05 -3.843154999999999877e+00
2.318638000000000175e+05 -4.220760000000000289e+00
2.318638750000000000e+05 -4.699972999999999956e+00
2.318639500000000116e+05 -4.710124999999999673e+00
2.318640249999999942e+05 -4.767006000000000299e+00
2.318641000000000058e+05 -5.061904000000000181e+00
2.318641750000000175e+05 -5.108727000000000018e+00
2.318642500000000000e+05 -5.723940999999999946e+00
2.318643250000000116e+05 -6.238970000000000127e+00
2.318643999999999942e+05 -6.695114000000000232e+00
2.318644750000000058e+05 -6.007278000000000340e+00
2.318645500000000175e+05 -6.187884000000000384e+00
2.318646250000000000e+05 -6.474954000000000320e+00
2.318647000000000116e+05 -6.939268000000000214e+00
2.318647749999999942e+05 -7.067273000000000138e+00
2.318648500000000058e+05 -6.911319999999999908e+00
2.318649250000000175e+05 -6.631950999999999929e+00
2.318650000000000000e+05 -7.787276999999999560e+00
2.318650750000000116e+05 -8.895103000000000648e+00
2.318651499999999942e+05 -7.414501999999999704e+00
2.318652250000000058e+05 -7.979268000000000249e+00
2.318653000000000175e+05 -9.010135000000000005e+00
2.318653750000000000e+05 -9.564187999999999690e+00
2.318654500000000116e+05 -8.891467000000000453e+00
2.318655249999999942e+05 -8.154894999999999783e+00
2.318656000000000058e+05 -9.172259000000000384e+00
2.318656750000000175e+05 -9.576173999999999964e+00
2.318657500000000000e+05 -9.191235999999999962e+00
2.318658250000000116e+05 -9.604134000000000171e+00
2.318658999999999942e+05 -9.749997999999999720e+00
2.318659750000000058e+05 -1.058280000000000065e+01
2.318660500000000175e+05 -1.015119999999999933e+01
2.318661250000000000e+05 -1.014151000000000025e+01
2.318662000000000116e+05 -1.130359999999999943e+01
2.318662749999999942e+05 -9.852790999999999855e+00
2.318663500000000058e+05 -1.162806999999999924e+01
2.318664250000000175e+05 -1.118421999999999983e+01
2.318665000000000000e+05 -1.064930000000000021e+01
2.318665750000000116e+05 -1.239794999999999980e+01
2.318666499999999942e+05 -1.152843999999999980e+01
2.318667250000000058e+05 -1.087213000000000029e+01
2.318668000000000175e+05 -1.446615000000000073e+01
2.318668750000000000e+05 -1.193200000000000038e+01
2.318669500000000116e+05 -1.081076999999999977e+01
2.318670249999999942e+05 -1.483286999999999978e+01
2.318671000000000058e+05 -1.291020999999999930e+01
2.318671750000000175e+05 -1.377505999999999986e+01
2.318672500000000000e+05 -1.519336999999999982e+01
2.318673250000000116e+05 -1.218884000000000079e+01
2.318673999999999942e+05 -1.337841000000000058e+01
2.318674750000000058e+05 -1.404428000000000054e+01
2.318675500000000175e+05 -1.305503999999999998e+01
2.318676250000000000e+05 -1.470814999999999984e+01
2.318677000000000116e+05 -1.380958000000000041e+01
2.318677749999999942e+05 -1.418341000000000030e+01
2.318678500000000058e+05 -1.559689999999999976e+01
2.318679250000000175e+05 -1.291456999999999944e+01
2.318680000000000000e+05 -1.699794999999999945e+01
2.318680750000000116e+05 -1.334756999999999927e+01
2.318681499999999942e+05 -1.690767999999999915e+01
2.318682250000000058e+05 -1.442068000000000083e+01
2.318683000000000175e+05 -1.470664999999999978e+01
2.318683750000000000e+05 -1.837606999999999857e+01
2.318684500000000116e+05 -1.485637999999999970e+01
2.318685249999999942e+05 -1.892273000000000138e+01
2.318686000000000058e+05 -1.491446999999999967e+01
2.318686750000000175e+05 -1.978367000000000075e+01
2.318687500000000000e+05 -1.508112000000000030e+01
2.318688250000000116e+05 -2.070750999999999920e+01
2.318688999999999942e+05 -1.803362999999999872e+01
2.318689750000000058e+05 -1.980461999999999989e+01
2.318690500000000175e+05 -1.697594000000000136e+01
2.318691250000000000e+05 -1.919006999999999863e+01
2.318692000000000116e+05 -1.993532000000000082e+01
2.318692749999999942e+05 -1.854350000000000165e+01
2.318693500000000058e+05 -1.871169000000000082e+01
2.318694250000000175e+05 -1.701336999999999833e+01
2.318695000000000000e+05 -1.939829999999999899e+01
2.318695750000000116e+05 -1.805696000000000012e+01
2.318696499999999942e+05 -1.726116000000000028e+01
2.318697250000000058e+05 -1.721435999999999922e+01
2.318698000000000175e+05 -1.694174999999999898e+01
2.318698750000000000e+05 -2.013855999999999824e+01
2.318699500000000116e+05 -2.009275999999999840e+01
2.318700249999999942e+05 -2.116588000000000136e+01
2.318701000000000058e+05 -1.503665999999999947e+01
2.318701750000000175e+05 -2.599812000000000012e+01
2.318702500000000000e+05 -1.629802000000000106e+01
2.318703250000000116e+05 -2.600582999999999956e+01
2.318703999999999942e+05 -1.656803999999999988e+01
2.318704750000000058e+05 -2.223470000000000013e+01
2.318705500000000175e+05 -2.077338999999999913e+01
2.318706250000000000e+05 -1.774849000000000032e+01
2.318707000000000116e+05 -2.461881999999999948e+01
2.318707749999999942e+05 -1.675667999999999935e+01
2.318708500000000058e+05 -2.988050000000000139e+01
2.318709250000000175e+05 -1.897690000000000055e+01
2.318710000000000000e+05 -2.315612000000000137e+01
2.318710750000000116e+05 -1.946296999999999855e+01
2.318711499999999942e+05 -1.827244999999999919e+01
2.318712250000000058e+05 -3.713750000000000284e+01
2.318713000000000175e+05 -2.000359999999999872e+01
2.318713750000000000e+05 -2.410736999999999952e+01
2.318714500000000116e+05 -2.256252999999999886e+01
2.318715249999999942e+05 -1.938439999999999941e+01
2.318716000000000058e+05 -2.862788000000000110e+01
2.318716750000000175e+05 -2.079486999999999952e+01
2.318717500000000000e+05 -2.049772000000000105e+01
2.318718250000000116e+05 -3.055050999999999917e+01
2.318718999999999942e+05 -2.134758000000000067e+01
2.318719750000000058e+05 -2.167089999999999961e+01
2.318720500000000175e+05 -2.818601999999999919e+01
2.318721250000000000e+05 -2.048686000000000007e+01
2.318722000000000116e+05 -2.061085999999999885e+01
2.318722749999999942e+05 -3.576984000000000208e+01
2.318723500000000058e+05 -1.879137000000000057e+01
2.318724250000000175e+05 -2.196032999999999902e+01
2.318725000000000000e+05 -3.065721999999999881e+01
2.318725750000000116e+05 -1.925046999999999997e+01
2.318726499999999942e+05 -2.166694999999999993e+01
2.318727250000000058e+05 -3.393811000000000178e+01
2.318728000000000175e+05 -1.925270000000000081e+01
2.318728750000000000e+05 -2.178222999999999843e+01
2.318729500000000116e+05 -2.902100000000000080e+01
2.318730249999999942e+05 -2.217363999999999891e+01
2.318731000000000058e+05 -2.059908000000000072e+01
2.318731750000000175e+05 -2.576266000000000034e+01
2.318732500000000000e+05 -2.312408999999999892e+01
2.318733250000000116e+05 -2.008674999999999855e+01
2.318733999999999942e+05 -1.961270999999999987e+01
2.318734750000000058e+05 -2.734431999999999974e+01
2.318735500000000175e+05 -2.508636999999999873e+01
2.318736250000000000e+05 -2.176084000000000174e+01
2.318737000000000116e+05 -2.225513000000000119e+01
2.318737749999999942e+05 -2.996057000000000059e+01
2.318738500000000058e+05 -2.852724999999999866e+01
2.318739250000000175e+05 -2.099138999999999911e+01
2.318740000000000000e+05 -2.262740000000000151e+01
2.318740750000000116e+05 -2.827423999999999893e+01
2.318741499999999942e+05 -2.706012000000000128e+01
2.318742250000000058e+05 -2.039885999999999910e+01
2.318743000000000175e+05 -1.997794999999999987e+01
2.318743750000000000e+05 -2.349615000000000009e+01
2.318744500000000116e+05 -2.939561000000000135e+01
2.318745249999999942e+05 -2.643762999999999863e+01
2.318746000000000058e+05 -2.084104999999999919e+01
2.318746750000000175e+05 -2.195865999999999829e+01
2.318747500000000000e+05 -2.690886000000000067e+01
2.318748250000000116e+05 -2.530069999999999908e+01
2.318748999999999942e+05 -2.093457000000000079e+01
2.318749750000000058e+05 -2.017830000000000013e+01
2.318750500000000175e+05 -2.380939000000000050e+01
2.318751250000000000e+05 -2.353300000000000125e+01
2.318752000000000116e+05 -2.574079000000000050e+01
2.318752749999999942e+05 -2.497568000000000055e+01
2.318753500000000058e+05 -3.245170000000000243e+01
2.318754250000000175e+05 -2.139202999999999832e+01
2.318755000000000000e+05 -2.354281999999999897e+01
2.318755750000000116e+05 -2.186821000000000126e+01
2.318756499999999942e+05 -2.205253000000000085e+01
2.318757250000000058e+05 -2.291704000000000008e+01
2.318758000000000175e+05 -2.363175999999999988e+01
2.318758750000000000e+05 -2.490162000000000120e+01
2.318759500000000116e+05 -2.609094999999999942e+01
2.318760249999999942e+05 -2.316543000000000063e+01
2.318761000000000058e+05 -2.150072000000000116e+01
