# Temperature: None K
2.317969750000000058e+05 -2.224175999999999931e+01
2.317970500000000175e+05 -1.992400999999999911e+01
2.317971250000000000e+05 -1.774793000000000021e+01
2.317972000000000116e+05 -1.668565999999999860e+01
2.317972749999999942e+05 -1.799993999999999872e+01
2.317973500000000058e+05 -2.044028000000000134e+01
2.317974250000000175e+05 -1.916709000000000174e+01
2.317975000000000000e+05 -1.850118000000000151e+01
2.317975750000000116e+05 -1.840718999999999994e+01
2.317976499999999942e+05 -1.922538000000000125e+01
2.317977250000000058e+05 -2.023844000000000065e+01
2.317978000000000175e+05 -2.160135000000000005e+01
2.317978750000000000e+05 -1.829658999999999835e+01
2.317979500000000116e+05 -1.965137000000000000e+01
2.317980249999999942e+05 -1.783322000000000074e+01
2.317981000000000058e+05 -2.127655999999999992e+01
2.317981750000000175e+05 -2.016346000000000060e+01
2.317982500000000000e+05 -1.616704999999999970e+01
2.317983250000000116e+05 -1.772989000000000104e+01
2.317983999999999942e+05 -2.350458000000000069e+01
2.317984750000000058e+05 -1.814564999999999984e+01
2.317985500000000175e+05 -1.739245000000000019e+01
2.317986250000000000e+05 -2.005928000000000111e+01
2.317987000000000116e+05 -1.884866999999999848e+01
2.317987749999999942e+05 -1.798021999999999920e+01
2.317988500000000058e+05 -1.850715999999999894e+01
2.317989250000000175e+05 -2.028516000000000119e+01
2.317990000000000000e+05 -2.013934000000000069e+01
2.317990750000000116e+05 -1.640015999999999963e+01
2.317991499999999942e+05 -2.021380999999999872e+01
2.317992250000000058e+05 -1.849059000000000097e+01
2.317993000000000175e+05 -1.750643000000000171e+01
2.317993750000000000e+05 -1.881641000000000119e+01
2.317994500000000116e+05 -1.937405000000000044e+01
2.317995249999999942e+05 -2.021601000000000070e+01
2.317996000000000058e+05 -2.089709999999999823e+01
2.317996750000000175e+05 -1.916422999999999988e+01
2.317997500000000000e+05 -1.690988000000000113e+01
2.317998250000000116e+05 -1.578941999999999979e+01
2.317998999999999942e+05 -1.897349000000000174e+01
2.317999750000000058e+05 -1.942479000000000156e+01
2.318000500000000175e+05 -1.904032000000000124e+01
2.318001250000000000e+05 -1.952006000000000085e+01
2.318002000000000116e+05 -1.880572000000000088e+01
2.318002749999999942e+05 -2.080318000000000112e+01
2.318003500000000058e+05 -2.057332999999999856e+01
2.318004250000000175e+05 -1.746546000000000021e+01
2.318005000000000000e+05 -2.130057000000000045e+01
2.318005750000000116e+05 -1.824435000000000073e+01
2.318006499999999942e+05 -1.867096000000000089e+01
2.318007250000000058e+05 -1.989069999999999894e+01
2.318008000000000175e+05 -1.831544999999999845e+01
2.318008750000000000e+05 -1.774411999999999878e+01
2.318009500000000116e+05 -1.877769999999999939e+01
2.318010249999999942e+05 -1.947409999999999997e+01
2.318011000000000058e+05 -2.132639999999999958e+01
2.318011750000000175e+05 -1.898508999999999958e+01
2.318012500000000000e+05 -1.899069000000000074e+01
2.318013250000000116e+05 -1.968744999999999834e+01
2.318013999999999942e+05 -1.870527999999999835e+01
2.318014750000000058e+05 -2.190643999999999991e+01
2.318015500000000175e+05 -1.789726999999999890e+01
2.318016250000000000e+05 -1.780105999999999966e+01
2.318017000000000116e+05 -2.220356999999999914e+01
2.318017749999999942e+05 -1.862771000000000043e+01
2.318018500000000058e+05 -1.599258000000000024e+01
2.318019250000000175e+05 -2.066492999999999824e+01
2.318020000000000000e+05 -1.882612999999999914e+01
2.318020750000000116e+05 -1.839904999999999902e+01
2.318021499999999942e+05 -1.910314999999999941e+01
2.318022250000000058e+05 -1.869234000000000151e+01
2.318023000000000175e+05 -1.785069000000000017e+01
2.318023750000000000e+05 -2.081083999999999889e+01
2.318024500000000116e+05 -1.909196000000000026e+01
2.318025249999999942e+05 -2.034053000000000111e+01
2.318026000000000058e+05 -1.806004000000000076e+01
2.318026750000000175e+05 -2.044905999999999935e+01
2.318027500000000000e+05 -1.868146000000000129e+01
2.318028250000000116e+05 -1.880396999999999963e+01
2.318028999999999942e+05 -1.780468000000000117e+01
2.318029750000000058e+05 -2.121267999999999887e+01
2.318030500000000175e+05 -1.691979999999999862e+01
2.318031250000000000e+05 -2.034385999999999939e+01
2.318032000000000116e+05 -1.722624000000000066e+01
2.318032749999999942e+05 -1.570071000000000083e+01
2.318033500000000058e+05 -1.906054999999999922e+01
2.318034250000000175e+05 -1.853550999999999860e+01
2.318035000000000000e+05 -1.997617999999999938e+01
2.318035750000000116e+05 -1.819798000000000116e+01
2.318036499999999942e+05 -1.989063000000000159e+01
2.318037250000000058e+05 -1.723976000000000042e+01
2.318038000000000175e+05 -1.657355000000000089e+01
2.318038750000000000e+05 -1.827583999999999875e+01
2.318039500000000116e+05 -1.698458000000000112e+01
2.318040249999999942e+05 -1.856965999999999894e+01
2.318041000000000058e+05 -1.806121999999999872e+01
2.318041750000000175e+05 -1.875553000000000026e+01
2.318042500000000000e+05 -1.688282999999999845e+01
2.318043250000000116e+05 -1.860623000000000005e+01
2.318043999999999942e+05 -1.797577000000000069e+01
2.318044750000000058e+05 -1.804676999999999865e+01
2.318045500000000175e+05 -1.742971999999999966e+01
2.318046250000000000e+05 -1.935942000000000007e+01
2.318047000000000116e+05 -1.951541999999999888e+01
2.318047749999999942e+05 -1.863731999999999900e+01
2.318048500000000058e+05 -1.864392000000000138e+01
2.318049250000000175e+05 -1.752385999999999910e+01
2.318050000000000000e+05 -1.941974000000000089e+01
2.318050750000000116e+05 -1.556234000000000073e+01
2.318051499999999942e+05 -1.857780999999999949e+01
2.318052250000000058e+05 -1.866638999999999982e+01
2.318053000000000175e+05 -1.926325999999999894e+01
2.318053750000000000e+05 -1.931390000000000029e+01
2.318054500000000116e+05 -1.770361000000000118e+01
2.318055249999999942e+05 -1.707124999999999915e+01
2.318056000000000058e+05 -1.548339999999999961e+01
2.318056750000000175e+05 -1.559482999999999997e+01
2.318057500000000000e+05 -1.724055999999999855e+01
2.318058250000000116e+05 -1.877393999999999963e+01
2.318058999999999942e+05 -1.792664999999999864e+01
2.318059750000000058e+05 -1.991092000000000084e+01
2.318060500000000175e+05 -1.956809000000000154e+01
2.318061250000000000e+05 -1.664161000000000001e+01
2.318062000000000116e+05 -1.756411999999999907e+01
2.318062749999999942e+05 -1.640214999999999890e+01
2.318063500000000058e+05 -1.711945000000000050e+01
2.318064250000000175e+05 -1.568404999999999916e+01
2.318065000000000000e+05 -1.677413999999999916e+01
2.318065750000000116e+05 -1.569988999999999990e+01
2.318066499999999942e+05 -1.715938999999999837e+01
2.318067250000000058e+05 -1.580369999999999919e+01
2.318068000000000175e+05 -1.641552000000000078e+01
2.318068750000000000e+05 -1.533253000000000021e+01
2.318069500000000116e+05 -1.637615999999999872e+01
2.318070249999999942e+05 -1.629117000000000104e+01
2.318071000000000058e+05 -1.584015999999999913e+01
2.318071750000000175e+05 -1.396020000000000039e+01
2.318072500000000000e+05 -1.596099000000000068e+01
2.318073250000000116e+05 -1.659862000000000037e+01
2.318073999999999942e+05 -1.750019999999999953e+01
2.318074750000000058e+05 -1.683554000000000173e+01
2.318075500000000175e+05 -1.615728000000000009e+01
2.318076250000000000e+05 -1.505883000000000038e+01
2.318077000000000116e+05 -1.515432999999999986e+01
2.318077749999999942e+05 -1.561593000000000053e+01
2.318078500000000058e+05 -1.510990999999999929e+01
2.318079250000000175e+05 -1.498509999999999920e+01
2.318080000000000000e+05 -1.486787999999999954e+01
2.318080750000000116e+05 -1.435366999999999926e+01
2.318081499999999942e+05 -1.485365999999999964e+01
2.318082250000000058e+05 -1.458736999999999995e+01
2.318083000000000175e+05 -1.448945999999999934e+01
2.318083750000000000e+05 -1.534149999999999991e+01
2.318084500000000116e+05 -1.492460999999999949e+01
2.318085249999999942e+05 -1.302332000000000001e+01
2.318086000000000058e+05 -1.664155999999999835e+01
2.318086750000000175e+05 -1.420857999999999954e+01
2.318087500000000000e+05 -1.484395999999999916e+01
2.318088250000000116e+05 -1.377115000000000045e+01
2.318088999999999942e+05 -1.391414999999999935e+01
2.318089750000000058e+05 -1.336744000000000021e+01
2.318090500000000175e+05 -1.510426999999999964e+01
2.318091250000000000e+05 -1.440512000000000015e+01
2.318092000000000116e+05 -1.273925999999999981e+01
2.318092749999999942e+05 -1.299219000000000079e+01
2.318093500000000058e+05 -1.268959000000000081e+01
2.318094250000000175e+05 -1.243661999999999956e+01
2.318095000000000000e+05 -1.188962000000000074e+01
2.318095750000000116e+05 -1.247944999999999993e+01
2.318096499999999942e+05 -1.163349000000000011e+01
2.318097250000000058e+05 -1.245611000000000068e+01
2.318098000000000175e+05 -1.044205999999999968e+01
2.318098750000000000e+05 -1.082422000000000040e+01
2.318099500000000116e+05 -1.062585999999999942e+01
2.318100249999999942e+05 -9.260697999999999652e+00
2.318101000000000058e+05 -9.688005999999999673e+00
2.318101750000000175e+05 -9.294477999999999795e+00
2.318102500000000000e+05 -8.151697999999999666e+00
2.318103250000000116e+05 -8.525054000000000798e+00
2.318103999999999942e+05 -7.576351999999999975e+00
2.318104750000000058e+05 -7.929096000000000366e+00
2.318105500000000175e+05 -6.845025999999999833e+00
2.318106250000000000e+05 -6.344928999999999597e+00
2.318107000000000116e+05 -5.985379000000000005e+00
2.318107749999999942e+05 -5.560715000000000074e+00
2.318108500000000058e+05 -5.562853999999999743e+00
2.318109250000000175e+05 -4.015380999999999645e+00
2.318110000000000000e+05 -3.571352000000000082e+00
2.318110750000000116e+05 -3.420557000000000070e+00
2.318111499999999942e+05 -2.387842000000000020e+00
2.318112250000000058e+05 -1.908673000000000064e+00
2.318113000000000175e+05 -9.094084999999999530e-01
2.318113750000000000e+05 -5.482299000000000477e-01
2.318114500000000116e+05 -2.080309999999999937e-01
2.318115249999999942e+05 3.159891000000000227e-01
2.318116000000000058e+05 9.359617999999999549e-01
2.318116750000000175e+05 1.130306000000000033e+00
2.318117500000000000e+05 1.472423000000000037e+00
2.318118250000000116e+05 1.678536000000000028e+00
2.318118999999999942e+05 1.722143999999999897e+00
2.318119750000000058e+05 1.547876000000000030e+00
2.318120500000000175e+05 1.534289999999999932e+00
2.318121250000000000e+05 1.297355999999999954e+00
2.318122000000000116e+05 1.126821000000000073e+00
2.318122749999999942e+05 1.586938999999999989e-01
2.318123500000000058e+05 -8.859504000000000268e-01
2.318124250000000175e+05 -2.007544999999999913e+00
2.318125000000000000e+05 -2.547677000000000191e+00
2.318125750000000116e+05 -2.971461000000000130e+00
2.318126499999999942e+05 -2.696276999999999813e+00
2.318127250000000058e+05 -3.173556000000000044e+00
2.318128000000000175e+05 -2.503064000000000178e+00
2.318128750000000000e+05 -2.259850999999999832e+00
2.318129500000000116e+05 -2.211644999999999861e+00
2.318130249999999942e+05 -2.584534000000000109e+00
2.318131000000000058e+05 -3.551969000000000154e+00
2.318131750000000175e+05 -4.029073000000000349e+00
2.318132500000000000e+05 -4.481220999999999677e+00
2.318133250000000116e+05 -4.862834000000000323e+00
2.318133999999999942e+05 -4.686401000000000039e+00
2.318134750000000058e+05 -5.115492999999999846e+00
2.318135500000000175e+05 -4.800074000000000396e+00
2.318136250000000000e+05 -4.832596999999999809e+00
2.318137000000000116e+05 -5.731044999999999945e+00
2.318137749999999942e+05 -6.328434999999999810e+00
2.318138500000000058e+05 -6.995169999999999888e+00
2.318139250000000175e+05 -6.860843000000000025e+00
2.318140000000000000e+05 -6.450667000000000151e+00
2.318140750000000116e+05 -7.101505999999999652e+00
2.318141499999999942e+05 -7.164964999999999584e+00
2.318142250000000058e+05 -7.692726000000000397e+00
2.318143000000000175e+05 -7.888063999999999965e+00
2.318143750000000000e+05 -8.118560000000000443e+00
2.318144500000000116e+05 -8.710043999999999897e+00
2.318145249999999942e+05 -8.621983999999999426e+00
2.318146000000000058e+05 -8.268048000000000286e+00
2.318146750000000175e+05 -8.658094000000000179e+00
2.318147500000000000e+05 -9.256351000000000440e+00
2.318148250000000116e+05 -9.727707000000000548e+00
2.318148999999999942e+05 -9.471565000000000012e+00
2.318149750000000058e+05 -8.801688000000000400e+00
2.318150500000000175e+05 -9.668324000000000140e+00
2.318151250000000000e+05 -1.044106000000000023e+01
2.318152000000000116e+05 -1.045006000000000057e+01
2.318152749999999942e+05 -1.010463000000000022e+01
2.318153500000000058e+05 -1.055639000000000038e+01
2.318154250000000175e+05 -1.177909000000000006e+01
2.318155000000000000e+05 -1.215047999999999995e+01
2.318155750000000116e+05 -1.181378999999999913e+01
2.318156499999999942e+05 -1.237194000000000038e+01
2.318157250000000058e+05 -1.476192999999999955e+01
2.318158000000000175e+05 -1.340645999999999916e+01
2.318158750000000000e+05 -1.282319000000000031e+01
2.318159500000000116e+05 -1.329487999999999914e+01
2.318160249999999942e+05 -1.536903000000000041e+01
2.318161000000000058e+05 -1.384268999999999927e+01
2.318161750000000175e+05 -1.281579999999999941e+01
2.318162500000000000e+05 -1.471228999999999942e+01
2.318163250000000116e+05 -1.607299000000000078e+01
2.318163999999999942e+05 -1.393271999999999977e+01
2.318164750000000058e+05 -1.480993999999999922e+01
2.318165500000000175e+05 -1.603839999999999932e+01
2.318166250000000000e+05 -1.589377999999999957e+01
2.318167000000000116e+05 -1.617680000000000007e+01
2.318167749999999942e+05 -1.875494000000000128e+01
2.318168500000000058e+05 -1.558287999999999940e+01
2.318169250000000175e+05 -1.681769999999999854e+01
2.318170000000000000e+05 -1.636752999999999858e+01
2.318170750000000116e+05 -1.534333999999999953e+01
2.318171499999999942e+05 -1.805069999999999908e+01
2.318172250000000058e+05 -1.860526000000000124e+01
2.318173000000000175e+05 -1.489461000000000013e+01
2.318173750000000000e+05 -1.853479000000000099e+01
2.318174500000000116e+05 -1.724847000000000108e+01
2.318175249999999942e+05 -1.550821999999999967e+01
2.318176000000000058e+05 -2.213387000000000171e+01
2.318176750000000175e+05 -1.934590999999999994e+01
2.318177500000000000e+05 -1.736824999999999974e+01
2.318178250000000116e+05 -2.204397000000000162e+01
2.318178999999999942e+05 -1.695857000000000170e+01
2.318179750000000058e+05 -2.360229999999999961e+01
2.318180500000000175e+05 -1.793648999999999916e+01
2.318181250000000000e+05 -1.830075000000000074e+01
2.318182000000000116e+05 -2.471210999999999913e+01
2.318182749999999942e+05 -1.966275999999999868e+01
2.318183500000000058e+05 -2.510544000000000153e+01
2.318184250000000175e+05 -1.976791000000000054e+01
2.318185000000000000e+05 -2.076915999999999940e+01
2.318185750000000116e+05 -2.002245999999999881e+01
2.318186499999999942e+05 -2.081131999999999849e+01
2.318187250000000058e+05 -2.271071999999999846e+01
2.318188000000000175e+05 -1.925992000000000104e+01
2.318188750000000000e+05 -2.700565999999999889e+01
2.318189500000000116e+05 -2.064354000000000156e+01
2.318190249999999942e+05 -2.400688999999999851e+01
2.318191000000000058e+05 -1.946994000000000113e+01
2.318191750000000175e+05 -2.060388000000000019e+01
2.318192500000000000e+05 -2.066401000000000110e+01
2.318193250000000116e+05 -2.155745999999999896e+01
2.318193999999999942e+05 -2.501320000000000121e+01
2.318194750000000058e+05 -2.177326000000000050e+01
2.318195500000000175e+05 -2.468898000000000081e+01
2.318196250000000000e+05 -2.092151000000000138e+01
2.318197000000000116e+05 -2.649684999999999846e+01
2.318197749999999942e+05 -2.094999999999999929e+01
2.318198500000000058e+05 -2.652728000000000108e+01
2.318199250000000175e+05 -2.004650000000000176e+01
2.318200000000000000e+05 -2.743884999999999863e+01
2.318200750000000116e+05 -2.173536999999999964e+01
2.318201499999999942e+05 -2.680023999999999873e+01
2.318202250000000058e+05 -2.341197999999999979e+01
2.318203000000000175e+05 -2.081921000000000177e+01
2.318203750000000000e+05 -2.419385000000000119e+01
2.318204500000000116e+05 -2.381228000000000122e+01
2.318205249999999942e+05 -2.681400000000000006e+01
2.318206000000000058e+05 -2.178744999999999976e+01
2.318206750000000175e+05 -3.002854999999999919e+01
2.318207500000000000e+05 -2.194039000000000073e+01
2.318208250000000116e+05 -2.812109999999999843e+01
2.318208999999999942e+05 -2.286365999999999943e+01
2.318209750000000058e+05 -2.721205000000000140e+01
2.318210500000000175e+05 -2.406007999999999925e+01
2.318211250000000000e+05 -2.668640999999999863e+01
2.318212000000000116e+05 -2.706618999999999886e+01
2.318212749999999942e+05 -2.413885000000000147e+01
2.318213500000000058e+05 -2.480827999999999989e+01
2.318214250000000175e+05 -2.315571999999999875e+01
2.318215000000000000e+05 -2.092456999999999923e+01
2.318215750000000116e+05 -2.941171999999999898e+01
2.318216499999999942e+05 -2.313622000000000156e+01
2.318217250000000058e+05 -2.672839000000000098e+01
2.318218000000000175e+05 -2.700534999999999997e+01
2.318218750000000000e+05 -2.663989000000000118e+01
2.318219500000000116e+05 -3.438051000000000101e+01
2.318220249999999942e+05 -2.103257999999999939e+01
2.318221000000000058e+05 -2.411778999999999940e+01
2.318221750000000175e+05 -2.722362000000000037e+01
2.318222500000000000e+05 -2.385172000000000025e+01
2.318223250000000116e+05 -2.590283000000000158e+01
2.318223999999999942e+05 -2.362905999999999906e+01
2.318224750000000058e+05 -2.234937000000000040e+01
2.318225500000000175e+05 -2.517824999999999847e+01
2.318226250000000000e+05 -3.024275000000000091e+01
2.318227000000000116e+05 -2.201933999999999969e+01
2.318227749999999942e+05 -2.361862999999999957e+01
2.318228500000000058e+05 -2.680940999999999974e+01
2.318229250000000175e+05 -2.092179000000000144e+01
2.318230000000000000e+05 -2.672860000000000014e+01
2.318230750000000116e+05 -2.688460999999999856e+01
2.318231499999999942e+05 -2.414459000000000088e+01
2.318232250000000058e+05 -2.286859000000000108e+01
2.318233000000000175e+05 -2.713466000000000022e+01
2.318233750000000000e+05 -2.457913999999999888e+01
2.318234500000000116e+05 -2.026814999999999856e+01
2.318235249999999942e+05 -2.566940999999999917e+01
2.318236000000000058e+05 -2.720054999999999978e+01
2.318236750000000175e+05 -2.601551999999999865e+01
2.318237500000000000e+05 -2.133379000000000048e+01
2.318238250000000116e+05 -2.638654000000000011e+01
2.318238999999999942e+05 -2.346274000000000015e+01
2.318239750000000058e+05 -2.610511999999999944e+01
2.318240500000000175e+05 -2.114761000000000024e+01
2.318241250000000000e+05 -2.420100000000000051e+01
2.318242000000000116e+05 -2.177198999999999884e+01
2.318242749999999942e+05 -2.177823000000000064e+01
2.318243500000000058e+05 -2.362986000000000075e+01
2.318244250000000175e+05 -2.260554000000000130e+01
2.318245000000000000e+05 -2.699328999999999823e+01
2.318245750000000116e+05 -2.377217999999999876e+01
2.318246499999999942e+05 -2.261811000000000149e+01
2.318247250000000058e+05 -2.488163000000000125e+01
2.318248000000000175e+05 -2.633700999999999937e+01
2.318248750000000000e+05 -2.432545000000000002e+01
2.318249500000000116e+05 -2.223460000000000036e+01
2.318250249999999942e+05 -2.435804999999999865e+01
2.318251000000000058e+05 -2.445877000000000123e+01
2.318251750000000175e+05 -2.538407000000000124e+01
2.318252500000000000e+05 -2.948494000000000170e+01
2.318253250000000116e+05 -2.270983000000000018e+01
2.318253999999999942e+05 -2.417584000000000088e+01
2.318254750000000058e+05 -2.645955000000000013e+01
2.318255500000000175e+05 -2.488439999999999941e+01
2.318256250000000000e+05 -2.170243999999999929e+01
2.318257000000000116e+05 -2.137209000000000003e+01
2.318257749999999942e+05 -2.222716000000000136e+01
2.318258500000000058e+05 -2.244121000000000166e+01
2.318259250000000175e+05 -2.539412000000000091e+01
2.318260000000000000e+05 -2.350206000000000017e+01
2.318260750000000116e+05 -3.118279000000000067e+01
2.318261499999999942e+05 -2.223011999999999944e+01
2.318262250000000058e+05 -2.231332000000000093e+01
2.318263000000000175e+05 -2.367175999999999902e+01
2.318263750000000000e+05 -2.627634000000000114e+01
2.318264500000000116e+05 -2.286970000000000169e+01
2.318265249999999942e+05 -2.228566999999999965e+01
2.318266000000000058e+05 -2.171903999999999968e+01
2.318266750000000175e+05 -2.418639999999999901e+01
2.318267500000000000e+05 -2.747801000000000116e+01
2.318268250000000116e+05 -2.227974999999999994e+01
2.318268999999999942e+05 -2.279056999999999888e+01
2.318269750000000058e+05 -2.458998000000000062e+01
