# Temperature: None K
2.317440249999999942e+05 -1.792038000000000153e+01
2.317441000000000058e+05 -1.938699000000000083e+01
2.317441749999999884e+05 -1.792716000000000065e+01
2.317442500000000000e+05 -2.066666000000000025e+01
2.317443249999999825e+05 -1.786599000000000004e+01
2.317443999999999942e+05 -1.765649000000000157e+01
2.317444750000000058e+05 -1.809148000000000067e+01
2.317445499999999884e+05 -2.095278000000000063e+01
2.317446250000000000e+05 -2.203249999999999886e+01
2.317446999999999825e+05 -1.769545000000000101e+01
2.317447749999999942e+05 -2.134647999999999968e+01
2.317448500000000058e+05 -2.053069999999999951e+01
2.317449249999999884e+05 -1.811685999999999908e+01
2.317450000000000000e+05 -1.891725999999999885e+01
2.317450749999999825e+05 -1.880555999999999983e+01
2.317451499999999942e+05 -2.327111000000000018e+01
2.317452250000000058e+05 -1.745752999999999844e+01
2.317452999999999884e+05 -1.939642999999999873e+01
2.317453750000000000e+05 -2.260889999999999844e+01
2.317454499999999825e+05 -1.777818999999999861e+01
2.317455249999999942e+05 -1.935065000000000168e+01
2.317456000000000058e+05 -2.280975000000000108e+01
2.317456749999999884e+05 -1.883285000000000053e+01
2.317457500000000000e+05 -2.022329999999999828e+01
2.317458249999999825e+05 -1.947736000000000089e+01
2.317458999999999942e+05 -1.885425000000000040e+01
2.317459750000000058e+05 -1.900056000000000012e+01
2.317460499999999884e+05 -1.883693999999999846e+01
2.317461250000000000e+05 -1.898608000000000118e+01
2.317461999999999825e+05 -2.022349000000000174e+01
2.317462749999999942e+05 -1.896632999999999925e+01
2.317463500000000058e+05 -1.888714999999999833e+01
2.317464249999999884e+05 -2.113242999999999938e+01
2.317465000000000000e+05 -1.842995000000000161e+01
2.317465749999999825e+05 -1.851416000000000039e+01
2.317466499999999942e+05 -2.003830999999999918e+01
2.317467250000000058e+05 -1.929304000000000130e+01
2.317467999999999884e+05 -1.902143999999999835e+01
2.317468750000000000e+05 -2.092784999999999940e+01
2.317469499999999825e+05 -1.850161999999999907e+01
2.317470249999999942e+05 -1.989177000000000106e+01
2.317471000000000058e+05 -1.979178999999999888e+01
2.317471749999999884e+05 -1.913867000000000118e+01
2.317472500000000000e+05 -2.064233000000000118e+01
2.317473249999999825e+05 -1.921677999999999997e+01
2.317473999999999942e+05 -1.957693000000000083e+01
2.317474750000000058e+05 -1.831099000000000032e+01
2.317475499999999884e+05 -1.629110999999999976e+01
2.317476250000000000e+05 -1.834226999999999919e+01
2.317476999999999825e+05 -1.811184000000000083e+01
2.317477749999999942e+05 -1.895485000000000042e+01
2.317478500000000058e+05 -1.895730999999999966e+01
2.317479249999999884e+05 -1.800084000000000017e+01
2.317480000000000000e+05 -1.793262000000000000e+01
2.317480749999999825e+05 -1.966672000000000153e+01
2.317481499999999942e+05 -1.806886000000000081e+01
2.317482250000000058e+05 -2.069668000000000063e+01
2.317482999999999884e+05 -1.969448999999999828e+01
2.317483750000000000e+05 -2.041826999999999970e+01
2.317484499999999825e+05 -1.871574000000000026e+01
2.317485249999999942e+05 -1.816630999999999929e+01
2.317486000000000058e+05 -2.052058999999999855e+01
2.317486749999999884e+05 -1.955281000000000091e+01
2.317487500000000000e+05 -1.870702999999999960e+01
2.317488249999999825e+05 -1.876670999999999978e+01
2.317488999999999942e+05 -1.739030999999999949e+01
2.317489750000000058e+05 -2.129299999999999926e+01
2.317490499999999884e+05 -1.914530999999999850e+01
2.317491250000000000e+05 -1.907062000000000168e+01
2.317491999999999825e+05 -2.153784999999999883e+01
2.317492749999999942e+05 -1.819916999999999874e+01
2.317493500000000058e+05 -1.894353999999999871e+01
2.317494249999999884e+05 -1.704573999999999856e+01
2.317495000000000000e+05 -1.648038000000000025e+01
2.317495749999999825e+05 -2.133892000000000166e+01
2.317496499999999942e+05 -1.996543000000000134e+01
2.317497250000000058e+05 -1.962518999999999991e+01
2.317497999999999884e+05 -1.874323000000000050e+01
2.317498750000000000e+05 -2.074587000000000003e+01
2.317499499999999825e+05 -2.005668000000000006e+01
2.317500249999999942e+05 -1.769388999999999967e+01
2.317501000000000058e+05 -1.730668000000000006e+01
2.317501749999999884e+05 -1.961289999999999978e+01
2.317502500000000000e+05 -1.884166000000000096e+01
2.317503249999999825e+05 -1.904060000000000130e+01
2.317503999999999942e+05 -1.767820999999999998e+01
2.317504750000000058e+05 -1.727121999999999957e+01
2.317505499999999884e+05 -1.851766999999999896e+01
2.317506250000000000e+05 -1.829057999999999851e+01
2.317506999999999825e+05 -1.823236999999999952e+01
2.317507749999999942e+05 -1.855893999999999977e+01
2.317508500000000058e+05 -2.156257000000000090e+01
2.317509249999999884e+05 -1.775037999999999982e+01
2.317510000000000000e+05 -1.687556999999999974e+01
2.317510749999999825e+05 -1.695263999999999882e+01
2.317511499999999942e+05 -1.854692000000000007e+01
2.317512250000000058e+05 -1.727448000000000050e+01
2.317512999999999884e+05 -1.692443000000000097e+01
2.317513750000000000e+05 -1.627690000000000126e+01
2.317514499999999825e+05 -1.774384999999999835e+01
2.317515249999999942e+05 -1.718917000000000073e+01
2.317516000000000058e+05 -1.677393000000000001e+01
2.317516749999999884e+05 -1.864450000000000074e+01
2.317517500000000000e+05 -1.654094999999999871e+01
2.317518249999999825e+05 -1.698986000000000018e+01
2.317518999999999942e+05 -1.832937000000000083e+01
2.317519750000000058e+05 -1.838729000000000013e+01
2.317520499999999884e+05 -2.017275000000000063e+01
2.317521250000000000e+05 -1.918629999999999924e+01
2.317521999999999825e+05 -1.832799999999999940e+01
2.317522749999999942e+05 -1.832058999999999926e+01
2.317523500000000058e+05 -1.813719999999999999e+01
2.317524249999999884e+05 -1.791710000000000136e+01
2.317525000000000000e+05 -1.873395999999999972e+01
2.317525749999999825e+05 -1.763826999999999856e+01
2.317526499999999942e+05 -1.669738999999999862e+01
2.317527250000000058e+05 -1.893336000000000041e+01
2.317527999999999884e+05 -1.829971000000000103e+01
2.317528750000000000e+05 -1.642303000000000068e+01
2.317529499999999825e+05 -1.920364000000000004e+01
2.317530249999999942e+05 -1.828832999999999842e+01
2.317531000000000058e+05 -1.796456999999999837e+01
2.317531749999999884e+05 -1.581583999999999968e+01
2.317532500000000000e+05 -1.923770999999999987e+01
2.317533249999999825e+05 -1.646840999999999866e+01
2.317533999999999942e+05 -1.678621000000000052e+01
2.317534750000000058e+05 -1.664073000000000135e+01
2.317535499999999884e+05 -1.750778999999999996e+01
2.317536250000000000e+05 -1.913303000000000154e+01
2.317536999999999825e+05 -1.714899000000000129e+01
2.317537749999999942e+05 -1.718586000000000169e+01
2.317538500000000058e+05 -1.563749999999999929e+01
2.317539249999999884e+05 -1.766788999999999987e+01
2.317540000000000000e+05 -1.749982999999999933e+01
2.317540749999999825e+05 -1.598708000000000062e+01
2.317541499999999942e+05 -1.768184000000000111e+01
2.317542250000000058e+05 -1.674426000000000059e+01
2.317542999999999884e+05 -1.608399000000000001e+01
2.317543750000000000e+05 -1.702438000000000073e+01
2.317544499999999825e+05 -1.715857000000000099e+01
2.317545249999999942e+05 -1.661330999999999847e+01
2.317546000000000058e+05 -1.589457999999999949e+01
2.317546749999999884e+05 -1.793746000000000151e+01
2.317547500000000000e+05 -1.798025000000000162e+01
2.317548249999999825e+05 -2.042024999999999935e+01
2.317548999999999942e+05 -1.638324000000000069e+01
2.317549750000000058e+05 -1.666201999999999828e+01
2.317550499999999884e+05 -1.720831000000000088e+01
2.317551250000000000e+05 -1.616298000000000101e+01
2.317551999999999825e+05 -1.530392999999999937e+01
2.317552749999999942e+05 -1.551399999999999935e+01
2.317553500000000058e+05 -1.564837999999999951e+01
2.317554249999999884e+05 -1.840548000000000073e+01
2.317555000000000000e+05 -1.668014000000000152e+01
2.317555749999999825e+05 -1.656680000000000064e+01
2.317556499999999942e+05 -1.605952999999999875e+01
2.317557250000000058e+05 -1.656885000000000119e+01
2.317557999999999884e+05 -1.487125999999999948e+01
2.317558750000000000e+05 -1.611803000000000097e+01
2.317559499999999825e+05 -1.590442999999999962e+01
2.317560249999999942e+05 -1.620561000000000007e+01
2.317561000000000058e+05 -1.427325000000000088e+01
2.317561749999999884e+05 -1.619089999999999918e+01
2.317562500000000000e+05 -1.660456999999999894e+01
2.317563249999999825e+05 -1.548182000000000080e+01
2.317563999999999942e+05 -1.427111999999999981e+01
2.317564750000000058e+05 -1.502330000000000076e+01
2.317565499999999884e+05 -1.557517999999999958e+01
2.317566250000000000e+05 -1.502716000000000030e+01
2.317566999999999825e+05 -1.380006999999999984e+01
2.317567749999999942e+05 -1.526632999999999996e+01
2.317568500000000058e+05 -1.359680999999999962e+01
2.317569249999999884e+05 -1.428606000000000087e+01
2.317570000000000000e+05 -1.469037999999999933e+01
2.317570749999999825e+05 -1.429559000000000069e+01
2.317571499999999942e+05 -1.503966999999999921e+01
2.317572250000000058e+05 -1.287401000000000018e+01
2.317572999999999884e+05 -1.320247999999999955e+01
2.317573750000000000e+05 -1.317977999999999916e+01
2.317574499999999825e+05 -1.190104000000000006e+01
2.317575249999999942e+05 -1.277261999999999986e+01
2.317576000000000058e+05 -1.333427999999999969e+01
2.317576749999999884e+05 -1.436913999999999980e+01
2.317577500000000000e+05 -1.148489999999999966e+01
2.317578249999999825e+05 -1.324993000000000087e+01
2.317578999999999942e+05 -1.287920000000000087e+01
2.317579750000000058e+05 -1.268477999999999994e+01
2.317580499999999884e+05 -1.095852999999999966e+01
2.317581250000000000e+05 -1.180302000000000007e+01
2.317581999999999825e+05 -1.180114999999999981e+01
2.317582749999999942e+05 -1.088982000000000028e+01
2.317583500000000058e+05 -1.119636000000000031e+01
2.317584249999999884e+05 -1.054476000000000013e+01
2.317585000000000000e+05 -1.078552999999999962e+01
2.317585749999999825e+05 -1.030808999999999997e+01
2.317586499999999942e+05 -1.121410999999999980e+01
2.317587250000000058e+05 -1.098582999999999998e+01
2.317587999999999884e+05 -1.108777000000000079e+01
2.317588750000000000e+05 -1.035650000000000048e+01
2.317589499999999825e+05 -1.119717999999999947e+01
2.317590249999999942e+05 -1.105152999999999963e+01
2.317591000000000058e+05 -1.109872999999999976e+01
2.317591749999999884e+05 -1.120642999999999923e+01
2.317592500000000000e+05 -1.140454000000000079e+01
2.317593249999999825e+05 -1.164770000000000039e+01
2.317593999999999942e+05 -1.164161000000000001e+01
2.317594750000000058e+05 -1.134758000000000067e+01
2.317595499999999884e+05 -1.200042000000000009e+01
2.317596250000000000e+05 -1.242159000000000013e+01
2.317596999999999825e+05 -1.284350000000000058e+01
2.317597749999999942e+05 -1.382647000000000048e+01
2.317598500000000058e+05 -1.445110999999999990e+01
2.317599249999999884e+05 -1.469205999999999968e+01
2.317600000000000000e+05 -1.580381000000000036e+01
2.317600749999999825e+05 -1.467650000000000077e+01
2.317601499999999942e+05 -1.719046000000000163e+01
2.317602250000000058e+05 -1.681681000000000026e+01
2.317602999999999884e+05 -2.204342000000000112e+01
2.317603750000000000e+05 -1.938147000000000020e+01
2.317604499999999825e+05 -2.045743999999999829e+01
2.317605249999999942e+05 -2.139441000000000059e+01
2.317606000000000058e+05 -2.215596999999999994e+01
2.317606749999999884e+05 -2.268355000000000032e+01
2.317607500000000000e+05 -2.408804999999999907e+01
2.317608249999999825e+05 -2.689769000000000077e+01
2.317608999999999942e+05 -2.637230999999999881e+01
2.317609750000000058e+05 -2.992631000000000085e+01
2.317610499999999884e+05 -3.137267999999999901e+01
2.317611250000000000e+05 -2.872240000000000038e+01
2.317611999999999825e+05 -2.578881000000000157e+01
2.317612749999999942e+05 -2.848624999999999829e+01
2.317613500000000058e+05 -2.983363999999999905e+01
2.317614249999999884e+05 -2.908432000000000173e+01
2.317615000000000000e+05 -3.400585000000000235e+01
2.317615749999999825e+05 -3.358297000000000310e+01
2.317616499999999942e+05 -2.802736000000000161e+01
2.317617250000000058e+05 -2.758320000000000149e+01
2.317617999999999884e+05 -4.153788000000000125e+01
2.317618750000000000e+05 -2.783561999999999870e+01
2.317619499999999825e+05 -3.439226000000000028e+01
2.317620249999999942e+05 -3.648998999999999882e+01
2.317621000000000058e+05 -4.243444000000000216e+01
2.317621749999999884e+05 -3.551717000000000013e+01
2.317622500000000000e+05 -3.601080999999999932e+01
2.317623249999999825e+05 -3.676017999999999830e+01
2.317623999999999942e+05 -3.916879000000000133e+01
2.317624750000000058e+05 -3.588568000000000069e+01
2.317625499999999884e+05 -3.942334000000000316e+01
2.317626250000000000e+05 -3.177920999999999907e+01
2.317626999999999825e+05 -2.885320000000000107e+01
2.317627749999999942e+05 -3.149502000000000024e+01
2.317628500000000058e+05 -3.080404000000000053e+01
2.317629249999999884e+05 -2.910331000000000046e+01
2.317630000000000000e+05 -2.617882000000000176e+01
2.317630749999999825e+05 -3.772798999999999836e+01
2.317631499999999942e+05 -3.465731999999999857e+01
2.317632250000000058e+05 -2.261812000000000111e+01
2.317632999999999884e+05 -2.848780999999999963e+01
2.317633750000000000e+05 -4.374745000000000061e+01
2.317634499999999825e+05 -3.358198999999999756e+01
2.317635249999999942e+05 -2.871218000000000004e+01
2.317636000000000058e+05 -3.318484000000000123e+01
2.317636749999999884e+05 -3.714927000000000135e+01
2.317637500000000000e+05 -3.672822000000000031e+01
2.317638249999999825e+05 -3.760634999999999906e+01
2.317638999999999942e+05 -2.525722000000000023e+01
2.317639750000000058e+05 -2.869894999999999996e+01
2.317640499999999884e+05 -3.907706000000000301e+01
2.317641250000000000e+05 -2.904125000000000156e+01
2.317641999999999825e+05 -2.729822000000000060e+01
2.317642749999999942e+05 -2.745663000000000054e+01
2.317643500000000058e+05 -3.632363999999999749e+01
2.317644249999999884e+05 -2.662090999999999852e+01
2.317645000000000000e+05 -3.005828999999999951e+01
2.317645749999999825e+05 -2.248141999999999996e+01
2.317646499999999942e+05 -2.428437999999999874e+01
2.317647250000000058e+05 -2.722675999999999874e+01
2.317647999999999884e+05 -2.994553000000000154e+01
2.317648750000000000e+05 -2.732986000000000004e+01
2.317649499999999825e+05 -2.411625000000000085e+01
2.317650249999999942e+05 -2.447814999999999941e+01
2.317651000000000058e+05 -2.489564999999999984e+01
2.317651749999999884e+05 -2.854333000000000098e+01
2.317652500000000000e+05 -2.985349000000000075e+01
2.317653249999999825e+05 -2.809366999999999948e+01
2.317653999999999942e+05 -2.272185999999999950e+01
2.317654750000000058e+05 -2.746244000000000085e+01
2.317655499999999884e+05 -2.676317999999999842e+01
2.317656250000000000e+05 -2.230300000000000082e+01
2.317656999999999825e+05 -2.719012999999999991e+01
2.317657749999999942e+05 -2.745970000000000155e+01
2.317658500000000058e+05 -2.150355000000000061e+01
2.317659249999999884e+05 -3.192548000000000030e+01
2.317660000000000000e+05 -2.308832999999999913e+01
2.317660749999999825e+05 -2.227027999999999963e+01
2.317661499999999942e+05 -2.215322000000000102e+01
2.317662250000000058e+05 -2.813359000000000165e+01
2.317662999999999884e+05 -2.151555000000000106e+01
2.317663750000000000e+05 -2.456715000000000160e+01
2.317664499999999825e+05 -2.388755000000000095e+01
2.317665249999999942e+05 -2.659385999999999939e+01
2.317666000000000058e+05 -2.237409999999999854e+01
2.317666749999999884e+05 -2.657291999999999987e+01
2.317667500000000000e+05 -3.036156000000000077e+01
2.317668249999999825e+05 -2.315367000000000175e+01
2.317668999999999942e+05 -2.312344999999999828e+01
2.317669750000000058e+05 -2.673123999999999967e+01
2.317670499999999884e+05 -2.957355000000000089e+01
2.317671250000000000e+05 -2.453806000000000154e+01
2.317671999999999825e+05 -2.741620999999999952e+01
2.317672749999999942e+05 -2.156341000000000108e+01
2.317673500000000058e+05 -3.017372999999999905e+01
2.317674249999999884e+05 -3.166797000000000040e+01
2.317675000000000000e+05 -2.218806000000000012e+01
2.317675749999999825e+05 -2.683236000000000132e+01
2.317676499999999942e+05 -2.362775999999999854e+01
2.317677250000000058e+05 -2.422575000000000145e+01
2.317677999999999884e+05 -2.676476999999999862e+01
2.317678750000000000e+05 -2.483386000000000138e+01
2.317679499999999825e+05 -2.243300999999999945e+01
2.317680249999999942e+05 -3.121234000000000108e+01
2.317681000000000058e+05 -2.486392999999999986e+01
2.317681749999999884e+05 -2.502100000000000080e+01
2.317682500000000000e+05 -2.273533000000000115e+01
2.317683249999999825e+05 -2.199421999999999855e+01
2.317683999999999942e+05 -2.315664999999999907e+01
2.317684750000000058e+05 -2.332248999999999839e+01
2.317685499999999884e+05 -2.394393000000000171e+01
2.317686250000000000e+05 -2.414487000000000094e+01
2.317686999999999825e+05 -2.238439999999999941e+01
2.317687749999999942e+05 -2.230329000000000050e+01
2.317688500000000058e+05 -2.556666999999999845e+01
2.317689249999999884e+05 -2.121142000000000039e+01
2.317690000000000000e+05 -2.609365999999999985e+01
2.317690749999999825e+05 -2.110688000000000031e+01
2.317691499999999942e+05 -2.602320999999999884e+01
2.317692250000000058e+05 -3.256009000000000242e+01
2.317692999999999884e+05 -2.990155000000000030e+01
2.317693750000000000e+05 -2.356435000000000102e+01
2.317694499999999825e+05 -2.420360000000000156e+01
2.317695249999999942e+05 -2.234800999999999860e+01
2.317696000000000058e+05 -2.251793999999999940e+01
2.317696749999999884e+05 -2.137671999999999883e+01
2.317697500000000000e+05 -2.195231000000000066e+01
2.317698249999999825e+05 -2.418194000000000088e+01
2.317698999999999942e+05 -1.997017999999999915e+01
2.317699750000000058e+05 -2.380387999999999948e+01
2.317700499999999884e+05 -2.377499999999999858e+01
2.317701250000000000e+05 -2.502978999999999843e+01
2.317701999999999825e+05 -2.655743999999999971e+01
2.317702749999999942e+05 -2.101865000000000094e+01
2.317703500000000058e+05 -2.133780000000000143e+01
2.317704249999999884e+05 -2.650338999999999956e+01
2.317705000000000000e+05 -2.439236999999999966e+01
2.317705749999999825e+05 -2.242607999999999890e+01
2.317706499999999942e+05 -2.191594999999999871e+01
2.317707250000000058e+05 -2.580387999999999948e+01
2.317707999999999884e+05 -2.665181000000000111e+01
2.317708750000000000e+05 -1.972365999999999886e+01
2.317709499999999825e+05 -2.242303000000000068e+01
2.317710249999999942e+05 -2.439429000000000158e+01
2.317711000000000058e+05 -2.085023999999999944e+01
2.317711749999999884e+05 -2.192414000000000129e+01
2.317712500000000000e+05 -2.408407000000000053e+01
2.317713249999999825e+05 -2.224301000000000172e+01
2.317713999999999942e+05 -2.099669000000000096e+01
2.317714750000000058e+05 -2.250723999999999947e+01
2.317715499999999884e+05 -2.203554000000000102e+01
2.317716250000000000e+05 -2.203449000000000169e+01
2.317716999999999825e+05 -2.135911000000000115e+01
2.317717749999999942e+05 -2.345332000000000150e+01
2.317718500000000058e+05 -2.746186000000000149e+01
2.317719249999999884e+05 -2.398543000000000092e+01
2.317720000000000000e+05 -2.611342000000000141e+01
2.317720749999999825e+05 -2.872254999999999825e+01
2.317721499999999942e+05 -2.574078000000000088e+01
2.317722250000000058e+05 -2.015352999999999994e+01
2.317722999999999884e+05 -2.600554999999999950e+01
2.317723750000000000e+05 -2.551497000000000170e+01
2.317724499999999825e+05 -2.100715999999999894e+01
2.317725249999999942e+05 -2.427214000000000027e+01
2.317726000000000058e+05 -2.370608999999999966e+01
2.317726749999999884e+05 -2.230815000000000126e+01
2.317727500000000000e+05 -2.228303999999999974e+01
2.317728249999999825e+05 -2.197851999999999961e+01
2.317728999999999942e+05 -2.539932999999999907e+01
2.317729750000000058e+05 -2.500728000000000151e+01
2.317730499999999884e+05 -2.487078999999999951e+01
2.317731250000000000e+05 -2.381000999999999834e+01
2.317731999999999825e+05 -2.540041000000000082e+01
2.317732749999999942e+05 -2.323401000000000138e+01
2.317733500000000058e+05 -2.376887999999999934e+01
2.317734249999999884e+05 -2.313165000000000049e+01
2.317735000000000000e+05 -2.350075999999999965e+01
2.317735749999999825e+05 -2.414943999999999846e+01
2.317736499999999942e+05 -2.146021000000000001e+01
2.317737250000000058e+05 -2.413871999999999929e+01
2.317737999999999884e+05 -2.332591000000000037e+01
2.317738750000000000e+05 -2.279432999999999865e+01
2.317739499999999825e+05 -2.152520000000000167e+01
2.317740249999999942e+05 -2.626399999999999935e+01
