# Temperature: None K
2.318345499999999884e+05 -1.960304999999999964e+01
2.318346250000000000e+05 -1.937749000000000166e+01
2.318346999999999825e+05 -1.771552000000000149e+01
2.318347749999999942e+05 -1.662218999999999980e+01
2.318348499999999767e+05 -1.564620999999999995e+01
2.318349249999999884e+05 -1.944936999999999827e+01
2.318350000000000000e+05 -1.738895000000000124e+01
2.318350749999999825e+05 -1.630689999999999884e+01
2.318351499999999942e+05 -1.574418999999999969e+01
2.318352249999999767e+05 -1.809206999999999965e+01
2.318352999999999884e+05 -1.659750999999999976e+01
2.318353750000000000e+05 -1.834883999999999915e+01
2.318354499999999825e+05 -1.705155999999999850e+01
2.318355249999999942e+05 -1.680915999999999855e+01
2.318355999999999767e+05 -1.772775000000000034e+01
2.318356749999999884e+05 -1.637706000000000017e+01
2.318357500000000000e+05 -1.573705999999999960e+01
2.318358249999999825e+05 -1.503401999999999994e+01
2.318358999999999942e+05 -1.723029999999999973e+01
2.318359749999999767e+05 -1.817889999999999873e+01
2.318360499999999884e+05 -1.713639999999999830e+01
2.318361250000000000e+05 -1.651202999999999932e+01
2.318361999999999825e+05 -1.571864000000000061e+01
2.318362749999999942e+05 -1.822475999999999985e+01
2.318363499999999767e+05 -1.568732999999999933e+01
2.318364249999999884e+05 -1.820739000000000019e+01
2.318365000000000000e+05 -1.788445000000000107e+01
2.318365749999999825e+05 -1.654314000000000107e+01
2.318366499999999942e+05 -1.709888000000000119e+01
2.318367249999999767e+05 -1.654707000000000150e+01
2.318367999999999884e+05 -1.664755999999999858e+01
2.318368750000000000e+05 -1.711553999999999931e+01
2.318369499999999825e+05 -1.526451999999999920e+01
2.318370249999999942e+05 -1.551838000000000051e+01
2.318370999999999767e+05 -1.690390999999999977e+01
2.318371749999999884e+05 -1.641504000000000119e+01
2.318372500000000000e+05 -1.623717999999999861e+01
2.318373249999999825e+05 -1.705106999999999928e+01
2.318373999999999942e+05 -1.536336000000000013e+01
2.318374749999999767e+05 -1.799444000000000088e+01
2.318375499999999884e+05 -1.872213999999999956e+01
2.318376250000000000e+05 -1.775390000000000157e+01
2.318376999999999825e+05 -1.651870999999999867e+01
2.318377749999999942e+05 -1.779397000000000162e+01
2.318378499999999767e+05 -1.713560999999999979e+01
2.318379249999999884e+05 -1.748083000000000098e+01
2.318380000000000000e+05 -1.653046000000000149e+01
2.318380749999999825e+05 -1.690213999999999928e+01
2.318381499999999942e+05 -1.677888000000000090e+01
2.318382249999999767e+05 -1.729901999999999873e+01
2.318382999999999884e+05 -1.733468999999999838e+01
2.318383750000000000e+05 -1.713785999999999987e+01
2.318384499999999825e+05 -1.602699000000000140e+01
2.318385249999999942e+05 -1.775241000000000113e+01
2.318385999999999767e+05 -1.907661999999999836e+01
2.318386749999999884e+05 -1.635798000000000130e+01
2.318387500000000000e+05 -1.725025000000000119e+01
2.318388249999999825e+05 -1.675947999999999993e+01
2.318388999999999942e+05 -1.525436000000000014e+01
2.318389749999999767e+05 -1.598733999999999966e+01
2.318390499999999884e+05 -1.644715000000000060e+01
2.318391250000000000e+05 -1.511933999999999934e+01
2.318391999999999825e+05 -1.602909999999999968e+01
2.318392749999999942e+05 -1.565582999999999991e+01
2.318393499999999767e+05 -1.532390999999999970e+01
2.318394249999999884e+05 -1.560535999999999923e+01
2.318395000000000000e+05 -1.403795999999999999e+01
2.318395749999999825e+05 -1.634981000000000151e+01
2.318396499999999942e+05 -1.660526000000000124e+01
2.318397249999999767e+05 -1.757557999999999865e+01
2.318397999999999884e+05 -1.581103000000000058e+01
2.318398750000000000e+05 -1.750663000000000125e+01
2.318399499999999825e+05 -1.558474999999999966e+01
2.318400249999999942e+05 -1.892529000000000039e+01
2.318400999999999767e+05 -1.645015000000000072e+01
2.318401749999999884e+05 -1.647290999999999883e+01
2.318402500000000000e+05 -1.606485999999999947e+01
2.318403249999999825e+05 -1.693530000000000157e+01
2.318403999999999942e+05 -1.470520999999999923e+01
2.318404749999999767e+05 -1.783340000000000103e+01
2.318405499999999884e+05 -1.491057999999999950e+01
2.318406250000000000e+05 -1.703119999999999834e+01
2.318406999999999825e+05 -1.555385000000000062e+01
2.318407749999999942e+05 -1.548324999999999996e+01
2.318408499999999767e+05 -1.705978999999999957e+01
2.318409249999999884e+05 -1.583577999999999975e+01
2.318410000000000000e+05 -1.586896999999999913e+01
2.318410749999999825e+05 -1.527308000000000021e+01
2.318411499999999942e+05 -1.778491999999999962e+01
2.318412249999999767e+05 -1.430397999999999925e+01
2.318412999999999884e+05 -1.569556000000000040e+01
2.318413750000000000e+05 -1.502848999999999968e+01
2.318414499999999825e+05 -1.452884000000000064e+01
2.318415249999999942e+05 -1.627314000000000149e+01
2.318415999999999767e+05 -1.475215000000000032e+01
2.318416749999999884e+05 -1.354227000000000025e+01
2.318417500000000000e+05 -1.558033000000000001e+01
2.318418249999999825e+05 -1.720335999999999999e+01
2.318418999999999942e+05 -1.717465999999999937e+01
2.318419749999999767e+05 -1.442730000000000068e+01
2.318420499999999884e+05 -1.658554000000000173e+01
2.318421250000000000e+05 -1.605183999999999855e+01
2.318421999999999825e+05 -1.660923999999999978e+01
2.318422749999999942e+05 -1.515822000000000003e+01
2.318423499999999767e+05 -1.706006999999999962e+01
2.318424249999999884e+05 -1.400966999999999985e+01
2.318425000000000000e+05 -1.476932000000000045e+01
2.318425749999999825e+05 -1.613531000000000049e+01
2.318426499999999942e+05 -1.638081000000000031e+01
2.318427249999999767e+05 -1.955124999999999957e+01
2.318427999999999884e+05 -1.529959000000000024e+01
2.318428750000000000e+05 -1.528472000000000008e+01
2.318429499999999825e+05 -1.480014000000000074e+01
2.318430249999999942e+05 -1.475286000000000008e+01
2.318430999999999767e+05 -1.397333000000000069e+01
2.318431749999999884e+05 -1.610360999999999976e+01
2.318432500000000000e+05 -1.479304999999999914e+01
2.318433249999999825e+05 -1.482948999999999984e+01
2.318433999999999942e+05 -1.721809999999999974e+01
2.318434749999999767e+05 -1.672582999999999842e+01
2.318435499999999884e+05 -1.431892000000000031e+01
2.318436250000000000e+05 -1.507000999999999991e+01
2.318436999999999825e+05 -1.597451000000000043e+01
2.318437749999999942e+05 -1.553861999999999988e+01
2.318438499999999767e+05 -1.583896999999999977e+01
2.318439249999999884e+05 -1.410877999999999943e+01
2.318440000000000000e+05 -1.484540999999999933e+01
2.318440749999999825e+05 -1.605002999999999957e+01
2.318441499999999942e+05 -1.470259000000000071e+01
2.318442249999999767e+05 -1.371439999999999948e+01
2.318442999999999884e+05 -1.364095000000000013e+01
2.318443750000000000e+05 -1.470405000000000051e+01
2.318444499999999825e+05 -1.509698000000000029e+01
2.318445249999999942e+05 -1.560172000000000025e+01
2.318445999999999767e+05 -1.406507000000000041e+01
2.318446749999999884e+05 -1.491702000000000083e+01
2.318447500000000000e+05 -1.404030000000000022e+01
2.318448249999999825e+05 -1.347452000000000005e+01
2.318448999999999942e+05 -1.619396000000000058e+01
2.318449749999999767e+05 -1.393899000000000044e+01
2.318450499999999884e+05 -1.440230999999999995e+01
2.318451250000000000e+05 -1.280160000000000053e+01
2.318451999999999825e+05 -1.573695999999999984e+01
2.318452749999999942e+05 -1.322597999999999985e+01
2.318453499999999767e+05 -1.478654000000000046e+01
2.318454249999999884e+05 -1.392747999999999919e+01
2.318455000000000000e+05 -1.308793000000000006e+01
2.318455749999999825e+05 -1.420186999999999955e+01
2.318456499999999942e+05 -1.395476999999999990e+01
2.318457249999999767e+05 -1.380855999999999995e+01
2.318457999999999884e+05 -1.266914000000000051e+01
2.318458750000000000e+05 -1.420165000000000077e+01
2.318459499999999825e+05 -1.343557000000000023e+01
2.318460249999999942e+05 -1.435070999999999941e+01
2.318460999999999767e+05 -1.396654000000000018e+01
2.318461749999999884e+05 -1.280157999999999952e+01
2.318462500000000000e+05 -1.278476000000000035e+01
2.318463249999999825e+05 -1.251610999999999940e+01
2.318463999999999942e+05 -1.216470999999999947e+01
2.318464749999999767e+05 -1.304505999999999943e+01
2.318465499999999884e+05 -1.358646000000000065e+01
2.318466250000000000e+05 -1.223203999999999958e+01
2.318466999999999825e+05 -1.151689000000000007e+01
2.318467749999999942e+05 -1.194262999999999941e+01
2.318468499999999767e+05 -1.156080000000000041e+01
2.318469249999999884e+05 -1.162439999999999962e+01
2.318470000000000000e+05 -1.148101999999999911e+01
2.318470749999999825e+05 -1.220223000000000013e+01
2.318471499999999942e+05 -1.265940999999999939e+01
2.318472249999999767e+05 -1.201060000000000016e+01
2.318472999999999884e+05 -1.050065999999999988e+01
2.318473750000000000e+05 -1.164300000000000068e+01
2.318474499999999825e+05 -1.113372000000000028e+01
2.318475249999999942e+05 -1.038147000000000020e+01
2.318475999999999767e+05 -1.018445000000000000e+01
2.318476749999999884e+05 -1.092322000000000060e+01
2.318477500000000000e+05 -1.000342000000000020e+01
2.318478249999999825e+05 -9.547981000000000051e+00
2.318478999999999942e+05 -1.075074000000000041e+01
2.318479749999999767e+05 -9.180616000000000554e+00
2.318480499999999884e+05 -9.035885999999999640e+00
2.318481250000000000e+05 -9.102275999999999812e+00
2.318481999999999825e+05 -8.344502999999999560e+00
2.318482749999999942e+05 -8.874005999999999617e+00
2.318483499999999767e+05 -8.080035000000000522e+00
2.318484249999999884e+05 -8.448240999999999445e+00
2.318485000000000000e+05 -8.466419000000000139e+00
2.318485749999999825e+05 -8.730392000000000152e+00
2.318486499999999942e+05 -7.764113000000000042e+00
2.318487249999999767e+05 -7.274625000000000341e+00
2.318487999999999884e+05 -7.178151999999999866e+00
2.318488750000000000e+05 -7.657380999999999993e+00
2.318489499999999825e+05 -7.338098999999999705e+00
2.318490249999999942e+05 -6.820096999999999632e+00
2.318490999999999767e+05 -7.164546999999999777e+00
2.318491749999999884e+05 -7.187225999999999893e+00
2.318492500000000000e+05 -7.060303000000000218e+00
2.318493249999999825e+05 -7.485186999999999813e+00
2.318493999999999942e+05 -8.120454000000000505e+00
2.318494749999999767e+05 -8.018058999999999159e+00
2.318495499999999884e+05 -8.120376000000000261e+00
2.318496250000000000e+05 -8.914379999999999526e+00
2.318496999999999825e+05 -9.810086000000000084e+00
2.318497749999999942e+05 -1.123002999999999929e+01
2.318498499999999767e+05 -1.250960000000000072e+01
2.318499249999999884e+05 -1.344227000000000061e+01
2.318500000000000000e+05 -1.640613000000000099e+01
2.318500749999999825e+05 -1.641753999999999891e+01
2.318501499999999942e+05 -1.930743999999999971e+01
2.318502249999999767e+05 -2.032995000000000019e+01
2.318502999999999884e+05 -2.558953999999999951e+01
2.318503750000000000e+05 -2.112368999999999986e+01
2.318504499999999825e+05 -3.010829999999999984e+01
2.318505249999999942e+05 -2.280056000000000083e+01
2.318505999999999767e+05 -2.512646000000000157e+01
2.318506749999999884e+05 -2.503358000000000061e+01
2.318507500000000000e+05 -4.579800000000000182e+01
2.318508249999999825e+05 -3.045035000000000025e+01
2.318508999999999942e+05 -2.540503999999999962e+01
2.318509749999999767e+05 -3.392090000000000316e+01
2.318510499999999884e+05 -3.713553999999999888e+01
2.318511250000000000e+05 -2.544279999999999831e+01
2.318511999999999825e+05 -3.518386000000000280e+01
2.318512749999999942e+05 -3.005198000000000036e+01
2.318513499999999767e+05 -2.617380999999999958e+01
2.318514249999999884e+05 -2.682464999999999833e+01
2.318515000000000000e+05 -2.894377000000000066e+01
2.318515749999999825e+05 -2.949332000000000065e+01
2.318516499999999942e+05 -2.769051999999999936e+01
2.318517249999999767e+05 -3.034152999999999878e+01
2.318517999999999884e+05 -3.726095999999999719e+01
2.318518750000000000e+05 -2.831098000000000070e+01
2.318519499999999825e+05 -2.707725999999999900e+01
2.318520249999999942e+05 -2.748309000000000069e+01
2.318520999999999767e+05 -2.738864999999999839e+01
2.318521749999999884e+05 -2.608502999999999972e+01
2.318522500000000000e+05 -3.095546999999999827e+01
2.318523249999999825e+05 -2.367587999999999937e+01
2.318523999999999942e+05 -2.652648999999999901e+01
2.318524749999999767e+05 -2.255872000000000099e+01
2.318525499999999884e+05 -2.587012000000000000e+01
2.318526250000000000e+05 -2.759860000000000113e+01
2.318526999999999825e+05 -2.467060999999999993e+01
2.318527749999999942e+05 -2.158459999999999823e+01
2.318528499999999767e+05 -2.500122000000000000e+01
2.318529249999999884e+05 -2.881777999999999906e+01
2.318530000000000000e+05 -2.324148999999999887e+01
2.318530749999999825e+05 -2.486999000000000137e+01
2.318531499999999942e+05 -2.428746999999999900e+01
2.318532249999999767e+05 -2.129025999999999996e+01
2.318532999999999884e+05 -2.374245000000000161e+01
2.318533750000000000e+05 -2.190934000000000026e+01
2.318534499999999825e+05 -2.472288999999999959e+01
2.318535249999999942e+05 -2.142161000000000115e+01
2.318535999999999767e+05 -2.163634000000000057e+01
2.318536749999999884e+05 -2.092917999999999878e+01
2.318537500000000000e+05 -2.576554000000000144e+01
2.318538249999999825e+05 -2.302725999999999829e+01
2.318538999999999942e+05 -2.357133999999999929e+01
2.318539749999999767e+05 -1.995928999999999931e+01
2.318540499999999884e+05 -2.074108999999999980e+01
2.318541250000000000e+05 -2.167513999999999896e+01
2.318541999999999825e+05 -2.062836000000000070e+01
2.318542749999999942e+05 -2.337395000000000067e+01
2.318543499999999767e+05 -2.294143000000000043e+01
2.318544249999999884e+05 -2.134131999999999962e+01
2.318545000000000000e+05 -2.318559000000000125e+01
2.318545749999999825e+05 -2.298686000000000007e+01
2.318546499999999942e+05 -2.402084999999999937e+01
2.318547249999999767e+05 -2.697425000000000139e+01
2.318547999999999884e+05 -2.092229000000000028e+01
2.318548750000000000e+05 -2.251752000000000109e+01
2.318549499999999825e+05 -2.005470000000000041e+01
2.318550249999999942e+05 -2.163229000000000113e+01
2.318550999999999767e+05 -1.984742999999999924e+01
2.318551749999999884e+05 -2.239753999999999934e+01
2.318552500000000000e+05 -1.959231000000000122e+01
2.318553249999999825e+05 -2.613945999999999970e+01
2.318553999999999942e+05 -2.559731999999999985e+01
2.318554749999999767e+05 -2.353677000000000064e+01
2.318555499999999884e+05 -1.932768000000000086e+01
2.318556250000000000e+05 -2.106741999999999848e+01
2.318556999999999825e+05 -2.161446000000000112e+01
2.318557749999999942e+05 -2.047859000000000052e+01
2.318558499999999767e+05 -2.174184999999999945e+01
2.318559249999999884e+05 -1.950778000000000034e+01
2.318560000000000000e+05 -2.254285000000000139e+01
2.318560749999999825e+05 -2.372684999999999889e+01
2.318561499999999942e+05 -2.073104999999999976e+01
2.318562249999999767e+05 -1.911646000000000001e+01
2.318562999999999884e+05 -2.157070999999999827e+01
2.318563750000000000e+05 -2.067382999999999882e+01
2.318564499999999825e+05 -2.228719999999999857e+01
2.318565249999999942e+05 -2.142051999999999978e+01
2.318565999999999767e+05 -2.178697999999999979e+01
2.318566749999999884e+05 -2.037631000000000014e+01
2.318567500000000000e+05 -2.083326999999999884e+01
2.318568249999999825e+05 -1.821830999999999889e+01
2.318568999999999942e+05 -2.029132999999999853e+01
2.318569749999999767e+05 -2.135404000000000124e+01
2.318570499999999884e+05 -2.172549000000000063e+01
2.318571250000000000e+05 -2.083566000000000074e+01
2.318571999999999825e+05 -2.173013999999999868e+01
2.318572749999999942e+05 -1.954754000000000147e+01
2.318573499999999767e+05 -2.026904000000000039e+01
2.318574249999999884e+05 -2.163532999999999973e+01
2.318575000000000000e+05 -2.378658000000000072e+01
2.318575749999999825e+05 -1.911667999999999878e+01
2.318576499999999942e+05 -1.931240000000000023e+01
2.318577249999999767e+05 -2.018126000000000175e+01
2.318577999999999884e+05 -2.214252000000000109e+01
2.318578750000000000e+05 -2.240124000000000137e+01
2.318579499999999825e+05 -2.557939999999999969e+01
2.318580249999999942e+05 -2.303661999999999921e+01
2.318580999999999767e+05 -1.945159999999999911e+01
2.318581749999999884e+05 -2.077657999999999916e+01
2.318582500000000000e+05 -1.963516999999999868e+01
2.318583249999999825e+05 -1.964000000000000057e+01
2.318583999999999942e+05 -2.021997999999999962e+01
2.318584749999999767e+05 -2.320153000000000176e+01
2.318585499999999884e+05 -1.846294999999999931e+01
2.318586250000000000e+05 -2.315683999999999898e+01
2.318586999999999825e+05 -2.146790000000000020e+01
2.318587749999999942e+05 -1.991273999999999944e+01
2.318588499999999767e+05 -2.000149000000000044e+01
2.318589249999999884e+05 -2.275141999999999953e+01
2.318590000000000000e+05 -1.943672000000000111e+01
2.318590749999999825e+05 -1.929318999999999917e+01
2.318591499999999942e+05 -2.326720999999999862e+01
2.318592249999999767e+05 -2.097730999999999923e+01
2.318592999999999884e+05 -1.948992000000000147e+01
2.318593750000000000e+05 -1.804515999999999920e+01
2.318594499999999825e+05 -2.223416999999999888e+01
2.318595249999999942e+05 -2.021118999999999843e+01
2.318595999999999767e+05 -2.234245999999999910e+01
2.318596749999999884e+05 -2.049128999999999934e+01
2.318597500000000000e+05 -2.070335000000000036e+01
2.318598249999999825e+05 -1.975285999999999831e+01
2.318598999999999942e+05 -2.006928999999999874e+01
2.318599749999999767e+05 -1.891508999999999929e+01
2.318600499999999884e+05 -2.136257000000000161e+01
2.318601250000000000e+05 -1.965324999999999989e+01
2.318601999999999825e+05 -1.934953000000000145e+01
2.318602749999999942e+05 -2.136090000000000089e+01
2.318603499999999767e+05 -2.295709000000000088e+01
2.318604249999999884e+05 -1.811079000000000150e+01
2.318605000000000000e+05 -1.836855999999999867e+01
2.318605749999999825e+05 -1.907439000000000107e+01
2.318606499999999942e+05 -1.948168000000000077e+01
2.318607249999999767e+05 -1.909521000000000157e+01
2.318607999999999884e+05 -2.241329999999999956e+01
2.318608750000000000e+05 -2.005465999999999838e+01
2.318609499999999825e+05 -1.909255999999999887e+01
2.318610249999999942e+05 -2.059944000000000131e+01
2.318610999999999767e+05 -1.932047000000000025e+01
2.318611749999999884e+05 -1.738043000000000049e+01
2.318612500000000000e+05 -2.095319999999999894e+01
2.318613249999999825e+05 -1.889667000000000030e+01
2.318613999999999942e+05 -2.339150000000000063e+01
2.318614749999999767e+05 -2.135561999999999827e+01
2.318615499999999884e+05 -1.723603999999999914e+01
2.318616250000000000e+05 -2.061095999999999862e+01
2.318616999999999825e+05 -1.871144999999999925e+01
2.318617749999999942e+05 -1.914915999999999840e+01
2.318618499999999767e+05 -1.979153000000000162e+01
2.318619249999999884e+05 -1.987208000000000041e+01
2.318620000000000000e+05 -1.881634000000000029e+01
2.318620749999999825e+05 -2.111861000000000033e+01
2.318621499999999942e+05 -2.083089000000000013e+01
2.318622249999999767e+05 -1.956418000000000035e+01
2.318622999999999884e+05 -2.023327000000000098e+01
2.318623750000000000e+05 -2.011167000000000016e+01
2.318624499999999825e+05 -1.883924999999999983e+01
2.318625249999999942e+05 -1.710221999999999909e+01
2.318625999999999767e+05 -1.828988000000000014e+01
2.318626749999999884e+05 -1.927295000000000158e+01
2.318627500000000000e+05 -1.895097000000000165e+01
2.318628249999999825e+05 -2.039414999999999978e+01
2.318628999999999942e+05 -1.999694999999999823e+01
2.318629749999999767e+05 -1.741321999999999903e+01
2.318630499999999884e+05 -2.432795000000000130e+01
2.318631250000000000e+05 -2.074454000000000065e+01
2.318631999999999825e+05 -2.191207999999999956e+01
2.318632749999999942e+05 -1.868758000000000052e+01
2.318633499999999767e+05 -1.994689999999999941e+01
2.318634249999999884e+05 -2.034075999999999951e+01
2.318635000000000000e+05 -1.690775999999999968e+01
2.318635749999999825e+05 -1.959900000000000020e+01
2.318636499999999942e+05 -2.186110000000000042e+01
2.318637249999999767e+05 -1.966948999999999970e+01
2.318637999999999884e+05 -1.929695999999999856e+01
2.318638750000000000e+05 -2.084865999999999886e+01
2.318639499999999825e+05 -2.109741000000000000e+01
2.318640249999999942e+05 -2.022871999999999915e+01
2.318640999999999767e+05 -1.999099000000000004e+01
2.318641749999999884e+05 -1.917614000000000019e+01
2.318642500000000000e+05 -1.949806999999999846e+01
2.318643249999999825e+05 -1.939198000000000022e+01
2.318643999999999942e+05 -1.917735000000000056e+01
2.318644749999999767e+05 -1.830704000000000065e+01
2.318645499999999884e+05 -2.028988000000000014e+01
