# Temperature: None K
2.319844461183400126e+05 -1.452081909179690058e+02
2.319844711327483237e+05 -1.406517028808590055e+02
2.319844961471566057e+05 -1.531008453369140057e+02
2.319845211615649168e+05 -1.505408325195309942e+02
2.319845461759731988e+05 -1.389172210693359943e+02
2.319845711903815100e+05 -1.483372955322269888e+02
2.319845962047898211e+05 -1.361990814208980112e+02
2.319846212191981031e+05 -1.396518402099609943e+02
2.319846462336064142e+05 -1.378975677490230112e+02
2.319846712480147253e+05 -1.512771606445309942e+02
2.319846962624230073e+05 -1.415360870361330115e+02
2.319847212768313184e+05 -1.425666198730469887e+02
2.319847462912396004e+05 -1.391955108642580115e+02
2.319847713056479115e+05 -1.478175659179690058e+02
2.319847963200562226e+05 -1.459313812255859943e+02
2.319848213344645046e+05 -1.490914154052730112e+02
2.319848463488728157e+05 -1.537052154541019888e+02
2.319848713632810977e+05 -1.452485656738280113e+02
2.319848963776894088e+05 -1.477435302734380116e+02
2.319849213920977199e+05 -1.451561431884769888e+02
2.319849464065060019e+05 -1.357659454345699999e+02
2.319849714209143131e+05 -1.360711364746090055e+02
2.319849964353226242e+05 -1.412816467285159945e+02
2.319850214497309062e+05 -1.366319427490230112e+02
2.319850464641392173e+05 -1.426919708251949999e+02
2.319850714785474993e+05 -1.440042266845699999e+02
2.319850964929558104e+05 -1.569475708007809942e+02
2.319851215073641215e+05 -1.400684967041019888e+02
2.319851465217724035e+05 -1.418706665039059942e+02
2.319851715361807146e+05 -1.436982421875000000e+02
2.319851965505890257e+05 -1.411818084716800001e+02
2.319852215649973077e+05 -1.437473449707030113e+02
2.319852465794056188e+05 -1.450796203613280113e+02
2.319852715938139008e+05 -1.356439971923830115e+02
2.319852966082222119e+05 -1.439359588623050001e+02
2.319853216226305231e+05 -1.378121795654300001e+02
2.319853466370388051e+05 -1.398450164794919885e+02
2.319853716514471162e+05 -1.411347503662109943e+02
2.319853966658553982e+05 -1.448050231933590055e+02
2.319854216802637093e+05 -1.347281036376949999e+02
2.319854466946720204e+05 -1.345172882080080115e+02
2.319854717090803024e+05 -1.405881958007809942e+02
2.319854967234886135e+05 -1.442871398925780113e+02
2.319855217378969246e+05 -1.374788818359380116e+02
2.319855467523052066e+05 -1.443071136474609943e+02
2.319855717667135177e+05 -1.404076080322269888e+02
2.319855967811217997e+05 -1.408296661376949999e+02
2.319856217955301108e+05 -1.462924346923830115e+02
2.319856468099384219e+05 -1.361720428466800001e+02
2.319856718243467039e+05 -1.422611694335940058e+02
2.319856968387550151e+05 -1.467229461669919885e+02
2.319857218531632971e+05 -1.413006591796880116e+02
2.319857468675716082e+05 -1.383278656005859943e+02
2.319857718819799193e+05 -1.432966308593750000e+02
2.319857968963882013e+05 -1.522927856445309942e+02
2.319858219107965124e+05 -1.437954101562500000e+02
2.319858469252048235e+05 -1.457397003173830115e+02
2.319858719396131055e+05 -1.459630279541019888e+02
2.319858969540214166e+05 -1.396968078613280113e+02
2.319859219684296986e+05 -1.379615936279300001e+02
2.319859469828380097e+05 -1.347683715820309942e+02
2.319859719972463208e+05 -1.445404357910159945e+02
2.319859970116546028e+05 -1.351101074218750000e+02
2.319860220260629139e+05 -1.449068450927730112e+02
2.319860470404712250e+05 -1.479589080810550001e+02
2.319860720548795070e+05 -1.515983276367190058e+02
2.319860970692878182e+05 -1.425283508300780113e+02
2.319861220836961002e+05 -1.410829772949219887e+02
2.319861470981044113e+05 -1.360594024658199999e+02
2.319861721125127224e+05 -1.459933013916019888e+02
2.319861971269210044e+05 -1.408733062744140057e+02
2.319862221413293155e+05 -1.331386718750000000e+02
2.319862471557375975e+05 -1.540577697753909945e+02
2.319862721701459086e+05 -1.365901336669919885e+02
2.319862971845542197e+05 -1.461279754638669885e+02
2.319863221989625017e+05 -1.448624267578119884e+02
2.319863472133708128e+05 -1.399671173095699999e+02
2.319863722277791239e+05 -1.415534667968750000e+02
2.319863972421874059e+05 -1.432337188720699999e+02
2.319864222565957170e+05 -1.474934082031250000e+02
2.319864472710039990e+05 -1.482088317871090055e+02
2.319864722854123102e+05 -1.424674072265630116e+02
2.319864972998206213e+05 -1.383115081787109943e+02
2.319865223142289033e+05 -1.463861541748050001e+02
2.319865473286372144e+05 -1.638488464355469887e+02
2.319865723430454964e+05 -1.435852508544919885e+02
2.319865973574538075e+05 -1.403633728027340055e+02
2.319866223718621186e+05 -1.407306213378909945e+02
2.319866473862704006e+05 -1.446101379394530113e+02
2.319866724006787117e+05 -1.392460632324219887e+02
2.319866974150870228e+05 -1.400036010742190058e+02
2.319867224294953048e+05 -1.354845123291019888e+02
2.319867474439036159e+05 -1.394121704101559942e+02
2.319867724583118979e+05 -1.363467864990230112e+02
2.319867974727202090e+05 -1.425825500488280113e+02
2.319868224871285202e+05 -1.446616516113280113e+02
2.319868475015368022e+05 -1.347557525634769888e+02
2.319868725159451133e+05 -1.345581970214840055e+02
2.319868975303534244e+05 -1.434809417724609943e+02
2.319869225447617064e+05 -1.366837310791019888e+02
2.319869475591700175e+05 -1.386306304931640057e+02
2.319869725735782995e+05 -1.423446502685550001e+02
2.319869975879866106e+05 -1.456878814697269888e+02
2.319870226023949217e+05 -1.419088134765630116e+02
2.319870476168032037e+05 -1.389216461181640057e+02
2.319870726312115148e+05 -1.433232727050780113e+02
2.319870976456197968e+05 -1.408125152587890057e+02
2.319871226600281079e+05 -1.451209869384769888e+02
2.319871476744364190e+05 -1.524090881347659945e+02
2.319871726888447010e+05 -1.339855957031250000e+02
2.319871977032530122e+05 -1.600133819580080115e+02
2.319872227176613233e+05 -1.510975646972659945e+02
2.319872477320696053e+05 -1.401967773437500000e+02
2.319872727464779164e+05 -1.437208404541019888e+02
2.319872977608861984e+05 -1.396099700927730112e+02
2.319873227752945095e+05 -1.362260131835940058e+02
2.319873477897028206e+05 -1.487946014404300001e+02
2.319873728041111026e+05 -1.430786437988280113e+02
2.319873978185194137e+05 -1.452855377197269888e+02
2.319874228329276957e+05 -1.460074157714840055e+02
2.319874478473360068e+05 -1.438542175292969887e+02
2.319874728617443179e+05 -1.361011352539059942e+02
2.319874978761525999e+05 -1.416720123291019888e+02
2.319875228905609110e+05 -1.397816162109380116e+02
2.319875479049692221e+05 -1.388421020507809942e+02
2.319875729193775041e+05 -1.424396972656250000e+02
2.319875979337858153e+05 -1.427630462646480112e+02
2.319876229481940973e+05 -1.453567504882809942e+02
2.319876479626024084e+05 -1.441706085205080115e+02
2.319876729770107195e+05 -1.485530700683590055e+02
2.319876979914190015e+05 -1.484157409667969887e+02
2.319877230058273126e+05 -1.331929473876949999e+02
2.319877480202356237e+05 -1.345783843994140057e+02
2.319877730346439057e+05 -1.345577087402340055e+02
2.319877980490522168e+05 -1.507274627685550001e+02
2.319878230634604988e+05 -1.387589416503909945e+02
2.319878480778688099e+05 -1.359651031494140057e+02
2.319878730922771210e+05 -1.418635406494140057e+02
2.319878981066854030e+05 -1.478356323242190058e+02
2.319879231210937141e+05 -1.449519348144530113e+02
2.319879481355019961e+05 -1.376882171630859943e+02
2.319879731499103073e+05 -1.426853485107419885e+02
2.319879981643186184e+05 -1.439317169189449999e+02
2.319880231787269004e+05 -1.384831848144530113e+02
2.319880481931352115e+05 -1.428910675048830115e+02
2.319880732075435226e+05 -1.506317596435550001e+02
2.319880982219518046e+05 -1.446135101318359943e+02
2.319881232363601157e+05 -1.456714324951169885e+02
2.319881482507683977e+05 -1.405683593750000000e+02
2.319881732651767088e+05 -1.483318939208980112e+02
2.319881982795850199e+05 -1.507846832275390057e+02
2.319882232939933019e+05 -1.494811401367190058e+02
2.319882483084016130e+05 -1.420371398925780113e+02
2.319882733228098950e+05 -1.519220733642580115e+02
2.319882983372182061e+05 -1.423071441650390057e+02
2.319883233516265173e+05 -1.366815948486330115e+02
2.319883483660347993e+05 -1.416545104980469887e+02
2.319883733804431104e+05 -1.474786834716800001e+02
2.319883983948514215e+05 -1.414688262939449999e+02
2.319884234092597035e+05 -1.360344848632809942e+02
2.319884484236680146e+05 -1.394828491210940058e+02
2.319884734380762966e+05 -1.394576568603519888e+02
2.319884984524846077e+05 -1.435057220458980112e+02
2.319885234668929188e+05 -1.419319458007809942e+02
2.319885484813012008e+05 -1.482233276367190058e+02
2.319885734957095119e+05 -1.437669219970699999e+02
2.319885985101178230e+05 -1.427191009521480112e+02
2.319886235245261050e+05 -1.362251586914059942e+02
2.319886485389344161e+05 -1.394692230224609943e+02
2.319886735533426981e+05 -1.382675323486330115e+02
2.319886985677510093e+05 -1.431969299316409945e+02
2.319887235821593204e+05 -1.418155517578119884e+02
2.319887485965676024e+05 -1.400462951660159945e+02
2.319887736109759135e+05 -1.501766815185550001e+02
2.319887986253841955e+05 -1.350035858154300001e+02
2.319888236397925066e+05 -1.456565399169919885e+02
2.319888486542008177e+05 -1.409246368408199999e+02
2.319888736686090997e+05 -1.475187072753909945e+02
2.319888986830174108e+05 -1.428482818603519888e+02
2.319889236974257219e+05 -1.345857238769530113e+02
2.319889487118340039e+05 -1.401121826171869884e+02
2.319889737262423150e+05 -1.446960144042969887e+02
2.319889987406505970e+05 -1.448450164794919885e+02
2.319890237550589081e+05 -1.408090362548830115e+02
2.319890487694672192e+05 -1.433157501220699999e+02
2.319890737838755012e+05 -1.421525573730469887e+02
2.319890987982838124e+05 -1.376246643066409945e+02
2.319891238126920944e+05 -1.403793334960940058e+02
2.319891488271004055e+05 -1.440351867675780113e+02
2.319891738415087166e+05 -1.432527160644530113e+02
2.319891988559169986e+05 -1.417739868164059942e+02
2.319892238703253097e+05 -1.392083435058590055e+02
2.319892488847336208e+05 -1.414369812011719887e+02
2.319892738991419028e+05 -1.408070068359369884e+02
2.319892989135502139e+05 -1.431565704345699999e+02
2.319893239279584959e+05 -1.362412414550780113e+02
2.319893489423668070e+05 -1.361025543212890057e+02
2.319893739567751181e+05 -1.369528808593750000e+02
2.319893989711834001e+05 -1.478464050292969887e+02
2.319894239855917112e+05 -1.432302703857419885e+02
2.319894490000000224e+05 -1.451906890869140057e+02
2.319894740144083044e+05 -1.329745635986330115e+02
2.319894990288166155e+05 -1.342134246826169885e+02
2.319895240432248975e+05 -1.396850738525390057e+02
2.319895490576332086e+05 -1.403736877441409945e+02
2.319895740720415197e+05 -1.450186004638669885e+02
2.319895990864498017e+05 -1.386616821289059942e+02
2.319896241008581128e+05 -1.442826232910159945e+02
2.319896491152663948e+05 -1.392303314208980112e+02
2.319896741296747059e+05 -1.493714752197269888e+02
2.319896991440830170e+05 -1.461068572998050001e+02
2.319897241584912990e+05 -1.416938323974609943e+02
2.319897491728996101e+05 -1.545141754150390057e+02
2.319897741873079212e+05 -1.422872619628909945e+02
2.319897992017162032e+05 -1.355127716064449999e+02
2.319898242161245144e+05 -1.389823760986330115e+02
2.319898492305327964e+05 -1.385238647460940058e+02
2.319898742449411075e+05 -1.415817413330080115e+02
2.319898992593494186e+05 -1.376898193359369884e+02
2.319899242737577006e+05 -1.406280059814449999e+02
2.319899492881660117e+05 -1.370512847900390057e+02
2.319899743025742937e+05 -1.512576599121090055e+02
2.319899993169826048e+05 -1.373520660400390057e+02
2.319900243313909159e+05 -1.500767517089840055e+02
2.319900493457991979e+05 -1.376909332275390057e+02
2.319900743602075090e+05 -1.388167572021480112e+02
2.319900993746158201e+05 -1.462008209228519888e+02
2.319901243890241021e+05 -1.355358428955080115e+02
2.319901494034324132e+05 -1.419419403076169885e+02
2.319901744178406952e+05 -1.459312896728519888e+02
2.319901994322490063e+05 -1.485559997558590055e+02
2.319902244466573175e+05 -1.356694335937500000e+02
2.319902494610655995e+05 -1.388874053955080115e+02
2.319902744754739106e+05 -1.501392364501949999e+02
2.319902994898821926e+05 -1.445126037597659945e+02
2.319903245042905037e+05 -1.537801361083980112e+02
2.319903495186988148e+05 -1.396265563964840055e+02
2.319903745331070968e+05 -1.354907073974609943e+02
2.319903995475154079e+05 -1.437772521972659945e+02
2.319904245619237190e+05 -1.380114746093750000e+02
2.319904495763320010e+05 -1.555156860351559942e+02
2.319904745907403121e+05 -1.456612243652340055e+02
2.319904996051485941e+05 -1.426679687500000000e+02
2.319905246195569052e+05 -1.357505493164059942e+02
2.319905496339652163e+05 -1.415407257080080115e+02
2.319905746483734983e+05 -1.393500823974609943e+02
2.319905996627818095e+05 -1.415172576904300001e+02
2.319906246771901206e+05 -1.395838928222659945e+02
2.319906496915984026e+05 -1.385085754394530113e+02
2.319906747060067137e+05 -1.510911407470699999e+02
2.319906997204149957e+05 -1.370244750976559942e+02
2.319907247348233068e+05 -1.399631958007809942e+02
2.319907497492316179e+05 -1.382377014160159945e+02
2.319907747636398999e+05 -1.408074645996090055e+02
2.319907997780482110e+05 -1.405762939453130116e+02
2.319908247924564930e+05 -1.464605560302730112e+02
2.319908498068648041e+05 -1.401251068115230112e+02
2.319908748212731152e+05 -1.494557647705080115e+02
2.319908998356813972e+05 -1.445976867675780113e+02
2.319909248500897083e+05 -1.378193511962890057e+02
2.319909498644980195e+05 -1.335035705566409945e+02
2.319909748789063015e+05 -1.345894012451169885e+02
2.319909998933146126e+05 -1.395206451416019888e+02
2.319910249077228946e+05 -1.360874176025390057e+02
2.319910499221312057e+05 -1.380804901123050001e+02
2.319910749365395168e+05 -1.384258728027340055e+02
2.319910999509477988e+05 -1.436883697509769888e+02
2.319911249653561099e+05 -1.445848846435550001e+02
2.319911499797643919e+05 -1.337799072265619884e+02
2.319911749941727030e+05 -1.433465881347659945e+02
2.319912000085810141e+05 -1.432122497558590055e+02
2.319912250229892961e+05 -1.426858062744140057e+02
2.319912500373976072e+05 -1.471898803710940058e+02
2.319912750518059183e+05 -1.449681091308590055e+02
2.319913000662142003e+05 -1.404905090332030113e+02
2.319913250806225115e+05 -1.488133544921869884e+02
2.319913500950307935e+05 -1.359458770751949999e+02
2.319913751094391046e+05 -1.382378997802730112e+02
2.319914001238474157e+05 -1.532831573486330115e+02
2.319914251382556977e+05 -1.342090606689449999e+02
2.319914501526640088e+05 -1.405964202880859943e+02
2.319914751670723199e+05 -1.444076843261719887e+02
2.319915001814806019e+05 -1.454400482177730112e+02
2.319915251958889130e+05 -1.336653137207030113e+02
2.319915502102971950e+05 -1.532126464843750000e+02
2.319915752247055061e+05 -1.460551452636719887e+02
2.319916002391138172e+05 -1.441118927001949999e+02
2.319916252535220992e+05 -1.395364227294919885e+02
2.319916502679304103e+05 -1.430348358154300001e+02
2.319916752823386923e+05 -1.401256561279300001e+02
2.319917002967470034e+05 -1.433417510986330115e+02
2.319917253111553146e+05 -1.464533691406250000e+02
2.319917503255635966e+05 -1.495889587402340055e+02
2.319917753399719077e+05 -1.477062225341800001e+02
2.319918003543802188e+05 -1.398684539794919885e+02
2.319918253687885008e+05 -1.392847900390619884e+02
2.319918503831968119e+05 -1.366126556396480112e+02
2.319918753976050939e+05 -1.380047912597659945e+02
2.319919004120134050e+05 -1.436956176757809942e+02
2.319919254264217161e+05 -1.425804901123050001e+02
2.319919504408299981e+05 -1.415458068847659945e+02
2.319919754552383092e+05 -1.570450286865230112e+02
2.319920004696465912e+05 -1.550679168701169885e+02
2.319920254840549023e+05 -1.434362792968750000e+02
2.319920504984632134e+05 -1.461749877929690058e+02
2.319920755128714954e+05 -1.417699890136719887e+02
2.319921005272798066e+05 -1.475794372558590055e+02
2.319921255416881177e+05 -1.408373413085940058e+02
2.319921505560963997e+05 -1.376106872558590055e+02
2.319921755705047108e+05 -1.485546722412109943e+02
2.319922005849129928e+05 -1.412766876220699999e+02
2.319922255993213039e+05 -1.409274291992190058e+02
2.319922506137296150e+05 -1.416621704101559942e+02
2.319922756281378970e+05 -1.415901031494140057e+02
2.319923006425462081e+05 -1.437397460937500000e+02
2.319923256569545192e+05 -1.442959594726559942e+02
2.319923506713628012e+05 -1.398051300048830115e+02
2.319923756857711123e+05 -1.384175415039059942e+02
2.319924007001793943e+05 -1.349349517822269888e+02
2.319924257145877054e+05 -1.481654205322269888e+02
2.319924507289960166e+05 -1.354789886474609943e+02
2.319924757434042986e+05 -1.448029327392580115e+02
2.319925007578126097e+05 -1.371960449218750000e+02
2.319925257722208917e+05 -1.440650939941409945e+02
2.319925507866292028e+05 -1.365601501464840055e+02
2.319925758010375139e+05 -1.511987609863280113e+02
2.319926008154457959e+05 -1.435765533447269888e+02
2.319926258298541070e+05 -1.426093444824219887e+02
2.319926508442624181e+05 -1.549514617919919885e+02
2.319926758586707001e+05 -1.457564697265630116e+02
2.319927008730790112e+05 -1.395572662353519888e+02
2.319927258874872932e+05 -1.373047637939449999e+02
2.319927509018956043e+05 -1.454253845214840055e+02
2.319927759163039154e+05 -1.396562042236330115e+02
2.319928009307121974e+05 -1.461656036376949999e+02
2.319928259451205085e+05 -1.456819000244140057e+02
2.319928509595287906e+05 -1.399908599853519888e+02
2.319928759739371017e+05 -1.345937652587890057e+02
2.319929009883454128e+05 -1.410756378173830115e+02
2.319929260027536948e+05 -1.429237213134769888e+02
2.319929510171620059e+05 -1.481651458740230112e+02
2.319929760315703170e+05 -1.438138580322269888e+02
2.319930010459785990e+05 -1.381284027099609943e+02
2.319930260603869101e+05 -1.535903320312500000e+02
2.319930510747951921e+05 -1.479667968750000000e+02
2.319930760892035032e+05 -1.390709991455080115e+02
2.319931011036118143e+05 -1.504662475585940058e+02
2.319931261180200963e+05 -1.305150299072269888e+02
2.319931511324284074e+05 -1.375856323242190058e+02
2.319931761468367185e+05 -1.631927795410159945e+02
2.319932011612450005e+05 -1.435803070068359943e+02
2.319932261756533117e+05 -1.373337707519530113e+02
2.319932511900615937e+05 -1.417005004882809942e+02
2.319932762044699048e+05 -1.466716918945309942e+02
2.319933012188782159e+05 -1.396426239013669885e+02
2.319933262332864979e+05 -1.488507385253909945e+02
2.319933512476948090e+05 -1.391212921142580115e+02
2.319933762621030910e+05 -1.380045776367190058e+02
2.319934012765114021e+05 -1.388861389160159945e+02
2.319934262909197132e+05 -1.475448455810550001e+02
2.319934513053279952e+05 -1.393921356201169885e+02
2.319934763197363063e+05 -1.520151062011719887e+02
2.319935013341446174e+05 -1.385866546630859943e+02
2.319935263485528994e+05 -1.443741455078119884e+02
2.319935513629612105e+05 -1.424039001464840055e+02
2.319935763773694925e+05 -1.540060729980469887e+02
2.319936013917778037e+05 -1.445961456298830115e+02
2.319936264061861148e+05 -1.419854125976559942e+02
2.319936514205943968e+05 -1.380280609130859943e+02
2.319936764350027079e+05 -1.404874267578130116e+02
2.319937014494109899e+05 -1.462438049316409945e+02
2.319937264638193010e+05 -1.393160705566409945e+02
2.319937514782276121e+05 -1.444232330322269888e+02
2.319937764926358941e+05 -1.399998016357419885e+02
2.319938015070442052e+05 -1.497469177246090055e+02
2.319938265214525163e+05 -1.480361175537109943e+02
2.319938515358607983e+05 -1.420554046630859943e+02
2.319938765502691094e+05 -1.420381164550780113e+02
2.319939015646773914e+05 -1.442165832519530113e+02
2.319939265790857025e+05 -1.533264770507809942e+02
2.319939515934940137e+05 -1.412414398193359943e+02
2.319939766079022957e+05 -1.555444946289059942e+02
2.319940016223106068e+05 -1.413034362792969887e+02
2.319940266367189179e+05 -1.410731811523440058e+02
2.319940516511271999e+05 -1.366636810302730112e+02
2.319940766655355110e+05 -1.478252868652340055e+02
2.319941016799437930e+05 -1.429949188232419885e+02
2.319941266943521041e+05 -1.431292114257809942e+02
2.319941517087604152e+05 -1.373262023925780113e+02
2.319941767231686972e+05 -1.429103393554690058e+02
2.319942017375770083e+05 -1.427003479003909945e+02
2.319942267519852903e+05 -1.394478759765619884e+02
2.319942517663936014e+05 -1.376707153320309942e+02
2.319942767808019125e+05 -1.568179931640630116e+02
2.319943017952101945e+05 -1.424021453857419885e+02
2.319943268096185056e+05 -1.534529724121090055e+02
2.319943518240268168e+05 -1.494227600097659945e+02
2.319943768384350988e+05 -1.516252441406250000e+02
2.319944018528434099e+05 -1.520114288330080115e+02
2.319944268672516919e+05 -1.384430541992190058e+02
2.319944518816600030e+05 -1.359244079589840055e+02
