# Temperature: None K
2.317390000000000000e+05 -1.979589999999999961e+01
2.317390750000000116e+05 -1.743706999999999852e+01
2.317391499999999942e+05 -1.951239999999999952e+01
2.317392250000000058e+05 -2.298532000000000153e+01
2.317392999999999884e+05 -2.211279000000000039e+01
2.317393750000000000e+05 -2.232539999999999836e+01
2.317394500000000116e+05 -2.066848999999999847e+01
2.317395249999999942e+05 -1.956797999999999860e+01
2.317396000000000058e+05 -1.934236999999999895e+01
2.317396749999999884e+05 -1.910065000000000168e+01
2.317397500000000000e+05 -2.228060999999999936e+01
2.317398250000000116e+05 -2.019527000000000072e+01
2.317398999999999942e+05 -2.072804999999999964e+01
2.317399750000000058e+05 -1.992908999999999864e+01
2.317400499999999884e+05 -1.905170000000000030e+01
2.317401250000000000e+05 -1.957435999999999865e+01
2.317402000000000116e+05 -1.836758000000000024e+01
2.317402749999999942e+05 -1.881624000000000052e+01
2.317403500000000058e+05 -2.178000000000000114e+01
2.317404249999999884e+05 -1.850702000000000069e+01
2.317405000000000000e+05 -2.059303999999999846e+01
2.317405750000000116e+05 -1.828573000000000093e+01
2.317406499999999942e+05 -1.864027000000000100e+01
2.317407250000000058e+05 -1.844275000000000020e+01
2.317407999999999884e+05 -2.065502000000000038e+01
2.317408750000000000e+05 -1.808588999999999913e+01
2.317409500000000116e+05 -2.152826999999999913e+01
2.317410249999999942e+05 -1.768252000000000024e+01
2.317411000000000058e+05 -1.978663999999999845e+01
2.317411749999999884e+05 -2.262321999999999989e+01
2.317412500000000000e+05 -1.920777000000000001e+01
2.317413250000000116e+05 -1.742901000000000167e+01
2.317413999999999942e+05 -2.119996000000000080e+01
2.317414750000000058e+05 -1.911977999999999867e+01
2.317415499999999884e+05 -1.848059999999999903e+01
2.317416250000000000e+05 -2.072795999999999950e+01
2.317417000000000116e+05 -1.804853999999999914e+01
2.317417749999999942e+05 -1.858211999999999975e+01
2.317418500000000058e+05 -1.919299000000000177e+01
2.317419249999999884e+05 -1.927305000000000135e+01
2.317420000000000000e+05 -1.945416000000000167e+01
2.317420750000000116e+05 -2.042246000000000095e+01
2.317421499999999942e+05 -1.849247000000000085e+01
2.317422250000000058e+05 -1.962642999999999915e+01
2.317422999999999884e+05 -1.883595000000000041e+01
2.317423750000000000e+05 -1.793190999999999846e+01
2.317424500000000116e+05 -1.925044000000000111e+01
2.317425249999999942e+05 -1.879324000000000083e+01
2.317426000000000058e+05 -1.957406999999999897e+01
2.317426749999999884e+05 -2.003258999999999901e+01
2.317427500000000000e+05 -1.922356999999999871e+01
2.317428250000000116e+05 -1.920191000000000159e+01
2.317428999999999942e+05 -1.932308000000000092e+01
2.317429750000000058e+05 -1.868277000000000143e+01
2.317430499999999884e+05 -2.356330000000000169e+01
2.317431250000000000e+05 -1.824405000000000143e+01
2.317432000000000116e+05 -2.147190000000000154e+01
2.317432749999999942e+05 -1.798601000000000028e+01
2.317433500000000058e+05 -1.894998999999999967e+01
2.317434249999999884e+05 -2.001417999999999964e+01
2.317435000000000000e+05 -1.832078999999999880e+01
2.317435750000000116e+05 -1.851417999999999964e+01
2.317436499999999942e+05 -2.165752000000000166e+01
2.317437250000000058e+05 -1.883541999999999916e+01
2.317437999999999884e+05 -1.837147999999999826e+01
2.317438750000000000e+05 -2.128847000000000023e+01
2.317439500000000116e+05 -2.122606000000000037e+01
2.317440249999999942e+05 -2.036286000000000129e+01
2.317441000000000058e+05 -1.982458000000000098e+01
2.317441749999999884e+05 -1.948134999999999906e+01
2.317442500000000000e+05 -2.028038000000000096e+01
2.317443250000000116e+05 -1.814451000000000036e+01
2.317443999999999942e+05 -1.673571000000000097e+01
2.317444750000000058e+05 -1.858772000000000091e+01
2.317445499999999884e+05 -1.704811000000000121e+01
2.317446250000000000e+05 -1.799909999999999854e+01
2.317447000000000116e+05 -2.064322999999999908e+01
2.317447749999999942e+05 -1.782741000000000042e+01
2.317448500000000058e+05 -1.779010999999999854e+01
2.317449249999999884e+05 -1.957665000000000077e+01
2.317450000000000000e+05 -2.061433999999999855e+01
2.317450750000000116e+05 -1.654079000000000121e+01
2.317451499999999942e+05 -1.804515999999999920e+01
2.317452250000000058e+05 -1.875985999999999976e+01
2.317452999999999884e+05 -2.068636000000000053e+01
2.317453750000000000e+05 -1.907103999999999999e+01
2.317454500000000116e+05 -1.921200999999999937e+01
2.317455249999999942e+05 -1.819829000000000008e+01
2.317456000000000058e+05 -1.675461999999999918e+01
2.317456749999999884e+05 -1.961238000000000170e+01
2.317457500000000000e+05 -1.919370999999999938e+01
2.317458250000000116e+05 -2.069784999999999897e+01
2.317458999999999942e+05 -1.738021000000000171e+01
2.317459750000000058e+05 -1.910955999999999833e+01
2.317460499999999884e+05 -1.865921000000000163e+01
2.317461250000000000e+05 -1.704044000000000025e+01
2.317462000000000116e+05 -1.875866999999999862e+01
2.317462749999999942e+05 -1.883188000000000173e+01
2.317463500000000058e+05 -1.831030000000000157e+01
2.317464249999999884e+05 -1.701088000000000022e+01
2.317465000000000000e+05 -1.803241999999999834e+01
2.317465750000000116e+05 -1.730027000000000115e+01
2.317466499999999942e+05 -1.870277000000000100e+01
2.317467250000000058e+05 -2.025829999999999842e+01
2.317467999999999884e+05 -1.750208999999999904e+01
2.317468750000000000e+05 -1.927465000000000117e+01
2.317469500000000116e+05 -2.042437999999999931e+01
2.317470249999999942e+05 -1.642842999999999876e+01
2.317471000000000058e+05 -1.758352000000000004e+01
2.317471749999999884e+05 -1.748149000000000086e+01
2.317472500000000000e+05 -1.947675999999999874e+01
2.317473250000000116e+05 -1.895517999999999859e+01
2.317473999999999942e+05 -1.945448000000000022e+01
2.317474750000000058e+05 -1.953387999999999991e+01
2.317475499999999884e+05 -2.189889000000000152e+01
2.317476250000000000e+05 -1.718402999999999992e+01
2.317477000000000116e+05 -1.840091999999999928e+01
2.317477749999999942e+05 -1.659055000000000035e+01
2.317478500000000058e+05 -1.607994000000000057e+01
2.317479249999999884e+05 -1.601803999999999917e+01
2.317480000000000000e+05 -1.968853999999999971e+01
2.317480750000000116e+05 -1.877384999999999948e+01
2.317481499999999942e+05 -1.618902999999999892e+01
2.317482250000000058e+05 -1.824335999999999913e+01
2.317482999999999884e+05 -1.619694000000000145e+01
2.317483750000000000e+05 -1.707986000000000004e+01
2.317484500000000116e+05 -1.707317000000000107e+01
2.317485249999999942e+05 -2.019381999999999877e+01
2.317486000000000058e+05 -1.632313999999999865e+01
2.317486749999999884e+05 -1.820053000000000054e+01
2.317487500000000000e+05 -1.715155999999999992e+01
2.317488250000000116e+05 -1.769303000000000026e+01
2.317488999999999942e+05 -1.828015999999999863e+01
2.317489750000000058e+05 -1.696259999999999835e+01
2.317490499999999884e+05 -1.546941999999999950e+01
2.317491250000000000e+05 -1.831909999999999883e+01
2.317492000000000116e+05 -1.635809000000000069e+01
2.317492749999999942e+05 -1.634299999999999997e+01
2.317493500000000058e+05 -1.715407000000000082e+01
2.317494249999999884e+05 -1.631492000000000075e+01
2.317495000000000000e+05 -1.831800000000000139e+01
2.317495750000000116e+05 -1.789151999999999987e+01
2.317496499999999942e+05 -1.828032999999999930e+01
2.317497250000000058e+05 -1.714874000000000009e+01
2.317497999999999884e+05 -1.729090000000000060e+01
2.317498750000000000e+05 -1.593519000000000041e+01
2.317499500000000116e+05 -1.621208999999999989e+01
2.317500249999999942e+05 -1.825193000000000154e+01
2.317501000000000058e+05 -1.612642999999999915e+01
2.317501749999999884e+05 -1.703266999999999953e+01
2.317502500000000000e+05 -1.573841999999999963e+01
2.317503250000000116e+05 -1.610185999999999851e+01
2.317503999999999942e+05 -1.652355999999999980e+01
2.317504750000000058e+05 -1.673238999999999876e+01
2.317505499999999884e+05 -1.456171999999999933e+01
2.317506250000000000e+05 -1.541427999999999976e+01
2.317507000000000116e+05 -1.619125999999999976e+01
2.317507749999999942e+05 -1.612209000000000003e+01
2.317508500000000058e+05 -1.592624999999999957e+01
2.317509249999999884e+05 -1.729436000000000107e+01
2.317510000000000000e+05 -1.628804999999999836e+01
2.317510750000000116e+05 -1.576473999999999975e+01
2.317511499999999942e+05 -1.514996999999999971e+01
2.317512250000000058e+05 -1.526781000000000077e+01
2.317512999999999884e+05 -1.590307999999999922e+01
2.317513750000000000e+05 -1.507754000000000083e+01
2.317514500000000116e+05 -1.626924999999999955e+01
2.317515249999999942e+05 -1.399409999999999954e+01
2.317516000000000058e+05 -1.508591000000000015e+01
2.317516749999999884e+05 -1.310308999999999990e+01
2.317517500000000000e+05 -1.379570000000000007e+01
2.317518250000000116e+05 -1.383909000000000056e+01
2.317518999999999942e+05 -1.431953999999999994e+01
2.317519750000000058e+05 -1.433409999999999940e+01
2.317520499999999884e+05 -1.302933999999999948e+01
2.317521250000000000e+05 -1.461101999999999990e+01
2.317522000000000116e+05 -1.393964000000000070e+01
2.317522749999999942e+05 -1.459543999999999997e+01
2.317523500000000058e+05 -1.371180999999999983e+01
2.317524249999999884e+05 -1.371610000000000085e+01
2.317525000000000000e+05 -1.279463999999999935e+01
2.317525750000000116e+05 -1.327064999999999984e+01
2.317526499999999942e+05 -1.303252999999999950e+01
2.317527250000000058e+05 -1.182525000000000048e+01
2.317527999999999884e+05 -1.234670000000000023e+01
2.317528750000000000e+05 -1.244880999999999993e+01
2.317529500000000116e+05 -1.313028000000000084e+01
2.317530249999999942e+05 -1.175558000000000014e+01
2.317531000000000058e+05 -1.204523000000000010e+01
2.317531749999999884e+05 -1.112410000000000032e+01
2.317532500000000000e+05 -1.234575000000000067e+01
2.317533250000000116e+05 -1.137631999999999977e+01
2.317533999999999942e+05 -1.183014999999999972e+01
2.317534750000000058e+05 -1.083114999999999917e+01
2.317535499999999884e+05 -1.109096000000000082e+01
2.317536250000000000e+05 -1.131789999999999985e+01
2.317537000000000116e+05 -1.112219999999999942e+01
2.317537749999999942e+05 -1.147255999999999965e+01
2.317538500000000058e+05 -1.137585999999999942e+01
2.317539249999999884e+05 -1.010200000000000031e+01
2.317540000000000000e+05 -1.035826999999999920e+01
2.317540750000000116e+05 -1.080589999999999939e+01
2.317541499999999942e+05 -1.087682000000000038e+01
2.317542250000000058e+05 -1.125370000000000026e+01
2.317542999999999884e+05 -1.084346000000000032e+01
2.317543750000000000e+05 -1.146193000000000062e+01
2.317544500000000116e+05 -1.146471000000000018e+01
2.317545249999999942e+05 -1.142204000000000086e+01
2.317546000000000058e+05 -1.221025000000000027e+01
2.317546749999999884e+05 -1.233742999999999945e+01
2.317547500000000000e+05 -1.361678000000000033e+01
2.317548250000000116e+05 -1.440011999999999937e+01
2.317548999999999942e+05 -1.372235000000000049e+01
2.317549750000000058e+05 -1.343355000000000032e+01
2.317550499999999884e+05 -1.569333999999999918e+01
2.317551250000000000e+05 -1.624801000000000073e+01
2.317552000000000116e+05 -1.688813999999999993e+01
2.317552749999999942e+05 -1.842724000000000117e+01
2.317553500000000058e+05 -2.042849999999999966e+01
2.317554249999999884e+05 -1.814179000000000030e+01
2.317555000000000000e+05 -2.292579999999999885e+01
2.317555750000000116e+05 -2.055630999999999986e+01
2.317556499999999942e+05 -2.121631999999999962e+01
2.317557250000000058e+05 -2.377965999999999980e+01
2.317557999999999884e+05 -2.835116999999999976e+01
2.317558750000000000e+05 -2.888194000000000017e+01
2.317559500000000116e+05 -2.584922999999999860e+01
2.317560249999999942e+05 -2.646490000000000009e+01
2.317561000000000058e+05 -2.317321000000000097e+01
2.317561749999999884e+05 -2.363029999999999831e+01
2.317562500000000000e+05 -2.252606000000000108e+01
2.317563250000000116e+05 -2.888008999999999915e+01
2.317563999999999942e+05 -2.830030000000000001e+01
2.317564750000000058e+05 -3.292869000000000312e+01
2.317565499999999884e+05 -4.402145000000000152e+01
2.317566250000000000e+05 -2.450153999999999854e+01
2.317567000000000116e+05 -3.097894000000000148e+01
2.317567749999999942e+05 -3.087608000000000175e+01
2.317568500000000058e+05 -3.607088000000000250e+01
2.317569249999999884e+05 -3.087829999999999941e+01
2.317570000000000000e+05 -3.900551000000000101e+01
2.317570750000000116e+05 -2.972464000000000084e+01
2.317571499999999942e+05 -3.088263999999999854e+01
2.317572250000000058e+05 -2.734716999999999842e+01
2.317572999999999884e+05 -3.484915999999999769e+01
2.317573750000000000e+05 -4.138557000000000130e+01
2.317574500000000116e+05 -4.052282999999999902e+01
2.317575249999999942e+05 -3.977080999999999733e+01
2.317576000000000058e+05 -3.376276000000000010e+01
2.317576749999999884e+05 -3.456322000000000116e+01
2.317577500000000000e+05 -3.832139999999999702e+01
2.317578250000000116e+05 -3.225607999999999720e+01
2.317578999999999942e+05 -2.931928999999999874e+01
2.317579750000000058e+05 -5.138414000000000215e+01
2.317580499999999884e+05 -3.058861999999999881e+01
2.317581250000000000e+05 -3.410638000000000147e+01
2.317582000000000116e+05 -3.224681000000000353e+01
2.317582749999999942e+05 -2.761796000000000006e+01
2.317583500000000058e+05 -2.657192999999999827e+01
2.317584249999999884e+05 -2.711786000000000030e+01
2.317585000000000000e+05 -3.405306999999999817e+01
2.317585750000000116e+05 -2.828454999999999941e+01
2.317586499999999942e+05 -5.041651000000000238e+01
2.317587250000000058e+05 -2.667174999999999940e+01
2.317587999999999884e+05 -3.283391999999999911e+01
2.317588750000000000e+05 -3.751171000000000078e+01
2.317589500000000116e+05 -3.144257999999999953e+01
2.317590249999999942e+05 -3.396220000000000283e+01
2.317591000000000058e+05 -2.165397000000000105e+01
2.317591749999999884e+05 -3.431799999999999784e+01
2.317592500000000000e+05 -2.955432000000000059e+01
2.317593250000000116e+05 -2.718502000000000152e+01
2.317593999999999942e+05 -2.560773999999999972e+01
2.317594750000000058e+05 -3.047800000000000153e+01
2.317595499999999884e+05 -2.430415999999999954e+01
2.317596250000000000e+05 -2.923689999999999856e+01
2.317597000000000116e+05 -3.063294000000000139e+01
2.317597749999999942e+05 -3.178338000000000108e+01
2.317598500000000058e+05 -2.971077999999999975e+01
2.317599249999999884e+05 -2.476333999999999946e+01
2.317600000000000000e+05 -2.718871000000000038e+01
2.317600750000000116e+05 -3.153549999999999898e+01
2.317601499999999942e+05 -2.775195000000000078e+01
2.317602250000000058e+05 -2.806875000000000142e+01
2.317602999999999884e+05 -2.594640000000000057e+01
2.317603750000000000e+05 -2.924114000000000146e+01
2.317604500000000116e+05 -2.849790000000000134e+01
2.317605249999999942e+05 -2.611580999999999975e+01
2.317606000000000058e+05 -3.590906999999999982e+01
2.317606749999999884e+05 -3.531024000000000029e+01
2.317607500000000000e+05 -2.518967999999999918e+01
2.317608250000000116e+05 -2.551964999999999861e+01
2.317608999999999942e+05 -2.470289999999999964e+01
2.317609750000000058e+05 -2.345289999999999964e+01
2.317610499999999884e+05 -2.573369999999999891e+01
2.317611250000000000e+05 -2.766993000000000080e+01
2.317612000000000116e+05 -2.383885000000000076e+01
2.317612749999999942e+05 -2.899641000000000091e+01
2.317613500000000058e+05 -2.198481999999999914e+01
2.317614249999999884e+05 -2.877526999999999902e+01
2.317615000000000000e+05 -2.889827999999999975e+01
2.317615750000000116e+05 -2.523188999999999993e+01
2.317616499999999942e+05 -2.650644000000000133e+01
2.317617250000000058e+05 -2.576897999999999911e+01
2.317617999999999884e+05 -3.250374000000000052e+01
2.317618750000000000e+05 -2.878941999999999979e+01
2.317619500000000116e+05 -2.081898999999999944e+01
2.317620249999999942e+05 -2.356302000000000163e+01
2.317621000000000058e+05 -2.372158999999999907e+01
2.317621749999999884e+05 -2.432426999999999850e+01
2.317622500000000000e+05 -2.832772999999999897e+01
2.317623250000000116e+05 -2.991829999999999856e+01
2.317623999999999942e+05 -3.310537000000000063e+01
2.317624750000000058e+05 -2.589103000000000065e+01
2.317625499999999884e+05 -2.273402000000000100e+01
2.317626250000000000e+05 -2.337437999999999860e+01
2.317627000000000116e+05 -2.431260999999999939e+01
2.317627749999999942e+05 -3.147084999999999866e+01
2.317628500000000058e+05 -2.377931999999999846e+01
2.317629249999999884e+05 -2.346657000000000082e+01
2.317630000000000000e+05 -2.387134999999999962e+01
2.317630750000000116e+05 -2.342045999999999850e+01
2.317631499999999942e+05 -2.608357000000000170e+01
2.317632250000000058e+05 -2.418241000000000085e+01
2.317632999999999884e+05 -2.625251000000000090e+01
2.317633750000000000e+05 -2.809672000000000125e+01
2.317634500000000116e+05 -2.651043999999999912e+01
2.317635249999999942e+05 -2.526753000000000071e+01
2.317636000000000058e+05 -2.565851999999999933e+01
2.317636749999999884e+05 -2.472195999999999927e+01
2.317637500000000000e+05 -2.767113000000000156e+01
2.317638250000000116e+05 -2.379580999999999946e+01
2.317638999999999942e+05 -2.845677999999999841e+01
2.317639750000000058e+05 -2.600385999999999953e+01
2.317640499999999884e+05 -3.072355999999999909e+01
2.317641250000000000e+05 -2.429943000000000097e+01
2.317642000000000116e+05 -2.370795000000000030e+01
2.317642749999999942e+05 -2.646838999999999942e+01
2.317643500000000058e+05 -3.050386999999999915e+01
2.317644249999999884e+05 -2.208164000000000016e+01
2.317645000000000000e+05 -2.203903000000000034e+01
2.317645750000000116e+05 -2.765269999999999939e+01
2.317646499999999942e+05 -2.236034000000000077e+01
2.317647250000000058e+05 -2.529770999999999859e+01
2.317647999999999884e+05 -2.196734000000000009e+01
2.317648750000000000e+05 -2.382522000000000162e+01
2.317649500000000116e+05 -2.396264000000000038e+01
2.317650249999999942e+05 -2.465984999999999872e+01
2.317651000000000058e+05 -2.634949999999999903e+01
2.317651749999999884e+05 -2.627772999999999826e+01
2.317652500000000000e+05 -2.587903999999999982e+01
2.317653250000000116e+05 -2.875619999999999976e+01
2.317653999999999942e+05 -2.463013000000000119e+01
2.317654750000000058e+05 -2.291621999999999915e+01
2.317655499999999884e+05 -2.525346000000000046e+01
2.317656250000000000e+05 -2.612009000000000114e+01
2.317657000000000116e+05 -2.747171000000000163e+01
2.317657749999999942e+05 -2.826914999999999978e+01
2.317658500000000058e+05 -2.424091999999999913e+01
2.317659249999999884e+05 -2.208635999999999910e+01
2.317660000000000000e+05 -2.527015000000000100e+01
2.317660750000000116e+05 -2.444447999999999865e+01
2.317661499999999942e+05 -2.409066999999999936e+01
2.317662250000000058e+05 -2.578453999999999979e+01
2.317662999999999884e+05 -2.748074000000000083e+01
2.317663750000000000e+05 -2.079697000000000173e+01
2.317664500000000116e+05 -2.632753999999999905e+01
2.317665249999999942e+05 -2.259460999999999942e+01
2.317666000000000058e+05 -2.307721000000000089e+01
2.317666749999999884e+05 -2.007368999999999915e+01
2.317667500000000000e+05 -2.832065000000000055e+01
2.317668250000000116e+05 -2.259641999999999840e+01
2.317668999999999942e+05 -2.258277000000000001e+01
2.317669750000000058e+05 -2.073979999999999890e+01
2.317670499999999884e+05 -2.113147000000000020e+01
2.317671250000000000e+05 -2.315225999999999829e+01
2.317672000000000116e+05 -2.192467999999999861e+01
2.317672749999999942e+05 -2.827136000000000138e+01
2.317673500000000058e+05 -2.161149999999999949e+01
2.317674249999999884e+05 -2.333964999999999890e+01
2.317675000000000000e+05 -2.312603999999999971e+01
2.317675750000000116e+05 -2.241092000000000084e+01
2.317676499999999942e+05 -2.605161000000000016e+01
2.317677250000000058e+05 -2.346080999999999861e+01
2.317677999999999884e+05 -2.084376999999999924e+01
2.317678750000000000e+05 -2.724158999999999864e+01
2.317679500000000116e+05 -2.362800999999999974e+01
2.317680249999999942e+05 -2.164757000000000176e+01
2.317681000000000058e+05 -2.512734000000000023e+01
2.317681749999999884e+05 -2.202999000000000152e+01
2.317682500000000000e+05 -2.163774000000000086e+01
2.317683250000000116e+05 -2.254983000000000004e+01
2.317683999999999942e+05 -2.216365000000000052e+01
2.317684750000000058e+05 -2.436119000000000057e+01
2.317685499999999884e+05 -2.693059999999999832e+01
2.317686250000000000e+05 -2.637404000000000082e+01
2.317687000000000116e+05 -2.130506000000000100e+01
2.317687749999999942e+05 -2.350476000000000099e+01
2.317688500000000058e+05 -2.588717000000000112e+01
2.317689249999999884e+05 -2.607977999999999952e+01
2.317690000000000000e+05 -2.215316999999999936e+01
