# Temperature: None K
2.317969750000000058e+05 -2.381848000000000098e+01
2.317970500000000175e+05 -2.038832000000000022e+01
2.317971250000000000e+05 -1.941899000000000086e+01
2.317972000000000116e+05 -1.684505000000000052e+01
2.317972749999999942e+05 -1.987455999999999889e+01
2.317973500000000058e+05 -2.138262999999999892e+01
2.317974250000000175e+05 -1.976275000000000048e+01
2.317975000000000000e+05 -2.045045000000000002e+01
2.317975750000000116e+05 -1.804463000000000150e+01
2.317976499999999942e+05 -1.704658999999999835e+01
2.317977250000000058e+05 -2.067202999999999946e+01
2.317978000000000175e+05 -1.944557000000000002e+01
2.317978750000000000e+05 -2.061531000000000091e+01
2.317979500000000116e+05 -1.919366000000000128e+01
2.317980249999999942e+05 -2.042767999999999873e+01
2.317981000000000058e+05 -1.930133999999999972e+01
2.317981750000000175e+05 -1.829064999999999941e+01
2.317982500000000000e+05 -1.607165000000000177e+01
2.317983250000000116e+05 -2.006066999999999823e+01
2.317983999999999942e+05 -2.072766999999999982e+01
2.317984750000000058e+05 -1.840448999999999913e+01
2.317985500000000175e+05 -1.897857000000000127e+01
2.317986250000000000e+05 -2.139684000000000097e+01
2.317987000000000116e+05 -2.154027999999999921e+01
2.317987749999999942e+05 -1.974321000000000126e+01
2.317988500000000058e+05 -1.744048000000000087e+01
2.317989250000000175e+05 -2.024324999999999974e+01
2.317990000000000000e+05 -2.011257000000000161e+01
2.317990750000000116e+05 -1.765477999999999881e+01
2.317991499999999942e+05 -2.231716000000000122e+01
2.317992250000000058e+05 -1.930172999999999917e+01
2.317993000000000175e+05 -2.096638000000000090e+01
2.317993750000000000e+05 -2.028498000000000090e+01
2.317994500000000116e+05 -1.868365000000000009e+01
2.317995249999999942e+05 -1.894129999999999825e+01
2.317996000000000058e+05 -1.936516999999999911e+01
2.317996750000000175e+05 -2.001668000000000092e+01
2.317997500000000000e+05 -2.016491999999999862e+01
2.317998250000000116e+05 -1.697425000000000139e+01
2.317998999999999942e+05 -2.275550000000000139e+01
2.317999750000000058e+05 -2.055944999999999823e+01
2.318000500000000175e+05 -1.991538999999999859e+01
2.318001250000000000e+05 -2.215290999999999855e+01
2.318002000000000116e+05 -1.934197999999999951e+01
2.318002749999999942e+05 -2.083766999999999925e+01
2.318003500000000058e+05 -2.012609000000000137e+01
2.318004250000000175e+05 -2.008285000000000053e+01
2.318005000000000000e+05 -1.949636999999999887e+01
2.318005750000000116e+05 -1.970991000000000071e+01
2.318006499999999942e+05 -1.970938999999999908e+01
2.318007250000000058e+05 -2.039294999999999902e+01
2.318008000000000175e+05 -1.883198000000000150e+01
2.318008750000000000e+05 -1.906385999999999825e+01
2.318009500000000116e+05 -1.709485000000000099e+01
2.318010249999999942e+05 -2.144502999999999915e+01
2.318011000000000058e+05 -1.859298000000000073e+01
2.318011750000000175e+05 -1.633641000000000076e+01
2.318012500000000000e+05 -1.903685000000000116e+01
2.318013250000000116e+05 -1.971066000000000074e+01
2.318013999999999942e+05 -1.687210999999999927e+01
2.318014750000000058e+05 -1.809291999999999945e+01
2.318015500000000175e+05 -1.986098000000000141e+01
2.318016250000000000e+05 -1.891761999999999944e+01
2.318017000000000116e+05 -1.879174000000000078e+01
2.318017749999999942e+05 -1.800190999999999875e+01
2.318018500000000058e+05 -1.827847999999999828e+01
2.318019250000000175e+05 -1.763403999999999883e+01
2.318020000000000000e+05 -1.847439999999999927e+01
2.318020750000000116e+05 -1.949802999999999997e+01
2.318021499999999942e+05 -1.701737999999999928e+01
2.318022250000000058e+05 -1.877436000000000149e+01
2.318023000000000175e+05 -1.870036999999999949e+01
2.318023750000000000e+05 -1.844953999999999894e+01
2.318024500000000116e+05 -1.894677000000000078e+01
2.318025249999999942e+05 -1.996421000000000134e+01
2.318026000000000058e+05 -1.979528000000000176e+01
2.318026750000000175e+05 -1.940518000000000143e+01
2.318027500000000000e+05 -2.095251999999999981e+01
2.318028250000000116e+05 -2.007318000000000069e+01
2.318028999999999942e+05 -1.750597000000000136e+01
2.318029750000000058e+05 -1.999714000000000169e+01
2.318030500000000175e+05 -1.908081999999999923e+01
2.318031250000000000e+05 -1.947962000000000060e+01
2.318032000000000116e+05 -1.845426000000000144e+01
2.318032749999999942e+05 -1.698055000000000092e+01
2.318033500000000058e+05 -2.033680999999999983e+01
2.318034250000000175e+05 -1.777796999999999983e+01
2.318035000000000000e+05 -1.842935999999999908e+01
2.318035750000000116e+05 -1.935817000000000121e+01
2.318036499999999942e+05 -1.740212000000000003e+01
2.318037250000000058e+05 -1.861280999999999963e+01
2.318038000000000175e+05 -1.755979999999999919e+01
2.318038750000000000e+05 -1.937246999999999986e+01
2.318039500000000116e+05 -1.771932999999999936e+01
2.318040249999999942e+05 -1.732928000000000068e+01
2.318041000000000058e+05 -1.932307000000000130e+01
2.318041750000000175e+05 -1.836616000000000071e+01
2.318042500000000000e+05 -1.470589000000000013e+01
2.318043250000000116e+05 -1.895974000000000004e+01
2.318043999999999942e+05 -1.674981999999999971e+01
2.318044750000000058e+05 -1.640908999999999907e+01
2.318045500000000175e+05 -1.734732999999999947e+01
2.318046250000000000e+05 -1.882600000000000051e+01
2.318047000000000116e+05 -1.829551999999999978e+01
2.318047749999999942e+05 -1.603293999999999997e+01
2.318048500000000058e+05 -1.651876999999999995e+01
2.318049250000000175e+05 -1.947058000000000177e+01
2.318050000000000000e+05 -1.756728999999999985e+01
2.318050750000000116e+05 -1.887318000000000140e+01
2.318051499999999942e+05 -1.753969000000000023e+01
2.318052250000000058e+05 -1.878926999999999836e+01
2.318053000000000175e+05 -1.777161999999999864e+01
2.318053750000000000e+05 -1.767454000000000036e+01
2.318054500000000116e+05 -1.817385000000000161e+01
2.318055249999999942e+05 -1.640743000000000151e+01
2.318056000000000058e+05 -1.641007000000000104e+01
2.318056750000000175e+05 -1.720935000000000059e+01
2.318057500000000000e+05 -1.690538000000000096e+01
2.318058250000000116e+05 -1.674584000000000117e+01
2.318058999999999942e+05 -1.686784000000000106e+01
2.318059750000000058e+05 -1.688981000000000066e+01
2.318060500000000175e+05 -1.888728000000000051e+01
2.318061250000000000e+05 -1.768072000000000088e+01
2.318062000000000116e+05 -1.600150000000000006e+01
2.318062749999999942e+05 -1.657657999999999987e+01
2.318063500000000058e+05 -1.739580000000000126e+01
2.318064250000000175e+05 -1.709468999999999994e+01
2.318065000000000000e+05 -1.837188000000000088e+01
2.318065750000000116e+05 -1.501307000000000080e+01
2.318066499999999942e+05 -1.669525000000000148e+01
2.318067250000000058e+05 -1.559411000000000058e+01
2.318068000000000175e+05 -1.705123000000000033e+01
2.318068750000000000e+05 -1.545745999999999931e+01
2.318069500000000116e+05 -1.681358000000000175e+01
2.318070249999999942e+05 -1.574426000000000059e+01
2.318071000000000058e+05 -1.870273999999999859e+01
2.318071750000000175e+05 -1.596125999999999934e+01
2.318072500000000000e+05 -1.479378999999999955e+01
2.318073250000000116e+05 -1.801111999999999824e+01
2.318073999999999942e+05 -1.581160000000000032e+01
2.318074750000000058e+05 -1.674134000000000100e+01
2.318075500000000175e+05 -1.669324999999999903e+01
2.318076250000000000e+05 -1.531997999999999927e+01
2.318077000000000116e+05 -1.588767999999999958e+01
2.318077749999999942e+05 -1.687020000000000053e+01
2.318078500000000058e+05 -1.630314999999999870e+01
2.318079250000000175e+05 -1.545057000000000080e+01
2.318080000000000000e+05 -1.487945999999999991e+01
2.318080750000000116e+05 -1.391737000000000002e+01
2.318081499999999942e+05 -1.517505000000000059e+01
2.318082250000000058e+05 -1.519153000000000020e+01
2.318083000000000175e+05 -1.491220999999999997e+01
2.318083750000000000e+05 -1.480696999999999974e+01
2.318084500000000116e+05 -1.315889999999999915e+01
2.318085249999999942e+05 -1.474015999999999948e+01
2.318086000000000058e+05 -1.541892999999999958e+01
2.318086750000000175e+05 -1.314673999999999943e+01
2.318087500000000000e+05 -1.345684999999999931e+01
2.318088250000000116e+05 -1.497052000000000049e+01
2.318088999999999942e+05 -1.384669000000000061e+01
2.318089750000000058e+05 -1.342950000000000088e+01
2.318090500000000175e+05 -1.321523000000000003e+01
2.318091250000000000e+05 -1.367098000000000013e+01
2.318092000000000116e+05 -1.333235999999999954e+01
2.318092749999999942e+05 -1.394950000000000045e+01
2.318093500000000058e+05 -1.272444999999999915e+01
2.318094250000000175e+05 -1.207530999999999999e+01
2.318095000000000000e+05 -1.241710999999999920e+01
2.318095750000000116e+05 -1.156643000000000043e+01
2.318096499999999942e+05 -1.227243999999999957e+01
2.318097250000000058e+05 -1.156766999999999967e+01
2.318098000000000175e+05 -1.111611000000000082e+01
2.318098750000000000e+05 -1.176254999999999917e+01
2.318099500000000116e+05 -1.042211999999999961e+01
2.318100249999999942e+05 -9.936526999999999887e+00
2.318101000000000058e+05 -1.000197000000000003e+01
2.318101750000000175e+05 -8.669187000000000864e+00
2.318102500000000000e+05 -9.374739999999999185e+00
2.318103250000000116e+05 -8.598112000000000421e+00
2.318103999999999942e+05 -7.392591999999999608e+00
2.318104750000000058e+05 -8.055870999999999782e+00
2.318105500000000175e+05 -7.738330999999999626e+00
2.318106250000000000e+05 -6.890419999999999767e+00
2.318107000000000116e+05 -6.047827999999999982e+00
2.318107749999999942e+05 -5.545012999999999970e+00
2.318108500000000058e+05 -5.273170000000000357e+00
2.318109250000000175e+05 -4.357656000000000418e+00
2.318110000000000000e+05 -3.798461999999999783e+00
2.318110750000000116e+05 -3.312120999999999871e+00
2.318111499999999942e+05 -3.141636000000000095e+00
2.318112250000000058e+05 -2.004547000000000079e+00
2.318113000000000175e+05 -1.253864000000000090e+00
2.318113750000000000e+05 -9.486240999999999701e-01
2.318114500000000116e+05 -1.909881999999999969e-01
2.318115249999999942e+05 5.428083000000000213e-02
2.318116000000000058e+05 7.569458000000000020e-01
2.318116750000000175e+05 1.119289999999999896e+00
2.318117500000000000e+05 1.500671000000000088e+00
2.318118250000000116e+05 1.753730999999999929e+00
2.318118999999999942e+05 1.813738000000000072e+00
2.318119750000000058e+05 1.882373000000000074e+00
2.318120500000000175e+05 1.569086999999999898e+00
2.318121250000000000e+05 1.485182999999999920e+00
2.318122000000000116e+05 7.460200999999999638e-01
2.318122749999999942e+05 2.635919999999999930e-01
2.318123500000000058e+05 -5.702939999999999676e-01
2.318124250000000175e+05 -1.451205999999999996e+00
2.318125000000000000e+05 -2.331866999999999912e+00
2.318125750000000116e+05 -2.747796999999999823e+00
2.318126499999999942e+05 -3.099196000000000062e+00
2.318127250000000058e+05 -3.042692000000000174e+00
2.318128000000000175e+05 -2.431245999999999796e+00
2.318128750000000000e+05 -2.218071999999999822e+00
2.318129500000000116e+05 -2.400933000000000206e+00
2.318130249999999942e+05 -2.204225999999999797e+00
2.318131000000000058e+05 -2.811997999999999998e+00
2.318131750000000175e+05 -3.358801999999999843e+00
2.318132500000000000e+05 -4.231708000000000247e+00
2.318133250000000116e+05 -4.798923000000000272e+00
2.318133999999999942e+05 -5.314792999999999878e+00
2.318134750000000058e+05 -4.871005000000000251e+00
2.318135500000000175e+05 -4.302513000000000254e+00
2.318136250000000000e+05 -5.295175999999999661e+00
2.318137000000000116e+05 -5.417000999999999955e+00
2.318137749999999942e+05 -6.107895000000000074e+00
2.318138500000000058e+05 -6.455784000000000411e+00
2.318139250000000175e+05 -7.535439000000000220e+00
2.318140000000000000e+05 -7.073846999999999774e+00
2.318140750000000116e+05 -6.580873999999999668e+00
2.318141499999999942e+05 -6.391999000000000208e+00
2.318142250000000058e+05 -7.567016999999999882e+00
2.318143000000000175e+05 -7.829009000000000107e+00
2.318143750000000000e+05 -8.777143000000000583e+00
2.318144500000000116e+05 -8.343559000000000836e+00
2.318145249999999942e+05 -8.370665999999999940e+00
2.318146000000000058e+05 -8.356284999999999741e+00
2.318146750000000175e+05 -8.914412000000000447e+00
2.318147500000000000e+05 -8.961966999999999572e+00
2.318148250000000116e+05 -9.303141000000000105e+00
2.318148999999999942e+05 -9.424832000000000320e+00
2.318149750000000058e+05 -9.216948999999999614e+00
2.318150500000000175e+05 -1.034135000000000026e+01
2.318151250000000000e+05 -1.094111999999999973e+01
2.318152000000000116e+05 -1.147943000000000069e+01
2.318152749999999942e+05 -1.020008999999999943e+01
2.318153500000000058e+05 -9.719763000000000375e+00
2.318154250000000175e+05 -1.137906000000000084e+01
2.318155000000000000e+05 -1.139916000000000018e+01
2.318155750000000116e+05 -1.212001000000000062e+01
2.318156499999999942e+05 -1.219279000000000046e+01
2.318157250000000058e+05 -1.325056000000000012e+01
2.318158000000000175e+05 -1.298991999999999969e+01
2.318158750000000000e+05 -1.130513999999999974e+01
2.318159500000000116e+05 -1.227469999999999928e+01
2.318160249999999942e+05 -1.404369999999999941e+01
2.318161000000000058e+05 -1.450897999999999932e+01
2.318161750000000175e+05 -1.249982999999999933e+01
2.318162500000000000e+05 -1.547100999999999971e+01
2.318163250000000116e+05 -1.619229999999999947e+01
2.318163999999999942e+05 -1.382451999999999970e+01
2.318164750000000058e+05 -1.406504999999999939e+01
2.318165500000000175e+05 -1.528545000000000087e+01
2.318166250000000000e+05 -1.482248000000000054e+01
2.318167000000000116e+05 -1.513654000000000011e+01
2.318167749999999942e+05 -1.885013999999999967e+01
2.318168500000000058e+05 -1.584989999999999988e+01
2.318169250000000175e+05 -1.589035999999999937e+01
2.318170000000000000e+05 -1.749640000000000128e+01
2.318170750000000116e+05 -1.657038000000000011e+01
2.318171499999999942e+05 -1.578440999999999939e+01
2.318172250000000058e+05 -1.852665999999999968e+01
2.318173000000000175e+05 -1.535439000000000043e+01
2.318173750000000000e+05 -1.674887000000000015e+01
2.318174500000000116e+05 -2.017845000000000155e+01
2.318175249999999942e+05 -1.608683999999999870e+01
2.318176000000000058e+05 -2.233110999999999891e+01
2.318176750000000175e+05 -1.772511000000000081e+01
2.318177500000000000e+05 -1.869057000000000102e+01
2.318178250000000116e+05 -2.001651000000000025e+01
2.318178999999999942e+05 -1.743629999999999924e+01
2.318179750000000058e+05 -1.996994000000000113e+01
2.318180500000000175e+05 -2.380155999999999850e+01
2.318181250000000000e+05 -1.611564999999999870e+01
2.318182000000000116e+05 -2.606309999999999860e+01
2.318182749999999942e+05 -1.938137000000000043e+01
2.318183500000000058e+05 -2.144472999999999985e+01
2.318184250000000175e+05 -2.189366000000000057e+01
2.318185000000000000e+05 -1.679864999999999853e+01
2.318185750000000116e+05 -3.608068999999999704e+01
2.318186499999999942e+05 -1.980160000000000053e+01
2.318187250000000058e+05 -2.651334999999999908e+01
2.318188000000000175e+05 -1.988679000000000130e+01
2.318188750000000000e+05 -2.457443999999999917e+01
2.318189500000000116e+05 -2.236980000000000146e+01
2.318190249999999942e+05 -2.307702000000000098e+01
2.318191000000000058e+05 -3.240086000000000155e+01
2.318191750000000175e+05 -2.225047999999999959e+01
2.318192500000000000e+05 -3.646683000000000163e+01
2.318193250000000116e+05 -2.043037999999999954e+01
2.318193999999999942e+05 -2.864759000000000100e+01
2.318194750000000058e+05 -1.804236999999999824e+01
2.318195500000000175e+05 -3.663824000000000325e+01
2.318196250000000000e+05 -2.092498000000000147e+01
2.318197000000000116e+05 -3.044963999999999871e+01
2.318197749999999942e+05 -1.935883000000000109e+01
2.318198500000000058e+05 -2.894652999999999921e+01
2.318199250000000175e+05 -2.153324999999999889e+01
2.318200000000000000e+05 -3.409158999999999651e+01
2.318200750000000116e+05 -2.099729999999999919e+01
2.318201499999999942e+05 -3.419915000000000305e+01
2.318202250000000058e+05 -1.964845000000000041e+01
2.318203000000000175e+05 -2.792849999999999966e+01
2.318203750000000000e+05 -2.378191999999999950e+01
2.318204500000000116e+05 -2.710941000000000045e+01
2.318205249999999942e+05 -2.463225999999999871e+01
2.318206000000000058e+05 -2.705364000000000146e+01
2.318206750000000175e+05 -3.693390000000000128e+01
2.318207500000000000e+05 -2.293690000000000140e+01
2.318208250000000116e+05 -3.055784999999999840e+01
2.318208999999999942e+05 -2.181246000000000151e+01
2.318209750000000058e+05 -2.792618999999999829e+01
2.318210500000000175e+05 -2.474473000000000056e+01
2.318211250000000000e+05 -2.207687999999999917e+01
2.318212000000000116e+05 -2.435832999999999871e+01
2.318212749999999942e+05 -1.978228999999999971e+01
2.318213500000000058e+05 -2.779464000000000112e+01
2.318214250000000175e+05 -1.919265000000000043e+01
2.318215000000000000e+05 -2.410608999999999824e+01
2.318215750000000116e+05 -2.528481000000000023e+01
2.318216499999999942e+05 -2.129623000000000133e+01
2.318217250000000058e+05 -2.225100000000000122e+01
2.318218000000000175e+05 -2.090812999999999988e+01
2.318218750000000000e+05 -2.768653000000000119e+01
2.318219500000000116e+05 -2.615649000000000157e+01
2.318220249999999942e+05 -2.500320999999999927e+01
2.318221000000000058e+05 -2.919432000000000116e+01
2.318221750000000175e+05 -2.453596999999999895e+01
2.318222500000000000e+05 -2.204958999999999847e+01
2.318223250000000116e+05 -2.743062000000000111e+01
2.318223999999999942e+05 -3.149662999999999968e+01
2.318224750000000058e+05 -1.997672000000000025e+01
2.318225500000000175e+05 -3.085742000000000118e+01
2.318226250000000000e+05 -2.724189000000000149e+01
2.318227000000000116e+05 -2.299063999999999908e+01
2.318227749999999942e+05 -2.488190000000000168e+01
2.318228500000000058e+05 -2.349050000000000082e+01
2.318229250000000175e+05 -2.170551999999999992e+01
2.318230000000000000e+05 -2.731399000000000044e+01
2.318230750000000116e+05 -2.107667000000000002e+01
2.318231499999999942e+05 -2.176045999999999836e+01
2.318232250000000058e+05 -2.012534000000000134e+01
2.318233000000000175e+05 -3.720817999999999870e+01
2.318233750000000000e+05 -2.273839999999999861e+01
2.318234500000000116e+05 -2.181341000000000108e+01
2.318235249999999942e+05 -2.832857999999999876e+01
2.318236000000000058e+05 -2.141628000000000043e+01
2.318236750000000175e+05 -2.362731000000000137e+01
2.318237500000000000e+05 -2.375033000000000172e+01
2.318238250000000116e+05 -2.404489999999999839e+01
2.318238999999999942e+05 -2.447488999999999848e+01
2.318239750000000058e+05 -2.651557000000000031e+01
2.318240500000000175e+05 -2.418743999999999872e+01
2.318241250000000000e+05 -2.520609999999999928e+01
2.318242000000000116e+05 -2.364493999999999829e+01
2.318242749999999942e+05 -2.077451999999999899e+01
2.318243500000000058e+05 -2.833718000000000004e+01
2.318244250000000175e+05 -2.558082999999999885e+01
2.318245000000000000e+05 -2.699961000000000055e+01
2.318245750000000116e+05 -2.455555000000000021e+01
2.318246499999999942e+05 -2.220985999999999905e+01
2.318247250000000058e+05 -2.242970000000000041e+01
2.318248000000000175e+05 -2.276124000000000080e+01
2.318248750000000000e+05 -2.176517000000000124e+01
2.318249500000000116e+05 -2.002792000000000172e+01
2.318250249999999942e+05 -2.314140000000000086e+01
2.318251000000000058e+05 -2.491217999999999932e+01
2.318251750000000175e+05 -2.243633000000000166e+01
2.318252500000000000e+05 -2.404472000000000165e+01
2.318253250000000116e+05 -2.083472000000000079e+01
2.318253999999999942e+05 -2.358547000000000082e+01
2.318254750000000058e+05 -2.168620999999999910e+01
2.318255500000000175e+05 -2.182480999999999938e+01
2.318256250000000000e+05 -2.076583000000000112e+01
2.318257000000000116e+05 -2.624011000000000138e+01
2.318257749999999942e+05 -2.435492999999999952e+01
2.318258500000000058e+05 -2.133991999999999933e+01
2.318259250000000175e+05 -2.455636000000000152e+01
2.318260000000000000e+05 -2.508865000000000123e+01
2.318260750000000116e+05 -2.257212000000000174e+01
2.318261499999999942e+05 -2.306078000000000117e+01
2.318262250000000058e+05 -2.215522999999999954e+01
2.318263000000000175e+05 -2.171565000000000012e+01
2.318263750000000000e+05 -2.455508999999999986e+01
2.318264500000000116e+05 -2.534498999999999924e+01
2.318265249999999942e+05 -2.525870000000000104e+01
2.318266000000000058e+05 -2.317154999999999987e+01
2.318266750000000175e+05 -2.488795000000000002e+01
2.318267500000000000e+05 -2.346021999999999963e+01
2.318268250000000116e+05 -2.534452999999999889e+01
2.318268999999999942e+05 -2.720921999999999841e+01
2.318269750000000058e+05 -2.330655000000000143e+01
