# Temperature: None K
2.318701000000000058e+05 -2.043189999999999884e+01
2.318701750000000175e+05 -2.364467000000000141e+01
2.318702500000000000e+05 -1.872546000000000177e+01
2.318703250000000116e+05 -2.047412999999999883e+01
2.318703999999999942e+05 -1.964342999999999861e+01
2.318704750000000058e+05 -1.860439999999999827e+01
2.318705500000000175e+05 -1.835408999999999935e+01
2.318706250000000000e+05 -1.937663999999999831e+01
2.318707000000000116e+05 -2.006426000000000087e+01
2.318707749999999942e+05 -1.962134999999999962e+01
2.318708500000000058e+05 -1.897488999999999848e+01
2.318709250000000175e+05 -1.861147000000000062e+01
2.318710000000000000e+05 -2.130386000000000024e+01
2.318710750000000116e+05 -2.107989999999999853e+01
2.318711499999999942e+05 -1.770276000000000138e+01
2.318712250000000058e+05 -2.072512000000000043e+01
2.318713000000000175e+05 -1.911954000000000065e+01
2.318713750000000000e+05 -1.926095000000000113e+01
2.318714500000000116e+05 -1.910870999999999853e+01
2.318715249999999942e+05 -2.309515999999999991e+01
2.318716000000000058e+05 -1.920456000000000074e+01
2.318716750000000175e+05 -2.150309000000000026e+01
2.318717500000000000e+05 -2.115522999999999954e+01
2.318718250000000116e+05 -1.697180000000000177e+01
2.318718999999999942e+05 -1.911328999999999922e+01
2.318719750000000058e+05 -1.937840999999999880e+01
2.318720500000000175e+05 -1.840262999999999849e+01
2.318721250000000000e+05 -1.870685999999999893e+01
2.318722000000000116e+05 -1.983162000000000091e+01
2.318722749999999942e+05 -1.910779000000000138e+01
2.318723500000000058e+05 -1.881811000000000078e+01
2.318724250000000175e+05 -1.758318999999999832e+01
2.318725000000000000e+05 -2.064742999999999995e+01
2.318725750000000116e+05 -2.156843999999999895e+01
2.318726499999999942e+05 -1.874683999999999884e+01
2.318727250000000058e+05 -1.996687000000000012e+01
2.318728000000000175e+05 -1.856163000000000096e+01
2.318728750000000000e+05 -1.808851999999999904e+01
2.318729500000000116e+05 -1.874561999999999884e+01
2.318730249999999942e+05 -2.106784000000000034e+01
2.318731000000000058e+05 -2.027096999999999838e+01
2.318731750000000175e+05 -1.873301999999999978e+01
2.318732500000000000e+05 -1.892824999999999847e+01
2.318733250000000116e+05 -1.931027999999999878e+01
2.318733999999999942e+05 -2.170788999999999902e+01
2.318734750000000058e+05 -1.921621999999999986e+01
2.318735500000000175e+05 -1.913911999999999836e+01
2.318736250000000000e+05 -1.767902000000000129e+01
2.318737000000000116e+05 -1.923070999999999842e+01
2.318737749999999942e+05 -1.880961999999999890e+01
2.318738500000000058e+05 -1.825553000000000026e+01
2.318739250000000175e+05 -2.011148999999999987e+01
2.318740000000000000e+05 -1.936339999999999861e+01
2.318740750000000116e+05 -2.016641999999999868e+01
2.318741499999999942e+05 -1.628650999999999982e+01
2.318742250000000058e+05 -2.122291999999999845e+01
2.318743000000000175e+05 -2.055873000000000062e+01
2.318743750000000000e+05 -1.796076000000000050e+01
2.318744500000000116e+05 -1.905546999999999969e+01
2.318745249999999942e+05 -1.697197999999999851e+01
2.318746000000000058e+05 -1.759740000000000038e+01
2.318746750000000175e+05 -1.925086999999999904e+01
2.318747500000000000e+05 -1.938325000000000031e+01
2.318748250000000116e+05 -1.771360999999999919e+01
2.318748999999999942e+05 -1.824261999999999873e+01
2.318749750000000058e+05 -2.071968000000000032e+01
2.318750500000000175e+05 -1.956796999999999898e+01
2.318751250000000000e+05 -2.011818999999999846e+01
2.318752000000000116e+05 -1.732181999999999888e+01
2.318752749999999942e+05 -1.736953000000000102e+01
2.318753500000000058e+05 -2.007551000000000130e+01
2.318754250000000175e+05 -1.986157000000000039e+01
2.318755000000000000e+05 -1.986682000000000059e+01
2.318755750000000116e+05 -1.980799999999999983e+01
2.318756499999999942e+05 -2.045323000000000135e+01
2.318757250000000058e+05 -1.750785000000000124e+01
2.318758000000000175e+05 -1.751948000000000150e+01
2.318758750000000000e+05 -1.752724999999999866e+01
2.318759500000000116e+05 -1.999500000000000099e+01
2.318760249999999942e+05 -1.808952999999999989e+01
2.318761000000000058e+05 -1.810209000000000046e+01
2.318761750000000175e+05 -1.658546000000000120e+01
2.318762500000000000e+05 -1.939139000000000124e+01
2.318763250000000116e+05 -1.737092000000000169e+01
2.318763999999999942e+05 -1.883183000000000007e+01
2.318764750000000058e+05 -1.756259999999999977e+01
2.318765500000000175e+05 -2.222194000000000003e+01
2.318766250000000000e+05 -1.705677999999999983e+01
2.318767000000000116e+05 -1.840587000000000018e+01
2.318767749999999942e+05 -2.044230999999999909e+01
2.318768500000000058e+05 -1.763654999999999973e+01
2.318769250000000175e+05 -1.818370000000000175e+01
2.318770000000000000e+05 -1.757726999999999862e+01
2.318770750000000116e+05 -1.881360000000000099e+01
2.318771499999999942e+05 -1.843729000000000084e+01
2.318772250000000058e+05 -1.812650999999999968e+01
2.318773000000000175e+05 -1.854559000000000069e+01
2.318773750000000000e+05 -1.814930999999999983e+01
2.318774500000000116e+05 -1.661764000000000152e+01
2.318775249999999942e+05 -2.080136999999999858e+01
2.318776000000000058e+05 -1.635771000000000086e+01
2.318776750000000175e+05 -1.727394999999999925e+01
2.318777500000000000e+05 -1.937784999999999869e+01
2.318778250000000116e+05 -1.969403000000000148e+01
2.318778999999999942e+05 -1.574740000000000073e+01
2.318779750000000058e+05 -1.926189000000000107e+01
2.318780500000000175e+05 -1.951222999999999885e+01
2.318781250000000000e+05 -1.852215999999999951e+01
2.318782000000000116e+05 -1.808793999999999969e+01
2.318782749999999942e+05 -1.691600999999999999e+01
2.318783500000000058e+05 -1.799249000000000009e+01
2.318784250000000175e+05 -1.606590999999999880e+01
2.318785000000000000e+05 -1.837191999999999936e+01
2.318785750000000116e+05 -1.854111999999999938e+01
2.318786499999999942e+05 -1.740587000000000018e+01
2.318787250000000058e+05 -1.752686999999999884e+01
2.318788000000000175e+05 -1.892678000000000083e+01
2.318788750000000000e+05 -1.737588999999999828e+01
2.318789500000000116e+05 -1.609381000000000128e+01
2.318790249999999942e+05 -1.599365000000000059e+01
2.318791000000000058e+05 -1.723860000000000170e+01
2.318791750000000175e+05 -1.764158000000000115e+01
2.318792500000000000e+05 -1.633302000000000120e+01
2.318793250000000116e+05 -1.603209999999999980e+01
2.318793999999999942e+05 -1.864051999999999865e+01
2.318794750000000058e+05 -1.742405000000000115e+01
2.318795500000000175e+05 -1.675336000000000070e+01
2.318796250000000000e+05 -1.644312000000000040e+01
2.318797000000000116e+05 -2.128410999999999831e+01
2.318797749999999942e+05 -1.753356000000000137e+01
2.318798500000000058e+05 -1.770020999999999844e+01
2.318799250000000175e+05 -1.724083999999999861e+01
2.318800000000000000e+05 -1.573677999999999955e+01
2.318800750000000116e+05 -1.554205999999999932e+01
2.318801499999999942e+05 -1.613980000000000103e+01
2.318802250000000058e+05 -1.753202999999999889e+01
2.318803000000000175e+05 -1.812220999999999904e+01
2.318803750000000000e+05 -1.661545999999999879e+01
2.318804500000000116e+05 -1.679160999999999859e+01
2.318805249999999942e+05 -1.603781999999999996e+01
2.318806000000000058e+05 -1.616459000000000046e+01
2.318806750000000175e+05 -1.812921000000000049e+01
2.318807500000000000e+05 -1.623670999999999864e+01
2.318808250000000116e+05 -1.495411999999999964e+01
2.318808999999999942e+05 -1.368764999999999965e+01
2.318809750000000058e+05 -1.623552000000000106e+01
2.318810500000000175e+05 -1.762679999999999936e+01
2.318811250000000000e+05 -1.527887999999999913e+01
2.318812000000000116e+05 -1.583450999999999986e+01
2.318812749999999942e+05 -1.580292000000000030e+01
2.318813500000000058e+05 -1.554673999999999978e+01
2.318814250000000175e+05 -1.566690000000000005e+01
2.318815000000000000e+05 -1.396672000000000047e+01
2.318815750000000116e+05 -1.554833999999999961e+01
2.318816499999999942e+05 -1.394631000000000043e+01
2.318817250000000058e+05 -1.545608000000000004e+01
2.318818000000000175e+05 -1.520649000000000051e+01
2.318818750000000000e+05 -1.386372000000000071e+01
2.318819500000000116e+05 -1.482160999999999973e+01
2.318820249999999942e+05 -1.536754999999999960e+01
2.318821000000000058e+05 -1.446923999999999921e+01
2.318821750000000175e+05 -1.343403999999999954e+01
2.318822500000000000e+05 -1.434994999999999976e+01
2.318823250000000116e+05 -1.427702000000000027e+01
2.318823999999999942e+05 -1.524491000000000085e+01
2.318824750000000058e+05 -1.489015999999999984e+01
2.318825500000000175e+05 -1.377569000000000088e+01
2.318826250000000000e+05 -1.387721999999999944e+01
2.318827000000000116e+05 -1.355719000000000030e+01
2.318827749999999942e+05 -1.304814000000000007e+01
2.318828500000000058e+05 -1.315084000000000053e+01
2.318829250000000175e+05 -1.135782999999999987e+01
2.318830000000000000e+05 -1.149349999999999916e+01
2.318830750000000116e+05 -1.290360000000000085e+01
2.318831499999999942e+05 -1.241313000000000066e+01
2.318832250000000058e+05 -1.123823999999999934e+01
2.318833000000000175e+05 -1.167698000000000036e+01
2.318833750000000000e+05 -1.006706999999999930e+01
2.318834500000000116e+05 -1.067381999999999920e+01
2.318835249999999942e+05 -1.012421999999999933e+01
2.318836000000000058e+05 -9.887589000000000183e+00
2.318836750000000175e+05 -1.059043999999999919e+01
2.318837500000000000e+05 -9.206832999999999601e+00
2.318838250000000116e+05 -8.901583000000000467e+00
2.318838999999999942e+05 -8.612645999999999802e+00
2.318839750000000058e+05 -8.342745999999999995e+00
2.318840500000000175e+05 -7.447218999999999589e+00
2.318841250000000000e+05 -6.594853999999999772e+00
2.318842000000000116e+05 -6.314789000000000208e+00
2.318842749999999942e+05 -6.232440999999999676e+00
2.318843500000000058e+05 -5.548917000000000321e+00
2.318844250000000175e+05 -4.659557999999999645e+00
2.318845000000000000e+05 -4.138335999999999792e+00
2.318845750000000116e+05 -3.858454000000000050e+00
2.318846499999999942e+05 -3.395500999999999880e+00
2.318847250000000058e+05 -2.289220999999999950e+00
2.318848000000000175e+05 -1.524901000000000062e+00
2.318848750000000000e+05 -1.274164999999999992e+00
2.318849500000000116e+05 -5.969518000000000324e-01
2.318850249999999942e+05 1.629289999999999905e-01
2.318851000000000058e+05 5.242259999999999698e-01
2.318851750000000175e+05 1.121968000000000076e+00
2.318852500000000000e+05 1.751171000000000033e+00
2.318853250000000116e+05 1.886538000000000048e+00
2.318853999999999942e+05 2.455274000000000179e+00
2.318854750000000058e+05 2.636835000000000040e+00
2.318855500000000175e+05 2.660927000000000042e+00
2.318856250000000000e+05 2.400393999999999917e+00
2.318857000000000116e+05 2.380599000000000132e+00
2.318857749999999942e+05 2.098343999999999987e+00
2.318858500000000058e+05 1.940261999999999931e+00
2.318859250000000175e+05 9.696820000000000439e-01
2.318860000000000000e+05 2.992247000000000101e-01
2.318860750000000116e+05 -2.636296000000000195e-01
2.318861499999999942e+05 -5.467670999999999504e-01
2.318862250000000058e+05 -1.199082999999999899e+00
2.318863000000000175e+05 -8.565717000000000469e-01
2.318863750000000000e+05 -4.791675000000000240e-01
2.318864500000000116e+05 -2.748012000000000232e-01
2.318865249999999942e+05 -3.763089000000000017e-01
2.318866000000000058e+05 -4.805723000000000078e-01
2.318866750000000175e+05 -5.048683999999999950e-01
2.318867500000000000e+05 -1.098572000000000104e+00
2.318868250000000116e+05 -1.892795999999999923e+00
2.318868999999999942e+05 -2.090190000000000214e+00
2.318869750000000058e+05 -1.985552999999999901e+00
2.318870500000000175e+05 -2.131285999999999792e+00
2.318871250000000000e+05 -2.112633999999999901e+00
2.318872000000000116e+05 -2.277683000000000124e+00
2.318872749999999942e+05 -2.371183999999999958e+00
2.318873500000000058e+05 -2.938921000000000117e+00
2.318874250000000175e+05 -3.102794999999999970e+00
2.318875000000000000e+05 -3.271106000000000069e+00
2.318875750000000116e+05 -2.963887000000000160e+00
2.318876499999999942e+05 -2.956094999999999917e+00
2.318877250000000058e+05 -3.026612000000000080e+00
2.318878000000000175e+05 -3.503067999999999849e+00
2.318878750000000000e+05 -4.362618000000000329e+00
2.318879500000000116e+05 -3.662605000000000111e+00
2.318880249999999942e+05 -4.121255999999999808e+00
2.318881000000000058e+05 -4.055755000000000443e+00
2.318881750000000175e+05 -4.514738999999999614e+00
2.318882500000000000e+05 -4.766653999999999947e+00
2.318883250000000116e+05 -4.925857999999999848e+00
2.318883999999999942e+05 -5.509356000000000364e+00
2.318884750000000058e+05 -5.128955000000000375e+00
2.318885500000000175e+05 -4.664644000000000013e+00
2.318886250000000000e+05 -5.540797999999999668e+00
2.318887000000000116e+05 -6.120135999999999576e+00
2.318887749999999942e+05 -6.119062999999999697e+00
2.318888500000000058e+05 -6.094686000000000270e+00
2.318889250000000175e+05 -6.166186999999999863e+00
2.318890000000000000e+05 -6.995036999999999949e+00
2.318890750000000116e+05 -6.606919999999999682e+00
2.318891499999999942e+05 -6.497855000000000381e+00
2.318892250000000058e+05 -6.225980999999999987e+00
2.318893000000000175e+05 -7.532555999999999585e+00
2.318893750000000000e+05 -7.234085000000000321e+00
2.318894500000000116e+05 -6.966247000000000078e+00
2.318895249999999942e+05 -7.537105000000000388e+00
2.318896000000000058e+05 -8.581035999999999220e+00
2.318896750000000175e+05 -7.792324999999999946e+00
2.318897500000000000e+05 -7.702659999999999840e+00
2.318898250000000116e+05 -8.585914999999999964e+00
2.318898999999999942e+05 -8.948959000000000330e+00
2.318899750000000058e+05 -7.689777000000000307e+00
2.318900500000000175e+05 -9.048486000000000473e+00
2.318901250000000000e+05 -9.846795000000000186e+00
2.318902000000000116e+05 -9.554861999999999966e+00
2.318902749999999942e+05 -9.034252999999999645e+00
2.318903500000000058e+05 -9.595926000000000400e+00
2.318904250000000175e+05 -8.684820000000000206e+00
2.318905000000000000e+05 -9.631152000000000157e+00
2.318905750000000116e+05 -1.073201000000000072e+01
2.318906499999999942e+05 -9.492414000000000129e+00
2.318907250000000058e+05 -9.819138999999999839e+00
2.318908000000000175e+05 -1.158248999999999995e+01
2.318908750000000000e+05 -1.010642999999999958e+01
2.318909500000000116e+05 -1.137997000000000014e+01
2.318910249999999942e+05 -1.323279999999999923e+01
2.318911000000000058e+05 -1.042578999999999922e+01
2.318911750000000175e+05 -1.063097999999999921e+01
2.318912500000000000e+05 -1.217844999999999978e+01
2.318913250000000116e+05 -1.061395000000000088e+01
2.318913999999999942e+05 -1.290299000000000085e+01
2.318914750000000058e+05 -1.104621000000000031e+01
2.318915500000000175e+05 -1.256372000000000000e+01
2.318916250000000000e+05 -1.422611999999999988e+01
2.318917000000000116e+05 -1.093580000000000041e+01
2.318917749999999942e+05 -1.447871999999999915e+01
2.318918500000000058e+05 -1.187410999999999994e+01
2.318919250000000175e+05 -1.321566999999999936e+01
2.318920000000000000e+05 -1.570562999999999931e+01
2.318920750000000116e+05 -1.205321999999999960e+01
2.318921499999999942e+05 -1.592778000000000027e+01
2.318922250000000058e+05 -1.303192999999999913e+01
2.318923000000000175e+05 -1.599619999999999997e+01
2.318923750000000000e+05 -1.426934999999999931e+01
2.318924500000000116e+05 -1.628395000000000081e+01
2.318925249999999942e+05 -1.489811000000000085e+01
2.318926000000000058e+05 -1.375871000000000066e+01
2.318926750000000175e+05 -1.736834999999999951e+01
2.318927500000000000e+05 -1.377782999999999980e+01
2.318928250000000116e+05 -1.655884000000000000e+01
2.318928999999999942e+05 -1.294876000000000005e+01
2.318929750000000058e+05 -1.827411000000000030e+01
2.318930500000000175e+05 -1.299047999999999981e+01
2.318931250000000000e+05 -2.075224000000000046e+01
2.318932000000000116e+05 -1.461283000000000065e+01
2.318932749999999942e+05 -1.914473999999999876e+01
2.318933500000000058e+05 -1.246139999999999937e+01
2.318934250000000175e+05 -1.950484000000000151e+01
2.318935000000000000e+05 -1.441328999999999994e+01
2.318935750000000116e+05 -2.111394999999999911e+01
2.318936499999999942e+05 -1.551120000000000054e+01
2.318937250000000058e+05 -2.078686000000000078e+01
2.318938000000000175e+05 -1.489315999999999995e+01
2.318938750000000000e+05 -1.885919000000000167e+01
2.318939500000000116e+05 -1.546903999999999968e+01
2.318940249999999942e+05 -2.305051999999999879e+01
2.318941000000000058e+05 -1.561541000000000068e+01
2.318941750000000175e+05 -1.707724999999999937e+01
2.318942500000000000e+05 -1.661279000000000039e+01
2.318943250000000116e+05 -1.832755999999999830e+01
2.318943999999999942e+05 -2.153707999999999956e+01
2.318944750000000058e+05 -1.670808999999999855e+01
2.318945500000000175e+05 -2.271123000000000047e+01
2.318946250000000000e+05 -1.546082000000000001e+01
2.318947000000000116e+05 -2.129571999999999932e+01
2.318947749999999942e+05 -1.828049999999999997e+01
2.318948500000000058e+05 -1.803519999999999968e+01
2.318949250000000175e+05 -2.754728000000000065e+01
2.318950000000000000e+05 -1.632886999999999844e+01
2.318950750000000116e+05 -2.933479000000000170e+01
2.318951499999999942e+05 -1.832244999999999990e+01
2.318952250000000058e+05 -1.760549999999999926e+01
2.318953000000000175e+05 -2.456158999999999892e+01
2.318953750000000000e+05 -1.748995999999999995e+01
2.318954500000000116e+05 -2.730320999999999998e+01
2.318955249999999942e+05 -1.891948999999999970e+01
2.318956000000000058e+05 -1.727515000000000001e+01
2.318956750000000175e+05 -2.729271999999999920e+01
2.318957500000000000e+05 -1.925018000000000029e+01
2.318958250000000116e+05 -1.779254999999999853e+01
2.318958999999999942e+05 -2.606341000000000108e+01
2.318959750000000058e+05 -1.707338999999999984e+01
2.318960500000000175e+05 -2.144172000000000011e+01
2.318961250000000000e+05 -2.638083999999999918e+01
2.318962000000000116e+05 -1.491272000000000020e+01
2.318962749999999942e+05 -2.171839999999999904e+01
2.318963500000000058e+05 -3.137324999999999875e+01
2.318964250000000175e+05 -1.675988999999999862e+01
2.318965000000000000e+05 -2.144813999999999865e+01
2.318965750000000116e+05 -3.591165000000000163e+01
2.318966499999999942e+05 -1.954710999999999999e+01
2.318967250000000058e+05 -1.915584000000000131e+01
2.318968000000000175e+05 -4.399390999999999963e+01
2.318968750000000000e+05 -2.165286000000000044e+01
2.318969500000000116e+05 -2.190655999999999892e+01
2.318970249999999942e+05 -2.606945999999999941e+01
2.318971000000000058e+05 -2.545852999999999966e+01
2.318971750000000175e+05 -1.865565000000000140e+01
2.318972500000000000e+05 -2.128244000000000113e+01
2.318973250000000116e+05 -2.926180000000000092e+01
2.318973999999999942e+05 -2.330291000000000068e+01
2.318974750000000058e+05 -2.097055999999999898e+01
2.318975500000000175e+05 -2.243270000000000053e+01
2.318976250000000000e+05 -3.905180000000000007e+01
2.318977000000000116e+05 -2.084716999999999842e+01
2.318977749999999942e+05 -2.076747999999999905e+01
2.318978500000000058e+05 -2.439968999999999966e+01
2.318979250000000175e+05 -2.616055000000000064e+01
2.318980000000000000e+05 -2.055641999999999925e+01
2.318980750000000116e+05 -1.834756000000000142e+01
2.318981499999999942e+05 -1.967078000000000060e+01
2.318982250000000058e+05 -2.865303000000000111e+01
2.318983000000000175e+05 -2.438982999999999990e+01
2.318983750000000000e+05 -2.145937999999999946e+01
2.318984500000000116e+05 -2.133849000000000018e+01
2.318985249999999942e+05 -2.465037999999999840e+01
2.318986000000000058e+05 -2.885254000000000119e+01
2.318986750000000175e+05 -2.887175999999999831e+01
2.318987500000000000e+05 -2.618361000000000161e+01
2.318988250000000116e+05 -1.940191000000000088e+01
2.318988999999999942e+05 -2.032663000000000153e+01
2.318989750000000058e+05 -2.824351000000000056e+01
2.318990500000000175e+05 -2.995484000000000080e+01
2.318991250000000000e+05 -2.305920000000000059e+01
2.318992000000000116e+05 -2.442340000000000089e+01
2.318992749999999942e+05 -2.293386999999999887e+01
2.318993500000000058e+05 -2.512190000000000012e+01
2.318994250000000175e+05 -3.060015999999999892e+01
2.318995000000000000e+05 -2.322550999999999988e+01
2.318995750000000116e+05 -2.236005000000000109e+01
2.318996499999999942e+05 -1.919169000000000125e+01
2.318997250000000058e+05 -1.885587999999999909e+01
2.318998000000000175e+05 -1.945393999999999934e+01
2.318998750000000000e+05 -2.323992000000000147e+01
2.318999500000000116e+05 -2.385650000000000048e+01
2.319000249999999942e+05 -2.943413999999999930e+01
2.319001000000000058e+05 -2.390221000000000018e+01
