# Temperature: None K
2.319042250000000058e+05 -2.460929000000000144e+01
2.319043000000000175e+05 -2.425438000000000116e+01
2.319043750000000000e+05 -1.900452999999999903e+01
2.319044500000000116e+05 -1.836089000000000127e+01
2.319045249999999942e+05 -1.833323999999999998e+01
2.319046000000000058e+05 -1.885265000000000057e+01
2.319046750000000175e+05 -2.424774000000000029e+01
2.319047500000000000e+05 -1.854038999999999859e+01
2.319048250000000116e+05 -1.527153999999999989e+01
2.319048999999999942e+05 -1.828519999999999968e+01
2.319049750000000058e+05 -2.070542000000000016e+01
2.319050500000000175e+05 -2.191571000000000069e+01
2.319051250000000000e+05 -2.142195999999999856e+01
2.319052000000000116e+05 -1.880293999999999954e+01
2.319052749999999942e+05 -2.122550999999999988e+01
2.319053500000000058e+05 -2.096002000000000010e+01
2.319054250000000175e+05 -1.876246000000000080e+01
2.319055000000000000e+05 -1.515029999999999966e+01
2.319055750000000116e+05 -1.811912999999999840e+01
2.319056499999999942e+05 -1.844476999999999833e+01
2.319057250000000058e+05 -2.192631000000000085e+01
2.319058000000000175e+05 -1.761317000000000021e+01
2.319058750000000000e+05 -1.720719000000000065e+01
2.319059500000000116e+05 -2.062426999999999921e+01
2.319060249999999942e+05 -2.219793999999999912e+01
2.319061000000000058e+05 -1.623948999999999998e+01
2.319061750000000175e+05 -1.847813000000000017e+01
2.319062500000000000e+05 -2.058827000000000140e+01
2.319063250000000116e+05 -1.668087999999999838e+01
2.319063999999999942e+05 -2.004704999999999870e+01
2.319064750000000058e+05 -2.207430000000000092e+01
2.319065500000000175e+05 -2.048458000000000112e+01
2.319066250000000000e+05 -1.851257999999999981e+01
2.319067000000000116e+05 -1.787632999999999939e+01
2.319067749999999942e+05 -2.218747000000000114e+01
2.319068500000000058e+05 -1.693697999999999837e+01
2.319069250000000175e+05 -1.877806999999999960e+01
2.319070000000000000e+05 -1.954793000000000092e+01
2.319070750000000116e+05 -1.599177000000000071e+01
2.319071499999999942e+05 -1.913063000000000002e+01
2.319072250000000058e+05 -1.956308999999999898e+01
2.319073000000000175e+05 -1.857620999999999967e+01
2.319073750000000000e+05 -1.997334000000000032e+01
2.319074500000000116e+05 -2.060423000000000116e+01
2.319075249999999942e+05 -1.770959999999999823e+01
2.319076000000000058e+05 -2.177189999999999870e+01
2.319076750000000175e+05 -1.910773999999999972e+01
2.319077500000000000e+05 -1.859571000000000041e+01
2.319078250000000116e+05 -1.947779999999999845e+01
2.319078999999999942e+05 -1.869173999999999936e+01
2.319079750000000058e+05 -2.085435999999999979e+01
2.319080500000000175e+05 -1.845487999999999928e+01
2.319081250000000000e+05 -1.905099999999999838e+01
2.319082000000000116e+05 -1.939845000000000041e+01
2.319082749999999942e+05 -1.966631999999999891e+01
2.319083500000000058e+05 -1.999979000000000084e+01
2.319084250000000175e+05 -1.890217000000000169e+01
2.319085000000000000e+05 -1.873397999999999897e+01
2.319085750000000116e+05 -1.968714999999999904e+01
2.319086499999999942e+05 -1.705867999999999896e+01
2.319087250000000058e+05 -2.159514000000000067e+01
2.319088000000000175e+05 -2.031354999999999933e+01
2.319088750000000000e+05 -1.743268000000000129e+01
2.319089500000000116e+05 -2.092053999999999903e+01
2.319090249999999942e+05 -1.690814999999999912e+01
2.319091000000000058e+05 -1.683260999999999896e+01
2.319091750000000175e+05 -2.143744999999999834e+01
2.319092500000000000e+05 -2.001528000000000063e+01
2.319093250000000116e+05 -1.742207000000000150e+01
2.319093999999999942e+05 -2.152600999999999942e+01
2.319094750000000058e+05 -1.799793999999999983e+01
2.319095500000000175e+05 -2.027761999999999887e+01
2.319096250000000000e+05 -1.641300999999999988e+01
2.319097000000000116e+05 -2.248819999999999908e+01
2.319097749999999942e+05 -1.973899000000000115e+01
2.319098500000000058e+05 -1.923283999999999949e+01
2.319099250000000175e+05 -1.727190999999999832e+01
2.319100000000000000e+05 -1.908830000000000027e+01
2.319100750000000116e+05 -1.851249999999999929e+01
2.319101499999999942e+05 -1.616667999999999950e+01
2.319102250000000058e+05 -1.833790000000000120e+01
2.319103000000000175e+05 -1.665448999999999913e+01
2.319103750000000000e+05 -1.740850999999999971e+01
2.319104500000000116e+05 -1.979088000000000136e+01
2.319105249999999942e+05 -2.030981999999999843e+01
2.319106000000000058e+05 -1.803449000000000169e+01
2.319106750000000175e+05 -1.782770000000000010e+01
2.319107500000000000e+05 -1.789800999999999931e+01
2.319108250000000116e+05 -1.865023000000000053e+01
2.319108999999999942e+05 -1.949607999999999919e+01
2.319109750000000058e+05 -1.828142000000000067e+01
2.319110500000000175e+05 -1.973750000000000071e+01
2.319111250000000000e+05 -1.786679000000000173e+01
2.319112000000000116e+05 -1.804231000000000051e+01
2.319112749999999942e+05 -1.709871000000000052e+01
2.319113500000000058e+05 -1.812287999999999855e+01
2.319114250000000175e+05 -1.818777000000000044e+01
2.319115000000000000e+05 -1.784208999999999889e+01
2.319115750000000116e+05 -2.004169999999999874e+01
2.319116499999999942e+05 -1.999159999999999826e+01
2.319117250000000058e+05 -1.701544000000000167e+01
2.319118000000000175e+05 -1.608667000000000158e+01
2.319118750000000000e+05 -1.792837000000000103e+01
2.319119500000000116e+05 -1.872088000000000108e+01
2.319120249999999942e+05 -1.709129000000000076e+01
2.319121000000000058e+05 -1.850797999999999988e+01
2.319121750000000175e+05 -1.705098999999999876e+01
2.319122500000000000e+05 -1.756102999999999881e+01
2.319123250000000116e+05 -1.619254000000000104e+01
2.319123999999999942e+05 -1.614404000000000039e+01
2.319124750000000058e+05 -1.733161000000000129e+01
2.319125500000000175e+05 -1.689485000000000170e+01
2.319126250000000000e+05 -2.126201999999999970e+01
2.319127000000000116e+05 -1.754872999999999905e+01
2.319127749999999942e+05 -1.762276999999999916e+01
2.319128500000000058e+05 -1.626858000000000004e+01
2.319129250000000175e+05 -1.690908999999999907e+01
2.319130000000000000e+05 -1.604871999999999943e+01
2.319130750000000116e+05 -1.823601000000000028e+01
2.319131499999999942e+05 -1.708962999999999965e+01
2.319132250000000058e+05 -1.823633999999999844e+01
2.319133000000000175e+05 -1.668429000000000073e+01
2.319133750000000000e+05 -1.793853000000000009e+01
2.319134500000000116e+05 -1.909829999999999828e+01
2.319135249999999942e+05 -1.635474999999999923e+01
2.319136000000000058e+05 -1.864536999999999978e+01
2.319136750000000175e+05 -1.722688000000000130e+01
2.319137500000000000e+05 -1.718814000000000064e+01
2.319138250000000116e+05 -1.670597000000000065e+01
2.319138999999999942e+05 -1.687340999999999980e+01
2.319139750000000058e+05 -1.532360000000000078e+01
2.319140500000000175e+05 -1.529382999999999981e+01
2.319141250000000000e+05 -1.520129999999999981e+01
2.319142000000000116e+05 -1.609885999999999839e+01
2.319142749999999942e+05 -1.721670999999999907e+01
2.319143500000000058e+05 -1.779526999999999859e+01
2.319144250000000175e+05 -1.784168000000000021e+01
2.319145000000000000e+05 -1.697794999999999987e+01
2.319145750000000116e+05 -1.526679999999999993e+01
2.319146499999999942e+05 -1.565493000000000023e+01
2.319147250000000058e+05 -1.521261999999999937e+01
2.319148000000000175e+05 -1.724353999999999942e+01
2.319148750000000000e+05 -1.586318999999999946e+01
2.319149500000000116e+05 -1.647147999999999968e+01
2.319150249999999942e+05 -1.646540999999999855e+01
2.319151000000000058e+05 -1.545017999999999958e+01
2.319151750000000175e+05 -1.693265999999999849e+01
2.319152500000000000e+05 -1.551298000000000066e+01
2.319153250000000116e+05 -1.644745999999999952e+01
2.319153999999999942e+05 -1.490122999999999998e+01
2.319154750000000058e+05 -1.385407999999999973e+01
2.319155500000000175e+05 -1.408018000000000036e+01
2.319156250000000000e+05 -1.515390999999999977e+01
2.319157000000000116e+05 -1.508300999999999981e+01
2.319157749999999942e+05 -1.433112999999999992e+01
2.319158500000000058e+05 -1.393440000000000012e+01
2.319159250000000175e+05 -1.486015000000000086e+01
2.319160000000000000e+05 -1.460258999999999929e+01
2.319160750000000116e+05 -1.398376999999999981e+01
2.319161499999999942e+05 -1.417360000000000042e+01
2.319162250000000058e+05 -1.488700000000000045e+01
2.319163000000000175e+05 -1.275666999999999973e+01
2.319163750000000000e+05 -1.394965000000000011e+01
2.319164500000000116e+05 -1.152092000000000027e+01
2.319165249999999942e+05 -1.283511999999999986e+01
2.319166000000000058e+05 -1.173948999999999998e+01
2.319166750000000175e+05 -1.336894999999999989e+01
2.319167500000000000e+05 -1.207953999999999972e+01
2.319168250000000116e+05 -1.292706000000000088e+01
2.319168999999999942e+05 -1.312937999999999938e+01
2.319169750000000058e+05 -1.314542999999999928e+01
2.319170500000000175e+05 -1.064819999999999922e+01
2.319171250000000000e+05 -1.147708000000000084e+01
2.319172000000000116e+05 -1.037119999999999997e+01
2.319172749999999942e+05 -1.066868999999999978e+01
2.319173500000000058e+05 -1.056605000000000061e+01
2.319174250000000175e+05 -1.041864999999999952e+01
2.319175000000000000e+05 -9.760533000000000570e+00
2.319175750000000116e+05 -8.683588999999999558e+00
2.319176499999999942e+05 -8.614565999999999946e+00
2.319177250000000058e+05 -8.149202999999999975e+00
2.319178000000000175e+05 -8.041064000000000433e+00
2.319178750000000000e+05 -7.627329999999999721e+00
2.319179500000000116e+05 -6.881713999999999665e+00
2.319180249999999942e+05 -6.712556000000000189e+00
2.319181000000000058e+05 -6.487324000000000090e+00
2.319181750000000175e+05 -5.689551999999999943e+00
2.319182500000000000e+05 -4.945388999999999591e+00
2.319183250000000116e+05 -4.042309999999999626e+00
2.319183999999999942e+05 -3.818576999999999888e+00
2.319184750000000058e+05 -3.260476999999999848e+00
2.319185500000000175e+05 -2.319666999999999923e+00
2.319186250000000000e+05 -1.555579000000000045e+00
2.319187000000000116e+05 -1.107180000000000053e+00
2.319187749999999942e+05 -1.057665000000000077e+00
2.319188500000000058e+05 3.176419999999999938e-02
2.319189250000000175e+05 5.130869000000000124e-01
2.319190000000000000e+05 9.901488000000000511e-01
2.319190750000000116e+05 1.196382000000000057e+00
2.319191499999999942e+05 1.800491999999999981e+00
2.319192250000000058e+05 2.051482000000000028e+00
2.319193000000000175e+05 2.014984000000000108e+00
2.319193750000000000e+05 2.201494999999999980e+00
2.319194500000000116e+05 2.288088999999999817e+00
2.319195249999999942e+05 1.844856999999999969e+00
2.319196000000000058e+05 1.520774000000000070e+00
2.319196750000000175e+05 5.472943999999999587e-01
2.319197500000000000e+05 3.319222000000000145e-02
2.319198250000000116e+05 -4.772390000000000243e-01
2.319198999999999942e+05 -1.079131000000000062e+00
2.319199750000000058e+05 -2.035321000000000158e+00
2.319200500000000175e+05 -2.454016000000000197e+00
2.319201250000000000e+05 -1.916074999999999973e+00
2.319202000000000116e+05 -1.569860999999999951e+00
2.319202749999999942e+05 -1.419462000000000002e+00
2.319203500000000058e+05 -1.403972999999999915e+00
2.319204250000000175e+05 -1.042505999999999933e+00
2.319205000000000000e+05 -2.297789999999999999e+00
2.319205750000000116e+05 -2.734996999999999900e+00
2.319206499999999942e+05 -3.241413999999999795e+00
2.319207250000000058e+05 -3.558038999999999952e+00
2.319208000000000175e+05 -3.274230999999999892e+00
2.319208750000000000e+05 -3.491630999999999929e+00
2.319209500000000116e+05 -3.500955999999999957e+00
2.319210249999999942e+05 -3.218945000000000167e+00
2.319211000000000058e+05 -3.677788000000000057e+00
2.319211750000000175e+05 -4.752296000000000298e+00
2.319212500000000000e+05 -4.781837999999999589e+00
2.319213250000000116e+05 -4.686115000000000030e+00
2.319213999999999942e+05 -5.286779000000000117e+00
2.319214750000000058e+05 -5.297407999999999895e+00
2.319215500000000175e+05 -5.262639000000000067e+00
2.319216250000000000e+05 -5.850274999999999892e+00
2.319217000000000116e+05 -5.947818999999999967e+00
2.319217749999999942e+05 -6.604051000000000116e+00
2.319218500000000058e+05 -6.846301999999999666e+00
2.319219250000000175e+05 -6.461593999999999838e+00
2.319220000000000000e+05 -6.761917000000000399e+00
2.319220750000000116e+05 -7.326163000000000203e+00
2.319221499999999942e+05 -7.554698000000000135e+00
2.319222250000000058e+05 -7.535771999999999693e+00
2.319223000000000175e+05 -8.055877000000000621e+00
2.319223750000000000e+05 -6.836916999999999689e+00
2.319224500000000116e+05 -8.558006999999999920e+00
2.319225249999999942e+05 -9.426415999999999684e+00
2.319226000000000058e+05 -8.250009000000000370e+00
2.319226750000000175e+05 -7.692205999999999655e+00
2.319227500000000000e+05 -9.030730000000000146e+00
2.319228250000000116e+05 -9.375698999999999117e+00
2.319228999999999942e+05 -8.723872000000000071e+00
2.319229750000000058e+05 -9.502022999999999442e+00
2.319230500000000175e+05 -1.031926999999999950e+01
2.319231250000000000e+05 -1.053772000000000020e+01
2.319232000000000116e+05 -1.013091000000000008e+01
2.319232749999999942e+05 -9.807415999999999912e+00
2.319233500000000058e+05 -1.083051000000000030e+01
2.319234250000000175e+05 -1.201549999999999940e+01
2.319235000000000000e+05 -1.054781000000000013e+01
2.319235750000000116e+05 -1.000564999999999927e+01
2.319236499999999942e+05 -1.174258000000000024e+01
2.319237250000000058e+05 -1.247957000000000072e+01
2.319238000000000175e+05 -1.012964000000000020e+01
2.319238750000000000e+05 -1.208161999999999914e+01
2.319239500000000116e+05 -1.301989000000000019e+01
2.319240249999999942e+05 -1.167351000000000028e+01
2.319241000000000058e+05 -1.289489000000000019e+01
2.319241750000000175e+05 -1.359802999999999962e+01
2.319242500000000000e+05 -1.177988000000000035e+01
2.319243250000000116e+05 -1.290740000000000087e+01
2.319243999999999942e+05 -1.482123999999999953e+01
2.319244750000000058e+05 -1.425264999999999915e+01
2.319245500000000175e+05 -1.412809999999999988e+01
2.319246250000000000e+05 -1.538435999999999915e+01
2.319247000000000116e+05 -1.265576000000000079e+01
2.319247749999999942e+05 -1.573339999999999961e+01
2.319248500000000058e+05 -1.576898000000000089e+01
2.319249250000000175e+05 -1.470074999999999932e+01
2.319250000000000000e+05 -1.742829000000000050e+01
2.319250750000000116e+05 -1.465103000000000044e+01
2.319251499999999942e+05 -1.467059000000000069e+01
2.319252250000000058e+05 -2.071627000000000152e+01
2.319253000000000175e+05 -1.501679000000000030e+01
2.319253750000000000e+05 -1.717458999999999847e+01
2.319254500000000116e+05 -1.812284000000000006e+01
2.319255249999999942e+05 -1.525286999999999971e+01
2.319256000000000058e+05 -1.924146999999999963e+01
2.319256750000000175e+05 -1.607487000000000066e+01
2.319257500000000000e+05 -1.934352000000000160e+01
2.319258250000000116e+05 -1.752458999999999989e+01
2.319258999999999942e+05 -1.783285000000000053e+01
2.319259750000000058e+05 -1.932744999999999891e+01
2.319260500000000175e+05 -1.535449999999999982e+01
2.319261250000000000e+05 -2.492503999999999920e+01
2.319262000000000116e+05 -1.474189999999999934e+01
2.319262749999999942e+05 -1.952289000000000030e+01
2.319263500000000058e+05 -1.678284000000000020e+01
2.319264250000000175e+05 -2.305949000000000026e+01
2.319265000000000000e+05 -1.841772999999999882e+01
2.319265750000000116e+05 -1.957951999999999870e+01
2.319266499999999942e+05 -2.339004999999999868e+01
2.319267250000000058e+05 -1.866687999999999903e+01
2.319268000000000175e+05 -2.140842999999999918e+01
2.319268750000000000e+05 -1.701779000000000153e+01
2.319269500000000116e+05 -2.568334000000000117e+01
2.319270249999999942e+05 -1.804991000000000057e+01
2.319271000000000058e+05 -2.286557000000000173e+01
2.319271750000000175e+05 -1.879252999999999929e+01
2.319272500000000000e+05 -3.293661999999999779e+01
2.319273250000000116e+05 -1.812623999999999924e+01
2.319273999999999942e+05 -2.905291000000000068e+01
2.319274750000000058e+05 -1.906495999999999924e+01
2.319275500000000175e+05 -2.448921999999999954e+01
2.319276250000000000e+05 -1.861282999999999888e+01
2.319277000000000116e+05 -2.313399000000000072e+01
2.319277749999999942e+05 -2.145554999999999879e+01
2.319278500000000058e+05 -2.238609999999999900e+01
2.319279250000000175e+05 -2.647901999999999845e+01
2.319280000000000000e+05 -2.189054000000000144e+01
2.319280750000000116e+05 -3.030211999999999861e+01
2.319281499999999942e+05 -2.048556999999999917e+01
2.319282250000000058e+05 -3.943296999999999741e+01
2.319283000000000175e+05 -1.907367999999999952e+01
2.319283750000000000e+05 -2.503747999999999863e+01
2.319284500000000116e+05 -2.747944999999999993e+01
2.319285249999999942e+05 -2.396311000000000035e+01
2.319286000000000058e+05 -2.694594999999999985e+01
2.319286750000000175e+05 -2.141067999999999927e+01
2.319287500000000000e+05 -3.069500000000000028e+01
2.319288250000000116e+05 -1.760692999999999842e+01
2.319288999999999942e+05 -2.213366999999999862e+01
2.319289750000000058e+05 -2.676699999999999946e+01
2.319290500000000175e+05 -1.904682999999999993e+01
2.319291250000000000e+05 -2.883493999999999957e+01
2.319292000000000116e+05 -2.157370999999999839e+01
2.319292749999999942e+05 -2.567245000000000132e+01
2.319293500000000058e+05 -3.071955000000000169e+01
2.319294250000000175e+05 -2.076313000000000031e+01
2.319295000000000000e+05 -2.084593999999999880e+01
2.319295750000000116e+05 -2.579251000000000005e+01
2.319296499999999942e+05 -1.920765000000000100e+01
2.319297250000000058e+05 -3.340688000000000102e+01
2.319298000000000175e+05 -2.141149000000000058e+01
2.319298750000000000e+05 -2.041563999999999979e+01
2.319299500000000116e+05 -2.378537000000000035e+01
2.319300249999999942e+05 -2.195401000000000025e+01
2.319301000000000058e+05 -1.942010000000000147e+01
2.319301750000000175e+05 -2.587757999999999825e+01
2.319302500000000000e+05 -2.761982000000000070e+01
2.319303250000000116e+05 -2.118543000000000021e+01
2.319303999999999942e+05 -2.835972999999999900e+01
2.319304750000000058e+05 -2.217443000000000097e+01
2.319305500000000175e+05 -2.143521000000000143e+01
2.319306250000000000e+05 -2.195197999999999894e+01
2.319307000000000116e+05 -2.611118000000000094e+01
2.319307749999999942e+05 -2.348329999999999984e+01
2.319308500000000058e+05 -2.161513000000000062e+01
2.319309250000000175e+05 -2.565417000000000058e+01
2.319310000000000000e+05 -2.197580999999999918e+01
2.319310750000000116e+05 -2.064891000000000076e+01
2.319311499999999942e+05 -2.594472000000000023e+01
2.319312250000000058e+05 -2.855561000000000149e+01
2.319313000000000175e+05 -2.103706999999999994e+01
2.319313750000000000e+05 -1.984281000000000006e+01
2.319314500000000116e+05 -2.822577000000000069e+01
2.319315249999999942e+05 -2.872136000000000067e+01
2.319316000000000058e+05 -2.219174999999999898e+01
2.319316750000000175e+05 -2.298798000000000030e+01
2.319317500000000000e+05 -2.093779999999999930e+01
2.319318250000000116e+05 -2.490775999999999968e+01
2.319318999999999942e+05 -1.968112999999999957e+01
2.319319750000000058e+05 -2.221931000000000012e+01
2.319320500000000175e+05 -2.393828999999999851e+01
2.319321250000000000e+05 -2.910679999999999978e+01
2.319322000000000116e+05 -2.356685999999999837e+01
2.319322749999999942e+05 -2.279827999999999832e+01
2.319323500000000058e+05 -1.873545000000000016e+01
2.319324250000000175e+05 -2.468800999999999846e+01
2.319325000000000000e+05 -2.502898000000000067e+01
2.319325750000000116e+05 -2.613474000000000075e+01
2.319326499999999942e+05 -2.576996000000000109e+01
2.319327250000000058e+05 -2.072316000000000003e+01
2.319328000000000175e+05 -2.081122999999999834e+01
2.319328750000000000e+05 -2.168270000000000053e+01
2.319329500000000116e+05 -2.827590000000000003e+01
2.319330249999999942e+05 -2.590568000000000026e+01
2.319331000000000058e+05 -2.457723000000000013e+01
2.319331750000000175e+05 -2.264733000000000018e+01
2.319332500000000000e+05 -2.447741999999999862e+01
2.319333250000000116e+05 -2.164902999999999977e+01
2.319333999999999942e+05 -2.252578000000000102e+01
2.319334750000000058e+05 -2.144887999999999906e+01
2.319335500000000175e+05 -1.972152000000000172e+01
2.319336250000000000e+05 -2.667931000000000097e+01
2.319337000000000116e+05 -2.872025000000000006e+01
2.319337749999999942e+05 -2.365270999999999901e+01
2.319338500000000058e+05 -2.502089000000000141e+01
2.319339250000000175e+05 -2.272250000000000014e+01
2.319340000000000000e+05 -2.374218000000000117e+01
2.319340750000000116e+05 -2.331447999999999965e+01
2.319341499999999942e+05 -2.237330000000000041e+01
2.319342250000000058e+05 -2.236531000000000091e+01
