# Temperature: None K
2.318090499999999884e+05 -2.220634000000000086e+01
2.318091250000000000e+05 -2.418574999999999875e+01
2.318091999999999825e+05 -1.703726999999999947e+01
2.318092749999999942e+05 -1.676057000000000130e+01
2.318093499999999767e+05 -2.038785000000000025e+01
2.318094249999999884e+05 -1.946433999999999997e+01
2.318095000000000000e+05 -1.930756999999999834e+01
2.318095749999999825e+05 -1.986765000000000114e+01
2.318096499999999942e+05 -1.831342000000000070e+01
2.318097249999999767e+05 -2.052198999999999884e+01
2.318097999999999884e+05 -1.964154999999999873e+01
2.318098750000000000e+05 -1.722561999999999927e+01
2.318099499999999825e+05 -2.106843999999999895e+01
2.318100249999999942e+05 -1.993204000000000065e+01
2.318100999999999767e+05 -2.355026000000000153e+01
2.318101749999999884e+05 -1.902079000000000164e+01
2.318102500000000000e+05 -1.746872000000000114e+01
2.318103249999999825e+05 -2.009509999999999863e+01
2.318103999999999942e+05 -2.004752999999999830e+01
2.318104749999999767e+05 -2.211983999999999995e+01
2.318105499999999884e+05 -1.784849000000000174e+01
2.318106250000000000e+05 -1.944172999999999973e+01
2.318106999999999825e+05 -2.044129999999999825e+01
2.318107749999999942e+05 -1.994592000000000098e+01
2.318108499999999767e+05 -1.896536000000000044e+01
2.318109249999999884e+05 -1.959890000000000043e+01
2.318110000000000000e+05 -1.880486000000000146e+01
2.318110749999999825e+05 -1.838416000000000139e+01
2.318111499999999942e+05 -1.977706999999999837e+01
2.318112249999999767e+05 -2.075976999999999961e+01
2.318112999999999884e+05 -1.814073000000000135e+01
2.318113750000000000e+05 -1.857816000000000045e+01
2.318114499999999825e+05 -2.175917000000000101e+01
2.318115249999999942e+05 -1.738388000000000133e+01
2.318115999999999767e+05 -1.901067000000000107e+01
2.318116749999999884e+05 -2.010201999999999956e+01
2.318117500000000000e+05 -1.766177000000000064e+01
2.318118249999999825e+05 -1.942053999999999903e+01
2.318118999999999942e+05 -2.128725000000000023e+01
2.318119749999999767e+05 -1.967489000000000132e+01
2.318120499999999884e+05 -1.868823000000000079e+01
2.318121250000000000e+05 -1.917369000000000057e+01
2.318121999999999825e+05 -1.768551000000000073e+01
2.318122749999999942e+05 -2.127665999999999968e+01
2.318123499999999767e+05 -1.818105999999999867e+01
2.318124249999999884e+05 -1.800921999999999912e+01
2.318125000000000000e+05 -1.878282000000000096e+01
2.318125749999999825e+05 -2.058311000000000135e+01
2.318126499999999942e+05 -1.816101000000000099e+01
2.318127249999999767e+05 -2.153378999999999976e+01
2.318127999999999884e+05 -1.902128000000000085e+01
2.318128750000000000e+05 -1.806926999999999950e+01
2.318129499999999825e+05 -1.917451000000000150e+01
2.318130249999999942e+05 -2.226993999999999829e+01
2.318130999999999767e+05 -1.856859000000000037e+01
2.318131749999999884e+05 -1.958286999999999978e+01
2.318132500000000000e+05 -2.084568000000000154e+01
2.318133249999999825e+05 -2.066099000000000174e+01
2.318133999999999942e+05 -1.652224999999999966e+01
2.318134749999999767e+05 -1.795670000000000144e+01
2.318135499999999884e+05 -1.962187000000000126e+01
2.318136250000000000e+05 -2.157443999999999917e+01
2.318136999999999825e+05 -2.069224000000000174e+01
2.318137749999999942e+05 -1.751201000000000008e+01
2.318138499999999767e+05 -2.016923999999999850e+01
2.318139249999999884e+05 -2.076927999999999841e+01
2.318140000000000000e+05 -1.858952000000000027e+01
2.318140749999999825e+05 -1.815467999999999904e+01
2.318141499999999942e+05 -1.970156000000000063e+01
2.318142249999999767e+05 -1.885366000000000142e+01
2.318142999999999884e+05 -1.902639999999999887e+01
2.318143750000000000e+05 -1.910124000000000066e+01
2.318144499999999825e+05 -1.783828000000000102e+01
2.318145249999999942e+05 -1.766044000000000125e+01
2.318145999999999767e+05 -1.994639000000000095e+01
2.318146749999999884e+05 -2.005110000000000170e+01
2.318147500000000000e+05 -1.861514000000000024e+01
2.318148249999999825e+05 -1.709685999999999950e+01
2.318148999999999942e+05 -1.756534999999999869e+01
2.318149749999999767e+05 -2.167718999999999951e+01
2.318150499999999884e+05 -1.762380999999999887e+01
2.318151250000000000e+05 -1.919616999999999862e+01
2.318151999999999825e+05 -1.809758000000000067e+01
2.318152749999999942e+05 -1.919141000000000119e+01
2.318153499999999767e+05 -1.981579999999999941e+01
2.318154249999999884e+05 -1.846093000000000117e+01
2.318155000000000000e+05 -1.821928000000000125e+01
2.318155749999999825e+05 -2.210573000000000121e+01
2.318156499999999942e+05 -1.752377999999999858e+01
2.318157249999999767e+05 -2.085465999999999909e+01
2.318157999999999884e+05 -1.947130999999999901e+01
2.318158750000000000e+05 -1.837427999999999884e+01
2.318159499999999825e+05 -1.982353000000000165e+01
2.318160249999999942e+05 -1.911017000000000010e+01
2.318160999999999767e+05 -1.795422999999999902e+01
2.318161749999999884e+05 -1.812075000000000102e+01
2.318162500000000000e+05 -1.917912000000000106e+01
2.318163249999999825e+05 -1.755585999999999913e+01
2.318163999999999942e+05 -1.795813000000000059e+01
2.318164749999999767e+05 -1.834540000000000148e+01
2.318165499999999884e+05 -1.767589999999999861e+01
2.318166250000000000e+05 -1.644413000000000125e+01
2.318166999999999825e+05 -1.792941000000000074e+01
2.318167749999999942e+05 -1.831878999999999991e+01
2.318168499999999767e+05 -1.922109999999999985e+01
2.318169249999999884e+05 -1.676532999999999873e+01
2.318170000000000000e+05 -1.852755000000000152e+01
2.318170749999999825e+05 -1.602734999999999843e+01
2.318171499999999942e+05 -1.798698999999999870e+01
2.318172249999999767e+05 -1.825534000000000034e+01
2.318172999999999884e+05 -2.086400000000000077e+01
2.318173750000000000e+05 -1.776191999999999993e+01
2.318174499999999825e+05 -1.728746999999999900e+01
2.318175249999999942e+05 -1.874033000000000015e+01
2.318175999999999767e+05 -1.826804999999999879e+01
2.318176749999999884e+05 -1.712390999999999863e+01
2.318177500000000000e+05 -1.799821999999999989e+01
2.318178249999999825e+05 -1.829689000000000121e+01
2.318178999999999942e+05 -1.661796999999999969e+01
2.318179749999999767e+05 -1.684876999999999825e+01
2.318180499999999884e+05 -1.557385999999999981e+01
2.318181250000000000e+05 -1.683777999999999864e+01
2.318181999999999825e+05 -1.746377000000000024e+01
2.318182749999999942e+05 -1.665998000000000090e+01
2.318183499999999767e+05 -1.683652000000000015e+01
2.318184249999999884e+05 -1.900601999999999947e+01
2.318185000000000000e+05 -1.690118999999999971e+01
2.318185749999999825e+05 -1.569968000000000075e+01
2.318186499999999942e+05 -1.735482000000000014e+01
2.318187249999999767e+05 -1.654073999999999955e+01
2.318187999999999884e+05 -1.644662999999999897e+01
2.318188750000000000e+05 -1.547855999999999987e+01
2.318189499999999825e+05 -1.552535999999999916e+01
2.318190249999999942e+05 -1.702112999999999943e+01
2.318190999999999767e+05 -1.537045999999999957e+01
2.318191749999999884e+05 -1.812190000000000012e+01
2.318192500000000000e+05 -1.666601999999999961e+01
2.318193249999999825e+05 -1.704932000000000158e+01
2.318193999999999942e+05 -1.585951000000000022e+01
2.318194749999999767e+05 -1.582807000000000031e+01
2.318195499999999884e+05 -1.590361000000000047e+01
2.318196250000000000e+05 -1.556195999999999913e+01
2.318196999999999825e+05 -1.549447999999999936e+01
2.318197749999999942e+05 -1.381803999999999988e+01
2.318198499999999767e+05 -1.627017000000000024e+01
2.318199249999999884e+05 -1.473119999999999941e+01
2.318200000000000000e+05 -1.549418000000000006e+01
2.318200749999999825e+05 -1.508024999999999949e+01
2.318201499999999942e+05 -1.573638000000000048e+01
2.318202249999999767e+05 -1.445545000000000080e+01
2.318202999999999884e+05 -1.554575999999999958e+01
2.318203750000000000e+05 -1.480549000000000071e+01
2.318204499999999825e+05 -1.456381999999999977e+01
2.318205249999999942e+05 -1.495364999999999966e+01
2.318205999999999767e+05 -1.444838999999999984e+01
2.318206749999999884e+05 -1.544187999999999938e+01
2.318207500000000000e+05 -1.511979999999999968e+01
2.318208249999999825e+05 -1.338801999999999914e+01
2.318208999999999942e+05 -1.315615000000000023e+01
2.318209749999999767e+05 -1.531019000000000041e+01
2.318210499999999884e+05 -1.355674999999999919e+01
2.318211250000000000e+05 -1.502363000000000071e+01
2.318211999999999825e+05 -1.182873000000000019e+01
2.318212749999999942e+05 -1.197376000000000040e+01
2.318213499999999767e+05 -1.328673999999999999e+01
2.318214249999999884e+05 -1.220911000000000080e+01
2.318215000000000000e+05 -1.261776000000000053e+01
2.318215749999999825e+05 -1.211500000000000021e+01
2.318216499999999942e+05 -1.192684000000000033e+01
2.318217249999999767e+05 -1.173723000000000027e+01
2.318217999999999884e+05 -1.058717000000000041e+01
2.318218750000000000e+05 -1.024067999999999934e+01
2.318219499999999825e+05 -1.047550000000000026e+01
2.318220249999999942e+05 -9.312559999999999505e+00
2.318220999999999767e+05 -8.900506999999999280e+00
2.318221749999999884e+05 -8.585781000000000773e+00
2.318222500000000000e+05 -8.848138999999999754e+00
2.318223249999999825e+05 -7.541063000000000294e+00
2.318223999999999942e+05 -7.997332000000000107e+00
2.318224749999999767e+05 -7.075974999999999682e+00
2.318225499999999884e+05 -6.277394000000000140e+00
2.318226250000000000e+05 -6.241412999999999656e+00
2.318226999999999825e+05 -5.478450999999999738e+00
2.318227749999999942e+05 -5.005258000000000429e+00
2.318228499999999767e+05 -4.113852999999999760e+00
2.318229249999999884e+05 -3.412004000000000037e+00
2.318230000000000000e+05 -2.609144000000000130e+00
2.318230749999999825e+05 -2.220849999999999991e+00
2.318231499999999942e+05 -1.782202999999999982e+00
2.318232249999999767e+05 -1.442080000000000028e+00
2.318232999999999884e+05 -6.289086000000000398e-01
2.318233750000000000e+05 -1.564515999999999962e-01
2.318234499999999825e+05 4.387338000000000071e-01
2.318235249999999942e+05 8.285447999999999702e-01
2.318235999999999767e+05 1.074483000000000077e+00
2.318236749999999884e+05 1.584290999999999894e+00
2.318237500000000000e+05 1.729300000000000059e+00
2.318238249999999825e+05 1.802205999999999975e+00
2.318238999999999942e+05 1.565239999999999965e+00
2.318239749999999767e+05 1.398962999999999957e+00
2.318240499999999884e+05 1.367995999999999990e+00
2.318241250000000000e+05 5.903914000000000106e-01
2.318241999999999825e+05 -1.538571999999999995e-01
2.318242749999999942e+05 -5.041573000000000304e-01
2.318243499999999767e+05 -1.440927000000000069e+00
2.318244249999999884e+05 -2.241598000000000201e+00
2.318245000000000000e+05 -2.825721999999999845e+00
2.318245749999999825e+05 -3.151578000000000213e+00
2.318246499999999942e+05 -2.584732999999999947e+00
2.318247249999999767e+05 -2.544659999999999922e+00
2.318247999999999884e+05 -1.809515999999999902e+00
2.318248750000000000e+05 -2.213690999999999853e+00
2.318249499999999825e+05 -2.881139999999999812e+00
2.318250249999999942e+05 -3.121599999999999930e+00
2.318250999999999767e+05 -3.851840000000000153e+00
2.318251749999999884e+05 -4.783807000000000365e+00
2.318252500000000000e+05 -4.682800000000000296e+00
2.318253249999999825e+05 -4.599466999999999750e+00
2.318253999999999942e+05 -4.423322999999999894e+00
2.318254749999999767e+05 -4.114955000000000140e+00
2.318255499999999884e+05 -4.761847000000000385e+00
2.318256250000000000e+05 -5.472630999999999801e+00
2.318256999999999825e+05 -6.235896999999999579e+00
2.318257749999999942e+05 -6.584266999999999648e+00
2.318258499999999767e+05 -6.188731999999999900e+00
2.318259249999999884e+05 -5.975173999999999985e+00
2.318260000000000000e+05 -6.800176999999999694e+00
2.318260749999999825e+05 -6.351767999999999859e+00
2.318261499999999942e+05 -7.068322000000000216e+00
2.318262249999999767e+05 -7.403650999999999982e+00
2.318262999999999884e+05 -8.503738000000000241e+00
2.318263750000000000e+05 -7.951068000000000247e+00
2.318264499999999825e+05 -8.137346000000000856e+00
2.318265249999999942e+05 -7.873604000000000269e+00
2.318265999999999767e+05 -9.308116000000000057e+00
2.318266749999999884e+05 -9.234094999999999942e+00
2.318267500000000000e+05 -9.648595999999999506e+00
2.318268249999999825e+05 -9.353944000000000258e+00
2.318268999999999942e+05 -9.147232000000000696e+00
2.318269749999999767e+05 -1.025294000000000061e+01
2.318270499999999884e+05 -1.038199999999999967e+01
2.318271250000000000e+05 -9.680574000000000012e+00
2.318271999999999825e+05 -9.970057999999999865e+00
2.318272749999999942e+05 -1.157713999999999999e+01
2.318273499999999767e+05 -1.121296000000000070e+01
2.318274249999999884e+05 -1.064465000000000039e+01
2.318275000000000000e+05 -1.099681999999999960e+01
2.318275749999999825e+05 -1.255625999999999998e+01
2.318276499999999942e+05 -1.229440999999999917e+01
2.318277249999999767e+05 -1.281808999999999976e+01
2.318277999999999884e+05 -1.269279000000000046e+01
2.318278750000000000e+05 -1.284390999999999927e+01
2.318279499999999825e+05 -1.359277999999999942e+01
2.318280249999999942e+05 -1.262332999999999927e+01
2.318280999999999767e+05 -1.325990000000000002e+01
2.318281749999999884e+05 -1.478508000000000067e+01
2.318282500000000000e+05 -1.325484999999999935e+01
2.318283249999999825e+05 -1.362565000000000026e+01
2.318283999999999942e+05 -1.486724000000000068e+01
2.318284749999999767e+05 -1.510087000000000046e+01
2.318285499999999884e+05 -1.382356000000000051e+01
2.318286250000000000e+05 -1.696462000000000003e+01
2.318286999999999825e+05 -1.663216999999999857e+01
2.318287749999999942e+05 -1.464424999999999955e+01
2.318288499999999767e+05 -1.781478999999999857e+01
2.318289249999999884e+05 -1.554916000000000054e+01
2.318290000000000000e+05 -1.526430000000000042e+01
2.318290749999999825e+05 -2.054488999999999876e+01
2.318291499999999942e+05 -1.619497000000000142e+01
2.318292249999999767e+05 -1.533150999999999975e+01
2.318292999999999884e+05 -1.881682999999999950e+01
2.318293750000000000e+05 -1.748421000000000092e+01
2.318294499999999825e+05 -1.796465999999999852e+01
2.318295249999999942e+05 -2.412859999999999872e+01
2.318295999999999767e+05 -1.628234000000000137e+01
2.318296749999999884e+05 -1.919507000000000119e+01
2.318297500000000000e+05 -2.139846999999999966e+01
2.318298249999999825e+05 -1.658711999999999875e+01
2.318298999999999942e+05 -2.517095000000000127e+01
2.318299749999999767e+05 -1.787376000000000076e+01
2.318300499999999884e+05 -1.927806999999999960e+01
2.318301250000000000e+05 -2.396234000000000108e+01
2.318301999999999825e+05 -2.081208000000000169e+01
2.318302749999999942e+05 -2.757196000000000069e+01
2.318303499999999767e+05 -1.866271000000000058e+01
2.318304249999999884e+05 -2.441980999999999824e+01
2.318305000000000000e+05 -2.154427000000000092e+01
2.318305749999999825e+05 -2.223593999999999937e+01
2.318306499999999942e+05 -2.136430000000000007e+01
2.318307249999999767e+05 -1.966245999999999938e+01
2.318307999999999884e+05 -2.687025999999999826e+01
2.318308750000000000e+05 -1.816779000000000011e+01
2.318309499999999825e+05 -2.852843999999999980e+01
2.318310249999999942e+05 -1.855409999999999826e+01
2.318310999999999767e+05 -3.186062000000000083e+01
2.318311749999999884e+05 -2.154598999999999975e+01
2.318312500000000000e+05 -2.477564999999999884e+01
2.318313249999999825e+05 -1.983771000000000129e+01
2.318313999999999942e+05 -2.500454999999999828e+01
2.318314749999999767e+05 -2.215933000000000064e+01
2.318315499999999884e+05 -2.265516999999999825e+01
2.318316250000000000e+05 -2.144692999999999827e+01
2.318316999999999825e+05 -2.290709999999999980e+01
2.318317749999999942e+05 -2.158248000000000033e+01
2.318318499999999767e+05 -2.285858999999999952e+01
2.318319249999999884e+05 -1.977723999999999904e+01
2.318320000000000000e+05 -3.715820000000000078e+01
2.318320749999999825e+05 -2.112871000000000166e+01
2.318321499999999942e+05 -3.280078999999999922e+01
2.318322249999999767e+05 -2.340002000000000137e+01
2.318322999999999884e+05 -2.947722999999999871e+01
2.318323750000000000e+05 -1.869822999999999880e+01
2.318324499999999825e+05 -3.128277999999999892e+01
2.318325249999999942e+05 -1.813084999999999880e+01
2.318325999999999767e+05 -2.352243999999999957e+01
2.318326749999999884e+05 -2.138635000000000019e+01
2.318327500000000000e+05 -2.182263999999999982e+01
2.318328249999999825e+05 -2.567530999999999963e+01
2.318328999999999942e+05 -2.134626000000000090e+01
2.318329749999999767e+05 -2.737292000000000058e+01
2.318330499999999884e+05 -2.090786999999999907e+01
2.318331250000000000e+05 -2.570317999999999969e+01
2.318331999999999825e+05 -2.433317999999999870e+01
2.318332749999999942e+05 -2.276182999999999979e+01
2.318333499999999767e+05 -2.553163999999999945e+01
2.318334249999999884e+05 -2.084150999999999954e+01
2.318335000000000000e+05 -3.390104999999999791e+01
2.318335749999999825e+05 -2.442182000000000031e+01
2.318336499999999942e+05 -2.585044999999999860e+01
2.318337249999999767e+05 -2.927618000000000009e+01
2.318337999999999884e+05 -2.237928000000000139e+01
2.318338750000000000e+05 -2.190311000000000163e+01
2.318339499999999825e+05 -3.229034999999999656e+01
2.318340249999999942e+05 -2.095139999999999958e+01
2.318340999999999767e+05 -4.003690999999999889e+01
2.318341749999999884e+05 -2.801770000000000138e+01
2.318342500000000000e+05 -2.254338999999999871e+01
2.318343249999999825e+05 -2.504055999999999926e+01
2.318343999999999942e+05 -2.568325000000000102e+01
2.318344749999999767e+05 -2.129515999999999920e+01
2.318345499999999884e+05 -2.763956999999999908e+01
2.318346250000000000e+05 -2.751264000000000109e+01
2.318346999999999825e+05 -2.296867999999999910e+01
2.318347749999999942e+05 -3.299945000000000306e+01
2.318348499999999767e+05 -2.766901999999999973e+01
2.318349249999999884e+05 -2.608576000000000050e+01
2.318350000000000000e+05 -3.369042000000000314e+01
2.318350749999999825e+05 -2.911251000000000033e+01
2.318351499999999942e+05 -2.682673000000000130e+01
2.318352249999999767e+05 -2.119209999999999994e+01
2.318352999999999884e+05 -2.239067999999999969e+01
2.318353750000000000e+05 -2.367202999999999946e+01
2.318354499999999825e+05 -2.648141000000000034e+01
2.318355249999999942e+05 -2.493524000000000029e+01
2.318355999999999767e+05 -2.404326999999999970e+01
2.318356749999999884e+05 -1.952742999999999896e+01
2.318357500000000000e+05 -2.299192000000000036e+01
2.318358249999999825e+05 -2.563096000000000174e+01
2.318358999999999942e+05 -2.391668999999999912e+01
2.318359749999999767e+05 -2.340131999999999834e+01
2.318360499999999884e+05 -2.227129000000000048e+01
2.318361250000000000e+05 -2.609121000000000024e+01
2.318361999999999825e+05 -2.484757000000000104e+01
2.318362749999999942e+05 -2.475358999999999909e+01
2.318363499999999767e+05 -2.122882999999999853e+01
2.318364249999999884e+05 -2.532792999999999850e+01
2.318365000000000000e+05 -2.382582000000000022e+01
2.318365749999999825e+05 -2.751868999999999943e+01
2.318366499999999942e+05 -2.429282999999999859e+01
2.318367249999999767e+05 -2.152343000000000117e+01
2.318367999999999884e+05 -2.513092999999999932e+01
2.318368750000000000e+05 -2.294591000000000136e+01
2.318369499999999825e+05 -2.012263000000000090e+01
2.318370249999999942e+05 -2.543957999999999942e+01
2.318370999999999767e+05 -2.274652999999999992e+01
2.318371749999999884e+05 -2.205656000000000105e+01
2.318372500000000000e+05 -2.505722000000000094e+01
2.318373249999999825e+05 -2.443524999999999991e+01
2.318373999999999942e+05 -2.303924999999999912e+01
2.318374749999999767e+05 -2.027073000000000036e+01
2.318375499999999884e+05 -2.412845000000000084e+01
2.318376250000000000e+05 -2.210142000000000095e+01
2.318376999999999825e+05 -2.229364999999999952e+01
2.318377749999999942e+05 -2.226529000000000025e+01
2.318378499999999767e+05 -2.266814000000000107e+01
2.318379249999999884e+05 -2.263229000000000113e+01
2.318380000000000000e+05 -2.326438999999999879e+01
2.318380749999999825e+05 -2.275165000000000148e+01
2.318381499999999942e+05 -2.399465999999999966e+01
2.318382249999999767e+05 -2.616411000000000087e+01
2.318382999999999884e+05 -2.562742000000000075e+01
2.318383750000000000e+05 -2.921156999999999826e+01
2.318384499999999825e+05 -2.655236999999999981e+01
2.318385249999999942e+05 -2.398427999999999827e+01
2.318385999999999767e+05 -2.378952999999999918e+01
2.318386749999999884e+05 -1.966701000000000121e+01
2.318387500000000000e+05 -2.158083999999999847e+01
2.318388249999999825e+05 -2.332018000000000058e+01
2.318388999999999942e+05 -2.475867999999999824e+01
2.318389749999999767e+05 -2.059722000000000008e+01
2.318390499999999884e+05 -2.439471999999999952e+01
