# Temperature: None K
2.317874500000000116e+05 -1.707066000000000017e+01
2.317875250000000233e+05 -1.621153999999999940e+01
2.317876000000000058e+05 -1.773020999999999958e+01
2.317876750000000175e+05 -1.660272000000000148e+01
2.317877500000000000e+05 -1.541525000000000034e+01
2.317878250000000116e+05 -1.587179000000000073e+01
2.317879000000000233e+05 -1.561314999999999920e+01
2.317879750000000058e+05 -1.556391999999999953e+01
2.317880500000000175e+05 -1.878378000000000014e+01
2.317881250000000000e+05 -1.839292999999999978e+01
2.317882000000000116e+05 -1.649811000000000050e+01
2.317882750000000233e+05 -1.629037999999999897e+01
2.317883500000000058e+05 -1.757347000000000037e+01
2.317884250000000175e+05 -1.659940999999999889e+01
2.317885000000000000e+05 -1.884344000000000108e+01
2.317885750000000116e+05 -1.813332000000000122e+01
2.317886500000000233e+05 -1.660598999999999847e+01
2.317887250000000058e+05 -1.657713999999999999e+01
2.317888000000000175e+05 -1.703870999999999825e+01
2.317888750000000000e+05 -1.611587000000000103e+01
2.317889500000000116e+05 -1.807804000000000144e+01
2.317890250000000233e+05 -1.588941999999999943e+01
2.317891000000000058e+05 -1.742268999999999934e+01
2.317891750000000175e+05 -1.491639999999999944e+01
2.317892500000000000e+05 -1.634363000000000099e+01
2.317893250000000116e+05 -1.700544000000000011e+01
2.317894000000000233e+05 -1.773380999999999830e+01
2.317894750000000058e+05 -1.722258000000000067e+01
2.317895500000000175e+05 -1.747560000000000002e+01
2.317896250000000000e+05 -1.656174999999999997e+01
2.317897000000000116e+05 -1.628202999999999889e+01
2.317897750000000233e+05 -1.805677999999999983e+01
2.317898500000000058e+05 -1.679617999999999967e+01
2.317899250000000175e+05 -1.700936000000000092e+01
2.317900000000000000e+05 -1.530231999999999992e+01
2.317900750000000116e+05 -1.797046999999999883e+01
2.317901500000000233e+05 -1.611612999999999829e+01
2.317902250000000058e+05 -1.913376999999999839e+01
2.317903000000000175e+05 -1.631933000000000078e+01
2.317903750000000000e+05 -1.519318999999999953e+01
2.317904500000000116e+05 -1.780088999999999899e+01
2.317905250000000233e+05 -1.722098000000000084e+01
2.317906000000000058e+05 -1.594726999999999961e+01
2.317906750000000175e+05 -1.537217000000000056e+01
2.317907500000000000e+05 -1.714973000000000170e+01
2.317908250000000116e+05 -1.935227000000000075e+01
2.317909000000000233e+05 -1.809874999999999901e+01
2.317909750000000058e+05 -1.697991000000000028e+01
2.317910500000000175e+05 -1.614939000000000036e+01
2.317911250000000000e+05 -1.636739999999999995e+01
2.317912000000000116e+05 -1.512125999999999948e+01
2.317912750000000233e+05 -1.604363999999999990e+01
2.317913500000000058e+05 -1.559314999999999962e+01
2.317914250000000175e+05 -1.735606999999999900e+01
2.317915000000000000e+05 -1.726071999999999917e+01
2.317915750000000116e+05 -1.800131000000000014e+01
2.317916500000000233e+05 -1.559454000000000029e+01
2.317917250000000058e+05 -1.565882000000000041e+01
2.317918000000000175e+05 -1.687655000000000172e+01
2.317918750000000000e+05 -1.621377000000000024e+01
2.317919500000000116e+05 -1.734003999999999834e+01
2.317920250000000233e+05 -1.521316999999999986e+01
2.317921000000000058e+05 -1.627649999999999864e+01
2.317921750000000175e+05 -1.746884999999999977e+01
2.317922500000000000e+05 -1.578731999999999935e+01
2.317923250000000116e+05 -1.463536999999999999e+01
2.317924000000000233e+05 -1.660058000000000078e+01
2.317924750000000058e+05 -1.550075999999999965e+01
2.317925500000000175e+05 -1.542971999999999966e+01
2.317926250000000000e+05 -1.920035000000000025e+01
2.317927000000000116e+05 -1.639846999999999966e+01
2.317927750000000233e+05 -1.695053000000000054e+01
2.317928500000000058e+05 -1.740012000000000114e+01
2.317929250000000175e+05 -1.504941999999999958e+01
2.317930000000000000e+05 -1.574878999999999962e+01
2.317930750000000116e+05 -1.813998000000000133e+01
2.317931500000000233e+05 -1.561100000000000065e+01
2.317932250000000058e+05 -1.733270999999999873e+01
2.317933000000000175e+05 -1.568290999999999968e+01
2.317933750000000000e+05 -1.625844999999999985e+01
2.317934500000000116e+05 -1.553013999999999939e+01
2.317935250000000233e+05 -1.625230000000000175e+01
2.317936000000000058e+05 -1.656424000000000163e+01
2.317936750000000175e+05 -1.588329000000000057e+01
2.317937500000000000e+05 -1.547608999999999924e+01
2.317938250000000116e+05 -1.701580999999999833e+01
2.317939000000000233e+05 -1.582743999999999929e+01
2.317939750000000058e+05 -1.497415999999999947e+01
2.317940500000000175e+05 -1.698984000000000094e+01
2.317941250000000000e+05 -1.833139999999999858e+01
2.317942000000000116e+05 -1.540771999999999942e+01
2.317942750000000233e+05 -1.655660999999999916e+01
2.317943500000000058e+05 -1.561735999999999969e+01
2.317944250000000175e+05 -1.692445999999999984e+01
2.317945000000000000e+05 -1.489972000000000030e+01
2.317945750000000116e+05 -1.573434999999999917e+01
2.317946500000000233e+05 -1.588424000000000014e+01
2.317947250000000058e+05 -1.642232999999999876e+01
2.317948000000000175e+05 -1.452247000000000021e+01
2.317948750000000000e+05 -1.663070000000000093e+01
2.317949500000000116e+05 -1.703629000000000104e+01
2.317950250000000233e+05 -1.478068999999999988e+01
2.317951000000000058e+05 -1.477706000000000053e+01
2.317951750000000175e+05 -1.677631999999999834e+01
2.317952500000000000e+05 -1.543008999999999986e+01
2.317953250000000116e+05 -1.628886999999999929e+01
2.317954000000000233e+05 -1.652868000000000137e+01
2.317954750000000058e+05 -1.533768000000000065e+01
2.317955500000000175e+05 -1.443246000000000073e+01
2.317956250000000000e+05 -1.561129000000000033e+01
2.317957000000000116e+05 -1.590940999999999939e+01
2.317957750000000233e+05 -1.660585999999999984e+01
2.317958500000000058e+05 -1.586332999999999949e+01
2.317959250000000175e+05 -1.608107000000000042e+01
2.317960000000000000e+05 -1.449118999999999957e+01
2.317960750000000116e+05 -1.601159000000000177e+01
2.317961500000000233e+05 -1.449343999999999966e+01
2.317962250000000058e+05 -1.518422999999999945e+01
2.317963000000000175e+05 -1.499123999999999945e+01
2.317963750000000000e+05 -1.627789999999999893e+01
2.317964500000000116e+05 -1.558444000000000074e+01
2.317965250000000233e+05 -1.644841999999999871e+01
2.317966000000000058e+05 -1.400193999999999939e+01
2.317966750000000175e+05 -1.446817000000000064e+01
2.317967500000000000e+05 -1.387026000000000003e+01
2.317968250000000116e+05 -1.540902999999999956e+01
2.317969000000000233e+05 -1.537119999999999997e+01
2.317969750000000058e+05 -1.457601999999999975e+01
2.317970500000000175e+05 -1.482217999999999947e+01
2.317971250000000000e+05 -1.558460999999999963e+01
2.317972000000000116e+05 -1.469167000000000023e+01
2.317972750000000233e+05 -1.497164000000000073e+01
2.317973500000000058e+05 -1.562669999999999959e+01
2.317974250000000175e+05 -1.565188999999999986e+01
2.317975000000000000e+05 -1.477834999999999965e+01
2.317975750000000116e+05 -1.565454000000000079e+01
2.317976500000000233e+05 -1.512904999999999944e+01
2.317977250000000058e+05 -1.564262000000000086e+01
2.317978000000000175e+05 -1.594533000000000023e+01
2.317978750000000000e+05 -1.503511999999999915e+01
2.317979500000000116e+05 -1.682895999999999859e+01
2.317980250000000233e+05 -1.452805000000000035e+01
2.317981000000000058e+05 -1.401237000000000066e+01
2.317981750000000175e+05 -1.320120999999999967e+01
2.317982500000000000e+05 -1.599529000000000067e+01
2.317983250000000116e+05 -1.380854000000000070e+01
2.317984000000000233e+05 -1.367526999999999937e+01
2.317984750000000058e+05 -1.343146999999999913e+01
2.317985500000000175e+05 -1.310969000000000051e+01
2.317986250000000000e+05 -1.396437000000000062e+01
2.317987000000000116e+05 -1.434712999999999994e+01
2.317987750000000233e+05 -1.478292000000000073e+01
2.317988500000000058e+05 -1.367764000000000024e+01
2.317989250000000175e+05 -1.424239000000000033e+01
2.317990000000000000e+05 -1.435136999999999929e+01
2.317990750000000116e+05 -1.411661999999999928e+01
2.317991500000000233e+05 -1.461397999999999975e+01
2.317992250000000058e+05 -1.313692999999999955e+01
2.317993000000000175e+05 -1.442515000000000036e+01
2.317993750000000000e+05 -1.299798999999999971e+01
2.317994500000000116e+05 -1.234830000000000005e+01
2.317995250000000233e+05 -1.351210999999999984e+01
2.317996000000000058e+05 -1.400693000000000055e+01
2.317996750000000175e+05 -1.484482000000000035e+01
2.317997500000000000e+05 -1.432784000000000013e+01
2.317998250000000116e+05 -1.223574999999999946e+01
2.317999000000000233e+05 -1.302688000000000024e+01
2.317999750000000058e+05 -1.413011000000000017e+01
2.318000500000000175e+05 -1.316294000000000075e+01
2.318001250000000000e+05 -1.135599999999999987e+01
2.318002000000000116e+05 -1.238211000000000084e+01
2.318002750000000233e+05 -1.187410999999999994e+01
2.318003500000000058e+05 -1.252039000000000080e+01
2.318004250000000175e+05 -1.214357000000000042e+01
2.318005000000000000e+05 -1.252846000000000082e+01
2.318005750000000116e+05 -1.221744999999999948e+01
2.318006500000000233e+05 -1.148522999999999961e+01
2.318007250000000058e+05 -1.135723999999999911e+01
2.318008000000000175e+05 -1.174493000000000009e+01
2.318008750000000000e+05 -1.198150000000000048e+01
2.318009500000000116e+05 -1.192900000000000027e+01
2.318010250000000233e+05 -1.085515999999999970e+01
2.318011000000000058e+05 -1.092591999999999963e+01
2.318011750000000175e+05 -1.067803999999999931e+01
2.318012500000000000e+05 -1.092861000000000082e+01
2.318013250000000116e+05 -1.134947999999999979e+01
2.318014000000000233e+05 -1.089776999999999951e+01
2.318014750000000058e+05 -1.013031999999999933e+01
2.318015500000000175e+05 -1.015950999999999915e+01
2.318016250000000000e+05 -1.010903000000000063e+01
2.318017000000000116e+05 -1.023565999999999931e+01
2.318017750000000233e+05 -1.035396000000000072e+01
2.318018500000000058e+05 -1.020762999999999998e+01
2.318019250000000175e+05 -9.717487000000000208e+00
2.318020000000000000e+05 -9.748639000000000721e+00
2.318020750000000116e+05 -9.590956000000000259e+00
2.318021500000000233e+05 -9.491671999999999443e+00
2.318022250000000058e+05 -9.329966000000000648e+00
2.318023000000000175e+05 -9.253954000000000235e+00
2.318023750000000000e+05 -8.451817999999999387e+00
2.318024500000000116e+05 -9.151802999999999244e+00
2.318025250000000233e+05 -9.864959999999999951e+00
2.318026000000000058e+05 -1.011340000000000039e+01
2.318026750000000175e+05 -1.015055000000000085e+01
2.318027500000000000e+05 -9.846410000000000551e+00
2.318028250000000116e+05 -1.095777000000000001e+01
2.318029000000000233e+05 -1.042871000000000059e+01
2.318029750000000058e+05 -1.124900000000000055e+01
2.318030500000000175e+05 -1.332169999999999987e+01
2.318031250000000000e+05 -1.254626999999999981e+01
2.318032000000000116e+05 -1.393469999999999942e+01
2.318032750000000233e+05 -1.336532000000000053e+01
2.318033500000000058e+05 -1.567034999999999911e+01
2.318034250000000175e+05 -1.618610999999999933e+01
2.318035000000000000e+05 -1.912384000000000128e+01
2.318035750000000116e+05 -2.105849999999999866e+01
2.318036500000000233e+05 -2.187434999999999974e+01
2.318037250000000058e+05 -2.517594000000000065e+01
2.318038000000000175e+05 -1.924091999999999913e+01
2.318038750000000000e+05 -2.876107999999999976e+01
2.318039500000000116e+05 -2.278273000000000081e+01
2.318040250000000233e+05 -2.402257000000000176e+01
2.318041000000000058e+05 -2.527800999999999831e+01
2.318041750000000175e+05 -3.190650000000000119e+01
2.318042500000000000e+05 -3.228717000000000326e+01
2.318043250000000116e+05 -3.057674000000000092e+01
2.318044000000000233e+05 -2.748108999999999824e+01
2.318044750000000058e+05 -4.341516000000000020e+01
2.318045500000000175e+05 -2.742965999999999838e+01
2.318046250000000000e+05 -3.676382999999999868e+01
2.318047000000000116e+05 -2.681359000000000137e+01
2.318047750000000233e+05 -3.235920000000000130e+01
2.318048500000000058e+05 -2.584313999999999822e+01
2.318049250000000175e+05 -3.014949000000000012e+01
2.318050000000000000e+05 -3.002965999999999980e+01
2.318050750000000116e+05 -2.656127000000000038e+01
2.318051500000000233e+05 -2.875554999999999950e+01
2.318052250000000058e+05 -2.572193000000000040e+01
2.318053000000000175e+05 -2.438278000000000034e+01
2.318053750000000000e+05 -2.932482999999999862e+01
2.318054500000000116e+05 -2.438188999999999851e+01
2.318055250000000233e+05 -2.911290999999999940e+01
2.318056000000000058e+05 -3.671164999999999878e+01
2.318056750000000175e+05 -2.324647999999999826e+01
2.318057500000000000e+05 -2.893464000000000169e+01
2.318058250000000116e+05 -3.482195000000000107e+01
2.318059000000000233e+05 -2.455212999999999823e+01
2.318059750000000058e+05 -3.329491000000000156e+01
2.318060500000000175e+05 -2.249061000000000021e+01
2.318061250000000000e+05 -2.320354000000000028e+01
2.318062000000000116e+05 -2.432994000000000057e+01
2.318062750000000233e+05 -2.553562000000000154e+01
2.318063500000000058e+05 -2.755957000000000079e+01
2.318064250000000175e+05 -2.924496999999999858e+01
2.318065000000000000e+05 -2.506899999999999906e+01
2.318065750000000116e+05 -3.143759999999999977e+01
2.318066500000000233e+05 -2.095399000000000100e+01
2.318067250000000058e+05 -2.569264000000000081e+01
2.318068000000000175e+05 -2.299018999999999835e+01
2.318068750000000000e+05 -2.619003000000000014e+01
2.318069500000000116e+05 -2.266689999999999827e+01
2.318070250000000233e+05 -2.633401999999999887e+01
2.318071000000000058e+05 -2.029245999999999839e+01
2.318071750000000175e+05 -2.263269999999999982e+01
2.318072500000000000e+05 -2.002062000000000097e+01
2.318073250000000116e+05 -2.386852000000000018e+01
2.318074000000000233e+05 -2.464683000000000135e+01
2.318074750000000058e+05 -2.799530000000000030e+01
2.318075500000000175e+05 -2.029860000000000042e+01
2.318076250000000000e+05 -2.339808000000000021e+01
2.318077000000000116e+05 -2.235426999999999964e+01
2.318077750000000233e+05 -2.427608000000000033e+01
2.318078500000000058e+05 -2.409892999999999930e+01
2.318079250000000175e+05 -1.864995000000000047e+01
2.318080000000000000e+05 -2.896003999999999934e+01
2.318080750000000116e+05 -2.153296999999999883e+01
2.318081500000000233e+05 -1.912635999999999825e+01
2.318082250000000058e+05 -2.006099000000000032e+01
2.318083000000000175e+05 -2.062164999999999893e+01
2.318083750000000000e+05 -2.085716000000000037e+01
2.318084500000000116e+05 -2.189724999999999966e+01
2.318085250000000233e+05 -2.127618000000000009e+01
2.318086000000000058e+05 -2.388324000000000069e+01
2.318086750000000175e+05 -2.140391999999999939e+01
2.318087500000000000e+05 -2.411578000000000088e+01
2.318088250000000116e+05 -2.182817000000000007e+01
2.318089000000000233e+05 -2.029439999999999955e+01
2.318089750000000058e+05 -2.096255999999999986e+01
2.318090500000000175e+05 -2.248191999999999879e+01
2.318091250000000000e+05 -1.939683000000000135e+01
2.318092000000000116e+05 -1.987055000000000149e+01
2.318092750000000233e+05 -1.875202000000000169e+01
2.318093500000000058e+05 -2.025338999999999956e+01
2.318094250000000175e+05 -2.279514999999999958e+01
2.318095000000000000e+05 -2.005453999999999937e+01
2.318095750000000116e+05 -2.268075999999999937e+01
2.318096500000000233e+05 -2.071518999999999977e+01
2.318097250000000058e+05 -2.236041000000000167e+01
2.318098000000000175e+05 -1.982347999999999999e+01
2.318098750000000000e+05 -1.998450000000000060e+01
2.318099500000000116e+05 -2.236667999999999878e+01
2.318100250000000233e+05 -2.057113000000000014e+01
2.318101000000000058e+05 -2.181844999999999857e+01
2.318101750000000175e+05 -2.097578000000000031e+01
2.318102500000000000e+05 -2.426000000000000156e+01
2.318103250000000116e+05 -2.286436000000000135e+01
2.318104000000000233e+05 -2.212128999999999834e+01
2.318104750000000058e+05 -2.166250000000000142e+01
2.318105500000000175e+05 -2.089633999999999858e+01
2.318106250000000000e+05 -2.209591999999999956e+01
2.318107000000000116e+05 -1.918160999999999916e+01
2.318107750000000233e+05 -1.984283999999999892e+01
2.318108500000000058e+05 -2.122291999999999845e+01
2.318109250000000175e+05 -1.929042000000000101e+01
2.318110000000000000e+05 -1.770051000000000130e+01
2.318110750000000116e+05 -2.117173999999999978e+01
2.318111500000000233e+05 -2.270845999999999876e+01
2.318112250000000058e+05 -2.373622999999999905e+01
2.318113000000000175e+05 -2.157509999999999906e+01
2.318113750000000000e+05 -2.097287000000000035e+01
2.318114500000000116e+05 -1.972197999999999851e+01
2.318115250000000233e+05 -1.858091999999999899e+01
2.318116000000000058e+05 -1.789752999999999972e+01
2.318116750000000175e+05 -2.019452000000000069e+01
2.318117500000000000e+05 -2.122173000000000087e+01
2.318118250000000116e+05 -2.183980000000000032e+01
2.318119000000000233e+05 -2.222266000000000119e+01
2.318119750000000058e+05 -2.282105999999999923e+01
2.318120500000000175e+05 -2.216086999999999918e+01
2.318121250000000000e+05 -2.258167999999999864e+01
2.318122000000000116e+05 -1.807301999999999964e+01
2.318122750000000233e+05 -2.219971999999999923e+01
2.318123500000000058e+05 -1.853436999999999912e+01
2.318124250000000175e+05 -1.935151000000000110e+01
2.318125000000000000e+05 -1.824508000000000152e+01
2.318125750000000116e+05 -1.924381999999999948e+01
2.318126500000000233e+05 -2.118363000000000085e+01
2.318127250000000058e+05 -1.944546000000000063e+01
2.318128000000000175e+05 -2.097942000000000107e+01
2.318128750000000000e+05 -2.073718999999999824e+01
2.318129500000000116e+05 -2.026474999999999937e+01
2.318130250000000233e+05 -2.108371999999999957e+01
2.318131000000000058e+05 -1.841674000000000078e+01
2.318131750000000175e+05 -1.829542000000000002e+01
2.318132500000000000e+05 -2.164429000000000158e+01
2.318133250000000116e+05 -1.918167000000000044e+01
2.318134000000000233e+05 -1.783546000000000120e+01
2.318134750000000058e+05 -2.270394999999999897e+01
2.318135500000000175e+05 -1.973386999999999958e+01
2.318136250000000000e+05 -2.031703999999999866e+01
2.318137000000000116e+05 -1.598334000000000010e+01
2.318137750000000233e+05 -1.964415999999999940e+01
2.318138500000000058e+05 -1.939711000000000141e+01
2.318139250000000175e+05 -1.770701999999999998e+01
2.318140000000000000e+05 -2.146404000000000067e+01
2.318140750000000116e+05 -2.022484000000000037e+01
2.318141500000000233e+05 -2.086557000000000173e+01
2.318142250000000058e+05 -2.175628000000000029e+01
2.318143000000000175e+05 -1.922650000000000148e+01
2.318143750000000000e+05 -2.118565999999999860e+01
2.318144500000000116e+05 -1.805780000000000030e+01
2.318145250000000233e+05 -1.919690999999999903e+01
2.318146000000000058e+05 -2.361236999999999853e+01
2.318146750000000175e+05 -1.939742999999999995e+01
2.318147500000000000e+05 -2.073451000000000022e+01
2.318148250000000116e+05 -2.046519999999999939e+01
2.318149000000000233e+05 -1.753371999999999886e+01
2.318149750000000058e+05 -1.880430000000000135e+01
2.318150500000000175e+05 -1.795286000000000115e+01
2.318151250000000000e+05 -2.050006000000000128e+01
2.318152000000000116e+05 -1.812205000000000155e+01
2.318152750000000233e+05 -2.206523999999999930e+01
2.318153500000000058e+05 -1.902367999999999881e+01
2.318154250000000175e+05 -1.761379000000000161e+01
2.318155000000000000e+05 -1.949236000000000146e+01
2.318155750000000116e+05 -2.141503000000000156e+01
2.318156500000000233e+05 -2.118190999999999846e+01
2.318157250000000058e+05 -2.069830999999999932e+01
2.318158000000000175e+05 -1.749468999999999852e+01
2.318158750000000000e+05 -1.925403000000000020e+01
2.318159500000000116e+05 -2.078378999999999976e+01
2.318160250000000233e+05 -2.045061000000000107e+01
2.318161000000000058e+05 -2.275697999999999865e+01
2.318161750000000175e+05 -1.792977000000000132e+01
2.318162500000000000e+05 -2.006659000000000148e+01
2.318163250000000116e+05 -2.010225000000000151e+01
2.318164000000000233e+05 -1.979517999999999844e+01
2.318164750000000058e+05 -2.046308000000000149e+01
2.318165500000000175e+05 -1.741020999999999930e+01
2.318166250000000000e+05 -2.028352999999999895e+01
2.318167000000000116e+05 -1.899626999999999910e+01
2.318167750000000233e+05 -1.709376999999999924e+01
2.318168500000000058e+05 -2.031612000000000151e+01
2.318169250000000175e+05 -1.830436999999999870e+01
2.318170000000000000e+05 -1.886818999999999846e+01
2.318170750000000116e+05 -1.927317000000000036e+01
2.318171500000000233e+05 -1.648424999999999940e+01
2.318172250000000058e+05 -2.013272999999999868e+01
2.318173000000000175e+05 -1.685325999999999880e+01
2.318173750000000000e+05 -1.962209000000000003e+01
2.318174500000000116e+05 -1.935019000000000133e+01
