# Temperature: None K
2.318216499999999942e+05 -2.215392999999999901e+01
2.318217250000000058e+05 -2.446784999999999854e+01
2.318217999999999884e+05 -1.971820999999999913e+01
2.318218750000000000e+05 -1.767711999999999861e+01
2.318219499999999825e+05 -1.655046000000000106e+01
2.318220249999999942e+05 -1.672710999999999970e+01
2.318221000000000058e+05 -2.160238999999999976e+01
2.318221749999999884e+05 -2.553193999999999875e+01
2.318222500000000000e+05 -2.044194999999999851e+01
2.318223249999999825e+05 -1.957351999999999848e+01
2.318223999999999942e+05 -1.758770000000000167e+01
2.318224750000000058e+05 -1.962333999999999889e+01
2.318225499999999884e+05 -2.225627000000000066e+01
2.318226250000000000e+05 -1.906900999999999868e+01
2.318226999999999825e+05 -1.905585999999999913e+01
2.318227749999999942e+05 -1.726711999999999847e+01
2.318228500000000058e+05 -2.049381999999999948e+01
2.318229249999999884e+05 -2.113063999999999965e+01
2.318230000000000000e+05 -1.790064999999999884e+01
2.318230749999999825e+05 -1.843896000000000157e+01
2.318231499999999942e+05 -1.912196000000000140e+01
2.318232250000000058e+05 -2.494097999999999971e+01
2.318232999999999884e+05 -2.090934000000000026e+01
2.318233750000000000e+05 -1.627173000000000158e+01
2.318234499999999825e+05 -1.867311000000000121e+01
2.318235249999999942e+05 -2.005589000000000155e+01
2.318236000000000058e+05 -2.061414999999999864e+01
2.318236749999999884e+05 -1.840344999999999942e+01
2.318237500000000000e+05 -1.729144000000000148e+01
2.318238249999999825e+05 -2.145158999999999949e+01
2.318238999999999942e+05 -1.792465999999999937e+01
2.318239750000000058e+05 -1.833613000000000071e+01
2.318240499999999884e+05 -2.054992000000000019e+01
2.318241250000000000e+05 -2.043669999999999831e+01
2.318241999999999825e+05 -1.960155999999999921e+01
2.318242749999999942e+05 -2.144097000000000008e+01
2.318243500000000058e+05 -1.940669000000000111e+01
2.318244249999999884e+05 -1.895372000000000057e+01
2.318245000000000000e+05 -1.941421000000000063e+01
2.318245749999999825e+05 -1.867476999999999876e+01
2.318246499999999942e+05 -1.774943999999999988e+01
2.318247250000000058e+05 -1.712619000000000113e+01
2.318247999999999884e+05 -1.816823000000000121e+01
2.318248750000000000e+05 -1.883248000000000033e+01
2.318249499999999825e+05 -1.970164000000000115e+01
2.318250249999999942e+05 -2.172881999999999891e+01
2.318251000000000058e+05 -1.838712999999999909e+01
2.318251749999999884e+05 -1.874258000000000024e+01
2.318252500000000000e+05 -1.970005000000000095e+01
2.318253249999999825e+05 -2.095125000000000171e+01
2.318253999999999942e+05 -1.892409999999999926e+01
2.318254750000000058e+05 -1.917266000000000048e+01
2.318255499999999884e+05 -1.854895000000000138e+01
2.318256250000000000e+05 -2.033986000000000161e+01
2.318256999999999825e+05 -1.868043000000000120e+01
2.318257749999999942e+05 -2.045101000000000013e+01
2.318258500000000058e+05 -1.937627000000000166e+01
2.318259249999999884e+05 -1.777066999999999908e+01
2.318260000000000000e+05 -1.895151999999999859e+01
2.318260749999999825e+05 -1.954539000000000115e+01
2.318261499999999942e+05 -1.873684000000000083e+01
2.318262250000000058e+05 -2.041190999999999889e+01
2.318262999999999884e+05 -1.788472000000000151e+01
2.318263750000000000e+05 -2.032208999999999932e+01
2.318264499999999825e+05 -1.908895000000000053e+01
2.318265249999999942e+05 -1.869548999999999950e+01
2.318266000000000058e+05 -2.021908000000000172e+01
2.318266749999999884e+05 -1.667830999999999975e+01
2.318267500000000000e+05 -1.888460999999999856e+01
2.318268249999999825e+05 -1.899275000000000091e+01
2.318268999999999942e+05 -2.215552999999999884e+01
2.318269750000000058e+05 -1.962733000000000061e+01
2.318270499999999884e+05 -1.654213999999999984e+01
2.318271250000000000e+05 -1.834817999999999927e+01
2.318271999999999825e+05 -1.976307999999999865e+01
2.318272749999999942e+05 -1.779962000000000089e+01
2.318273500000000058e+05 -1.781276000000000082e+01
2.318274249999999884e+05 -1.894363999999999848e+01
2.318275000000000000e+05 -1.872040000000000148e+01
2.318275749999999825e+05 -1.802700000000000102e+01
2.318276499999999942e+05 -2.192914999999999992e+01
2.318277250000000058e+05 -1.664996999999999971e+01
2.318277999999999884e+05 -1.729063000000000017e+01
2.318278750000000000e+05 -1.848685000000000045e+01
2.318279499999999825e+05 -1.996509000000000000e+01
2.318280249999999942e+05 -1.927277000000000129e+01
2.318281000000000058e+05 -1.857272999999999996e+01
2.318281749999999884e+05 -1.654054999999999964e+01
2.318282500000000000e+05 -1.869697000000000031e+01
2.318283249999999825e+05 -1.754279999999999973e+01
2.318283999999999942e+05 -1.888050000000000139e+01
2.318284750000000058e+05 -1.828509999999999991e+01
2.318285499999999884e+05 -1.781252999999999886e+01
2.318286250000000000e+05 -1.887332999999999927e+01
2.318286999999999825e+05 -1.805525000000000091e+01
2.318287749999999942e+05 -1.977278000000000091e+01
2.318288500000000058e+05 -2.085349000000000075e+01
2.318289249999999884e+05 -1.857705999999999946e+01
2.318290000000000000e+05 -1.799818000000000140e+01
2.318290749999999825e+05 -1.803221999999999881e+01
2.318291499999999942e+05 -1.761077999999999832e+01
2.318292250000000058e+05 -1.697479999999999833e+01
2.318292999999999884e+05 -1.720639999999999858e+01
2.318293750000000000e+05 -2.017962999999999951e+01
2.318294499999999825e+05 -1.859291999999999945e+01
2.318295249999999942e+05 -1.763679000000000130e+01
2.318296000000000058e+05 -1.849603000000000108e+01
2.318296749999999884e+05 -1.910015999999999892e+01
2.318297500000000000e+05 -1.800140999999999991e+01
2.318298249999999825e+05 -1.825384999999999991e+01
2.318298999999999942e+05 -1.722967999999999833e+01
2.318299750000000058e+05 -1.827439999999999998e+01
2.318300499999999884e+05 -1.920329999999999870e+01
2.318301250000000000e+05 -1.755545000000000044e+01
2.318301999999999825e+05 -1.809083000000000041e+01
2.318302749999999942e+05 -1.548080999999999996e+01
2.318303500000000058e+05 -1.826310000000000144e+01
2.318304249999999884e+05 -1.590203999999999951e+01
2.318305000000000000e+05 -1.830116999999999905e+01
2.318305749999999825e+05 -1.739759000000000100e+01
2.318306499999999942e+05 -1.728781000000000034e+01
2.318307250000000058e+05 -1.776623000000000019e+01
2.318307999999999884e+05 -1.655054000000000158e+01
2.318308750000000000e+05 -2.038240000000000052e+01
2.318309499999999825e+05 -1.842259999999999920e+01
2.318310249999999942e+05 -1.637452000000000041e+01
2.318311000000000058e+05 -1.813287000000000049e+01
2.318311749999999884e+05 -1.752324000000000126e+01
2.318312500000000000e+05 -1.979961000000000126e+01
2.318313249999999825e+05 -1.723430000000000106e+01
2.318313999999999942e+05 -1.715815999999999875e+01
2.318314750000000058e+05 -1.637555000000000049e+01
2.318315499999999884e+05 -1.735652999999999935e+01
2.318316250000000000e+05 -1.851060999999999979e+01
2.318316999999999825e+05 -1.767820999999999998e+01
2.318317749999999942e+05 -1.548676000000000030e+01
2.318318500000000058e+05 -1.627216999999999913e+01
2.318319249999999884e+05 -1.879447000000000045e+01
2.318320000000000000e+05 -1.662640999999999991e+01
2.318320749999999825e+05 -1.559548000000000023e+01
2.318321499999999942e+05 -1.893165000000000120e+01
2.318322250000000058e+05 -1.627208999999999861e+01
2.318322999999999884e+05 -1.694172000000000011e+01
2.318323750000000000e+05 -1.708871999999999858e+01
2.318324499999999825e+05 -1.386952999999999925e+01
2.318325249999999942e+05 -1.779423999999999850e+01
2.318326000000000058e+05 -1.658574000000000126e+01
2.318326749999999884e+05 -1.598943000000000048e+01
2.318327500000000000e+05 -1.792464000000000013e+01
2.318328249999999825e+05 -1.609853000000000023e+01
2.318328999999999942e+05 -1.566554000000000002e+01
2.318329750000000058e+05 -1.503219999999999956e+01
2.318330499999999884e+05 -1.560022000000000020e+01
2.318331250000000000e+05 -1.511514000000000024e+01
2.318331999999999825e+05 -1.600256999999999863e+01
2.318332749999999942e+05 -1.404881999999999920e+01
2.318333500000000058e+05 -1.431151000000000018e+01
2.318334249999999884e+05 -1.485167999999999999e+01
2.318335000000000000e+05 -1.648783999999999850e+01
2.318335749999999825e+05 -1.354181999999999952e+01
2.318336499999999942e+05 -1.467505000000000059e+01
2.318337250000000058e+05 -1.443047999999999931e+01
2.318337999999999884e+05 -1.626939000000000135e+01
2.318338750000000000e+05 -1.447246999999999950e+01
2.318339499999999825e+05 -1.321706000000000003e+01
2.318340249999999942e+05 -1.437636000000000003e+01
2.318341000000000058e+05 -1.476591999999999949e+01
2.318341749999999884e+05 -1.390410999999999930e+01
2.318342500000000000e+05 -1.357136999999999993e+01
2.318343249999999825e+05 -1.252347999999999928e+01
2.318343999999999942e+05 -1.267622000000000071e+01
2.318344750000000058e+05 -1.391493000000000002e+01
2.318345499999999884e+05 -1.305526000000000053e+01
2.318346250000000000e+05 -1.227950000000000053e+01
2.318346999999999825e+05 -1.250965000000000060e+01
2.318347749999999942e+05 -1.182137999999999955e+01
2.318348500000000058e+05 -1.221255000000000024e+01
2.318349249999999884e+05 -1.288739999999999952e+01
2.318350000000000000e+05 -1.143763000000000041e+01
2.318350749999999825e+05 -1.109190000000000076e+01
2.318351499999999942e+05 -9.402034999999999698e+00
2.318352250000000058e+05 -1.056561999999999912e+01
2.318352999999999884e+05 -1.004443000000000019e+01
2.318353750000000000e+05 -9.874109000000000691e+00
2.318354499999999825e+05 -8.220319999999999183e+00
2.318355249999999942e+05 -8.556354000000000681e+00
2.318356000000000058e+05 -7.774310999999999972e+00
2.318356749999999884e+05 -7.307898999999999923e+00
2.318357500000000000e+05 -6.465218000000000131e+00
2.318358249999999825e+05 -6.140057999999999794e+00
2.318358999999999942e+05 -5.926711000000000062e+00
2.318359750000000058e+05 -4.899224000000000245e+00
2.318360499999999884e+05 -4.277091999999999672e+00
2.318361250000000000e+05 -4.119377000000000066e+00
2.318361999999999825e+05 -3.618660000000000210e+00
2.318362749999999942e+05 -2.889040000000000052e+00
2.318363500000000058e+05 -2.124128999999999934e+00
2.318364249999999884e+05 -1.842624000000000040e+00
2.318365000000000000e+05 -7.340889999999999915e-01
2.318365749999999825e+05 -2.755591000000000013e-01
2.318366499999999942e+05 3.275779999999999803e-01
2.318367250000000058e+05 6.539840000000000098e-01
2.318367999999999884e+05 9.174932999999999561e-01
2.318368750000000000e+05 1.437924999999999898e+00
2.318369499999999825e+05 1.820618999999999987e+00
2.318370249999999942e+05 1.873069000000000095e+00
2.318371000000000058e+05 2.051172999999999913e+00
2.318371749999999884e+05 1.948517000000000055e+00
2.318372500000000000e+05 2.006031999999999815e+00
2.318373249999999825e+05 1.614330000000000043e+00
2.318373999999999942e+05 1.265377999999999892e+00
2.318374750000000058e+05 4.744956000000000174e-01
2.318375499999999884e+05 -4.272508999999999856e-03
2.318376250000000000e+05 -1.037819000000000047e+00
2.318376999999999825e+05 -1.608959999999999946e+00
2.318377749999999942e+05 -2.042416999999999927e+00
2.318378500000000058e+05 -2.222068000000000154e+00
2.318379249999999884e+05 -2.548089000000000048e+00
2.318380000000000000e+05 -1.740202000000000027e+00
2.318380749999999825e+05 -1.216930000000000067e+00
2.318381499999999942e+05 -1.582179000000000002e+00
2.318382250000000058e+05 -1.508964999999999890e+00
2.318382999999999884e+05 -2.333858999999999906e+00
2.318383750000000000e+05 -2.934493999999999936e+00
2.318384499999999825e+05 -3.680668999999999969e+00
2.318385249999999942e+05 -4.029662000000000077e+00
2.318386000000000058e+05 -3.848962000000000216e+00
2.318386749999999884e+05 -3.320901000000000103e+00
2.318387500000000000e+05 -3.298010999999999804e+00
2.318388249999999825e+05 -3.766465000000000174e+00
2.318388999999999942e+05 -4.422805999999999571e+00
2.318389750000000058e+05 -5.252130000000000187e+00
2.318390499999999884e+05 -5.623469000000000051e+00
2.318391250000000000e+05 -5.490247000000000099e+00
2.318391999999999825e+05 -5.428956999999999589e+00
2.318392749999999942e+05 -4.786166999999999838e+00
2.318393500000000058e+05 -5.762643999999999878e+00
2.318394249999999884e+05 -5.815824000000000105e+00
2.318395000000000000e+05 -6.401989999999999625e+00
2.318395749999999825e+05 -7.034318999999999988e+00
2.318396499999999942e+05 -6.993355000000000210e+00
2.318397250000000058e+05 -7.055924000000000085e+00
2.318397999999999884e+05 -6.977136999999999922e+00
2.318398750000000000e+05 -7.064185000000000159e+00
2.318399499999999825e+05 -7.775063000000000279e+00
2.318400249999999942e+05 -7.948229000000000433e+00
2.318401000000000058e+05 -8.205754999999999910e+00
2.318401749999999884e+05 -8.496536000000000755e+00
2.318402500000000000e+05 -8.084459999999999980e+00
2.318403249999999825e+05 -9.348877999999999133e+00
2.318403999999999942e+05 -9.054163000000000849e+00
2.318404750000000058e+05 -9.027770000000000294e+00
2.318405499999999884e+05 -9.414752999999999261e+00
2.318406250000000000e+05 -1.132925999999999966e+01
2.318406999999999825e+05 -9.394287000000000276e+00
2.318407749999999942e+05 -9.454382000000000730e+00
2.318408500000000058e+05 -1.025708000000000020e+01
2.318409249999999884e+05 -1.204667000000000066e+01
2.318410000000000000e+05 -9.902575999999999823e+00
2.318410749999999825e+05 -1.027380999999999922e+01
2.318411499999999942e+05 -1.191937000000000069e+01
2.318412250000000058e+05 -1.247220000000000084e+01
2.318412999999999884e+05 -1.070326000000000022e+01
2.318413750000000000e+05 -1.159671999999999947e+01
2.318414499999999825e+05 -1.234215000000000018e+01
2.318415249999999942e+05 -1.237003999999999948e+01
2.318416000000000058e+05 -1.193682000000000087e+01
2.318416749999999884e+05 -1.412437000000000076e+01
2.318417500000000000e+05 -1.340169999999999995e+01
2.318418249999999825e+05 -1.235890999999999984e+01
2.318418999999999942e+05 -1.303855000000000075e+01
2.318419750000000058e+05 -1.366458000000000084e+01
2.318420499999999884e+05 -1.256722000000000072e+01
2.318421250000000000e+05 -1.546161000000000030e+01
2.318421999999999825e+05 -1.598115999999999914e+01
2.318422749999999942e+05 -1.278611000000000075e+01
2.318423500000000058e+05 -1.771084000000000103e+01
2.318424249999999884e+05 -1.640758999999999901e+01
2.318425000000000000e+05 -1.441230999999999973e+01
2.318425749999999825e+05 -1.691013999999999839e+01
2.318426499999999942e+05 -1.621207000000000065e+01
2.318427250000000058e+05 -1.533209000000000088e+01
2.318427999999999884e+05 -1.909183000000000163e+01
2.318428750000000000e+05 -1.632645000000000124e+01
2.318429499999999825e+05 -1.554973999999999990e+01
2.318430249999999942e+05 -1.804234999999999900e+01
2.318431000000000058e+05 -1.635764999999999958e+01
2.318431749999999884e+05 -2.083411999999999864e+01
2.318432500000000000e+05 -1.729392999999999958e+01
2.318433249999999825e+05 -1.629882999999999882e+01
2.318433999999999942e+05 -2.412349999999999994e+01
2.318434750000000058e+05 -1.621586999999999890e+01
2.318435499999999884e+05 -1.839049999999999940e+01
2.318436250000000000e+05 -1.765856000000000137e+01
2.318436999999999825e+05 -1.755170000000000030e+01
2.318437749999999942e+05 -2.267163000000000039e+01
2.318438500000000058e+05 -1.602458999999999989e+01
2.318439249999999884e+05 -2.445733999999999853e+01
2.318440000000000000e+05 -1.670920999999999879e+01
2.318440749999999825e+05 -2.576707999999999998e+01
2.318441499999999942e+05 -1.793675999999999959e+01
2.318442250000000058e+05 -2.318156000000000105e+01
2.318442999999999884e+05 -1.817058000000000106e+01
2.318443750000000000e+05 -1.934121999999999986e+01
2.318444499999999825e+05 -1.989124999999999943e+01
2.318445249999999942e+05 -1.685278999999999883e+01
2.318446000000000058e+05 -2.214057999999999993e+01
2.318446749999999884e+05 -1.926726000000000028e+01
2.318447500000000000e+05 -2.536084999999999923e+01
2.318448249999999825e+05 -1.878761000000000081e+01
2.318448999999999942e+05 -2.466841000000000150e+01
2.318449750000000058e+05 -1.707631999999999906e+01
2.318450499999999884e+05 -2.258963999999999928e+01
2.318451250000000000e+05 -2.163332000000000122e+01
2.318451999999999825e+05 -3.151435999999999993e+01
2.318452749999999942e+05 -1.782091000000000136e+01
2.318453500000000058e+05 -2.442944999999999922e+01
2.318454249999999884e+05 -2.221411000000000158e+01
2.318455000000000000e+05 -2.412032999999999916e+01
2.318455749999999825e+05 -2.079463000000000150e+01
2.318456499999999942e+05 -2.679985999999999891e+01
2.318457250000000058e+05 -2.596240999999999843e+01
2.318457999999999884e+05 -1.829982000000000042e+01
2.318458750000000000e+05 -3.226071999999999917e+01
2.318459499999999825e+05 -1.962290000000000134e+01
2.318460249999999942e+05 -3.348371000000000208e+01
2.318461000000000058e+05 -2.016470999999999947e+01
2.318461749999999884e+05 -2.409272999999999954e+01
2.318462500000000000e+05 -2.200884999999999891e+01
2.318463249999999825e+05 -2.261805999999999983e+01
2.318463999999999942e+05 -2.762378000000000000e+01
2.318464750000000058e+05 -1.880877999999999872e+01
2.318465499999999884e+05 -3.733377000000000123e+01
2.318466250000000000e+05 -2.109833000000000069e+01
2.318466999999999825e+05 -2.255978999999999957e+01
2.318467749999999942e+05 -2.584325000000000117e+01
2.318468500000000058e+05 -1.984870000000000090e+01
2.318469249999999884e+05 -3.101729999999999876e+01
2.318470000000000000e+05 -2.214162999999999926e+01
2.318470749999999825e+05 -2.336512000000000100e+01
2.318471499999999942e+05 -2.814463999999999899e+01
2.318472250000000058e+05 -2.027587000000000117e+01
2.318472999999999884e+05 -2.527817999999999898e+01
2.318473750000000000e+05 -2.507639999999999958e+01
2.318474499999999825e+05 -2.022550000000000026e+01
2.318475249999999942e+05 -2.313402999999999921e+01
2.318476000000000058e+05 -2.817948000000000164e+01
2.318476749999999884e+05 -2.015690000000000026e+01
2.318477500000000000e+05 -2.794913000000000025e+01
2.318478249999999825e+05 -2.279448000000000008e+01
2.318478999999999942e+05 -2.079634000000000071e+01
2.318479750000000058e+05 -2.792948000000000164e+01
2.318480499999999884e+05 -2.572045999999999921e+01
2.318481250000000000e+05 -2.396412000000000120e+01
2.318481999999999825e+05 -2.983289999999999864e+01
2.318482749999999942e+05 -2.555078999999999922e+01
2.318483500000000058e+05 -2.402363000000000071e+01
2.318484249999999884e+05 -2.286076999999999870e+01
2.318485000000000000e+05 -2.661163000000000167e+01
2.318485749999999825e+05 -2.353640000000000043e+01
2.318486499999999942e+05 -2.346062999999999832e+01
2.318487250000000058e+05 -2.628238999999999947e+01
2.318487999999999884e+05 -2.617751000000000161e+01
2.318488750000000000e+05 -1.905150000000000077e+01
2.318489499999999825e+05 -2.402580999999999989e+01
2.318490249999999942e+05 -2.419622000000000028e+01
2.318491000000000058e+05 -2.285065000000000168e+01
2.318491749999999884e+05 -2.342397000000000062e+01
2.318492500000000000e+05 -2.615716000000000108e+01
2.318493249999999825e+05 -2.374249000000000009e+01
2.318493999999999942e+05 -2.295784000000000091e+01
2.318494750000000058e+05 -2.286580999999999975e+01
2.318495499999999884e+05 -2.195164000000000115e+01
2.318496250000000000e+05 -2.306115000000000137e+01
2.318496999999999825e+05 -2.632481999999999900e+01
2.318497749999999942e+05 -1.955771000000000015e+01
2.318498500000000058e+05 -2.238432999999999851e+01
2.318499249999999884e+05 -2.739077999999999946e+01
2.318500000000000000e+05 -2.564801999999999893e+01
2.318500749999999825e+05 -2.200285999999999831e+01
2.318501499999999942e+05 -2.053009000000000128e+01
2.318502250000000058e+05 -2.438442999999999827e+01
2.318502999999999884e+05 -2.345975999999999928e+01
2.318503750000000000e+05 -2.591816000000000031e+01
2.318504499999999825e+05 -2.401353999999999900e+01
2.318505249999999942e+05 -2.241965000000000074e+01
2.318506000000000058e+05 -2.576669000000000054e+01
2.318506749999999884e+05 -2.481577000000000055e+01
2.318507500000000000e+05 -2.420392999999999972e+01
2.318508249999999825e+05 -2.284344000000000108e+01
2.318508999999999942e+05 -2.545955000000000013e+01
2.318509750000000058e+05 -2.181590999999999880e+01
2.318510499999999884e+05 -2.066449000000000069e+01
2.318511250000000000e+05 -2.103854000000000113e+01
2.318511999999999825e+05 -2.593545999999999907e+01
2.318512749999999942e+05 -2.508313000000000059e+01
2.318513500000000058e+05 -2.315137999999999963e+01
2.318514249999999884e+05 -2.553378999999999976e+01
2.318515000000000000e+05 -2.591913999999999874e+01
2.318515749999999825e+05 -2.516625000000000156e+01
2.318516499999999942e+05 -2.821862000000000137e+01
