# Temperature: None K
2.318191000000000058e+05 -2.389875999999999934e+01
2.318191750000000175e+05 -2.185110999999999848e+01
2.318192500000000000e+05 -1.659236999999999895e+01
2.318193250000000116e+05 -1.860409999999999897e+01
2.318193999999999942e+05 -1.849684999999999846e+01
2.318194750000000058e+05 -2.071417999999999893e+01
2.318195500000000175e+05 -1.884953000000000145e+01
2.318196250000000000e+05 -2.106120999999999910e+01
2.318197000000000116e+05 -1.796686000000000050e+01
2.318197749999999942e+05 -1.724643999999999977e+01
2.318198500000000058e+05 -2.370420999999999978e+01
2.318199250000000175e+05 -1.688078000000000145e+01
2.318200000000000000e+05 -1.829204999999999970e+01
2.318200750000000116e+05 -2.133334999999999937e+01
2.318201499999999942e+05 -2.239940999999999960e+01
2.318202250000000058e+05 -2.101529000000000025e+01
2.318203000000000175e+05 -2.012874000000000052e+01
2.318203750000000000e+05 -1.974632000000000076e+01
2.318204500000000116e+05 -1.974531999999999954e+01
2.318205249999999942e+05 -1.821510999999999925e+01
2.318206000000000058e+05 -2.052082000000000050e+01
2.318206750000000175e+05 -1.910457999999999856e+01
2.318207500000000000e+05 -1.844217000000000084e+01
2.318208250000000116e+05 -1.589703000000000088e+01
2.318208999999999942e+05 -2.166936000000000107e+01
2.318209750000000058e+05 -2.062471999999999994e+01
2.318210500000000175e+05 -1.889234000000000080e+01
2.318211250000000000e+05 -1.838609999999999900e+01
2.318212000000000116e+05 -2.313650000000000162e+01
2.318212749999999942e+05 -2.036315000000000097e+01
2.318213500000000058e+05 -1.908725000000000094e+01
2.318214250000000175e+05 -1.934526999999999930e+01
2.318215000000000000e+05 -1.815051000000000059e+01
2.318215750000000116e+05 -1.735999999999999943e+01
2.318216499999999942e+05 -1.966469999999999985e+01
2.318217250000000058e+05 -1.856823999999999941e+01
2.318218000000000175e+05 -2.113138999999999967e+01
2.318218750000000000e+05 -2.085616999999999877e+01
2.318219500000000116e+05 -2.057892000000000010e+01
2.318220249999999942e+05 -1.877663000000000082e+01
2.318221000000000058e+05 -1.954254999999999853e+01
2.318221750000000175e+05 -2.051625999999999905e+01
2.318222500000000000e+05 -1.990925999999999974e+01
2.318223250000000116e+05 -1.992107999999999990e+01
2.318223999999999942e+05 -1.857591999999999999e+01
2.318224750000000058e+05 -2.263883999999999830e+01
2.318225500000000175e+05 -1.906764000000000081e+01
2.318226250000000000e+05 -2.108420999999999879e+01
2.318227000000000116e+05 -1.775302999999999898e+01
2.318227749999999942e+05 -1.995944000000000074e+01
2.318228500000000058e+05 -2.096978000000000009e+01
2.318229250000000175e+05 -1.812436999999999898e+01
2.318230000000000000e+05 -2.166058999999999912e+01
2.318230750000000116e+05 -2.001465999999999923e+01
2.318231499999999942e+05 -1.885848999999999975e+01
2.318232250000000058e+05 -1.956785999999999959e+01
2.318233000000000175e+05 -1.926736000000000004e+01
2.318233750000000000e+05 -1.922501000000000104e+01
2.318234500000000116e+05 -2.086651000000000167e+01
2.318235249999999942e+05 -1.783829000000000065e+01
2.318236000000000058e+05 -1.965093999999999852e+01
2.318236750000000175e+05 -1.976915999999999940e+01
2.318237500000000000e+05 -2.250608000000000075e+01
2.318238250000000116e+05 -1.992263000000000162e+01
2.318238999999999942e+05 -2.047211000000000070e+01
2.318239750000000058e+05 -1.716390000000000171e+01
2.318240500000000175e+05 -1.861503000000000085e+01
2.318241250000000000e+05 -2.256982999999999961e+01
2.318242000000000116e+05 -1.916063000000000116e+01
2.318242749999999942e+05 -1.933417000000000030e+01
2.318243500000000058e+05 -1.791886999999999830e+01
2.318244250000000175e+05 -1.808294000000000068e+01
2.318245000000000000e+05 -2.245201000000000136e+01
2.318245750000000116e+05 -1.888600999999999885e+01
2.318246499999999942e+05 -1.859873999999999938e+01
2.318247250000000058e+05 -1.658251999999999882e+01
2.318248000000000175e+05 -1.969789000000000101e+01
2.318248750000000000e+05 -1.798351999999999862e+01
2.318249500000000116e+05 -1.709344000000000108e+01
2.318250249999999942e+05 -1.878171000000000035e+01
2.318251000000000058e+05 -1.918330999999999875e+01
2.318251750000000175e+05 -1.912574000000000041e+01
2.318252500000000000e+05 -2.190726000000000084e+01
2.318253250000000116e+05 -1.916715999999999909e+01
2.318253999999999942e+05 -1.775044000000000111e+01
2.318254750000000058e+05 -1.893665999999999983e+01
2.318255500000000175e+05 -1.795375999999999905e+01
2.318256250000000000e+05 -1.890268999999999977e+01
2.318257000000000116e+05 -1.947147000000000006e+01
2.318257749999999942e+05 -1.886240000000000094e+01
2.318258500000000058e+05 -1.747345999999999933e+01
2.318259250000000175e+05 -1.826155999999999935e+01
2.318260000000000000e+05 -2.513419999999999987e+01
2.318260750000000116e+05 -1.721171999999999969e+01
2.318261499999999942e+05 -1.760132000000000119e+01
2.318262250000000058e+05 -1.779773000000000138e+01
2.318263000000000175e+05 -1.908203999999999922e+01
2.318263750000000000e+05 -2.055018000000000100e+01
2.318264500000000116e+05 -1.586647999999999925e+01
2.318265249999999942e+05 -1.834857999999999834e+01
2.318266000000000058e+05 -1.842546000000000106e+01
2.318266750000000175e+05 -1.793845999999999918e+01
2.318267500000000000e+05 -1.707999999999999829e+01
2.318268250000000116e+05 -1.565545000000000009e+01
2.318268999999999942e+05 -1.819967000000000112e+01
2.318269750000000058e+05 -1.727584999999999837e+01
2.318270500000000175e+05 -1.773344000000000165e+01
2.318271250000000000e+05 -1.821538999999999930e+01
2.318272000000000116e+05 -1.804741999999999891e+01
2.318272749999999942e+05 -1.669201999999999941e+01
2.318273500000000058e+05 -1.945928999999999931e+01
2.318274250000000175e+05 -1.585083999999999982e+01
2.318275000000000000e+05 -1.771986000000000061e+01
2.318275750000000116e+05 -1.691886999999999830e+01
2.318276499999999942e+05 -1.582189999999999941e+01
2.318277250000000058e+05 -1.664787000000000106e+01
2.318278000000000175e+05 -1.778168000000000148e+01
2.318278750000000000e+05 -1.731710999999999956e+01
2.318279500000000116e+05 -1.747872999999999877e+01
2.318280249999999942e+05 -1.686779999999999902e+01
2.318281000000000058e+05 -1.831888999999999967e+01
2.318281750000000175e+05 -1.699754000000000076e+01
2.318282500000000000e+05 -1.896749000000000152e+01
2.318283250000000116e+05 -1.772258000000000067e+01
2.318283999999999942e+05 -1.942110999999999876e+01
2.318284750000000058e+05 -1.647707000000000122e+01
2.318285500000000175e+05 -1.648283999999999949e+01
2.318286250000000000e+05 -1.490215000000000067e+01
2.318287000000000116e+05 -1.931619999999999848e+01
2.318287749999999942e+05 -1.633200000000000074e+01
2.318288500000000058e+05 -1.631221999999999994e+01
2.318289250000000175e+05 -1.640511000000000053e+01
2.318290000000000000e+05 -1.631933000000000078e+01
2.318290750000000116e+05 -1.594494000000000078e+01
2.318291499999999942e+05 -1.716016000000000119e+01
2.318292250000000058e+05 -1.694602000000000075e+01
2.318293000000000175e+05 -1.775609000000000037e+01
2.318293750000000000e+05 -1.639511999999999858e+01
2.318294500000000116e+05 -1.530279999999999951e+01
2.318295249999999942e+05 -1.661342000000000141e+01
2.318296000000000058e+05 -1.569048000000000087e+01
2.318296750000000175e+05 -1.560233999999999988e+01
2.318297500000000000e+05 -1.563434999999999953e+01
2.318298250000000116e+05 -1.592404999999999937e+01
2.318298999999999942e+05 -1.560615999999999914e+01
2.318299750000000058e+05 -1.722972999999999999e+01
2.318300500000000175e+05 -1.641443999999999903e+01
2.318301250000000000e+05 -1.554458999999999946e+01
2.318302000000000116e+05 -1.553744000000000014e+01
2.318302749999999942e+05 -1.587223000000000006e+01
2.318303500000000058e+05 -1.554662000000000077e+01
2.318304250000000175e+05 -1.385166000000000075e+01
2.318305000000000000e+05 -1.464231000000000016e+01
2.318305750000000116e+05 -1.469522000000000084e+01
2.318306499999999942e+05 -1.376945000000000086e+01
2.318307250000000058e+05 -1.406329000000000029e+01
2.318308000000000175e+05 -1.246763999999999939e+01
2.318308750000000000e+05 -1.324704000000000015e+01
2.318309500000000116e+05 -1.311341999999999963e+01
2.318310249999999942e+05 -1.325967999999999947e+01
2.318311000000000058e+05 -1.346965999999999930e+01
2.318311750000000175e+05 -1.357576000000000072e+01
2.318312500000000000e+05 -1.261730999999999980e+01
2.318313250000000116e+05 -1.253270000000000017e+01
2.318313999999999942e+05 -1.316365000000000052e+01
2.318314750000000058e+05 -1.071800999999999959e+01
2.318315500000000175e+05 -1.146757000000000026e+01
2.318316250000000000e+05 -1.218253999999999948e+01
2.318317000000000116e+05 -1.101287999999999911e+01
2.318317749999999942e+05 -1.029909999999999926e+01
2.318318500000000058e+05 -1.019937000000000005e+01
2.318319250000000175e+05 -9.942308000000000590e+00
2.318320000000000000e+05 -9.745820000000000149e+00
2.318320750000000116e+05 -9.434433999999999543e+00
2.318321499999999942e+05 -9.214498000000000744e+00
2.318322250000000058e+05 -8.176842000000000610e+00
2.318323000000000175e+05 -8.939090000000000202e+00
2.318323750000000000e+05 -7.926486999999999838e+00
2.318324500000000116e+05 -7.159704999999999764e+00
2.318325249999999942e+05 -6.663661000000000278e+00
2.318326000000000058e+05 -5.875471000000000110e+00
2.318326750000000175e+05 -5.338241000000000014e+00
2.318327500000000000e+05 -4.925646999999999665e+00
2.318328250000000116e+05 -4.396196999999999910e+00
2.318328999999999942e+05 -3.483007999999999882e+00
2.318329750000000058e+05 -3.343141000000000140e+00
2.318330500000000175e+05 -2.190901000000000209e+00
2.318331250000000000e+05 -1.894308000000000103e+00
2.318332000000000116e+05 -1.208280000000000021e+00
2.318332749999999942e+05 -6.424334999999999907e-01
2.318333500000000058e+05 -3.990545999999999816e-01
2.318334250000000175e+05 6.141183000000000058e-01
2.318335000000000000e+05 1.048505999999999938e+00
2.318335750000000116e+05 1.260502000000000011e+00
2.318336499999999942e+05 1.536059000000000063e+00
2.318337250000000058e+05 1.425983999999999918e+00
2.318338000000000175e+05 1.732601000000000058e+00
2.318338750000000000e+05 1.746296999999999988e+00
2.318339500000000116e+05 1.337599999999999900e+00
2.318340249999999942e+05 1.109601000000000059e+00
2.318341000000000058e+05 7.017141999999999546e-01
2.318341750000000175e+05 2.611482000000000039e-02
2.318342500000000000e+05 -9.893125000000000391e-01
2.318343250000000116e+05 -1.834418000000000104e+00
2.318343999999999942e+05 -2.382426999999999850e+00
2.318344750000000058e+05 -2.712978000000000112e+00
2.318345500000000175e+05 -2.843402999999999903e+00
2.318346250000000000e+05 -2.167342999999999797e+00
2.318347000000000116e+05 -1.970266999999999991e+00
2.318347749999999942e+05 -1.993527999999999967e+00
2.318348500000000058e+05 -2.046898999999999802e+00
2.318349250000000175e+05 -2.509393000000000207e+00
2.318350000000000000e+05 -3.297499000000000180e+00
2.318350750000000116e+05 -3.782928000000000068e+00
2.318351499999999942e+05 -4.393621999999999694e+00
2.318352250000000058e+05 -4.142466999999999899e+00
2.318353000000000175e+05 -4.570096999999999632e+00
2.318353750000000000e+05 -4.704653000000000418e+00
2.318354500000000116e+05 -4.192472000000000421e+00
2.318355249999999942e+05 -4.710831999999999908e+00
2.318356000000000058e+05 -5.782715999999999745e+00
2.318356750000000175e+05 -5.801326000000000427e+00
2.318357500000000000e+05 -6.460830999999999769e+00
2.318358250000000116e+05 -5.542074000000000389e+00
2.318358999999999942e+05 -6.069622999999999990e+00
2.318359750000000058e+05 -6.522212999999999816e+00
2.318360500000000175e+05 -6.514280000000000292e+00
2.318361250000000000e+05 -7.020500000000000185e+00
2.318362000000000116e+05 -7.399540000000000006e+00
2.318362749999999942e+05 -7.767157000000000089e+00
2.318363500000000058e+05 -7.239720000000000155e+00
2.318364250000000175e+05 -7.282343000000000011e+00
2.318365000000000000e+05 -8.104972000000000065e+00
2.318365750000000116e+05 -8.355304000000000286e+00
2.318366499999999942e+05 -8.210179000000000116e+00
2.318367250000000058e+05 -9.150747000000000853e+00
2.318368000000000175e+05 -8.571906000000000247e+00
2.318368750000000000e+05 -9.416385999999999257e+00
2.318369500000000116e+05 -9.307266999999999513e+00
2.318370249999999942e+05 -9.765954000000000690e+00
2.318371000000000058e+05 -1.000362999999999936e+01
2.318371750000000175e+05 -9.270030000000000214e+00
2.318372500000000000e+05 -1.064991999999999983e+01
2.318373250000000116e+05 -1.070451000000000086e+01
2.318373999999999942e+05 -1.197546999999999962e+01
2.318374750000000058e+05 -1.174689000000000050e+01
2.318375500000000175e+05 -1.209543999999999997e+01
2.318376250000000000e+05 -1.355044000000000004e+01
2.318377000000000116e+05 -1.176055000000000028e+01
2.318377749999999942e+05 -1.105570999999999948e+01
2.318378500000000058e+05 -1.308482000000000056e+01
2.318379250000000175e+05 -1.324491000000000085e+01
2.318380000000000000e+05 -1.217092000000000063e+01
2.318380750000000116e+05 -1.332155999999999985e+01
2.318381499999999942e+05 -1.509773000000000032e+01
2.318382250000000058e+05 -1.338785000000000025e+01
2.318383000000000175e+05 -1.308981999999999957e+01
2.318383750000000000e+05 -1.467240999999999929e+01
2.318384500000000116e+05 -1.450164999999999971e+01
2.318385249999999942e+05 -1.309516999999999953e+01
2.318386000000000058e+05 -1.558797999999999995e+01
2.318386750000000175e+05 -1.569801000000000002e+01
2.318387500000000000e+05 -1.417492000000000019e+01
2.318388250000000116e+05 -1.726300000000000168e+01
2.318388999999999942e+05 -1.478606000000000087e+01
2.318389750000000058e+05 -1.467289000000000065e+01
2.318390500000000175e+05 -1.779673000000000016e+01
2.318391250000000000e+05 -1.606607999999999947e+01
2.318392000000000116e+05 -1.533770999999999951e+01
2.318392749999999942e+05 -1.966858999999999824e+01
2.318393500000000058e+05 -1.563275999999999932e+01
2.318394250000000175e+05 -1.649719999999999942e+01
2.318395000000000000e+05 -1.833708999999999989e+01
2.318395750000000116e+05 -1.528392000000000017e+01
2.318396499999999942e+05 -1.874651000000000067e+01
2.318397250000000058e+05 -1.581457999999999942e+01
2.318398000000000175e+05 -1.775405999999999906e+01
2.318398750000000000e+05 -2.437847999999999971e+01
2.318399500000000116e+05 -1.632642999999999844e+01
2.318400249999999942e+05 -2.212979999999999947e+01
2.318401000000000058e+05 -1.972269999999999968e+01
2.318401750000000175e+05 -1.784071000000000140e+01
2.318402500000000000e+05 -2.231362000000000023e+01
2.318403250000000116e+05 -2.100343000000000160e+01
2.318403999999999942e+05 -2.214001000000000019e+01
2.318404750000000058e+05 -1.618850000000000122e+01
2.318405500000000175e+05 -2.285492999999999952e+01
2.318406250000000000e+05 -2.148515000000000086e+01
2.318407000000000116e+05 -2.217192999999999969e+01
2.318407749999999942e+05 -2.365903000000000134e+01
2.318408500000000058e+05 -1.817725000000000080e+01
2.318409250000000175e+05 -2.310989999999999966e+01
2.318410000000000000e+05 -1.823478000000000065e+01
2.318410750000000116e+05 -2.530058000000000007e+01
2.318411499999999942e+05 -1.718900000000000006e+01
2.318412250000000058e+05 -3.693500000000000227e+01
2.318413000000000175e+05 -1.960364999999999824e+01
2.318413750000000000e+05 -3.386222000000000065e+01
2.318414500000000116e+05 -1.905121000000000109e+01
2.318415249999999942e+05 -2.661029999999999873e+01
2.318416000000000058e+05 -1.837628000000000128e+01
2.318416750000000175e+05 -2.710248999999999953e+01
2.318417500000000000e+05 -1.826899999999999835e+01
2.318418250000000116e+05 -3.671211000000000269e+01
2.318418999999999942e+05 -1.965279999999999916e+01
2.318419750000000058e+05 -3.062236000000000047e+01
2.318420500000000175e+05 -2.040496999999999872e+01
2.318421250000000000e+05 -3.268932999999999822e+01
2.318422000000000116e+05 -1.817931000000000097e+01
2.318422749999999942e+05 -3.016141999999999967e+01
2.318423500000000058e+05 -2.277617000000000047e+01
2.318424250000000175e+05 -2.576897999999999911e+01
2.318425000000000000e+05 -2.165972999999999971e+01
2.318425750000000116e+05 -2.069174999999999898e+01
2.318426499999999942e+05 -3.249956999999999852e+01
2.318427250000000058e+05 -2.218505000000000038e+01
2.318428000000000175e+05 -2.501494999999999891e+01
2.318428750000000000e+05 -2.218188999999999922e+01
2.318429500000000116e+05 -2.783139999999999858e+01
2.318430249999999942e+05 -2.378719999999999857e+01
2.318431000000000058e+05 -2.462836000000000070e+01
2.318431750000000175e+05 -2.650832000000000122e+01
2.318432500000000000e+05 -2.405461999999999989e+01
2.318433250000000116e+05 -2.877722999999999942e+01
2.318433999999999942e+05 -2.423224000000000089e+01
2.318434750000000058e+05 -2.352136000000000138e+01
2.318435500000000175e+05 -2.888507999999999853e+01
2.318436250000000000e+05 -2.052443999999999846e+01
2.318437000000000116e+05 -2.607403000000000048e+01
2.318437749999999942e+05 -2.279476000000000013e+01
2.318438500000000058e+05 -2.057924999999999827e+01
2.318439250000000175e+05 -2.390353999999999957e+01
2.318440000000000000e+05 -2.242671999999999954e+01
2.318440750000000116e+05 -2.081214999999999904e+01
2.318441499999999942e+05 -2.669648000000000110e+01
2.318442250000000058e+05 -2.100379999999999825e+01
2.318443000000000175e+05 -2.364980999999999867e+01
2.318443750000000000e+05 -2.728236000000000061e+01
2.318444500000000116e+05 -2.215605000000000047e+01
2.318445249999999942e+05 -2.550960999999999856e+01
2.318446000000000058e+05 -2.506337999999999866e+01
2.318446750000000175e+05 -2.239947000000000088e+01
2.318447500000000000e+05 -2.353399999999999892e+01
2.318448250000000116e+05 -2.800497999999999976e+01
2.318448999999999942e+05 -2.389709999999999823e+01
2.318449750000000058e+05 -2.202871000000000024e+01
2.318450500000000175e+05 -2.913076999999999828e+01
2.318451250000000000e+05 -2.541007000000000104e+01
2.318452000000000116e+05 -2.514930999999999983e+01
2.318452749999999942e+05 -2.793618000000000023e+01
2.318453500000000058e+05 -2.531712999999999880e+01
2.318454250000000175e+05 -2.595339999999999847e+01
2.318455000000000000e+05 -2.477711000000000041e+01
2.318455750000000116e+05 -2.393882999999999939e+01
2.318456499999999942e+05 -3.081059000000000125e+01
2.318457250000000058e+05 -1.961262999999999934e+01
2.318458000000000175e+05 -2.260369999999999990e+01
2.318458750000000000e+05 -2.645820000000000149e+01
2.318459500000000116e+05 -2.984475000000000122e+01
2.318460249999999942e+05 -2.876643999999999934e+01
2.318461000000000058e+05 -2.184375000000000000e+01
2.318461750000000175e+05 -2.791167000000000087e+01
2.318462500000000000e+05 -2.649778999999999840e+01
2.318463250000000116e+05 -1.968216999999999928e+01
2.318463999999999942e+05 -2.105047000000000068e+01
2.318464750000000058e+05 -2.483830000000000027e+01
2.318465500000000175e+05 -2.380126999999999882e+01
2.318466250000000000e+05 -2.494005999999999901e+01
2.318467000000000116e+05 -2.205152999999999963e+01
2.318467749999999942e+05 -2.112323999999999913e+01
2.318468500000000058e+05 -2.637036000000000158e+01
2.318469250000000175e+05 -2.392914999999999992e+01
2.318470000000000000e+05 -2.357424999999999926e+01
2.318470750000000116e+05 -2.127296000000000120e+01
2.318471499999999942e+05 -2.291658999999999935e+01
2.318472250000000058e+05 -2.289454999999999885e+01
2.318473000000000175e+05 -2.717150000000000176e+01
2.318473750000000000e+05 -2.738129999999999953e+01
2.318474500000000116e+05 -2.205057000000000045e+01
2.318475249999999942e+05 -2.373845999999999989e+01
2.318476000000000058e+05 -2.302619999999999933e+01
2.318476750000000175e+05 -2.237565000000000026e+01
2.318477500000000000e+05 -2.122187999999999874e+01
2.318478250000000116e+05 -2.697443000000000168e+01
2.318478999999999942e+05 -2.794215000000000160e+01
2.318479750000000058e+05 -2.339964000000000155e+01
2.318480500000000175e+05 -2.439239999999999853e+01
2.318481250000000000e+05 -2.193089000000000155e+01
2.318482000000000116e+05 -2.322982000000000014e+01
2.318482749999999942e+05 -2.616104999999999947e+01
2.318483500000000058e+05 -2.554356999999999900e+01
2.318484250000000175e+05 -2.351292000000000115e+01
2.318485000000000000e+05 -2.523143999999999920e+01
2.318485750000000116e+05 -2.201717000000000013e+01
2.318486499999999942e+05 -2.094622000000000028e+01
2.318487250000000058e+05 -2.431331000000000131e+01
2.318488000000000175e+05 -2.690837000000000145e+01
2.318488750000000000e+05 -2.734273999999999916e+01
2.318489500000000116e+05 -2.002883999999999887e+01
2.318490249999999942e+05 -2.396120000000000161e+01
2.318491000000000058e+05 -2.524605000000000032e+01
