# Temperature: None K
2.317997500000000000e+05 -2.208514999999999873e+01
2.317998250000000116e+05 -2.489139000000000124e+01
2.317998999999999942e+05 -1.986524999999999963e+01
2.317999750000000058e+05 -1.687518999999999991e+01
2.318000499999999884e+05 -1.883342000000000027e+01
2.318001250000000000e+05 -2.380515000000000114e+01
2.318002000000000116e+05 -2.507710000000000150e+01
2.318002749999999942e+05 -2.294333999999999918e+01
2.318003500000000058e+05 -1.653776999999999830e+01
2.318004249999999884e+05 -1.541616999999999926e+01
2.318005000000000000e+05 -2.037344999999999828e+01
2.318005750000000116e+05 -1.957954000000000150e+01
2.318006499999999942e+05 -1.801261999999999830e+01
2.318007250000000058e+05 -1.684938999999999965e+01
2.318007999999999884e+05 -2.117882000000000176e+01
2.318008750000000000e+05 -2.336545999999999879e+01
2.318009500000000116e+05 -1.907239999999999824e+01
2.318010249999999942e+05 -1.836811000000000149e+01
2.318011000000000058e+05 -1.900946000000000069e+01
2.318011749999999884e+05 -2.482708999999999833e+01
2.318012500000000000e+05 -1.717085000000000150e+01
2.318013250000000116e+05 -1.901127999999999929e+01
2.318013999999999942e+05 -1.902952000000000155e+01
2.318014750000000058e+05 -2.020219000000000165e+01
2.318015499999999884e+05 -1.659598000000000084e+01
2.318016250000000000e+05 -1.940862999999999872e+01
2.318017000000000116e+05 -1.808707000000000065e+01
2.318017749999999942e+05 -2.089234000000000080e+01
2.318018500000000058e+05 -2.060769000000000162e+01
2.318019249999999884e+05 -2.011701000000000050e+01
2.318020000000000000e+05 -1.855834000000000117e+01
2.318020750000000116e+05 -1.878267999999999915e+01
2.318021499999999942e+05 -2.001428999999999903e+01
2.318022250000000058e+05 -1.996617000000000175e+01
2.318022999999999884e+05 -1.678190999999999988e+01
2.318023750000000000e+05 -1.941261000000000081e+01
2.318024500000000116e+05 -1.735106000000000037e+01
2.318025249999999942e+05 -1.897775000000000034e+01
2.318026000000000058e+05 -1.972334999999999994e+01
2.318026749999999884e+05 -1.718385999999999925e+01
2.318027500000000000e+05 -1.735227000000000075e+01
2.318028250000000116e+05 -2.079260000000000019e+01
2.318028999999999942e+05 -2.075510999999999839e+01
2.318029750000000058e+05 -1.783911000000000158e+01
2.318030499999999884e+05 -1.997534999999999883e+01
2.318031250000000000e+05 -1.961609999999999943e+01
2.318032000000000116e+05 -1.945698000000000150e+01
2.318032749999999942e+05 -2.119958000000000098e+01
2.318033500000000058e+05 -1.903978000000000037e+01
2.318034249999999884e+05 -1.807712000000000074e+01
2.318035000000000000e+05 -2.108051000000000030e+01
2.318035750000000116e+05 -1.949155999999999977e+01
2.318036499999999942e+05 -1.789050999999999902e+01
2.318037250000000058e+05 -1.743433999999999884e+01
2.318037999999999884e+05 -1.857281000000000049e+01
2.318038750000000000e+05 -1.686595000000000155e+01
2.318039500000000116e+05 -1.972741999999999862e+01
2.318040249999999942e+05 -2.039169000000000054e+01
2.318041000000000058e+05 -1.950158000000000058e+01
2.318041749999999884e+05 -2.183149999999999835e+01
2.318042500000000000e+05 -1.763192000000000093e+01
2.318043250000000116e+05 -1.749098000000000042e+01
2.318043999999999942e+05 -1.857068999999999903e+01
2.318044750000000058e+05 -2.081897000000000020e+01
2.318045499999999884e+05 -1.726249999999999929e+01
2.318046250000000000e+05 -1.961396999999999835e+01
2.318047000000000116e+05 -1.926507000000000147e+01
2.318047749999999942e+05 -2.043290999999999968e+01
2.318048500000000058e+05 -1.930451000000000050e+01
2.318049249999999884e+05 -1.984732999999999947e+01
2.318050000000000000e+05 -2.048473999999999862e+01
2.318050750000000116e+05 -1.857476000000000127e+01
2.318051499999999942e+05 -1.883268999999999949e+01
2.318052250000000058e+05 -1.851223999999999847e+01
2.318052999999999884e+05 -1.896875999999999962e+01
2.318053750000000000e+05 -2.057109000000000165e+01
2.318054500000000116e+05 -1.852836999999999890e+01
2.318055249999999942e+05 -1.897650000000000148e+01
2.318056000000000058e+05 -2.163582999999999856e+01
2.318056749999999884e+05 -1.984418000000000148e+01
2.318057500000000000e+05 -1.860932000000000031e+01
2.318058250000000116e+05 -1.813675999999999888e+01
2.318058999999999942e+05 -2.175036000000000058e+01
2.318059750000000058e+05 -1.929232999999999976e+01
2.318060499999999884e+05 -1.968479999999999919e+01
2.318061250000000000e+05 -1.873885999999999896e+01
2.318062000000000116e+05 -1.609581999999999979e+01
2.318062749999999942e+05 -1.787526000000000082e+01
2.318063500000000058e+05 -1.939645000000000152e+01
2.318064249999999884e+05 -1.889977000000000018e+01
2.318065000000000000e+05 -1.684328999999999965e+01
2.318065750000000116e+05 -1.872890999999999906e+01
2.318066499999999942e+05 -1.601248999999999967e+01
2.318067250000000058e+05 -1.681850999999999985e+01
2.318067999999999884e+05 -1.866548999999999836e+01
2.318068750000000000e+05 -1.842110999999999876e+01
2.318069500000000116e+05 -1.713151999999999830e+01
2.318070249999999942e+05 -1.910232999999999848e+01
2.318071000000000058e+05 -1.725072000000000116e+01
2.318071749999999884e+05 -1.712967000000000084e+01
2.318072500000000000e+05 -1.753281000000000134e+01
2.318073250000000116e+05 -1.794940000000000069e+01
2.318073999999999942e+05 -1.775658999999999921e+01
2.318074750000000058e+05 -1.741740000000000066e+01
2.318075499999999884e+05 -1.923776000000000153e+01
2.318076250000000000e+05 -1.752042000000000144e+01
2.318077000000000116e+05 -1.584129000000000076e+01
2.318077749999999942e+05 -1.909118000000000137e+01
2.318078500000000058e+05 -1.727561999999999998e+01
2.318079249999999884e+05 -1.640841999999999956e+01
2.318080000000000000e+05 -1.772684999999999889e+01
2.318080750000000116e+05 -1.784891999999999967e+01
2.318081499999999942e+05 -1.642156999999999911e+01
2.318082250000000058e+05 -1.751707999999999998e+01
2.318082999999999884e+05 -1.790056999999999832e+01
2.318083750000000000e+05 -1.678080999999999889e+01
2.318084500000000116e+05 -1.758751000000000175e+01
2.318085249999999942e+05 -1.798264999999999958e+01
2.318086000000000058e+05 -1.675995999999999952e+01
2.318086749999999884e+05 -1.770620999999999867e+01
2.318087500000000000e+05 -1.710388999999999982e+01
2.318088250000000116e+05 -1.771664000000000172e+01
2.318088999999999942e+05 -1.600935000000000130e+01
2.318089750000000058e+05 -1.553217000000000070e+01
2.318090499999999884e+05 -1.669945999999999842e+01
2.318091250000000000e+05 -1.675835999999999970e+01
2.318092000000000116e+05 -1.724725000000000108e+01
2.318092749999999942e+05 -1.793524000000000029e+01
2.318093500000000058e+05 -1.534215999999999980e+01
2.318094249999999884e+05 -1.773489999999999966e+01
2.318095000000000000e+05 -1.686908999999999992e+01
2.318095750000000116e+05 -1.497382999999999953e+01
2.318096499999999942e+05 -1.717697000000000074e+01
2.318097250000000058e+05 -1.752308999999999983e+01
2.318097999999999884e+05 -1.651774999999999949e+01
2.318098750000000000e+05 -1.775277000000000172e+01
2.318099500000000116e+05 -1.696281000000000105e+01
2.318100249999999942e+05 -1.603731000000000151e+01
2.318101000000000058e+05 -1.600028000000000006e+01
2.318101749999999884e+05 -1.710069000000000017e+01
2.318102500000000000e+05 -1.549887000000000015e+01
2.318103250000000116e+05 -1.660342999999999947e+01
2.318103999999999942e+05 -1.504983999999999966e+01
2.318104750000000058e+05 -1.558327000000000062e+01
2.318105499999999884e+05 -1.536660999999999966e+01
2.318106250000000000e+05 -1.537445999999999913e+01
2.318107000000000116e+05 -1.517206000000000010e+01
2.318107749999999942e+05 -1.377289999999999992e+01
2.318108500000000058e+05 -1.554545000000000066e+01
2.318109249999999884e+05 -1.538902999999999999e+01
2.318110000000000000e+05 -1.504353000000000051e+01
2.318110750000000116e+05 -1.336796999999999969e+01
2.318111499999999942e+05 -1.569046999999999947e+01
2.318112250000000058e+05 -1.471447000000000038e+01
2.318112999999999884e+05 -1.440700000000000003e+01
2.318113750000000000e+05 -1.400149000000000044e+01
2.318114500000000116e+05 -1.472959999999999958e+01
2.318115249999999942e+05 -1.451199000000000083e+01
2.318116000000000058e+05 -1.513827999999999996e+01
2.318116749999999884e+05 -1.476881999999999984e+01
2.318117500000000000e+05 -1.359554999999999936e+01
2.318118250000000116e+05 -1.428037999999999919e+01
2.318118999999999942e+05 -1.353557999999999950e+01
2.318119750000000058e+05 -1.297015000000000029e+01
2.318120499999999884e+05 -1.304710000000000036e+01
2.318121250000000000e+05 -1.187721999999999944e+01
2.318122000000000116e+05 -1.281414000000000009e+01
2.318122749999999942e+05 -1.153965999999999958e+01
2.318123500000000058e+05 -1.189927999999999919e+01
2.318124249999999884e+05 -1.182839000000000063e+01
2.318125000000000000e+05 -1.111172000000000004e+01
2.318125750000000116e+05 -1.152469999999999928e+01
2.318126499999999942e+05 -1.091544000000000025e+01
2.318127250000000058e+05 -1.032286000000000037e+01
2.318127999999999884e+05 -1.052669000000000032e+01
2.318128750000000000e+05 -9.889219000000000648e+00
2.318129500000000116e+05 -9.349474000000000729e+00
2.318130249999999942e+05 -8.062189000000000050e+00
2.318131000000000058e+05 -8.958285999999999305e+00
2.318131749999999884e+05 -7.243711000000000233e+00
2.318132500000000000e+05 -7.402047999999999739e+00
2.318133250000000116e+05 -6.602866999999999820e+00
2.318133999999999942e+05 -6.410366999999999926e+00
2.318134750000000058e+05 -6.415314000000000405e+00
2.318135499999999884e+05 -5.174598999999999727e+00
2.318136250000000000e+05 -4.820154999999999745e+00
2.318137000000000116e+05 -3.939486000000000043e+00
2.318137749999999942e+05 -3.432244999999999990e+00
2.318138500000000058e+05 -2.933749000000000162e+00
2.318139249999999884e+05 -2.618374000000000201e+00
2.318140000000000000e+05 -1.486672999999999911e+00
2.318140750000000116e+05 -9.501410000000000133e-01
2.318141499999999942e+05 -4.414257999999999793e-01
2.318142250000000058e+05 2.938962999999999992e-02
2.318142999999999884e+05 1.916154999999999942e-01
2.318143750000000000e+05 8.915035999999999516e-01
2.318144500000000116e+05 1.125111999999999890e+00
2.318145249999999942e+05 1.637577999999999978e+00
2.318146000000000058e+05 1.803225000000000078e+00
2.318146749999999884e+05 1.720850999999999908e+00
2.318147500000000000e+05 1.747651000000000066e+00
2.318148250000000116e+05 1.496801000000000048e+00
2.318148999999999942e+05 1.168584000000000067e+00
2.318149750000000058e+05 8.542431000000000330e-01
2.318150499999999884e+05 -3.818857999999999975e-01
2.318151250000000000e+05 -9.230694999999999872e-01
2.318152000000000116e+05 -1.900605000000000100e+00
2.318152749999999942e+05 -2.494994000000000156e+00
2.318153500000000058e+05 -3.197919000000000178e+00
2.318154249999999884e+05 -3.114619999999999944e+00
2.318155000000000000e+05 -2.619791000000000203e+00
2.318155750000000116e+05 -2.528014999999999901e+00
2.318156499999999942e+05 -2.333622000000000085e+00
2.318157250000000058e+05 -2.300374999999999837e+00
2.318157999999999884e+05 -2.431138999999999939e+00
2.318158750000000000e+05 -3.222872000000000181e+00
2.318159500000000116e+05 -4.270184999999999675e+00
2.318160249999999942e+05 -4.583891999999999634e+00
2.318161000000000058e+05 -5.077509000000000050e+00
2.318161749999999884e+05 -5.071740000000000137e+00
2.318162500000000000e+05 -4.908318000000000403e+00
2.318163250000000116e+05 -4.945631999999999806e+00
2.318163999999999942e+05 -5.530592999999999648e+00
2.318164750000000058e+05 -5.734245999999999732e+00
2.318165499999999884e+05 -6.446652000000000271e+00
2.318166250000000000e+05 -5.887939000000000256e+00
2.318167000000000116e+05 -6.557731000000000421e+00
2.318167749999999942e+05 -7.112779999999999880e+00
2.318168500000000058e+05 -6.949399999999999800e+00
2.318169249999999884e+05 -7.210448000000000413e+00
2.318170000000000000e+05 -8.630872999999999351e+00
2.318170750000000116e+05 -8.221823000000000548e+00
2.318171499999999942e+05 -7.690811000000000064e+00
2.318172250000000058e+05 -7.823337999999999681e+00
2.318172999999999884e+05 -7.520986999999999867e+00
2.318173750000000000e+05 -9.009121999999999630e+00
2.318174500000000116e+05 -9.157045000000000101e+00
2.318175249999999942e+05 -1.000745000000000040e+01
2.318176000000000058e+05 -8.964147000000000531e+00
2.318176749999999884e+05 -9.655751999999999668e+00
2.318177500000000000e+05 -1.018626000000000076e+01
2.318178250000000116e+05 -1.067309999999999981e+01
2.318178999999999942e+05 -1.194992000000000054e+01
2.318179750000000058e+05 -1.067733999999999916e+01
2.318180499999999884e+05 -1.040751000000000026e+01
2.318181250000000000e+05 -1.143022999999999989e+01
2.318182000000000116e+05 -1.150995999999999952e+01
2.318182749999999942e+05 -1.201670999999999978e+01
2.318183500000000058e+05 -1.153725999999999985e+01
2.318184249999999884e+05 -1.304105000000000025e+01
2.318185000000000000e+05 -1.388913999999999938e+01
2.318185750000000116e+05 -1.183619999999999983e+01
2.318186499999999942e+05 -1.287475000000000058e+01
2.318187250000000058e+05 -1.498950999999999922e+01
2.318187999999999884e+05 -1.421513999999999989e+01
2.318188750000000000e+05 -1.440512999999999977e+01
2.318189500000000116e+05 -1.332488999999999990e+01
2.318190249999999942e+05 -1.663331000000000159e+01
2.318191000000000058e+05 -1.506622999999999912e+01
2.318191749999999884e+05 -1.394979000000000013e+01
2.318192500000000000e+05 -1.660133000000000081e+01
2.318193250000000116e+05 -1.578238999999999947e+01
2.318193999999999942e+05 -1.488654000000000011e+01
2.318194750000000058e+05 -1.803125999999999962e+01
2.318195499999999884e+05 -1.963276000000000110e+01
2.318196250000000000e+05 -1.472578999999999994e+01
2.318197000000000116e+05 -1.664534000000000091e+01
2.318197749999999942e+05 -1.824746999999999986e+01
2.318198500000000058e+05 -1.543007000000000062e+01
2.318199249999999884e+05 -2.139774999999999849e+01
2.318200000000000000e+05 -1.771134999999999948e+01
2.318200750000000116e+05 -1.835021000000000058e+01
2.318201499999999942e+05 -2.035350000000000037e+01
2.318202250000000058e+05 -1.684467000000000070e+01
2.318202999999999884e+05 -1.626948000000000150e+01
2.318203750000000000e+05 -2.371914999999999907e+01
2.318204500000000116e+05 -1.770438000000000045e+01
2.318205249999999942e+05 -2.016842000000000112e+01
2.318206000000000058e+05 -1.987537999999999982e+01
2.318206749999999884e+05 -1.782984000000000080e+01
2.318207500000000000e+05 -1.947699000000000069e+01
2.318208250000000116e+05 -1.630949999999999989e+01
2.318208999999999942e+05 -2.463761999999999830e+01
2.318209750000000058e+05 -1.833214999999999861e+01
2.318210499999999884e+05 -1.721871000000000151e+01
2.318211250000000000e+05 -2.459280000000000044e+01
2.318212000000000116e+05 -1.752418000000000120e+01
2.318212749999999942e+05 -3.500211999999999790e+01
2.318213500000000058e+05 -1.849390999999999963e+01
2.318214249999999884e+05 -1.964570000000000149e+01
2.318215000000000000e+05 -2.270235999999999876e+01
2.318215750000000116e+05 -1.917141000000000162e+01
2.318216499999999942e+05 -2.551082999999999856e+01
2.318217250000000058e+05 -2.131445000000000078e+01
2.318217999999999884e+05 -3.490827999999999776e+01
2.318218750000000000e+05 -2.173132999999999981e+01
2.318219500000000116e+05 -4.182193000000000183e+01
2.318220249999999942e+05 -1.991448000000000107e+01
2.318221000000000058e+05 -2.977955000000000041e+01
2.318221749999999884e+05 -1.965775999999999968e+01
2.318222500000000000e+05 -2.734063000000000088e+01
2.318223250000000116e+05 -2.434320999999999913e+01
2.318223999999999942e+05 -3.097608999999999924e+01
2.318224750000000058e+05 -2.979867000000000132e+01
2.318225499999999884e+05 -2.823092000000000112e+01
2.318226250000000000e+05 -2.017997000000000085e+01
2.318227000000000116e+05 -2.530085000000000051e+01
2.318227749999999942e+05 -2.114799000000000007e+01
2.318228500000000058e+05 -2.715237000000000123e+01
2.318229249999999884e+05 -2.243387999999999849e+01
2.318230000000000000e+05 -2.910231999999999886e+01
2.318230750000000116e+05 -2.172496999999999900e+01
2.318231499999999942e+05 -2.907710000000000150e+01
2.318232250000000058e+05 -2.487819000000000003e+01
2.318232999999999884e+05 -3.480586999999999875e+01
2.318233750000000000e+05 -1.886399000000000115e+01
2.318234500000000116e+05 -2.729718000000000089e+01
2.318235249999999942e+05 -2.558179000000000158e+01
2.318236000000000058e+05 -2.357409000000000177e+01
2.318236749999999884e+05 -2.528143999999999991e+01
2.318237500000000000e+05 -2.285579999999999856e+01
2.318238250000000116e+05 -2.885653999999999897e+01
2.318238999999999942e+05 -2.107367999999999952e+01
2.318239750000000058e+05 -2.780302000000000007e+01
2.318240499999999884e+05 -2.412502999999999886e+01
2.318241250000000000e+05 -2.233068000000000097e+01
2.318242000000000116e+05 -3.559781999999999869e+01
2.318242749999999942e+05 -2.175450000000000017e+01
2.318243500000000058e+05 -2.098665000000000092e+01
2.318244249999999884e+05 -2.208188000000000173e+01
2.318245000000000000e+05 -2.127276000000000167e+01
2.318245750000000116e+05 -2.988659000000000177e+01
2.318246499999999942e+05 -2.533039000000000129e+01
2.318247250000000058e+05 -2.698085000000000022e+01
2.318247999999999884e+05 -2.803438999999999837e+01
2.318248750000000000e+05 -2.287462000000000018e+01
2.318249500000000116e+05 -2.591369999999999862e+01
2.318250249999999942e+05 -4.420279000000000025e+01
2.318251000000000058e+05 -2.270854999999999890e+01
2.318251749999999884e+05 -2.162123000000000062e+01
2.318252500000000000e+05 -2.701717999999999975e+01
2.318253250000000116e+05 -2.130483999999999867e+01
2.318253999999999942e+05 -2.648526000000000025e+01
2.318254750000000058e+05 -2.291084000000000032e+01
2.318255499999999884e+05 -2.407998999999999867e+01
2.318256250000000000e+05 -2.299641000000000091e+01
2.318257000000000116e+05 -2.307609000000000066e+01
2.318257749999999942e+05 -2.459249000000000152e+01
2.318258500000000058e+05 -2.475860000000000127e+01
2.318259249999999884e+05 -2.160752000000000095e+01
2.318260000000000000e+05 -2.137376000000000076e+01
2.318260750000000116e+05 -2.192017999999999844e+01
2.318261499999999942e+05 -2.403199000000000041e+01
2.318262250000000058e+05 -2.803171000000000035e+01
2.318262999999999884e+05 -2.248266999999999882e+01
2.318263750000000000e+05 -2.151437999999999917e+01
2.318264500000000116e+05 -2.708567000000000036e+01
2.318265249999999942e+05 -2.550344000000000122e+01
2.318266000000000058e+05 -2.106061000000000050e+01
2.318266749999999884e+05 -2.266244999999999976e+01
2.318267500000000000e+05 -2.868390000000000128e+01
2.318268250000000116e+05 -2.146665000000000134e+01
2.318268999999999942e+05 -2.462207000000000079e+01
2.318269750000000058e+05 -3.092295999999999978e+01
2.318270499999999884e+05 -2.480668999999999969e+01
2.318271250000000000e+05 -2.601906999999999925e+01
2.318272000000000116e+05 -2.532836999999999961e+01
2.318272749999999942e+05 -2.026904000000000039e+01
2.318273500000000058e+05 -2.558229000000000042e+01
2.318274249999999884e+05 -2.383386000000000138e+01
2.318275000000000000e+05 -2.124053999999999931e+01
2.318275750000000116e+05 -2.297201000000000093e+01
2.318276499999999942e+05 -2.308554000000000173e+01
2.318277250000000058e+05 -2.338472000000000151e+01
2.318277999999999884e+05 -2.630774999999999864e+01
2.318278750000000000e+05 -2.242690999999999946e+01
2.318279500000000116e+05 -2.215928999999999860e+01
2.318280249999999942e+05 -2.864717999999999876e+01
2.318281000000000058e+05 -3.092892000000000152e+01
2.318281749999999884e+05 -2.454688000000000159e+01
2.318282500000000000e+05 -2.396650999999999954e+01
2.318283250000000116e+05 -2.995052000000000092e+01
2.318283999999999942e+05 -2.693346999999999980e+01
2.318284750000000058e+05 -2.142126999999999981e+01
2.318285499999999884e+05 -2.431550999999999974e+01
2.318286250000000000e+05 -2.770808999999999855e+01
2.318287000000000116e+05 -2.627670000000000172e+01
2.318287749999999942e+05 -2.372675999999999874e+01
2.318288500000000058e+05 -2.041670999999999836e+01
2.318289249999999884e+05 -2.402874999999999872e+01
2.318290000000000000e+05 -2.315729999999999933e+01
2.318290750000000116e+05 -2.250962000000000174e+01
2.318291499999999942e+05 -2.143927000000000049e+01
2.318292250000000058e+05 -2.451138999999999868e+01
2.318292999999999884e+05 -2.883786999999999878e+01
2.318293750000000000e+05 -1.982208999999999932e+01
2.318294500000000116e+05 -2.143947000000000003e+01
2.318295249999999942e+05 -2.453595999999999933e+01
2.318296000000000058e+05 -2.415075999999999823e+01
2.318296749999999884e+05 -2.013794000000000040e+01
2.318297500000000000e+05 -2.658761000000000152e+01
