# Temperature: None K
2.318440750000000116e+05 -1.836702000000000012e+01
2.318441500000000233e+05 -2.344226000000000099e+01
2.318442250000000058e+05 -1.652167000000000030e+01
2.318443000000000175e+05 -1.792902000000000129e+01
2.318443750000000000e+05 -1.879090000000000060e+01
2.318444500000000116e+05 -1.885131000000000157e+01
2.318445250000000233e+05 -1.903046000000000149e+01
2.318446000000000058e+05 -2.063926999999999978e+01
2.318446750000000175e+05 -2.013297999999999988e+01
2.318447500000000000e+05 -2.325749000000000066e+01
2.318448250000000116e+05 -1.939765999999999835e+01
2.318449000000000233e+05 -1.803913000000000011e+01
2.318449750000000058e+05 -1.984369999999999834e+01
2.318450500000000175e+05 -1.869956000000000174e+01
2.318451250000000000e+05 -2.037435999999999936e+01
2.318452000000000116e+05 -2.013360000000000127e+01
2.318452750000000233e+05 -1.882423999999999964e+01
2.318453500000000058e+05 -1.896387999999999963e+01
2.318454250000000175e+05 -1.838944000000000045e+01
2.318455000000000000e+05 -1.906850999999999985e+01
2.318455750000000116e+05 -1.871116999999999919e+01
2.318456500000000233e+05 -1.878630000000000067e+01
2.318457250000000058e+05 -1.997278000000000020e+01
2.318458000000000175e+05 -2.034474000000000160e+01
2.318458750000000000e+05 -1.980003999999999920e+01
2.318459500000000116e+05 -2.045178999999999903e+01
2.318460250000000233e+05 -2.177034000000000091e+01
2.318461000000000058e+05 -1.910038000000000125e+01
2.318461750000000175e+05 -1.870977999999999852e+01
2.318462500000000000e+05 -2.012398999999999916e+01
2.318463250000000116e+05 -2.117614000000000019e+01
2.318464000000000233e+05 -1.945698000000000150e+01
2.318464750000000058e+05 -2.226087000000000060e+01
2.318465500000000175e+05 -1.789151999999999987e+01
2.318466250000000000e+05 -1.940120999999999896e+01
2.318467000000000116e+05 -1.889744999999999919e+01
2.318467750000000233e+05 -1.761424999999999841e+01
2.318468500000000058e+05 -1.991882999999999981e+01
2.318469250000000175e+05 -2.010746999999999929e+01
2.318470000000000000e+05 -1.637705000000000055e+01
2.318470750000000116e+05 -1.880737999999999843e+01
2.318471500000000233e+05 -1.912218000000000018e+01
2.318472250000000058e+05 -1.874537000000000120e+01
2.318473000000000175e+05 -1.948530999999999835e+01
2.318473750000000000e+05 -2.142885000000000062e+01
2.318474500000000116e+05 -1.970307999999999993e+01
2.318475250000000233e+05 -2.029024000000000072e+01
2.318476000000000058e+05 -1.949318999999999846e+01
2.318476750000000175e+05 -1.909583999999999904e+01
2.318477500000000000e+05 -2.045159999999999911e+01
2.318478250000000116e+05 -1.768968999999999880e+01
2.318479000000000233e+05 -2.272351000000000099e+01
2.318479750000000058e+05 -2.062533000000000172e+01
2.318480500000000175e+05 -1.901136999999999944e+01
2.318481250000000000e+05 -1.852099000000000117e+01
2.318482000000000116e+05 -1.999005999999999972e+01
2.318482750000000233e+05 -1.998169000000000040e+01
2.318483500000000058e+05 -1.880181999999999931e+01
2.318484250000000175e+05 -1.969359999999999999e+01
2.318485000000000000e+05 -1.907173999999999836e+01
2.318485750000000116e+05 -1.805516000000000076e+01
2.318486500000000233e+05 -1.911366999999999905e+01
2.318487250000000058e+05 -1.694593000000000060e+01
2.318488000000000175e+05 -1.962783999999999907e+01
2.318488750000000000e+05 -1.905385000000000062e+01
2.318489500000000116e+05 -2.026311000000000107e+01
2.318490250000000233e+05 -1.862641999999999953e+01
2.318491000000000058e+05 -1.909241000000000099e+01
2.318491750000000175e+05 -1.745227999999999824e+01
2.318492500000000000e+05 -1.862178000000000111e+01
2.318493250000000116e+05 -1.780881000000000114e+01
2.318494000000000233e+05 -1.659148000000000067e+01
2.318494750000000058e+05 -2.013568000000000069e+01
2.318495500000000175e+05 -2.211258000000000123e+01
2.318496250000000000e+05 -2.005516000000000076e+01
2.318497000000000116e+05 -1.650795000000000101e+01
2.318497750000000233e+05 -1.740284000000000120e+01
2.318498500000000058e+05 -1.965037999999999840e+01
2.318499250000000175e+05 -1.731627999999999901e+01
2.318500000000000000e+05 -1.764877999999999858e+01
2.318500750000000116e+05 -1.694478000000000151e+01
2.318501500000000233e+05 -1.951670999999999978e+01
2.318502250000000058e+05 -1.976933000000000007e+01
2.318503000000000175e+05 -1.790437000000000012e+01
2.318503750000000000e+05 -2.029996999999999829e+01
2.318504500000000116e+05 -1.673088999999999871e+01
2.318505250000000233e+05 -2.060977000000000103e+01
2.318506000000000058e+05 -2.132456000000000174e+01
2.318506750000000175e+05 -2.027796999999999983e+01
2.318507500000000000e+05 -1.752167999999999992e+01
2.318508250000000116e+05 -1.946482999999999919e+01
2.318509000000000233e+05 -1.803910000000000124e+01
2.318509750000000058e+05 -1.703004999999999924e+01
2.318510500000000175e+05 -1.916041999999999845e+01
2.318511250000000000e+05 -1.904694999999999894e+01
2.318512000000000116e+05 -2.079879999999999995e+01
2.318512750000000233e+05 -1.756746000000000052e+01
2.318513500000000058e+05 -1.752417000000000158e+01
2.318514250000000175e+05 -1.802261000000000024e+01
2.318515000000000000e+05 -1.875290999999999997e+01
2.318515750000000116e+05 -1.808026999999999873e+01
2.318516500000000233e+05 -1.887186000000000163e+01
2.318517250000000058e+05 -1.889202999999999832e+01
2.318518000000000175e+05 -1.835093000000000174e+01
2.318518750000000000e+05 -1.811803000000000097e+01
2.318519500000000116e+05 -1.879308999999999941e+01
2.318520250000000233e+05 -2.008100999999999914e+01
2.318521000000000058e+05 -2.024058000000000135e+01
2.318521750000000175e+05 -1.668921999999999883e+01
2.318522500000000000e+05 -1.649055999999999855e+01
2.318523250000000116e+05 -1.665011000000000152e+01
2.318524000000000233e+05 -1.742746999999999957e+01
2.318524750000000058e+05 -1.590321999999999925e+01
2.318525500000000175e+05 -1.907949999999999946e+01
2.318526250000000000e+05 -1.628769000000000133e+01
2.318527000000000116e+05 -1.650512000000000157e+01
2.318527750000000233e+05 -1.629201000000000121e+01
2.318528500000000058e+05 -1.871136999999999873e+01
2.318529250000000175e+05 -1.681364999999999910e+01
2.318530000000000000e+05 -1.699091999999999913e+01
2.318530750000000116e+05 -1.636871000000000009e+01
2.318531500000000233e+05 -1.753009000000000128e+01
2.318532250000000058e+05 -1.756744000000000128e+01
2.318533000000000175e+05 -1.708909999999999840e+01
2.318533750000000000e+05 -1.729300999999999888e+01
2.318534500000000116e+05 -1.661226999999999876e+01
2.318535250000000233e+05 -1.718372000000000099e+01
2.318536000000000058e+05 -1.651062999999999903e+01
2.318536750000000175e+05 -1.741997999999999891e+01
2.318537500000000000e+05 -1.846810999999999936e+01
2.318538250000000116e+05 -1.631617999999999924e+01
2.318539000000000233e+05 -1.645507999999999882e+01
2.318539750000000058e+05 -1.642586000000000013e+01
2.318540500000000175e+05 -1.497958999999999996e+01
2.318541250000000000e+05 -1.611109000000000080e+01
2.318542000000000116e+05 -1.620439999999999969e+01
2.318542750000000233e+05 -1.780627000000000137e+01
2.318543500000000058e+05 -1.774697000000000102e+01
2.318544250000000175e+05 -1.639186000000000121e+01
2.318545000000000000e+05 -1.751847000000000065e+01
2.318545750000000116e+05 -1.581694000000000067e+01
2.318546500000000233e+05 -1.597780000000000022e+01
2.318547250000000058e+05 -1.691570000000000107e+01
2.318548000000000175e+05 -1.477703999999999951e+01
2.318548750000000000e+05 -1.534167000000000058e+01
2.318549500000000116e+05 -1.573004000000000069e+01
2.318550250000000233e+05 -1.755018000000000100e+01
2.318551000000000058e+05 -1.544075999999999915e+01
2.318551750000000175e+05 -1.408319999999999972e+01
2.318552500000000000e+05 -1.394191999999999965e+01
2.318553250000000116e+05 -1.485546000000000078e+01
2.318554000000000233e+05 -1.461949000000000076e+01
2.318554750000000058e+05 -1.413438000000000017e+01
2.318555500000000175e+05 -1.480016999999999960e+01
2.318556250000000000e+05 -1.548131000000000057e+01
2.318557000000000116e+05 -1.503423000000000087e+01
2.318557750000000233e+05 -1.485452000000000083e+01
2.318558500000000058e+05 -1.519885000000000019e+01
2.318559250000000175e+05 -1.283681999999999945e+01
2.318560000000000000e+05 -1.388855000000000040e+01
2.318560750000000116e+05 -1.345559000000000083e+01
2.318561500000000233e+05 -1.425470999999999933e+01
2.318562250000000058e+05 -1.292563999999999957e+01
2.318563000000000175e+05 -1.238155000000000072e+01
2.318563750000000000e+05 -1.416995000000000005e+01
2.318564500000000116e+05 -1.284839000000000020e+01
2.318565250000000233e+05 -1.259599000000000046e+01
2.318566000000000058e+05 -1.183267000000000024e+01
2.318566750000000175e+05 -1.221471999999999980e+01
2.318567500000000000e+05 -1.295281999999999911e+01
2.318568250000000116e+05 -1.201446999999999932e+01
2.318569000000000233e+05 -1.136838000000000015e+01
2.318569750000000058e+05 -1.099452999999999925e+01
2.318570500000000175e+05 -1.195543999999999940e+01
2.318571250000000000e+05 -1.163390000000000057e+01
2.318572000000000116e+05 -1.065732000000000035e+01
2.318572750000000233e+05 -1.066018000000000043e+01
2.318573500000000058e+05 -1.080594999999999928e+01
2.318574250000000175e+05 -1.028377000000000052e+01
2.318575000000000000e+05 -9.152523999999999660e+00
2.318575750000000116e+05 -9.356998000000000815e+00
2.318576500000000233e+05 -8.770174000000000802e+00
2.318577250000000058e+05 -9.218263999999999569e+00
2.318578000000000175e+05 -8.426377999999999702e+00
2.318578750000000000e+05 -8.949275999999999343e+00
2.318579500000000116e+05 -8.507552999999999699e+00
2.318580250000000233e+05 -7.497581000000000273e+00
2.318581000000000058e+05 -7.259942999999999813e+00
2.318581750000000175e+05 -7.081476999999999578e+00
2.318582500000000000e+05 -6.706399000000000221e+00
2.318583250000000116e+05 -7.557423000000000002e+00
2.318584000000000233e+05 -6.461585999999999608e+00
2.318584750000000058e+05 -7.107921000000000156e+00
2.318585500000000175e+05 -6.542487999999999637e+00
2.318586250000000000e+05 -7.204403000000000112e+00
2.318587000000000116e+05 -7.478717999999999755e+00
2.318587750000000233e+05 -6.887706999999999802e+00
2.318588500000000058e+05 -7.878397999999999790e+00
2.318589250000000175e+05 -7.960102000000000011e+00
2.318590000000000000e+05 -8.526156999999999542e+00
2.318590750000000116e+05 -8.247289999999999566e+00
2.318591500000000233e+05 -9.666342000000000212e+00
2.318592250000000058e+05 -1.044039000000000073e+01
2.318593000000000175e+05 -1.262514999999999965e+01
2.318593750000000000e+05 -1.319511999999999929e+01
2.318594500000000116e+05 -1.594084999999999930e+01
2.318595250000000233e+05 -1.678979999999999961e+01
2.318596000000000058e+05 -1.831425000000000125e+01
2.318596750000000175e+05 -2.331741999999999848e+01
2.318597500000000000e+05 -2.093279000000000067e+01
2.318598250000000116e+05 -2.438482000000000127e+01
2.318599000000000233e+05 -1.993946000000000041e+01
2.318599750000000058e+05 -2.424890999999999863e+01
2.318600500000000175e+05 -2.246794999999999831e+01
2.318601250000000000e+05 -1.966306000000000154e+01
2.318602000000000116e+05 -2.410930000000000106e+01
2.318602750000000233e+05 -2.853191999999999950e+01
2.318603500000000058e+05 -2.779906000000000077e+01
2.318604250000000175e+05 -2.870067999999999842e+01
2.318605000000000000e+05 -3.297653999999999996e+01
2.318605750000000116e+05 -3.422189000000000192e+01
2.318606500000000233e+05 -3.444462000000000046e+01
2.318607250000000058e+05 -3.378972999999999871e+01
2.318608000000000175e+05 -3.168775000000000119e+01
2.318608750000000000e+05 -3.537960999999999956e+01
2.318609500000000116e+05 -3.533845000000000169e+01
2.318610250000000233e+05 -3.263875999999999777e+01
2.318611000000000058e+05 -4.022834999999999894e+01
2.318611750000000175e+05 -3.126293000000000077e+01
2.318612500000000000e+05 -3.818619999999999948e+01
2.318613250000000116e+05 -3.304449000000000325e+01
2.318614000000000233e+05 -4.199810000000000088e+01
2.318614750000000058e+05 -2.639901000000000053e+01
2.318615500000000175e+05 -4.014594999999999914e+01
2.318616250000000000e+05 -2.983192999999999984e+01
2.318617000000000116e+05 -3.639213999999999771e+01
2.318617750000000233e+05 -3.085774999999999935e+01
2.318618500000000058e+05 -3.670624000000000109e+01
2.318619250000000175e+05 -2.784159999999999968e+01
2.318620000000000000e+05 -3.077996999999999872e+01
2.318620750000000116e+05 -2.829759999999999920e+01
2.318621500000000233e+05 -3.070704999999999885e+01
2.318622250000000058e+05 -2.693264999999999887e+01
2.318623000000000175e+05 -2.607907000000000153e+01
2.318623750000000000e+05 -3.417072000000000287e+01
2.318624500000000116e+05 -2.610914000000000001e+01
2.318625250000000233e+05 -2.992481000000000080e+01
2.318626000000000058e+05 -3.910291000000000139e+01
2.318626750000000175e+05 -2.802546999999999855e+01
2.318627500000000000e+05 -3.278121999999999758e+01
2.318628250000000116e+05 -3.975424999999999898e+01
2.318629000000000233e+05 -2.811132999999999882e+01
2.318629750000000058e+05 -3.068719000000000108e+01
2.318630500000000175e+05 -2.819451000000000107e+01
2.318631250000000000e+05 -2.877065999999999946e+01
2.318632000000000116e+05 -3.481266999999999712e+01
2.318632750000000233e+05 -3.061811000000000149e+01
2.318633500000000058e+05 -2.930287999999999826e+01
2.318634250000000175e+05 -2.359174000000000149e+01
2.318635000000000000e+05 -3.053219999999999956e+01
2.318635750000000116e+05 -2.735372999999999877e+01
2.318636500000000233e+05 -2.795041000000000153e+01
2.318637250000000058e+05 -3.777009999999999934e+01
2.318638000000000175e+05 -2.574267000000000039e+01
2.318638750000000000e+05 -2.187217000000000056e+01
2.318639500000000116e+05 -3.363788999999999874e+01
2.318640250000000233e+05 -2.670235999999999876e+01
2.318641000000000058e+05 -3.374864000000000175e+01
2.318641750000000175e+05 -2.588727000000000089e+01
2.318642500000000000e+05 -2.401458999999999833e+01
2.318643250000000116e+05 -2.585247999999999990e+01
2.318644000000000233e+05 -2.359817999999999927e+01
2.318644750000000058e+05 -2.611255999999999844e+01
2.318645500000000175e+05 -2.597392999999999930e+01
2.318646250000000000e+05 -2.264837999999999951e+01
2.318647000000000116e+05 -2.769754999999999967e+01
2.318647750000000233e+05 -2.195187999999999917e+01
2.318648500000000058e+05 -2.489200999999999908e+01
2.318649250000000175e+05 -2.684908000000000072e+01
2.318650000000000000e+05 -3.005759000000000114e+01
2.318650750000000116e+05 -3.755610000000000070e+01
2.318651500000000233e+05 -2.133342999999999989e+01
2.318652250000000058e+05 -2.508551999999999893e+01
2.318653000000000175e+05 -2.385419999999999874e+01
2.318653750000000000e+05 -2.195920999999999879e+01
2.318654500000000116e+05 -2.045998000000000161e+01
2.318655250000000233e+05 -2.115625000000000000e+01
2.318656000000000058e+05 -2.481255000000000166e+01
2.318656750000000175e+05 -2.224977000000000160e+01
2.318657500000000000e+05 -2.247728000000000037e+01
2.318658250000000116e+05 -2.445967999999999876e+01
2.318659000000000233e+05 -2.453183999999999898e+01
2.318659750000000058e+05 -2.548619000000000057e+01
2.318660500000000175e+05 -2.738122999999999863e+01
2.318661250000000000e+05 -2.608618999999999843e+01
2.318662000000000116e+05 -2.387464999999999904e+01
2.318662750000000233e+05 -2.643590000000000018e+01
2.318663500000000058e+05 -2.597115000000000151e+01
2.318664250000000175e+05 -2.656157999999999930e+01
2.318665000000000000e+05 -2.288964999999999961e+01
2.318665750000000116e+05 -2.209834000000000032e+01
2.318666500000000233e+05 -2.402590999999999966e+01
2.318667250000000058e+05 -2.630696000000000012e+01
2.318668000000000175e+05 -2.405404000000000053e+01
2.318668750000000000e+05 -2.587552000000000163e+01
2.318669500000000116e+05 -2.389786000000000143e+01
2.318670250000000233e+05 -2.687780000000000058e+01
2.318671000000000058e+05 -2.685619000000000156e+01
2.318671750000000175e+05 -2.542209000000000074e+01
2.318672500000000000e+05 -2.355000000000000071e+01
2.318673250000000116e+05 -2.915120999999999896e+01
2.318674000000000233e+05 -2.747557000000000116e+01
2.318674750000000058e+05 -2.296411000000000158e+01
2.318675500000000175e+05 -2.237901000000000096e+01
2.318676250000000000e+05 -2.349021000000000114e+01
2.318677000000000116e+05 -2.397148999999999930e+01
2.318677750000000233e+05 -2.254580999999999946e+01
2.318678500000000058e+05 -2.797269999999999968e+01
2.318679250000000175e+05 -2.445032000000000139e+01
2.318680000000000000e+05 -2.733221999999999952e+01
2.318680750000000116e+05 -2.549408999999999992e+01
2.318681500000000233e+05 -2.434114999999999895e+01
2.318682250000000058e+05 -2.107300000000000040e+01
2.318683000000000175e+05 -3.077971000000000146e+01
2.318683750000000000e+05 -2.435930000000000106e+01
2.318684500000000116e+05 -2.420094999999999885e+01
2.318685250000000233e+05 -2.449083999999999861e+01
2.318686000000000058e+05 -2.242343999999999937e+01
2.318686750000000175e+05 -2.260397999999999996e+01
2.318687500000000000e+05 -2.685876000000000019e+01
2.318688250000000116e+05 -2.560606999999999900e+01
2.318689000000000233e+05 -2.308615999999999957e+01
2.318689750000000058e+05 -2.927233000000000018e+01
2.318690500000000175e+05 -2.103875999999999991e+01
2.318691250000000000e+05 -2.537096999999999980e+01
2.318692000000000116e+05 -2.264660999999999902e+01
2.318692750000000233e+05 -2.759440999999999988e+01
2.318693500000000058e+05 -2.446621000000000024e+01
2.318694250000000175e+05 -3.104752999999999830e+01
2.318695000000000000e+05 -2.729671000000000092e+01
2.318695750000000116e+05 -2.330932999999999922e+01
2.318696500000000233e+05 -2.767709999999999937e+01
2.318697250000000058e+05 -2.684714999999999918e+01
2.318698000000000175e+05 -2.268858000000000175e+01
2.318698750000000000e+05 -2.616196000000000055e+01
2.318699500000000116e+05 -2.416579000000000121e+01
2.318700250000000233e+05 -2.486681000000000097e+01
2.318701000000000058e+05 -2.404440999999999917e+01
2.318701750000000175e+05 -2.498301999999999978e+01
2.318702500000000000e+05 -2.323478000000000065e+01
2.318703250000000116e+05 -2.501039000000000101e+01
2.318704000000000233e+05 -2.370956999999999937e+01
2.318704750000000058e+05 -2.544416000000000011e+01
2.318705500000000175e+05 -2.691472999999999871e+01
2.318706250000000000e+05 -2.069431000000000154e+01
2.318707000000000116e+05 -2.523969999999999914e+01
2.318707750000000233e+05 -2.123074000000000083e+01
2.318708500000000058e+05 -2.106747999999999976e+01
2.318709250000000175e+05 -2.615701999999999927e+01
2.318710000000000000e+05 -2.263859000000000066e+01
2.318710750000000116e+05 -2.056419999999999959e+01
2.318711500000000233e+05 -2.648191999999999879e+01
2.318712250000000058e+05 -2.369716000000000022e+01
2.318713000000000175e+05 -2.157881000000000071e+01
2.318713750000000000e+05 -2.250579000000000107e+01
2.318714500000000116e+05 -2.469575000000000031e+01
2.318715250000000233e+05 -2.254617999999999967e+01
2.318716000000000058e+05 -2.289269000000000176e+01
2.318716750000000175e+05 -2.488432999999999851e+01
2.318717500000000000e+05 -2.353387000000000029e+01
2.318718250000000116e+05 -2.304054999999999964e+01
2.318719000000000233e+05 -2.334089000000000169e+01
2.318719750000000058e+05 -2.005133999999999972e+01
2.318720500000000175e+05 -2.129898999999999987e+01
2.318721250000000000e+05 -2.678578999999999866e+01
2.318722000000000116e+05 -2.185337000000000174e+01
2.318722750000000233e+05 -2.589101000000000141e+01
2.318723500000000058e+05 -2.542702999999999847e+01
2.318724250000000175e+05 -2.427112999999999943e+01
2.318725000000000000e+05 -2.250955000000000084e+01
2.318725750000000116e+05 -2.756981000000000037e+01
2.318726500000000233e+05 -2.216582999999999970e+01
2.318727250000000058e+05 -2.161742999999999881e+01
2.318728000000000175e+05 -2.247991999999999990e+01
2.318728750000000000e+05 -2.344098999999999933e+01
2.318729500000000116e+05 -2.805594999999999928e+01
2.318730250000000233e+05 -2.192163000000000039e+01
2.318731000000000058e+05 -2.082186000000000092e+01
2.318731750000000175e+05 -2.183277000000000001e+01
2.318732500000000000e+05 -2.055843000000000131e+01
2.318733250000000116e+05 -2.482132999999999967e+01
2.318734000000000233e+05 -2.170046999999999926e+01
2.318734750000000058e+05 -2.577656999999999954e+01
2.318735500000000175e+05 -2.126042999999999950e+01
2.318736250000000000e+05 -1.911668999999999841e+01
2.318737000000000116e+05 -2.659509999999999863e+01
2.318737750000000233e+05 -2.243498999999999910e+01
2.318738500000000058e+05 -2.285786999999999836e+01
2.318739250000000175e+05 -2.050397999999999854e+01
2.318740000000000000e+05 -2.159906000000000148e+01
2.318740750000000116e+05 -2.413421999999999912e+01
