# Temperature: None K
2.318567500000000000e+05 -2.323235999999999990e+01
2.318568250000000116e+05 -2.112959000000000032e+01
2.318568999999999942e+05 -1.970851000000000042e+01
2.318569750000000058e+05 -1.870158999999999949e+01
2.318570499999999884e+05 -2.058502999999999972e+01
2.318571250000000000e+05 -2.332610999999999990e+01
2.318572000000000116e+05 -2.376963999999999899e+01
2.318572749999999942e+05 -2.033984999999999843e+01
2.318573500000000058e+05 -1.910041000000000011e+01
2.318574249999999884e+05 -1.823406999999999911e+01
2.318575000000000000e+05 -2.155154999999999887e+01
2.318575750000000116e+05 -1.907630999999999943e+01
2.318576499999999942e+05 -1.834872000000000014e+01
2.318577250000000058e+05 -2.007636000000000109e+01
2.318577999999999884e+05 -1.978932999999999964e+01
2.318578750000000000e+05 -2.018119000000000085e+01
2.318579500000000116e+05 -1.784412000000000020e+01
2.318580249999999942e+05 -1.770560000000000045e+01
2.318581000000000058e+05 -1.776020000000000110e+01
2.318581749999999884e+05 -2.054794000000000054e+01
2.318582500000000000e+05 -1.769641000000000020e+01
2.318583250000000116e+05 -2.049020000000000152e+01
2.318583999999999942e+05 -1.728161000000000058e+01
2.318584750000000058e+05 -2.046531999999999840e+01
2.318585499999999884e+05 -2.039951999999999899e+01
2.318586250000000000e+05 -1.732411000000000101e+01
2.318587000000000116e+05 -1.770393999999999934e+01
2.318587749999999942e+05 -1.961321999999999832e+01
2.318588500000000058e+05 -1.926241999999999877e+01
2.318589249999999884e+05 -1.714790999999999954e+01
2.318590000000000000e+05 -1.850139000000000067e+01
2.318590750000000116e+05 -1.883990999999999971e+01
2.318591499999999942e+05 -1.882082000000000122e+01
2.318592250000000058e+05 -1.862361999999999895e+01
2.318592999999999884e+05 -2.020777999999999963e+01
2.318593750000000000e+05 -2.017632000000000048e+01
2.318594500000000116e+05 -1.813388000000000133e+01
2.318595249999999942e+05 -1.993153999999999826e+01
2.318596000000000058e+05 -2.116430000000000078e+01
2.318596749999999884e+05 -1.798787000000000091e+01
2.318597500000000000e+05 -1.991021999999999892e+01
2.318598250000000116e+05 -1.815090000000000003e+01
2.318598999999999942e+05 -1.986081000000000074e+01
2.318599750000000058e+05 -2.114564999999999984e+01
2.318600499999999884e+05 -1.930360999999999905e+01
2.318601250000000000e+05 -1.891815000000000069e+01
2.318602000000000116e+05 -1.708312000000000097e+01
2.318602749999999942e+05 -1.750290999999999997e+01
2.318603500000000058e+05 -2.041776000000000124e+01
2.318604249999999884e+05 -1.865505999999999887e+01
2.318605000000000000e+05 -2.082646000000000086e+01
2.318605750000000116e+05 -1.818611999999999895e+01
2.318606499999999942e+05 -1.833271999999999835e+01
2.318607250000000058e+05 -1.939948000000000050e+01
2.318607999999999884e+05 -1.704122999999999877e+01
2.318608750000000000e+05 -2.016019999999999968e+01
2.318609500000000116e+05 -2.064570000000000149e+01
2.318610249999999942e+05 -1.740824999999999889e+01
2.318611000000000058e+05 -1.910473999999999961e+01
2.318611749999999884e+05 -1.780632999999999910e+01
2.318612500000000000e+05 -1.885062999999999889e+01
2.318613250000000116e+05 -1.718966999999999956e+01
2.318613999999999942e+05 -1.852062000000000097e+01
2.318614750000000058e+05 -1.938239000000000090e+01
2.318615499999999884e+05 -1.747918999999999912e+01
2.318616250000000000e+05 -1.830859999999999843e+01
2.318617000000000116e+05 -1.788645999999999958e+01
2.318617749999999942e+05 -1.873407999999999873e+01
2.318618500000000058e+05 -1.796711000000000169e+01
2.318619249999999884e+05 -1.910489000000000104e+01
2.318620000000000000e+05 -1.809427000000000163e+01
2.318620750000000116e+05 -1.764602999999999966e+01
2.318621499999999942e+05 -2.262603999999999971e+01
2.318622250000000058e+05 -2.124416000000000082e+01
2.318622999999999884e+05 -1.790869999999999962e+01
2.318623750000000000e+05 -1.874208000000000141e+01
2.318624500000000116e+05 -1.933235000000000170e+01
2.318625249999999942e+05 -1.940832999999999942e+01
2.318626000000000058e+05 -1.808186999999999856e+01
2.318626749999999884e+05 -1.953745999999999938e+01
2.318627500000000000e+05 -1.694634999999999891e+01
2.318628250000000116e+05 -1.802353000000000094e+01
2.318628999999999942e+05 -2.129563999999999879e+01
2.318629750000000058e+05 -1.860588999999999871e+01
2.318630499999999884e+05 -1.793074999999999974e+01
2.318631250000000000e+05 -1.787533000000000172e+01
2.318632000000000116e+05 -1.829813000000000045e+01
2.318632749999999942e+05 -1.675869000000000142e+01
2.318633500000000058e+05 -1.657554999999999978e+01
2.318634249999999884e+05 -1.864958999999999989e+01
2.318635000000000000e+05 -1.773698999999999870e+01
2.318635750000000116e+05 -1.696747999999999834e+01
2.318636499999999942e+05 -2.007482999999999862e+01
2.318637250000000058e+05 -1.819085000000000107e+01
2.318637999999999884e+05 -1.968704999999999927e+01
2.318638750000000000e+05 -1.613739999999999952e+01
2.318639500000000116e+05 -1.893575999999999837e+01
2.318640249999999942e+05 -1.709313999999999822e+01
2.318641000000000058e+05 -1.833292000000000144e+01
2.318641749999999884e+05 -1.835066000000000130e+01
2.318642500000000000e+05 -1.783621000000000123e+01
2.318643250000000116e+05 -1.895917000000000030e+01
2.318643999999999942e+05 -1.827835999999999927e+01
2.318644750000000058e+05 -1.732725999999999900e+01
2.318645499999999884e+05 -1.610472999999999999e+01
2.318646250000000000e+05 -1.760283000000000087e+01
2.318647000000000116e+05 -1.867708999999999975e+01
2.318647749999999942e+05 -1.609797000000000011e+01
2.318648500000000058e+05 -1.864286999999999850e+01
2.318649249999999884e+05 -1.661848000000000170e+01
2.318650000000000000e+05 -1.687018000000000129e+01
2.318650750000000116e+05 -1.808821000000000012e+01
2.318651499999999942e+05 -1.720362000000000080e+01
2.318652250000000058e+05 -1.709991000000000128e+01
2.318652999999999884e+05 -1.780491999999999919e+01
2.318653750000000000e+05 -1.658163000000000054e+01
2.318654500000000116e+05 -1.675045000000000073e+01
2.318655249999999942e+05 -1.736843000000000004e+01
2.318656000000000058e+05 -1.512557999999999936e+01
2.318656749999999884e+05 -1.771666000000000096e+01
2.318657500000000000e+05 -1.546105999999999980e+01
2.318658250000000116e+05 -1.637649000000000044e+01
2.318658999999999942e+05 -1.681210000000000093e+01
2.318659750000000058e+05 -1.593070999999999948e+01
2.318660499999999884e+05 -1.642472000000000065e+01
2.318661250000000000e+05 -1.791664000000000101e+01
2.318662000000000116e+05 -1.637555000000000049e+01
2.318662749999999942e+05 -1.674652999999999992e+01
2.318663500000000058e+05 -1.655407999999999902e+01
2.318664249999999884e+05 -1.617263000000000162e+01
2.318665000000000000e+05 -1.702334000000000103e+01
2.318665750000000116e+05 -1.612534000000000134e+01
2.318666499999999942e+05 -1.622725000000000151e+01
2.318667250000000058e+05 -1.559909000000000034e+01
2.318667999999999884e+05 -1.470251000000000019e+01
2.318668750000000000e+05 -1.665825999999999851e+01
2.318669500000000116e+05 -1.509483999999999959e+01
2.318670249999999942e+05 -1.610268999999999906e+01
2.318671000000000058e+05 -1.570548999999999928e+01
2.318671749999999884e+05 -1.540202999999999989e+01
2.318672500000000000e+05 -1.613967999999999847e+01
2.318673250000000116e+05 -1.506165999999999983e+01
2.318673999999999942e+05 -1.657786000000000115e+01
2.318674750000000058e+05 -1.574513999999999925e+01
2.318675499999999884e+05 -1.423620000000000019e+01
2.318676250000000000e+05 -1.448649999999999949e+01
2.318677000000000116e+05 -1.569927000000000028e+01
2.318677749999999942e+05 -1.555438999999999972e+01
2.318678500000000058e+05 -1.429584000000000010e+01
2.318679249999999884e+05 -1.422387999999999941e+01
2.318680000000000000e+05 -1.405560999999999972e+01
2.318680750000000116e+05 -1.476498999999999917e+01
2.318681499999999942e+05 -1.423516000000000048e+01
2.318682250000000058e+05 -1.510066999999999915e+01
2.318682999999999884e+05 -1.373792000000000080e+01
2.318683750000000000e+05 -1.522751000000000055e+01
2.318684500000000116e+05 -1.317651000000000039e+01
2.318685249999999942e+05 -1.399316999999999922e+01
2.318686000000000058e+05 -1.344073999999999991e+01
2.318686749999999884e+05 -1.302581999999999951e+01
2.318687500000000000e+05 -1.300456999999999930e+01
2.318688250000000116e+05 -1.285398999999999958e+01
2.318688999999999942e+05 -1.312219999999999942e+01
2.318689750000000058e+05 -1.401478999999999964e+01
2.318690499999999884e+05 -1.197695000000000043e+01
2.318691250000000000e+05 -1.278847999999999985e+01
2.318692000000000116e+05 -1.234534999999999982e+01
2.318692749999999942e+05 -1.166657999999999973e+01
2.318693500000000058e+05 -1.192173999999999978e+01
2.318694249999999884e+05 -1.013711999999999946e+01
2.318695000000000000e+05 -1.196664999999999957e+01
2.318695750000000116e+05 -1.118012000000000050e+01
2.318696499999999942e+05 -1.054983000000000004e+01
2.318697250000000058e+05 -1.098982999999999954e+01
2.318697999999999884e+05 -1.013429000000000002e+01
2.318698750000000000e+05 -9.991510999999999143e+00
2.318699500000000116e+05 -9.458057999999999410e+00
2.318700249999999942e+05 -9.960794999999999177e+00
2.318701000000000058e+05 -8.862645999999999802e+00
2.318701749999999884e+05 -8.433766999999999570e+00
2.318702500000000000e+05 -8.590963999999999601e+00
2.318703250000000116e+05 -8.463822000000000401e+00
2.318703999999999942e+05 -8.184141000000000332e+00
2.318704750000000058e+05 -7.560605999999999938e+00
2.318705499999999884e+05 -7.330092999999999748e+00
2.318706250000000000e+05 -7.007774999999999643e+00
2.318707000000000116e+05 -6.313373999999999597e+00
2.318707749999999942e+05 -6.879668999999999812e+00
2.318708500000000058e+05 -6.494831999999999717e+00
2.318709249999999884e+05 -6.569497000000000142e+00
2.318710000000000000e+05 -6.738712999999999731e+00
2.318710750000000116e+05 -6.647878999999999650e+00
2.318711499999999942e+05 -6.497640999999999778e+00
2.318712250000000058e+05 -6.586356000000000321e+00
2.318712999999999884e+05 -6.795275000000000176e+00
2.318713750000000000e+05 -7.782207999999999792e+00
2.318714500000000116e+05 -8.069912999999999670e+00
2.318715249999999942e+05 -8.509575999999999141e+00
2.318716000000000058e+05 -9.431399000000000754e+00
2.318716749999999884e+05 -1.053913999999999973e+01
2.318717500000000000e+05 -1.163022999999999918e+01
2.318718250000000116e+05 -1.364188000000000045e+01
2.318718999999999942e+05 -1.593926000000000087e+01
2.318719750000000058e+05 -1.683793999999999969e+01
2.318720499999999884e+05 -2.054578000000000060e+01
2.318721250000000000e+05 -2.437391999999999825e+01
2.318722000000000116e+05 -2.648817999999999984e+01
2.318722749999999942e+05 -2.094585000000000008e+01
2.318723500000000058e+05 -2.248031999999999897e+01
2.318724249999999884e+05 -2.257609000000000066e+01
2.318725000000000000e+05 -2.044782000000000011e+01
2.318725750000000116e+05 -1.996858999999999895e+01
2.318726499999999942e+05 -2.382338000000000022e+01
2.318727250000000058e+05 -2.572678000000000154e+01
2.318727999999999884e+05 -2.587349999999999994e+01
2.318728750000000000e+05 -3.409447999999999723e+01
2.318729500000000116e+05 -3.274833999999999889e+01
2.318730249999999942e+05 -2.630000000000000071e+01
2.318731000000000058e+05 -3.253898000000000224e+01
2.318731749999999884e+05 -3.223226999999999975e+01
2.318732500000000000e+05 -4.835141999999999740e+01
2.318733250000000116e+05 -3.850789999999999935e+01
2.318733999999999942e+05 -4.384358999999999895e+01
2.318734750000000058e+05 -2.665936999999999912e+01
2.318735499999999884e+05 -2.892255000000000109e+01
2.318736250000000000e+05 -3.613897999999999655e+01
2.318737000000000116e+05 -3.198407999999999873e+01
2.318737749999999942e+05 -4.068144000000000204e+01
2.318738500000000058e+05 -3.346262999999999721e+01
2.318739249999999884e+05 -2.999483999999999995e+01
2.318740000000000000e+05 -3.773525000000000063e+01
2.318740750000000116e+05 -3.792011999999999716e+01
2.318741499999999942e+05 -3.180629000000000062e+01
2.318742250000000058e+05 -3.323002000000000322e+01
2.318742999999999884e+05 -3.622370000000000090e+01
2.318743750000000000e+05 -3.508888999999999925e+01
2.318744500000000116e+05 -3.926630999999999716e+01
2.318745249999999942e+05 -3.002805000000000035e+01
2.318746000000000058e+05 -2.939432000000000045e+01
2.318746749999999884e+05 -3.053914999999999935e+01
2.318747500000000000e+05 -3.487998000000000332e+01
2.318748250000000116e+05 -2.889656000000000091e+01
2.318748999999999942e+05 -4.027280999999999977e+01
2.318749750000000058e+05 -3.153885999999999967e+01
2.318750499999999884e+05 -2.881940000000000168e+01
2.318751250000000000e+05 -2.775705999999999918e+01
2.318752000000000116e+05 -2.874673999999999907e+01
2.318752749999999942e+05 -2.845693999999999946e+01
2.318753500000000058e+05 -2.955873000000000062e+01
2.318754249999999884e+05 -2.930863000000000085e+01
2.318755000000000000e+05 -2.852727000000000146e+01
2.318755750000000116e+05 -4.738320999999999827e+01
2.318756499999999942e+05 -4.182052999999999798e+01
2.318757250000000058e+05 -2.843354000000000070e+01
2.318757999999999884e+05 -2.892314999999999969e+01
2.318758750000000000e+05 -3.091828999999999894e+01
2.318759500000000116e+05 -3.056229000000000084e+01
2.318760249999999942e+05 -2.759643000000000157e+01
2.318761000000000058e+05 -2.813551000000000002e+01
2.318761749999999884e+05 -2.521122000000000085e+01
2.318762500000000000e+05 -2.457109000000000165e+01
2.318763250000000116e+05 -3.266975000000000051e+01
2.318763999999999942e+05 -2.512050999999999945e+01
2.318764750000000058e+05 -3.523378999999999905e+01
2.318765499999999884e+05 -2.991947000000000045e+01
2.318766250000000000e+05 -2.940164000000000044e+01
2.318767000000000116e+05 -3.476274000000000086e+01
2.318767749999999942e+05 -2.420150999999999897e+01
2.318768500000000058e+05 -2.399923000000000073e+01
2.318769249999999884e+05 -2.390253999999999834e+01
2.318770000000000000e+05 -2.463057999999999836e+01
2.318770750000000116e+05 -3.277226999999999890e+01
2.318771499999999942e+05 -3.620277999999999707e+01
2.318772250000000058e+05 -2.898285999999999873e+01
2.318772999999999884e+05 -2.768434999999999846e+01
2.318773750000000000e+05 -2.775653000000000148e+01
2.318774500000000116e+05 -2.094429999999999836e+01
2.318775249999999942e+05 -2.704560999999999993e+01
2.318776000000000058e+05 -2.744474999999999909e+01
2.318776749999999884e+05 -2.390068000000000126e+01
2.318777500000000000e+05 -2.693305000000000149e+01
2.318778250000000116e+05 -2.649747999999999948e+01
2.318778999999999942e+05 -2.604860000000000042e+01
2.318779750000000058e+05 -2.675030999999999892e+01
2.318780499999999884e+05 -2.188010999999999839e+01
2.318781250000000000e+05 -2.426526000000000138e+01
2.318782000000000116e+05 -2.889736999999999867e+01
2.318782749999999942e+05 -3.013977999999999824e+01
2.318783500000000058e+05 -2.615866000000000113e+01
2.318784249999999884e+05 -2.554480999999999824e+01
2.318785000000000000e+05 -2.509197999999999951e+01
2.318785750000000116e+05 -2.331833999999999918e+01
2.318786499999999942e+05 -2.490735000000000099e+01
2.318787250000000058e+05 -3.246513999999999811e+01
2.318787999999999884e+05 -2.954184000000000054e+01
2.318788750000000000e+05 -2.819701999999999842e+01
2.318789500000000116e+05 -2.051528000000000063e+01
2.318790249999999942e+05 -2.912347000000000108e+01
2.318791000000000058e+05 -2.298361999999999838e+01
2.318791749999999884e+05 -2.500375999999999976e+01
2.318792500000000000e+05 -2.382354000000000127e+01
2.318793250000000116e+05 -2.317927999999999855e+01
2.318793999999999942e+05 -2.690696000000000154e+01
2.318794750000000058e+05 -2.332754999999999868e+01
2.318795499999999884e+05 -2.619992999999999839e+01
2.318796250000000000e+05 -2.335829000000000022e+01
2.318797000000000116e+05 -2.473541000000000167e+01
2.318797749999999942e+05 -2.619744000000000028e+01
2.318798500000000058e+05 -2.188740999999999914e+01
2.318799249999999884e+05 -2.297892999999999830e+01
2.318800000000000000e+05 -2.403189000000000064e+01
2.318800750000000116e+05 -2.314905999999999864e+01
2.318801499999999942e+05 -2.208926999999999907e+01
2.318802250000000058e+05 -2.299660000000000082e+01
2.318802999999999884e+05 -2.092842999999999876e+01
2.318803750000000000e+05 -2.337882000000000104e+01
2.318804500000000116e+05 -2.580883000000000038e+01
2.318805249999999942e+05 -2.649675999999999831e+01
2.318806000000000058e+05 -2.391628000000000043e+01
2.318806749999999884e+05 -2.373911999999999978e+01
2.318807500000000000e+05 -2.359480999999999895e+01
2.318808250000000116e+05 -2.193518999999999863e+01
2.318808999999999942e+05 -3.198632999999999882e+01
2.318809750000000058e+05 -2.365345999999999904e+01
2.318810499999999884e+05 -2.194891000000000147e+01
2.318811250000000000e+05 -2.637421000000000149e+01
2.318812000000000116e+05 -2.809833000000000069e+01
2.318812749999999942e+05 -2.663308999999999926e+01
2.318813500000000058e+05 -2.380171999999999954e+01
2.318814249999999884e+05 -2.385964999999999847e+01
2.318815000000000000e+05 -2.388544999999999874e+01
2.318815750000000116e+05 -2.229558000000000106e+01
2.318816499999999942e+05 -2.398502999999999830e+01
2.318817250000000058e+05 -2.239169000000000054e+01
2.318817999999999884e+05 -2.227032000000000167e+01
2.318818750000000000e+05 -2.725009999999999977e+01
2.318819500000000116e+05 -2.535879999999999868e+01
2.318820249999999942e+05 -2.118134999999999835e+01
2.318821000000000058e+05 -2.626473000000000013e+01
2.318821749999999884e+05 -2.613808999999999827e+01
2.318822500000000000e+05 -2.308267000000000024e+01
2.318823250000000116e+05 -2.060136999999999929e+01
2.318823999999999942e+05 -2.448019000000000034e+01
2.318824750000000058e+05 -2.370160999999999873e+01
2.318825499999999884e+05 -3.050006000000000128e+01
2.318826250000000000e+05 -2.800883999999999929e+01
2.318827000000000116e+05 -2.701463000000000036e+01
2.318827749999999942e+05 -2.405051999999999879e+01
2.318828500000000058e+05 -2.984562999999999988e+01
2.318829249999999884e+05 -2.481002000000000152e+01
2.318830000000000000e+05 -2.095507999999999882e+01
2.318830750000000116e+05 -2.879862999999999928e+01
2.318831499999999942e+05 -2.693359999999999843e+01
2.318832250000000058e+05 -2.115905000000000058e+01
2.318832999999999884e+05 -2.142238000000000042e+01
2.318833750000000000e+05 -2.347991999999999990e+01
2.318834500000000116e+05 -2.398500999999999905e+01
2.318835249999999942e+05 -2.277785000000000082e+01
2.318836000000000058e+05 -2.102637999999999963e+01
2.318836749999999884e+05 -2.107873000000000019e+01
2.318837500000000000e+05 -2.472717000000000098e+01
2.318838250000000116e+05 -2.255272000000000077e+01
2.318838999999999942e+05 -2.566345000000000098e+01
2.318839750000000058e+05 -2.307006000000000157e+01
2.318840499999999884e+05 -2.796501999999999910e+01
2.318841250000000000e+05 -2.156149999999999878e+01
2.318842000000000116e+05 -2.176538000000000039e+01
2.318842749999999942e+05 -1.986400000000000077e+01
2.318843500000000058e+05 -2.578350000000000009e+01
2.318844249999999884e+05 -2.426248000000000005e+01
2.318845000000000000e+05 -2.280220999999999876e+01
2.318845750000000116e+05 -2.212640000000000029e+01
2.318846499999999942e+05 -1.964570000000000149e+01
2.318847250000000058e+05 -2.626632999999999996e+01
2.318847999999999884e+05 -2.574588999999999928e+01
2.318848750000000000e+05 -2.315931000000000139e+01
2.318849500000000116e+05 -2.412847000000000008e+01
2.318850249999999942e+05 -2.503536000000000072e+01
2.318851000000000058e+05 -2.349106000000000094e+01
2.318851749999999884e+05 -2.136233999999999966e+01
2.318852500000000000e+05 -2.431355999999999895e+01
2.318853250000000116e+05 -2.387010000000000076e+01
2.318853999999999942e+05 -2.078034999999999854e+01
2.318854750000000058e+05 -2.198426999999999865e+01
2.318855499999999884e+05 -2.403713000000000122e+01
2.318856250000000000e+05 -2.300894999999999868e+01
2.318857000000000116e+05 -2.349367000000000161e+01
2.318857749999999942e+05 -2.028090999999999866e+01
2.318858500000000058e+05 -2.392368000000000094e+01
2.318859249999999884e+05 -2.757507000000000019e+01
2.318860000000000000e+05 -2.384915000000000163e+01
2.318860750000000116e+05 -2.111110000000000042e+01
2.318861499999999942e+05 -2.282653000000000176e+01
2.318862250000000058e+05 -2.495307999999999993e+01
2.318862999999999884e+05 -2.276632000000000033e+01
2.318863750000000000e+05 -2.158073999999999870e+01
2.318864500000000116e+05 -2.495202000000000098e+01
2.318865249999999942e+05 -2.333785999999999916e+01
2.318866000000000058e+05 -2.296797000000000111e+01
2.318866749999999884e+05 -2.262679999999999936e+01
2.318867500000000000e+05 -2.169951000000000008e+01
