# Temperature: None K
2.319127749999999942e+05 -2.159082000000000079e+01
2.319128500000000058e+05 -2.134546999999999883e+01
2.319129249999999884e+05 -1.893320999999999898e+01
2.319130000000000000e+05 -1.907017000000000095e+01
2.319130749999999825e+05 -1.616878000000000171e+01
2.319131499999999942e+05 -1.931268000000000029e+01
2.319132250000000058e+05 -2.476291000000000153e+01
2.319132999999999884e+05 -2.178975000000000151e+01
2.319133750000000000e+05 -1.899977000000000160e+01
2.319134499999999825e+05 -1.929543999999999926e+01
2.319135249999999942e+05 -1.945723999999999876e+01
2.319136000000000058e+05 -2.394929000000000130e+01
2.319136749999999884e+05 -2.126802999999999955e+01
2.319137500000000000e+05 -1.883876000000000062e+01
2.319138249999999825e+05 -1.944150000000000134e+01
2.319138999999999942e+05 -2.374177999999999855e+01
2.319139750000000058e+05 -1.798530999999999835e+01
2.319140499999999884e+05 -1.759269000000000105e+01
2.319141250000000000e+05 -1.780811999999999884e+01
2.319141999999999825e+05 -2.227469999999999928e+01
2.319142749999999942e+05 -2.094644999999999868e+01
2.319143500000000058e+05 -1.953229999999999933e+01
2.319144249999999884e+05 -1.709253000000000000e+01
2.319145000000000000e+05 -2.199502000000000024e+01
2.319145749999999825e+05 -2.030403000000000091e+01
2.319146499999999942e+05 -1.833683999999999870e+01
2.319147250000000058e+05 -1.897100999999999971e+01
2.319147999999999884e+05 -1.885235000000000127e+01
2.319148750000000000e+05 -1.830086999999999975e+01
2.319149499999999825e+05 -1.653791000000000011e+01
2.319150249999999942e+05 -2.093255999999999872e+01
2.319151000000000058e+05 -1.838627999999999929e+01
2.319151749999999884e+05 -1.732058999999999926e+01
2.319152500000000000e+05 -1.913662000000000063e+01
2.319153249999999825e+05 -2.115617999999999910e+01
2.319153999999999942e+05 -2.142543999999999826e+01
2.319154750000000058e+05 -1.779930999999999841e+01
2.319155499999999884e+05 -2.018561000000000050e+01
2.319156250000000000e+05 -1.773064000000000107e+01
2.319156999999999825e+05 -2.041237999999999886e+01
2.319157749999999942e+05 -1.932711000000000112e+01
2.319158500000000058e+05 -1.930684000000000111e+01
2.319159249999999884e+05 -2.017087000000000074e+01
2.319160000000000000e+05 -1.939001000000000019e+01
2.319160749999999825e+05 -1.881543999999999883e+01
2.319161499999999942e+05 -1.900442999999999927e+01
2.319162250000000058e+05 -1.884696999999999889e+01
2.319162999999999884e+05 -2.184499999999999886e+01
2.319163750000000000e+05 -1.852268000000000114e+01
2.319164499999999825e+05 -1.825177000000000049e+01
2.319165249999999942e+05 -2.028921000000000063e+01
2.319166000000000058e+05 -2.117193999999999932e+01
2.319166749999999884e+05 -1.790571999999999875e+01
2.319167500000000000e+05 -1.828734000000000037e+01
2.319168249999999825e+05 -2.007311999999999941e+01
2.319168999999999942e+05 -1.925695999999999941e+01
2.319169750000000058e+05 -2.099577000000000027e+01
2.319170499999999884e+05 -1.751907999999999888e+01
2.319171250000000000e+05 -2.138298999999999950e+01
2.319171999999999825e+05 -1.792902000000000129e+01
2.319172749999999942e+05 -2.037888999999999839e+01
2.319173500000000058e+05 -1.945264999999999844e+01
2.319174249999999884e+05 -1.864178000000000068e+01
2.319175000000000000e+05 -1.716508999999999929e+01
2.319175749999999825e+05 -1.837181999999999960e+01
2.319176499999999942e+05 -1.798820999999999870e+01
2.319177250000000058e+05 -1.733528000000000091e+01
2.319177999999999884e+05 -1.830224000000000117e+01
2.319178750000000000e+05 -1.951227000000000089e+01
2.319179499999999825e+05 -1.776344999999999885e+01
2.319180249999999942e+05 -1.901127999999999929e+01
2.319181000000000058e+05 -1.643732999999999933e+01
2.319181749999999884e+05 -1.936614000000000146e+01
2.319182500000000000e+05 -1.727692000000000050e+01
2.319183249999999825e+05 -2.004691000000000045e+01
2.319183999999999942e+05 -1.793368999999999858e+01
2.319184750000000058e+05 -1.858959000000000117e+01
2.319185499999999884e+05 -1.848066000000000031e+01
2.319186250000000000e+05 -1.944658000000000087e+01
2.319186999999999825e+05 -1.751460000000000150e+01
2.319187749999999942e+05 -1.775987999999999900e+01
2.319188500000000058e+05 -1.751943999999999946e+01
2.319189249999999884e+05 -1.900796000000000063e+01
2.319190000000000000e+05 -1.701269999999999882e+01
2.319190749999999825e+05 -2.001557999999999993e+01
2.319191499999999942e+05 -1.915664999999999907e+01
2.319192250000000058e+05 -1.922700999999999993e+01
2.319192999999999884e+05 -1.723610000000000042e+01
2.319193750000000000e+05 -1.755515000000000114e+01
2.319194499999999825e+05 -1.796948000000000079e+01
2.319195249999999942e+05 -1.776375000000000171e+01
2.319196000000000058e+05 -1.661011999999999844e+01
2.319196749999999884e+05 -1.717813999999999908e+01
2.319197500000000000e+05 -1.958639000000000152e+01
2.319198249999999825e+05 -1.809481999999999857e+01
2.319198999999999942e+05 -1.830356000000000094e+01
2.319199750000000058e+05 -1.727825999999999951e+01
2.319200499999999884e+05 -1.676330000000000098e+01
2.319201250000000000e+05 -1.886554999999999893e+01
2.319201999999999825e+05 -1.805892000000000053e+01
2.319202749999999942e+05 -1.663520000000000110e+01
2.319203500000000058e+05 -1.766745999999999839e+01
2.319204249999999884e+05 -1.721346000000000132e+01
2.319205000000000000e+05 -1.493713999999999942e+01
2.319205749999999825e+05 -1.828709999999999880e+01
2.319206499999999942e+05 -1.787885999999999953e+01
2.319207250000000058e+05 -1.879522000000000048e+01
2.319207999999999884e+05 -2.054692000000000007e+01
2.319208750000000000e+05 -1.701011000000000095e+01
2.319209499999999825e+05 -1.745733999999999853e+01
2.319210249999999942e+05 -1.969929000000000130e+01
2.319211000000000058e+05 -1.555386999999999986e+01
2.319211749999999884e+05 -1.799377000000000137e+01
2.319212500000000000e+05 -1.819487000000000165e+01
2.319213249999999825e+05 -1.893542000000000058e+01
2.319213999999999942e+05 -1.724968000000000146e+01
2.319214750000000058e+05 -1.804445000000000121e+01
2.319215499999999884e+05 -1.680216000000000065e+01
2.319216250000000000e+05 -1.828541999999999845e+01
2.319216999999999825e+05 -1.822895000000000110e+01
2.319217749999999942e+05 -1.790056999999999832e+01
2.319218500000000058e+05 -1.711921999999999855e+01
2.319219249999999884e+05 -1.793287000000000120e+01
2.319220000000000000e+05 -1.700550000000000139e+01
2.319220749999999825e+05 -1.836083999999999961e+01
2.319221499999999942e+05 -1.608023999999999987e+01
2.319222250000000058e+05 -1.903150000000000119e+01
2.319222999999999884e+05 -1.582596999999999987e+01
2.319223750000000000e+05 -1.690192000000000050e+01
2.319224499999999825e+05 -1.725531000000000148e+01
2.319225249999999942e+05 -1.675621999999999900e+01
2.319226000000000058e+05 -1.820690000000000097e+01
2.319226749999999884e+05 -1.710244000000000142e+01
2.319227500000000000e+05 -1.724427999999999983e+01
2.319228249999999825e+05 -1.714074000000000098e+01
2.319228999999999942e+05 -1.551473999999999975e+01
2.319229750000000058e+05 -1.649013000000000062e+01
2.319230499999999884e+05 -1.665608999999999895e+01
2.319231250000000000e+05 -1.656728000000000023e+01
2.319231999999999825e+05 -1.634793000000000163e+01
2.319232749999999942e+05 -1.680684000000000111e+01
2.319233500000000058e+05 -1.715822000000000003e+01
2.319234249999999884e+05 -1.479019000000000084e+01
2.319235000000000000e+05 -1.637600000000000122e+01
2.319235749999999825e+05 -1.716914999999999836e+01
2.319236499999999942e+05 -1.497119000000000000e+01
2.319237250000000058e+05 -1.614304999999999879e+01
2.319237999999999884e+05 -1.697381999999999991e+01
2.319238750000000000e+05 -1.477485000000000070e+01
2.319239499999999825e+05 -1.599840999999999980e+01
2.319240249999999942e+05 -1.597306999999999988e+01
2.319241000000000058e+05 -1.500290000000000035e+01
2.319241749999999884e+05 -1.451838000000000051e+01
2.319242500000000000e+05 -1.476690999999999931e+01
2.319243249999999825e+05 -1.494316000000000066e+01
2.319243999999999942e+05 -1.494941000000000031e+01
2.319244750000000058e+05 -1.393759999999999977e+01
2.319245499999999884e+05 -1.441119999999999912e+01
2.319246250000000000e+05 -1.477391000000000076e+01
2.319246999999999825e+05 -1.458473000000000042e+01
2.319247749999999942e+05 -1.370302000000000042e+01
2.319248500000000058e+05 -1.381878999999999991e+01
2.319249249999999884e+05 -1.414274999999999949e+01
2.319250000000000000e+05 -1.281537999999999933e+01
2.319250749999999825e+05 -1.382826999999999984e+01
2.319251499999999942e+05 -1.339803999999999995e+01
2.319252250000000058e+05 -1.242050000000000054e+01
2.319252999999999884e+05 -1.332137999999999955e+01
2.319253750000000000e+05 -1.312923999999999936e+01
2.319254499999999825e+05 -1.208858999999999995e+01
2.319255249999999942e+05 -1.263748999999999967e+01
2.319256000000000058e+05 -1.196785000000000032e+01
2.319256749999999884e+05 -1.186510999999999960e+01
2.319257500000000000e+05 -1.088439999999999941e+01
2.319258249999999825e+05 -1.021055999999999919e+01
2.319258999999999942e+05 -1.114840000000000053e+01
2.319259750000000058e+05 -1.033151999999999937e+01
2.319260499999999884e+05 -9.620528999999999442e+00
2.319261250000000000e+05 -9.851222999999999175e+00
2.319261999999999825e+05 -9.084932999999999481e+00
2.319262749999999942e+05 -8.790653000000000716e+00
2.319263500000000058e+05 -8.955673000000000883e+00
2.319264249999999884e+05 -7.709018999999999622e+00
2.319265000000000000e+05 -6.895736999999999561e+00
2.319265749999999825e+05 -6.015379000000000254e+00
2.319266499999999942e+05 -6.131420000000000314e+00
2.319267250000000058e+05 -6.020791000000000004e+00
2.319267999999999884e+05 -4.800968000000000124e+00
2.319268750000000000e+05 -4.469994999999999941e+00
2.319269499999999825e+05 -3.557548000000000155e+00
2.319270249999999942e+05 -3.357305999999999901e+00
2.319271000000000058e+05 -2.765293999999999919e+00
2.319271749999999884e+05 -1.928957999999999950e+00
2.319272500000000000e+05 -1.448377000000000026e+00
2.319273249999999825e+05 -1.040386999999999951e+00
2.319273999999999942e+05 -3.270937999999999901e-01
2.319274750000000058e+05 -1.316749000000000114e-01
2.319275499999999884e+05 2.177790000000000004e-01
2.319276250000000000e+05 1.066264000000000101e+00
2.319276999999999825e+05 1.262046000000000001e+00
2.319277749999999942e+05 1.539625999999999939e+00
2.319278500000000058e+05 1.578082999999999902e+00
2.319279249999999884e+05 1.403872999999999927e+00
2.319280000000000000e+05 1.111504999999999965e+00
2.319280749999999825e+05 1.078294000000000086e+00
2.319281499999999942e+05 4.687026000000000248e-01
2.319282250000000058e+05 -6.254608999999999863e-02
2.319282999999999884e+05 -5.090388999999999609e-01
2.319283750000000000e+05 -1.842891999999999975e+00
2.319284499999999825e+05 -2.731196999999999875e+00
2.319285249999999942e+05 -3.652473000000000081e+00
2.319286000000000058e+05 -3.862499999999999822e+00
2.319286749999999884e+05 -3.416211000000000109e+00
2.319287500000000000e+05 -3.319814000000000043e+00
2.319288249999999825e+05 -3.093402000000000207e+00
2.319288999999999942e+05 -3.162193999999999949e+00
2.319289750000000058e+05 -2.720975999999999839e+00
2.319290499999999884e+05 -3.660344999999999960e+00
2.319291250000000000e+05 -4.361830000000000318e+00
2.319291999999999825e+05 -5.230912000000000006e+00
2.319292749999999942e+05 -6.232091999999999743e+00
2.319293500000000058e+05 -6.048981999999999637e+00
2.319294249999999884e+05 -5.823538000000000103e+00
2.319295000000000000e+05 -5.988184000000000395e+00
2.319295749999999825e+05 -5.333546000000000120e+00
2.319296499999999942e+05 -5.984939999999999927e+00
2.319297250000000058e+05 -7.657986000000000182e+00
2.319297999999999884e+05 -8.166556999999999178e+00
2.319298750000000000e+05 -8.234899999999999665e+00
2.319299499999999825e+05 -8.421868999999999161e+00
2.319300249999999942e+05 -7.962469999999999715e+00
2.319301000000000058e+05 -7.658066999999999958e+00
2.319301749999999884e+05 -8.763628999999999891e+00
2.319302500000000000e+05 -8.815379999999999328e+00
2.319303249999999825e+05 -8.968662000000000134e+00
2.319303999999999942e+05 -9.454114999999999824e+00
2.319304750000000058e+05 -9.889506000000000796e+00
2.319305499999999884e+05 -9.383608000000000615e+00
2.319306250000000000e+05 -1.099817999999999962e+01
2.319306999999999825e+05 -1.071049000000000007e+01
2.319307749999999942e+05 -1.166933000000000042e+01
2.319308500000000058e+05 -1.106171999999999933e+01
2.319309249999999884e+05 -1.018990999999999936e+01
2.319310000000000000e+05 -1.067539000000000016e+01
2.319310749999999825e+05 -1.180605000000000082e+01
2.319311499999999942e+05 -1.312243999999999922e+01
2.319312250000000058e+05 -1.316505000000000081e+01
2.319312999999999884e+05 -1.353589999999999982e+01
2.319313750000000000e+05 -1.463338000000000072e+01
2.319314499999999825e+05 -1.492824000000000062e+01
2.319315249999999942e+05 -1.424011999999999922e+01
2.319316000000000058e+05 -1.243643999999999927e+01
2.319316749999999884e+05 -1.375117000000000012e+01
2.319317500000000000e+05 -1.569951000000000008e+01
2.319318249999999825e+05 -1.394448000000000043e+01
2.319318999999999942e+05 -1.617213999999999885e+01
2.319319750000000058e+05 -1.615642000000000067e+01
2.319320499999999884e+05 -1.680256999999999934e+01
2.319321250000000000e+05 -1.517225999999999964e+01
2.319321999999999825e+05 -1.741132999999999953e+01
2.319322749999999942e+05 -1.641585999999999856e+01
2.319323500000000058e+05 -1.560731999999999964e+01
2.319324249999999884e+05 -1.552477999999999980e+01
2.319325000000000000e+05 -1.925768000000000058e+01
2.319325749999999825e+05 -1.686429000000000045e+01
2.319326499999999942e+05 -1.675288000000000110e+01
2.319327250000000058e+05 -2.034177999999999997e+01
2.319327999999999884e+05 -1.692907999999999902e+01
2.319328750000000000e+05 -1.875151999999999930e+01
2.319329499999999825e+05 -2.257279000000000124e+01
2.319330249999999942e+05 -1.824993999999999872e+01
2.319331000000000058e+05 -1.736321999999999832e+01
2.319331749999999884e+05 -2.528663999999999845e+01
2.319332500000000000e+05 -1.660180000000000078e+01
2.319333249999999825e+05 -2.093608000000000047e+01
2.319333999999999942e+05 -2.674007999999999896e+01
2.319334750000000058e+05 -1.888836999999999833e+01
2.319335499999999884e+05 -2.086054000000000030e+01
2.319336250000000000e+05 -1.916888000000000147e+01
2.319336999999999825e+05 -1.814226999999999990e+01
2.319337749999999942e+05 -2.626630000000000109e+01
2.319338500000000058e+05 -2.260472999999999999e+01
2.319339249999999884e+05 -2.138984999999999914e+01
2.319340000000000000e+05 -2.351185999999999865e+01
2.319340749999999825e+05 -1.766779000000000011e+01
2.319341499999999942e+05 -3.394160000000000110e+01
2.319342250000000058e+05 -1.924701999999999913e+01
2.319342999999999884e+05 -2.044680999999999926e+01
2.319343750000000000e+05 -2.604078000000000159e+01
2.319344499999999825e+05 -1.933005999999999958e+01
2.319345249999999942e+05 -3.914961000000000269e+01
2.319346000000000058e+05 -2.080523000000000167e+01
2.319346749999999884e+05 -2.594706000000000046e+01
2.319347500000000000e+05 -2.088871999999999929e+01
2.319348249999999825e+05 -2.647613000000000127e+01
2.319348999999999942e+05 -2.565823999999999927e+01
2.319349750000000058e+05 -2.297994999999999877e+01
2.319350499999999884e+05 -2.385026999999999830e+01
2.319351250000000000e+05 -2.210939000000000121e+01
2.319351999999999825e+05 -3.599342999999999648e+01
2.319352749999999942e+05 -1.980118999999999829e+01
2.319353500000000058e+05 -3.482753000000000299e+01
2.319354249999999884e+05 -1.974987000000000137e+01
2.319355000000000000e+05 -3.565503999999999962e+01
2.319355749999999825e+05 -2.155970999999999904e+01
2.319356499999999942e+05 -2.487979999999999947e+01
2.319357250000000058e+05 -2.269943999999999917e+01
2.319357999999999884e+05 -3.549953000000000003e+01
2.319358750000000000e+05 -1.903512999999999877e+01
2.319359499999999825e+05 -3.127457000000000065e+01
2.319360249999999942e+05 -2.072670000000000101e+01
2.319361000000000058e+05 -3.374143000000000114e+01
2.319361749999999884e+05 -2.453941999999999979e+01
2.319362500000000000e+05 -2.962894999999999968e+01
2.319363249999999825e+05 -2.303166999999999831e+01
2.319363999999999942e+05 -2.297962000000000060e+01
2.319364750000000058e+05 -2.620516999999999896e+01
2.319365499999999884e+05 -2.427239000000000146e+01
2.319366250000000000e+05 -2.460231999999999886e+01
2.319366999999999825e+05 -2.239685000000000059e+01
2.319367749999999942e+05 -2.734197999999999951e+01
2.319368500000000058e+05 -2.192004000000000019e+01
2.319369249999999884e+05 -3.110157999999999845e+01
2.319370000000000000e+05 -2.744615999999999900e+01
2.319370749999999825e+05 -2.152179999999999893e+01
2.319371499999999942e+05 -2.521188000000000073e+01
2.319372250000000058e+05 -2.193797999999999959e+01
2.319372999999999884e+05 -3.541252999999999673e+01
2.319373750000000000e+05 -2.353793999999999897e+01
2.319374499999999825e+05 -2.558772000000000091e+01
2.319375249999999942e+05 -2.299185999999999908e+01
2.319376000000000058e+05 -2.619072999999999851e+01
2.319376749999999884e+05 -2.725501999999999825e+01
2.319377500000000000e+05 -2.608756999999999948e+01
2.319378249999999825e+05 -2.395302999999999827e+01
2.319378999999999942e+05 -2.491282999999999959e+01
2.319379750000000058e+05 -2.805643999999999849e+01
2.319380499999999884e+05 -2.519969000000000037e+01
2.319381250000000000e+05 -2.497734000000000165e+01
2.319381999999999825e+05 -1.993487000000000009e+01
2.319382749999999942e+05 -2.824865000000000137e+01
2.319383500000000058e+05 -2.002448000000000050e+01
2.319384249999999884e+05 -2.509015000000000128e+01
2.319385000000000000e+05 -2.567278999999999911e+01
2.319385749999999825e+05 -2.440957999999999828e+01
2.319386499999999942e+05 -2.758332000000000050e+01
2.319387250000000058e+05 -2.419377000000000066e+01
2.319387999999999884e+05 -2.273141000000000034e+01
2.319388750000000000e+05 -2.842123000000000133e+01
2.319389499999999825e+05 -2.148926000000000158e+01
2.319390249999999942e+05 -2.371309000000000111e+01
2.319391000000000058e+05 -2.388689000000000107e+01
2.319391749999999884e+05 -2.577093999999999951e+01
2.319392500000000000e+05 -2.553081999999999852e+01
2.319393249999999825e+05 -2.685525000000000162e+01
2.319393999999999942e+05 -2.701786999999999850e+01
2.319394750000000058e+05 -2.244433000000000078e+01
2.319395499999999884e+05 -2.393404999999999916e+01
2.319396250000000000e+05 -2.500027000000000044e+01
2.319396999999999825e+05 -2.275132999999999939e+01
2.319397749999999942e+05 -3.076978000000000080e+01
2.319398500000000058e+05 -2.090811000000000064e+01
2.319399249999999884e+05 -2.367355999999999838e+01
2.319400000000000000e+05 -2.557545000000000002e+01
2.319400749999999825e+05 -2.182659999999999911e+01
2.319401499999999942e+05 -2.357589000000000112e+01
2.319402250000000058e+05 -2.562574000000000041e+01
2.319402999999999884e+05 -2.253782999999999959e+01
2.319403750000000000e+05 -2.582336000000000098e+01
2.319404499999999825e+05 -2.372100999999999971e+01
2.319405249999999942e+05 -2.280425999999999931e+01
2.319406000000000058e+05 -2.021068999999999960e+01
2.319406749999999884e+05 -2.282829999999999870e+01
2.319407500000000000e+05 -2.705104000000000042e+01
2.319408249999999825e+05 -2.459537999999999869e+01
2.319408999999999942e+05 -2.336794000000000082e+01
2.319409750000000058e+05 -2.718477000000000032e+01
2.319410499999999884e+05 -2.427697999999999823e+01
2.319411250000000000e+05 -2.025955000000000084e+01
2.319411999999999825e+05 -2.339176000000000144e+01
2.319412749999999942e+05 -2.257773999999999859e+01
2.319413500000000058e+05 -2.684106999999999843e+01
2.319414249999999884e+05 -2.200457000000000107e+01
2.319415000000000000e+05 -2.500860000000000127e+01
2.319415749999999825e+05 -2.307578000000000173e+01
2.319416499999999942e+05 -2.170909999999999940e+01
2.319417250000000058e+05 -2.438730999999999938e+01
2.319417999999999884e+05 -2.717495999999999867e+01
2.319418750000000000e+05 -2.259514000000000067e+01
2.319419499999999825e+05 -2.033289999999999864e+01
2.319420249999999942e+05 -2.698500999999999905e+01
2.319421000000000058e+05 -1.932433999999999941e+01
2.319421749999999884e+05 -2.488983999999999952e+01
2.319422500000000000e+05 -2.062836000000000070e+01
2.319423249999999825e+05 -2.545818999999999832e+01
2.319423999999999942e+05 -2.477436000000000149e+01
2.319424750000000058e+05 -2.640593000000000146e+01
2.319425499999999884e+05 -2.377483000000000146e+01
2.319426250000000000e+05 -2.421727999999999881e+01
2.319426999999999825e+05 -2.344324999999999903e+01
2.319427749999999942e+05 -2.219321000000000055e+01
