# Temperature: None K
2.317435750000000116e+05 -2.066338999999999970e+01
2.317436500000000233e+05 -2.103528999999999982e+01
2.317437250000000058e+05 -1.884256999999999849e+01
2.317438000000000175e+05 -1.879258000000000095e+01
2.317438750000000000e+05 -1.734788999999999959e+01
2.317439500000000116e+05 -2.151128999999999891e+01
2.317440250000000233e+05 -2.045914000000000144e+01
2.317441000000000058e+05 -2.146493999999999858e+01
2.317441750000000175e+05 -2.104488999999999876e+01
2.317442500000000000e+05 -2.113293000000000177e+01
2.317443250000000116e+05 -2.032985000000000042e+01
2.317444000000000233e+05 -1.810669000000000040e+01
2.317444750000000058e+05 -2.159307000000000087e+01
2.317445500000000175e+05 -2.186580999999999975e+01
2.317446250000000000e+05 -1.854326000000000008e+01
2.317447000000000116e+05 -2.105180000000000007e+01
2.317447750000000233e+05 -1.865197999999999823e+01
2.317448500000000058e+05 -2.140863999999999834e+01
2.317449250000000175e+05 -1.967904000000000053e+01
2.317450000000000000e+05 -1.802909000000000006e+01
2.317450750000000116e+05 -2.321301000000000059e+01
2.317451500000000233e+05 -1.820063000000000031e+01
2.317452250000000058e+05 -1.823789000000000016e+01
2.317453000000000175e+05 -2.151212999999999909e+01
2.317453750000000000e+05 -1.957297000000000153e+01
2.317454500000000116e+05 -1.941966000000000037e+01
2.317455250000000233e+05 -2.139245000000000019e+01
2.317456000000000058e+05 -2.172034000000000020e+01
2.317456750000000175e+05 -1.935932999999999993e+01
2.317457500000000000e+05 -1.982079999999999842e+01
2.317458250000000116e+05 -1.739066000000000045e+01
2.317459000000000233e+05 -1.843178999999999945e+01
2.317459750000000058e+05 -1.916516999999999982e+01
2.317460500000000175e+05 -1.871664000000000172e+01
2.317461250000000000e+05 -2.068885999999999825e+01
2.317462000000000116e+05 -2.176436999999999955e+01
2.317462750000000233e+05 -2.143614000000000175e+01
2.317463500000000058e+05 -2.027478999999999942e+01
2.317464250000000175e+05 -1.871846999999999994e+01
2.317465000000000000e+05 -2.107520999999999844e+01
2.317465750000000116e+05 -1.833230000000000004e+01
2.317466500000000233e+05 -1.985510000000000019e+01
2.317467250000000058e+05 -2.051048000000000116e+01
2.317468000000000175e+05 -1.896545000000000059e+01
2.317468750000000000e+05 -1.916871000000000080e+01
2.317469500000000116e+05 -2.249328999999999823e+01
2.317470250000000233e+05 -1.890571999999999875e+01
2.317471000000000058e+05 -1.839444999999999908e+01
2.317471750000000175e+05 -1.871696999999999989e+01
2.317472500000000000e+05 -1.904698000000000135e+01
2.317473250000000116e+05 -1.767635999999999896e+01
2.317474000000000233e+05 -1.928512999999999877e+01
2.317474750000000058e+05 -1.886984999999999957e+01
2.317475500000000175e+05 -1.806633000000000067e+01
2.317476250000000000e+05 -2.129267000000000110e+01
2.317477000000000116e+05 -1.844515000000000171e+01
2.317477750000000233e+05 -1.913596000000000075e+01
2.317478500000000058e+05 -2.025602999999999909e+01
2.317479250000000175e+05 -1.738231999999999999e+01
2.317480000000000000e+05 -1.912674000000000163e+01
2.317480750000000116e+05 -1.918940999999999875e+01
2.317481500000000233e+05 -2.034404999999999930e+01
2.317482250000000058e+05 -1.921180000000000021e+01
2.317483000000000175e+05 -1.894143000000000043e+01
2.317483750000000000e+05 -2.017315999999999931e+01
2.317484500000000116e+05 -2.104561999999999955e+01
2.317485250000000233e+05 -1.798945000000000149e+01
2.317486000000000058e+05 -2.036032000000000153e+01
2.317486750000000175e+05 -1.822054999999999936e+01
2.317487500000000000e+05 -2.041809999999999903e+01
2.317488250000000116e+05 -1.822017999999999915e+01
2.317489000000000233e+05 -1.872513000000000005e+01
2.317489750000000058e+05 -2.022197999999999851e+01
2.317490500000000175e+05 -1.790557000000000087e+01
2.317491250000000000e+05 -1.657616000000000156e+01
2.317492000000000116e+05 -1.863400000000000034e+01
2.317492750000000233e+05 -2.146721000000000146e+01
2.317493500000000058e+05 -1.799172000000000082e+01
2.317494250000000175e+05 -2.054260000000000019e+01
2.317495000000000000e+05 -1.853978999999999999e+01
2.317495750000000116e+05 -1.918374000000000024e+01
2.317496500000000233e+05 -1.967952999999999975e+01
2.317497250000000058e+05 -1.732050999999999874e+01
2.317498000000000175e+05 -1.914271000000000100e+01
2.317498750000000000e+05 -2.040469999999999828e+01
2.317499500000000116e+05 -1.893506000000000000e+01
2.317500250000000233e+05 -1.854982000000000042e+01
2.317501000000000058e+05 -1.953141000000000105e+01
2.317501750000000175e+05 -1.852091000000000065e+01
2.317502500000000000e+05 -1.782435999999999865e+01
2.317503250000000116e+05 -1.917108999999999952e+01
2.317504000000000233e+05 -1.632103000000000037e+01
2.317504750000000058e+05 -1.744724000000000075e+01
2.317505500000000175e+05 -2.023995000000000033e+01
2.317506250000000000e+05 -1.926911000000000129e+01
2.317507000000000116e+05 -2.134462999999999866e+01
2.317507750000000233e+05 -1.913900999999999897e+01
2.317508500000000058e+05 -1.737370999999999910e+01
2.317509250000000175e+05 -1.873551000000000144e+01
2.317510000000000000e+05 -1.589049999999999940e+01
2.317510750000000116e+05 -1.801326999999999856e+01
2.317511500000000233e+05 -1.735326999999999842e+01
2.317512250000000058e+05 -1.674084999999999823e+01
2.317513000000000175e+05 -1.858762000000000114e+01
2.317513750000000000e+05 -1.887848999999999933e+01
2.317514500000000116e+05 -1.717668000000000106e+01
2.317515250000000233e+05 -1.903396000000000043e+01
2.317516000000000058e+05 -1.786532000000000053e+01
2.317516750000000175e+05 -1.841882000000000019e+01
2.317517500000000000e+05 -1.738305000000000078e+01
2.317518250000000116e+05 -1.808762000000000114e+01
2.317519000000000233e+05 -2.157558999999999827e+01
2.317519750000000058e+05 -1.902730999999999995e+01
2.317520500000000175e+05 -1.677532000000000068e+01
2.317521250000000000e+05 -1.935695000000000121e+01
2.317522000000000116e+05 -1.890818000000000154e+01
2.317522750000000233e+05 -1.595778999999999925e+01
2.317523500000000058e+05 -1.770955000000000013e+01
2.317524250000000175e+05 -1.774175999999999931e+01
2.317525000000000000e+05 -1.657161999999999935e+01
2.317525750000000116e+05 -1.688648999999999845e+01
2.317526500000000233e+05 -1.769910000000000139e+01
2.317527250000000058e+05 -1.962446999999999875e+01
2.317528000000000175e+05 -1.655283999999999978e+01
2.317528750000000000e+05 -1.624196999999999846e+01
2.317529500000000116e+05 -1.595022999999999946e+01
2.317530250000000233e+05 -1.742489000000000132e+01
2.317531000000000058e+05 -1.858923000000000059e+01
2.317531750000000175e+05 -1.690981000000000023e+01
2.317532500000000000e+05 -1.836105999999999838e+01
2.317533250000000116e+05 -1.796924999999999883e+01
2.317534000000000233e+05 -1.778028000000000119e+01
2.317534750000000058e+05 -1.664167000000000129e+01
2.317535500000000175e+05 -1.865647999999999840e+01
2.317536250000000000e+05 -1.755733999999999995e+01
2.317537000000000116e+05 -1.697032000000000096e+01
2.317537750000000233e+05 -1.799057000000000173e+01
2.317538500000000058e+05 -1.647871999999999915e+01
2.317539250000000175e+05 -1.753686000000000078e+01
2.317540000000000000e+05 -1.695541000000000054e+01
2.317540750000000116e+05 -1.588845000000000063e+01
2.317541500000000233e+05 -1.809476000000000084e+01
2.317542250000000058e+05 -1.686258000000000123e+01
2.317543000000000175e+05 -1.785943999999999932e+01
2.317543750000000000e+05 -1.566361000000000026e+01
2.317544500000000116e+05 -1.818906000000000134e+01
2.317545250000000233e+05 -1.522133000000000003e+01
2.317546000000000058e+05 -1.595128000000000057e+01
2.317546750000000175e+05 -1.559756999999999927e+01
2.317547500000000000e+05 -1.808116000000000057e+01
2.317548250000000116e+05 -1.517570000000000086e+01
2.317549000000000233e+05 -1.582802000000000042e+01
2.317549750000000058e+05 -1.704296000000000078e+01
2.317550500000000175e+05 -1.611854999999999905e+01
2.317551250000000000e+05 -1.749698000000000064e+01
2.317552000000000116e+05 -1.490133999999999936e+01
2.317552750000000233e+05 -1.604145000000000110e+01
2.317553500000000058e+05 -1.708796999999999855e+01
2.317554250000000175e+05 -1.706409000000000020e+01
2.317555000000000000e+05 -1.378880000000000017e+01
2.317555750000000116e+05 -1.566330999999999918e+01
2.317556500000000233e+05 -1.598534000000000077e+01
2.317557250000000058e+05 -1.466825000000000045e+01
2.317558000000000175e+05 -1.663487999999999900e+01
2.317558750000000000e+05 -1.508783000000000030e+01
2.317559500000000116e+05 -1.401031000000000049e+01
2.317560250000000233e+05 -1.505429999999999957e+01
2.317561000000000058e+05 -1.447579999999999956e+01
2.317561750000000175e+05 -1.457239000000000040e+01
2.317562500000000000e+05 -1.615746000000000038e+01
2.317563250000000116e+05 -1.450317000000000078e+01
2.317564000000000233e+05 -1.435396000000000072e+01
2.317564750000000058e+05 -1.470213000000000036e+01
2.317565500000000175e+05 -1.482784000000000013e+01
2.317566250000000000e+05 -1.509539000000000009e+01
2.317567000000000116e+05 -1.372735999999999912e+01
2.317567750000000233e+05 -1.355485000000000007e+01
2.317568500000000058e+05 -1.410884000000000071e+01
2.317569250000000175e+05 -1.510113999999999912e+01
2.317570000000000000e+05 -1.279851999999999990e+01
2.317570750000000116e+05 -1.377011000000000074e+01
2.317571500000000233e+05 -1.344947999999999944e+01
2.317572250000000058e+05 -1.317417999999999978e+01
2.317573000000000175e+05 -1.299729999999999919e+01
2.317573750000000000e+05 -1.333627000000000073e+01
2.317574500000000116e+05 -1.369363000000000063e+01
2.317575250000000233e+05 -1.264564999999999984e+01
2.317576000000000058e+05 -1.289587000000000039e+01
2.317576750000000175e+05 -1.325788999999999973e+01
2.317577500000000000e+05 -1.298681999999999981e+01
2.317578250000000116e+05 -1.291582000000000008e+01
2.317579000000000233e+05 -1.254879999999999995e+01
2.317579750000000058e+05 -1.178548999999999936e+01
2.317580500000000175e+05 -1.182963999999999949e+01
2.317581250000000000e+05 -1.200874999999999915e+01
2.317582000000000116e+05 -1.270739999999999981e+01
2.317582750000000233e+05 -1.050107000000000035e+01
2.317583500000000058e+05 -1.225065999999999988e+01
2.317584250000000175e+05 -1.108927000000000085e+01
2.317585000000000000e+05 -1.045719000000000065e+01
2.317585750000000116e+05 -1.107074000000000069e+01
2.317586500000000233e+05 -1.111788999999999916e+01
2.317587250000000058e+05 -1.035093999999999959e+01
2.317588000000000175e+05 -1.109254999999999924e+01
2.317588750000000000e+05 -1.114902000000000015e+01
2.317589500000000116e+05 -1.108026000000000089e+01
2.317590250000000233e+05 -1.142606999999999928e+01
2.317591000000000058e+05 -1.109633000000000003e+01
2.317591750000000175e+05 -1.114826000000000050e+01
2.317592500000000000e+05 -1.142268999999999934e+01
2.317593250000000116e+05 -1.111739000000000033e+01
2.317594000000000233e+05 -1.138658999999999999e+01
2.317594750000000058e+05 -1.350212999999999930e+01
2.317595500000000175e+05 -1.252248999999999945e+01
2.317596250000000000e+05 -1.361731999999999942e+01
2.317597000000000116e+05 -1.504471999999999987e+01
2.317597750000000233e+05 -1.376975000000000016e+01
2.317598500000000058e+05 -1.586064999999999969e+01
2.317599250000000175e+05 -1.423206000000000060e+01
2.317600000000000000e+05 -1.739590000000000103e+01
2.317600750000000116e+05 -1.644246000000000052e+01
2.317601500000000233e+05 -1.817848000000000042e+01
2.317602250000000058e+05 -1.814104000000000028e+01
2.317603000000000175e+05 -1.924436000000000035e+01
2.317603750000000000e+05 -2.176585000000000036e+01
2.317604500000000116e+05 -2.283604000000000056e+01
2.317605250000000233e+05 -2.757642999999999844e+01
2.317606000000000058e+05 -2.201443000000000083e+01
2.317606750000000175e+05 -2.199924000000000035e+01
2.317607500000000000e+05 -2.355153999999999925e+01
2.317608250000000116e+05 -2.363965999999999923e+01
2.317609000000000233e+05 -2.839604999999999890e+01
2.317609750000000058e+05 -2.563665999999999912e+01
2.317610500000000175e+05 -2.889435999999999893e+01
2.317611250000000000e+05 -2.856574000000000169e+01
2.317612000000000116e+05 -3.218101999999999663e+01
2.317612750000000233e+05 -3.434870000000000090e+01
2.317613500000000058e+05 -2.913285000000000124e+01
2.317614250000000175e+05 -3.292269999999999897e+01
2.317615000000000000e+05 -3.176991999999999905e+01
2.317615750000000116e+05 -2.873796000000000106e+01
2.317616500000000233e+05 -2.748596999999999824e+01
2.317617250000000058e+05 -2.553610000000000113e+01
2.317618000000000175e+05 -3.238316999999999979e+01
2.317618750000000000e+05 -3.266024000000000171e+01
2.317619500000000116e+05 -3.675786000000000087e+01
2.317620250000000233e+05 -3.311648000000000280e+01
2.317621000000000058e+05 -4.138175999999999988e+01
2.317621750000000175e+05 -3.272254999999999825e+01
2.317622500000000000e+05 -4.112812000000000268e+01
2.317623250000000116e+05 -3.887745000000000317e+01
2.317624000000000233e+05 -2.943054000000000059e+01
2.317624750000000058e+05 -2.741870000000000118e+01
2.317625500000000175e+05 -2.603225000000000122e+01
2.317626250000000000e+05 -3.794702999999999804e+01
2.317627000000000116e+05 -2.806626999999999938e+01
2.317627750000000233e+05 -3.571027999999999736e+01
2.317628500000000058e+05 -3.191669999999999874e+01
2.317629250000000175e+05 -2.880911000000000044e+01
2.317630000000000000e+05 -3.810887000000000313e+01
2.317630750000000116e+05 -2.925287000000000148e+01
2.317631500000000233e+05 -3.332059000000000282e+01
2.317632250000000058e+05 -3.615794999999999959e+01
2.317633000000000175e+05 -2.682441999999999993e+01
2.317633750000000000e+05 -2.762912000000000035e+01
2.317634500000000116e+05 -3.201207000000000136e+01
2.317635250000000233e+05 -2.986654000000000053e+01
2.317636000000000058e+05 -2.982649999999999935e+01
2.317636750000000175e+05 -2.481294000000000111e+01
2.317637500000000000e+05 -3.204366000000000270e+01
2.317638250000000116e+05 -2.760422000000000153e+01
2.317639000000000233e+05 -2.477179999999999893e+01
2.317639750000000058e+05 -3.000055000000000049e+01
2.317640500000000175e+05 -3.130409999999999826e+01
2.317641250000000000e+05 -2.342409999999999926e+01
2.317642000000000116e+05 -2.812490000000000023e+01
2.317642750000000233e+05 -2.550315000000000154e+01
2.317643500000000058e+05 -3.140561999999999898e+01
2.317644250000000175e+05 -2.666874999999999929e+01
2.317645000000000000e+05 -2.750741000000000014e+01
2.317645750000000116e+05 -3.029139999999999944e+01
2.317646500000000233e+05 -3.551494000000000284e+01
2.317647250000000058e+05 -2.227515999999999963e+01
2.317648000000000175e+05 -3.082486000000000104e+01
2.317648750000000000e+05 -2.798768000000000100e+01
2.317649500000000116e+05 -2.696702000000000155e+01
2.317650250000000233e+05 -2.517369000000000057e+01
2.317651000000000058e+05 -2.866561000000000092e+01
2.317651750000000175e+05 -2.399703999999999837e+01
2.317652500000000000e+05 -2.511576000000000164e+01
2.317653250000000116e+05 -2.443777000000000044e+01
2.317654000000000233e+05 -2.782421000000000078e+01
2.317654750000000058e+05 -2.447920999999999836e+01
2.317655500000000175e+05 -3.023982000000000170e+01
2.317656250000000000e+05 -2.978340000000000032e+01
2.317657000000000116e+05 -2.747786999999999935e+01
2.317657750000000233e+05 -2.309810999999999837e+01
2.317658500000000058e+05 -2.325650999999999868e+01
2.317659250000000175e+05 -2.489580000000000126e+01
2.317660000000000000e+05 -2.827883999999999887e+01
2.317660750000000116e+05 -2.312106999999999957e+01
2.317661500000000233e+05 -2.631354999999999933e+01
2.317662250000000058e+05 -2.915239000000000047e+01
2.317663000000000175e+05 -2.561786000000000030e+01
2.317663750000000000e+05 -2.519266999999999967e+01
2.317664500000000116e+05 -2.581762000000000157e+01
2.317665250000000233e+05 -2.815005000000000024e+01
2.317666000000000058e+05 -2.222614000000000090e+01
2.317666750000000175e+05 -3.138807999999999865e+01
2.317667500000000000e+05 -2.421225000000000094e+01
2.317668250000000116e+05 -2.726891000000000176e+01
2.317669000000000233e+05 -2.714844000000000079e+01
2.317669750000000058e+05 -2.595047999999999888e+01
2.317670500000000175e+05 -2.229981000000000080e+01
2.317671250000000000e+05 -2.852017000000000024e+01
2.317672000000000116e+05 -2.645590999999999937e+01
2.317672750000000233e+05 -2.220127000000000095e+01
2.317673500000000058e+05 -2.985082999999999842e+01
2.317674250000000175e+05 -2.638403999999999883e+01
2.317675000000000000e+05 -2.710476999999999848e+01
2.317675750000000116e+05 -2.829535999999999873e+01
2.317676500000000233e+05 -2.331718000000000046e+01
2.317677250000000058e+05 -2.663429000000000002e+01
2.317678000000000175e+05 -2.299664999999999893e+01
2.317678750000000000e+05 -2.654253999999999891e+01
2.317679500000000116e+05 -2.949928999999999846e+01
2.317680250000000233e+05 -2.808117000000000019e+01
2.317681000000000058e+05 -2.805108999999999853e+01
2.317681750000000175e+05 -2.701650000000000063e+01
2.317682500000000000e+05 -2.793612999999999857e+01
2.317683250000000116e+05 -2.282470999999999961e+01
2.317684000000000233e+05 -2.654536999999999836e+01
2.317684750000000058e+05 -4.723358999999999952e+01
2.317685500000000175e+05 -2.729798999999999864e+01
2.317686250000000000e+05 -2.577402000000000015e+01
2.317687000000000116e+05 -2.479902999999999835e+01
2.317687750000000233e+05 -2.596368000000000009e+01
2.317688500000000058e+05 -2.447982000000000014e+01
2.317689250000000175e+05 -2.298447000000000173e+01
2.317690000000000000e+05 -2.911670000000000158e+01
2.317690750000000116e+05 -2.455386000000000024e+01
2.317691500000000233e+05 -2.508604000000000056e+01
2.317692250000000058e+05 -2.584364000000000061e+01
2.317693000000000175e+05 -2.573280000000000101e+01
2.317693750000000000e+05 -2.498454999999999870e+01
2.317694500000000116e+05 -2.460087000000000046e+01
2.317695250000000233e+05 -2.299567000000000050e+01
2.317696000000000058e+05 -2.293570000000000064e+01
2.317696750000000175e+05 -2.281377000000000166e+01
2.317697500000000000e+05 -2.397500000000000142e+01
2.317698250000000116e+05 -2.911617000000000033e+01
2.317699000000000233e+05 -2.299831000000000003e+01
2.317699750000000058e+05 -2.314901000000000053e+01
2.317700500000000175e+05 -2.505407999999999902e+01
2.317701250000000000e+05 -2.513883999999999830e+01
2.317702000000000116e+05 -2.750284999999999869e+01
2.317702750000000233e+05 -2.367880999999999858e+01
2.317703500000000058e+05 -2.434817999999999927e+01
2.317704250000000175e+05 -2.506578999999999979e+01
2.317705000000000000e+05 -2.068866999999999834e+01
2.317705750000000116e+05 -2.268233000000000033e+01
2.317706500000000233e+05 -2.582742000000000004e+01
2.317707250000000058e+05 -2.182700000000000173e+01
2.317708000000000175e+05 -2.086498999999999882e+01
2.317708750000000000e+05 -2.161398000000000152e+01
2.317709500000000116e+05 -2.172187999999999874e+01
2.317710250000000233e+05 -2.783981999999999957e+01
2.317711000000000058e+05 -2.156206999999999852e+01
2.317711750000000175e+05 -2.205563000000000073e+01
2.317712500000000000e+05 -2.460779000000000138e+01
2.317713250000000116e+05 -2.487954999999999828e+01
2.317714000000000233e+05 -2.092388000000000048e+01
2.317714750000000058e+05 -2.366891999999999996e+01
2.317715500000000175e+05 -2.557179000000000002e+01
2.317716250000000000e+05 -2.285398999999999958e+01
2.317717000000000116e+05 -2.130783999999999878e+01
2.317717750000000233e+05 -2.132799999999999940e+01
2.317718500000000058e+05 -2.640552999999999884e+01
2.317719250000000175e+05 -2.913288000000000011e+01
2.317720000000000000e+05 -2.641204000000000107e+01
2.317720750000000116e+05 -2.249053999999999931e+01
2.317721500000000233e+05 -2.298367999999999967e+01
2.317722250000000058e+05 -2.527891999999999939e+01
2.317723000000000175e+05 -2.640569999999999951e+01
2.317723750000000000e+05 -2.068309999999999960e+01
2.317724500000000116e+05 -2.435605999999999938e+01
2.317725250000000233e+05 -2.355146999999999835e+01
2.317726000000000058e+05 -2.084594999999999843e+01
2.317726750000000175e+05 -2.280244000000000071e+01
2.317727500000000000e+05 -2.168314000000000163e+01
2.317728250000000116e+05 -2.110584000000000060e+01
2.317729000000000233e+05 -2.304579999999999984e+01
2.317729750000000058e+05 -2.259926000000000101e+01
2.317730500000000175e+05 -2.449354999999999905e+01
2.317731250000000000e+05 -2.224652000000000029e+01
2.317732000000000116e+05 -2.240242999999999896e+01
2.317732750000000233e+05 -2.631136000000000053e+01
2.317733500000000058e+05 -2.207217999999999947e+01
2.317734250000000175e+05 -2.249336999999999875e+01
2.317735000000000000e+05 -2.411436000000000135e+01
2.317735750000000116e+05 -2.447616000000000014e+01
