# Temperature: None K
2.318172250000000058e+05 -1.870711999999999975e+01
2.318173000000000175e+05 -2.607264999999999944e+01
2.318173750000000000e+05 -2.086577000000000126e+01
2.318174500000000116e+05 -1.875989999999999824e+01
2.318175249999999942e+05 -1.615246000000000137e+01
2.318176000000000058e+05 -1.720729000000000042e+01
2.318176750000000175e+05 -2.114568999999999832e+01
2.318177500000000000e+05 -2.340351000000000070e+01
2.318178250000000116e+05 -1.883179000000000158e+01
2.318178999999999942e+05 -2.113663000000000025e+01
2.318179750000000058e+05 -1.619367000000000090e+01
2.318180500000000175e+05 -1.975649999999999906e+01
2.318181250000000000e+05 -2.413163000000000125e+01
2.318182000000000116e+05 -2.056718000000000046e+01
2.318182749999999942e+05 -1.698716999999999899e+01
2.318183500000000058e+05 -1.926482000000000028e+01
2.318184250000000175e+05 -2.186089000000000127e+01
2.318185000000000000e+05 -1.972168999999999883e+01
2.318185750000000116e+05 -1.994265000000000043e+01
2.318186499999999942e+05 -1.804016999999999982e+01
2.318187250000000058e+05 -1.826902000000000115e+01
2.318188000000000175e+05 -2.144112000000000151e+01
2.318188750000000000e+05 -2.097873999999999839e+01
2.318189500000000116e+05 -1.846987000000000023e+01
2.318190249999999942e+05 -1.894969000000000037e+01
2.318191000000000058e+05 -2.244121000000000166e+01
2.318191750000000175e+05 -1.945280999999999949e+01
2.318192500000000000e+05 -2.082411000000000101e+01
2.318193250000000116e+05 -2.056212000000000018e+01
2.318193999999999942e+05 -1.955338000000000065e+01
2.318194750000000058e+05 -2.015933000000000064e+01
2.318195500000000175e+05 -1.772628999999999877e+01
2.318196250000000000e+05 -1.926769000000000176e+01
2.318197000000000116e+05 -2.410987000000000080e+01
2.318197749999999942e+05 -1.748902999999999963e+01
2.318198500000000058e+05 -1.943777000000000044e+01
2.318199250000000175e+05 -1.856143000000000143e+01
2.318200000000000000e+05 -1.801426999999999978e+01
2.318200750000000116e+05 -1.698396999999999935e+01
2.318201499999999942e+05 -2.190042000000000044e+01
2.318202250000000058e+05 -1.850443999999999889e+01
2.318203000000000175e+05 -1.788420999999999950e+01
2.318203750000000000e+05 -2.135772000000000048e+01
2.318204500000000116e+05 -1.985831999999999908e+01
2.318205249999999942e+05 -1.778029000000000082e+01
2.318206000000000058e+05 -1.828252000000000166e+01
2.318206750000000175e+05 -1.873883000000000010e+01
2.318207500000000000e+05 -1.994741000000000142e+01
2.318208250000000116e+05 -1.829126000000000118e+01
2.318208999999999942e+05 -1.896758000000000166e+01
2.318209750000000058e+05 -1.893700000000000117e+01
2.318210500000000175e+05 -1.991854000000000013e+01
2.318211250000000000e+05 -2.306701999999999941e+01
2.318212000000000116e+05 -2.160839999999999961e+01
2.318212749999999942e+05 -1.845718000000000103e+01
2.318213500000000058e+05 -2.031935999999999964e+01
2.318214250000000175e+05 -1.887468000000000146e+01
2.318215000000000000e+05 -1.683937999999999846e+01
2.318215750000000116e+05 -1.788549000000000078e+01
2.318216499999999942e+05 -2.201641000000000048e+01
2.318217250000000058e+05 -1.844191000000000003e+01
2.318218000000000175e+05 -2.016350999999999871e+01
2.318218750000000000e+05 -1.869569999999999865e+01
2.318219500000000116e+05 -2.073708999999999847e+01
2.318220249999999942e+05 -1.887500999999999962e+01
2.318221000000000058e+05 -2.060523999999999845e+01
2.318221750000000175e+05 -2.027057999999999893e+01
2.318222500000000000e+05 -1.919816000000000145e+01
2.318223250000000116e+05 -1.777109000000000094e+01
2.318223999999999942e+05 -1.987246000000000024e+01
2.318224750000000058e+05 -1.632489999999999952e+01
2.318225500000000175e+05 -2.178259999999999863e+01
2.318226250000000000e+05 -2.095663000000000054e+01
2.318227000000000116e+05 -1.863651000000000124e+01
2.318227749999999942e+05 -1.933015999999999934e+01
2.318228500000000058e+05 -1.975966999999999985e+01
2.318229250000000175e+05 -1.784639999999999915e+01
2.318230000000000000e+05 -1.995135000000000147e+01
2.318230750000000116e+05 -2.014046000000000092e+01
2.318231499999999942e+05 -1.945586000000000126e+01
2.318232250000000058e+05 -2.115849000000000046e+01
2.318233000000000175e+05 -1.771086000000000027e+01
2.318233750000000000e+05 -1.836824999999999974e+01
2.318234500000000116e+05 -1.819268999999999892e+01
2.318235249999999942e+05 -2.031740999999999886e+01
2.318236000000000058e+05 -1.768149000000000015e+01
2.318236750000000175e+05 -2.009763999999999839e+01
2.318237500000000000e+05 -1.955920000000000059e+01
2.318238250000000116e+05 -1.922298999999999936e+01
2.318238999999999942e+05 -1.975500999999999863e+01
2.318239750000000058e+05 -2.093280999999999992e+01
2.318240500000000175e+05 -1.776109999999999900e+01
2.318241250000000000e+05 -1.902317999999999998e+01
2.318242000000000116e+05 -1.752571000000000012e+01
2.318242749999999942e+05 -1.915623000000000076e+01
2.318243500000000058e+05 -1.798541000000000167e+01
2.318244250000000175e+05 -1.871527000000000029e+01
2.318245000000000000e+05 -1.675325000000000131e+01
2.318245750000000116e+05 -1.656221999999999994e+01
2.318246499999999942e+05 -1.916923999999999850e+01
2.318247250000000058e+05 -1.722906000000000049e+01
2.318248000000000175e+05 -1.955463999999999913e+01
2.318248750000000000e+05 -2.015985999999999834e+01
2.318249500000000116e+05 -1.874668000000000134e+01
2.318250249999999942e+05 -1.897075999999999851e+01
2.318251000000000058e+05 -1.657225000000000037e+01
2.318251750000000175e+05 -1.916891999999999996e+01
2.318252500000000000e+05 -1.612346000000000146e+01
2.318253250000000116e+05 -2.068554999999999922e+01
2.318253999999999942e+05 -1.709200999999999837e+01
2.318254750000000058e+05 -1.772779999999999845e+01
2.318255500000000175e+05 -1.713971000000000089e+01
2.318256250000000000e+05 -2.041754999999999853e+01
2.318257000000000116e+05 -1.688925000000000054e+01
2.318257749999999942e+05 -1.561356999999999928e+01
2.318258500000000058e+05 -2.035357000000000127e+01
2.318259250000000175e+05 -1.667830000000000013e+01
2.318260000000000000e+05 -1.826438999999999879e+01
2.318260750000000116e+05 -1.770016999999999996e+01
2.318261499999999942e+05 -1.886978999999999829e+01
2.318262250000000058e+05 -1.704029999999999845e+01
2.318263000000000175e+05 -1.671910000000000096e+01
2.318263750000000000e+05 -1.717608999999999853e+01
2.318264500000000116e+05 -1.938224999999999909e+01
2.318265249999999942e+05 -1.783113000000000170e+01
2.318266000000000058e+05 -1.673136999999999830e+01
2.318266750000000175e+05 -1.764040999999999926e+01
2.318267500000000000e+05 -1.886299999999999955e+01
2.318268250000000116e+05 -1.897429999999999950e+01
2.318268999999999942e+05 -1.603879999999999839e+01
2.318269750000000058e+05 -1.600545999999999935e+01
2.318270500000000175e+05 -1.680442000000000036e+01
2.318271250000000000e+05 -1.597405999999999970e+01
2.318272000000000116e+05 -1.618588000000000093e+01
2.318272749999999942e+05 -1.907536999999999949e+01
2.318273500000000058e+05 -1.708294000000000068e+01
2.318274250000000175e+05 -1.654917000000000016e+01
2.318275000000000000e+05 -1.672794999999999987e+01
2.318275750000000116e+05 -1.691309000000000040e+01
2.318276499999999942e+05 -1.750249000000000166e+01
2.318277250000000058e+05 -1.740647999999999840e+01
2.318278000000000175e+05 -1.710183999999999926e+01
2.318278750000000000e+05 -1.533771999999999913e+01
2.318279500000000116e+05 -1.518590999999999980e+01
2.318280249999999942e+05 -1.514757999999999960e+01
2.318281000000000058e+05 -1.617579999999999885e+01
2.318281750000000175e+05 -1.486605999999999916e+01
2.318282500000000000e+05 -1.549058999999999919e+01
2.318283250000000116e+05 -1.747618999999999900e+01
2.318283999999999942e+05 -1.445545000000000080e+01
2.318284750000000058e+05 -1.535182000000000002e+01
2.318285500000000175e+05 -1.708314000000000021e+01
2.318286250000000000e+05 -1.561880999999999986e+01
2.318287000000000116e+05 -1.659493000000000151e+01
2.318287749999999942e+05 -1.484348999999999918e+01
2.318288500000000058e+05 -1.468673000000000073e+01
2.318289250000000175e+05 -1.410472999999999999e+01
2.318290000000000000e+05 -1.548691999999999958e+01
2.318290750000000116e+05 -1.365615999999999985e+01
2.318291499999999942e+05 -1.540000000000000036e+01
2.318292250000000058e+05 -1.541328000000000031e+01
2.318293000000000175e+05 -1.324451999999999963e+01
2.318293750000000000e+05 -1.485819000000000045e+01
2.318294500000000116e+05 -1.439578999999999986e+01
2.318295249999999942e+05 -1.525709999999999944e+01
2.318296000000000058e+05 -1.405200999999999922e+01
2.318296750000000175e+05 -1.338568000000000069e+01
2.318297500000000000e+05 -1.302356999999999942e+01
2.318298250000000116e+05 -1.266119999999999912e+01
2.318298999999999942e+05 -1.184886000000000017e+01
2.318299750000000058e+05 -1.285418999999999912e+01
2.318300500000000175e+05 -1.243060999999999972e+01
2.318301250000000000e+05 -1.177555000000000085e+01
2.318302000000000116e+05 -1.198645999999999923e+01
2.318302749999999942e+05 -1.234319999999999951e+01
2.318303500000000058e+05 -1.164169000000000054e+01
2.318304250000000175e+05 -1.151746999999999943e+01
2.318305000000000000e+05 -1.089972000000000030e+01
2.318305750000000116e+05 -1.158511999999999986e+01
2.318306499999999942e+05 -9.649635999999999214e+00
2.318307250000000058e+05 -1.159176000000000073e+01
2.318308000000000175e+05 -9.716022000000000602e+00
2.318308750000000000e+05 -8.482741000000000753e+00
2.318309500000000116e+05 -9.368614000000000885e+00
2.318310249999999942e+05 -8.799573999999999785e+00
2.318311000000000058e+05 -8.817899999999999849e+00
2.318311750000000175e+05 -7.232222000000000151e+00
2.318312500000000000e+05 -7.158936999999999884e+00
2.318313250000000116e+05 -6.998090000000000366e+00
2.318313999999999942e+05 -6.074811000000000405e+00
2.318314750000000058e+05 -5.372006999999999977e+00
2.318315500000000175e+05 -4.750611000000000139e+00
2.318316250000000000e+05 -4.620104000000000433e+00
2.318317000000000116e+05 -3.597553000000000001e+00
2.318317749999999942e+05 -3.218398999999999788e+00
2.318318500000000058e+05 -2.937800999999999885e+00
2.318319250000000175e+05 -1.869447999999999999e+00
2.318320000000000000e+05 -1.508393000000000095e+00
2.318320750000000116e+05 -3.984887999999999764e-01
2.318321499999999942e+05 -1.652317000000000091e-01
2.318322250000000058e+05 2.904860000000000220e-01
2.318323000000000175e+05 8.402678000000000091e-01
2.318323750000000000e+05 1.168538000000000077e+00
2.318324500000000116e+05 1.676492000000000093e+00
2.318325249999999942e+05 1.641227999999999909e+00
2.318326000000000058e+05 1.993697000000000052e+00
2.318326750000000175e+05 2.120994000000000046e+00
2.318327500000000000e+05 1.898913999999999991e+00
2.318328250000000116e+05 1.787350999999999912e+00
2.318328999999999942e+05 1.388193999999999928e+00
2.318329750000000058e+05 8.745347999999999455e-01
2.318330500000000175e+05 1.516841999999999913e-01
2.318331250000000000e+05 -6.111640000000000406e-01
2.318332000000000116e+05 -1.543312999999999935e+00
2.318332749999999942e+05 -2.297871999999999915e+00
2.318333500000000058e+05 -2.424652000000000029e+00
2.318334250000000175e+05 -2.289041999999999799e+00
2.318335000000000000e+05 -2.310528999999999833e+00
2.318335750000000116e+05 -1.950619000000000103e+00
2.318336499999999942e+05 -1.733338999999999963e+00
2.318337250000000058e+05 -1.821530000000000094e+00
2.318338000000000175e+05 -2.400850999999999846e+00
2.318338750000000000e+05 -3.030955000000000066e+00
2.318339500000000116e+05 -3.685216000000000047e+00
2.318340249999999942e+05 -4.681017999999999901e+00
2.318341000000000058e+05 -4.356906000000000390e+00
2.318341750000000175e+05 -4.044241999999999670e+00
2.318342500000000000e+05 -3.825172999999999934e+00
2.318343250000000116e+05 -3.902738999999999958e+00
2.318343999999999942e+05 -4.433466000000000129e+00
2.318344750000000058e+05 -4.930646000000000306e+00
2.318345500000000175e+05 -5.584697000000000244e+00
2.318346250000000000e+05 -5.930163000000000295e+00
2.318347000000000116e+05 -5.905629000000000239e+00
2.318347749999999942e+05 -5.309362000000000137e+00
2.318348500000000058e+05 -6.510379000000000360e+00
2.318349250000000175e+05 -6.257494999999999585e+00
2.318350000000000000e+05 -6.518894999999999662e+00
2.318350750000000116e+05 -6.948533000000000293e+00
2.318351499999999942e+05 -7.327383000000000202e+00
2.318352250000000058e+05 -7.638969999999999594e+00
2.318353000000000175e+05 -7.415079999999999671e+00
2.318353750000000000e+05 -7.498596000000000039e+00
2.318354500000000116e+05 -8.049462999999999369e+00
2.318355249999999942e+05 -9.069577999999999918e+00
2.318356000000000058e+05 -8.734429999999999694e+00
2.318356750000000175e+05 -8.105468000000000117e+00
2.318357500000000000e+05 -8.536056999999999562e+00
2.318358250000000116e+05 -9.930469999999999686e+00
2.318358999999999942e+05 -9.366360999999999493e+00
2.318359750000000058e+05 -8.766204000000000107e+00
2.318360500000000175e+05 -9.315464999999999662e+00
2.318361250000000000e+05 -1.102523000000000053e+01
2.318362000000000116e+05 -1.118637000000000015e+01
2.318362749999999942e+05 -1.096247999999999934e+01
2.318363500000000058e+05 -1.102088999999999963e+01
2.318364250000000175e+05 -1.155699000000000076e+01
2.318365000000000000e+05 -1.143446999999999925e+01
2.318365750000000116e+05 -1.137645000000000017e+01
2.318366499999999942e+05 -1.074305000000000021e+01
2.318367250000000058e+05 -1.387703999999999915e+01
2.318368000000000175e+05 -1.218981999999999921e+01
2.318368750000000000e+05 -1.177960999999999991e+01
2.318369500000000116e+05 -1.326379999999999981e+01
2.318370249999999942e+05 -1.453930000000000078e+01
2.318371000000000058e+05 -1.211342999999999925e+01
2.318371750000000175e+05 -1.284576999999999991e+01
2.318372500000000000e+05 -1.446732000000000085e+01
2.318373250000000116e+05 -1.455017999999999923e+01
2.318373999999999942e+05 -1.230524999999999913e+01
2.318374750000000058e+05 -1.480648000000000053e+01
2.318375500000000175e+05 -1.471840000000000082e+01
2.318376250000000000e+05 -1.354784000000000077e+01
2.318377000000000116e+05 -1.698507000000000033e+01
2.318377749999999942e+05 -1.495980999999999916e+01
2.318378500000000058e+05 -1.393238999999999983e+01
2.318379250000000175e+05 -1.804032000000000124e+01
2.318380000000000000e+05 -1.655265999999999948e+01
2.318380750000000116e+05 -1.649362999999999957e+01
2.318381499999999942e+05 -1.765566000000000102e+01
2.318382250000000058e+05 -1.674833999999999889e+01
2.318383000000000175e+05 -1.581122000000000050e+01
2.318383750000000000e+05 -1.619197000000000131e+01
2.318384500000000116e+05 -1.784106999999999843e+01
2.318385249999999942e+05 -1.893067999999999884e+01
2.318386000000000058e+05 -1.808130999999999844e+01
2.318386750000000175e+05 -1.781236000000000175e+01
2.318387500000000000e+05 -1.983721999999999852e+01
2.318388250000000116e+05 -1.489568000000000048e+01
2.318388999999999942e+05 -1.988805999999999941e+01
2.318389750000000058e+05 -1.771503999999999834e+01
2.318390500000000175e+05 -1.545871999999999957e+01
2.318391250000000000e+05 -2.110616999999999877e+01
2.318392000000000116e+05 -1.869052999999999898e+01
2.318392749999999942e+05 -2.911379000000000161e+01
2.318393500000000058e+05 -1.755733999999999995e+01
2.318394250000000175e+05 -2.222371000000000052e+01
2.318395000000000000e+05 -2.001554000000000144e+01
2.318395750000000116e+05 -1.893806000000000012e+01
2.318396499999999942e+05 -2.245636999999999972e+01
2.318397250000000058e+05 -1.893582999999999927e+01
2.318398000000000175e+05 -2.449661000000000044e+01
2.318398750000000000e+05 -1.817005999999999943e+01
2.318399500000000116e+05 -2.902315000000000111e+01
2.318400249999999942e+05 -1.795226999999999862e+01
2.318401000000000058e+05 -2.839181999999999917e+01
2.318401750000000175e+05 -1.910432000000000130e+01
2.318402500000000000e+05 -2.780408999999999864e+01
2.318403250000000116e+05 -1.911496999999999957e+01
2.318403999999999942e+05 -2.334027000000000029e+01
2.318404750000000058e+05 -1.946002000000000010e+01
2.318405500000000175e+05 -2.887764999999999915e+01
2.318406250000000000e+05 -1.938820000000000121e+01
2.318407000000000116e+05 -2.720424999999999827e+01
2.318407749999999942e+05 -2.135541999999999874e+01
2.318408500000000058e+05 -3.017606999999999928e+01
2.318409250000000175e+05 -1.971612999999999971e+01
2.318410000000000000e+05 -4.351033000000000328e+01
2.318410750000000116e+05 -2.138592999999999833e+01
2.318411499999999942e+05 -3.691338999999999970e+01
2.318412250000000058e+05 -2.026305999999999941e+01
2.318413000000000175e+05 -2.609409000000000134e+01
2.318413750000000000e+05 -1.956231000000000009e+01
2.318414500000000116e+05 -2.442888999999999911e+01
2.318415249999999942e+05 -2.483716000000000079e+01
2.318416000000000058e+05 -1.892820000000000036e+01
2.318416750000000175e+05 -4.507916999999999774e+01
2.318417500000000000e+05 -2.088145000000000095e+01
2.318418250000000116e+05 -2.763459999999999894e+01
2.318418999999999942e+05 -1.965332000000000079e+01
2.318419750000000058e+05 -2.426594000000000051e+01
2.318420500000000175e+05 -2.161114999999999853e+01
2.318421250000000000e+05 -2.058508000000000138e+01
2.318422000000000116e+05 -3.669427000000000305e+01
2.318422749999999942e+05 -2.205669999999999931e+01
2.318423500000000058e+05 -2.352109000000000094e+01
2.318424250000000175e+05 -2.324355999999999867e+01
2.318425000000000000e+05 -1.824480000000000146e+01
2.318425750000000116e+05 -2.784528999999999854e+01
2.318426499999999942e+05 -2.031692999999999927e+01
2.318427250000000058e+05 -2.380298000000000158e+01
2.318428000000000175e+05 -2.823976000000000042e+01
2.318428750000000000e+05 -2.197407000000000110e+01
2.318429500000000116e+05 -2.711477999999999966e+01
2.318430249999999942e+05 -2.651306999999999903e+01
2.318431000000000058e+05 -1.946131000000000100e+01
2.318431750000000175e+05 -2.384196999999999989e+01
2.318432500000000000e+05 -2.234337000000000018e+01
2.318433250000000116e+05 -2.008875000000000099e+01
2.318433999999999942e+05 -2.747090000000000032e+01
2.318434750000000058e+05 -2.349570999999999898e+01
2.318435500000000175e+05 -2.089777000000000129e+01
2.318436250000000000e+05 -2.811430000000000007e+01
2.318437000000000116e+05 -2.493382000000000076e+01
2.318437749999999942e+05 -2.377280999999999977e+01
2.318438500000000058e+05 -2.614162999999999926e+01
2.318439250000000175e+05 -2.277546999999999855e+01
2.318440000000000000e+05 -1.953023999999999916e+01
2.318440750000000116e+05 -2.377516999999999925e+01
2.318441499999999942e+05 -2.286413999999999902e+01
2.318442250000000058e+05 -2.851461000000000112e+01
2.318443000000000175e+05 -2.167670000000000030e+01
2.318443750000000000e+05 -2.814724000000000004e+01
2.318444500000000116e+05 -2.875003999999999849e+01
2.318445249999999942e+05 -2.282516999999999996e+01
2.318446000000000058e+05 -2.291892999999999958e+01
2.318446750000000175e+05 -2.293292999999999893e+01
2.318447500000000000e+05 -2.589433000000000007e+01
2.318448250000000116e+05 -2.494425000000000026e+01
2.318448999999999942e+05 -2.316959999999999908e+01
2.318449750000000058e+05 -3.305572999999999695e+01
2.318450500000000175e+05 -2.298010999999999981e+01
2.318451250000000000e+05 -2.287466999999999828e+01
2.318452000000000116e+05 -2.066010999999999953e+01
2.318452749999999942e+05 -3.078359999999999985e+01
2.318453500000000058e+05 -3.953097999999999956e+01
2.318454250000000175e+05 -2.306116000000000099e+01
2.318455000000000000e+05 -2.588723999999999847e+01
2.318455750000000116e+05 -2.290136000000000038e+01
2.318456499999999942e+05 -1.942454000000000036e+01
2.318457250000000058e+05 -2.345752999999999844e+01
2.318458000000000175e+05 -2.362387999999999977e+01
2.318458750000000000e+05 -1.970007000000000019e+01
2.318459500000000116e+05 -2.235988000000000042e+01
2.318460249999999942e+05 -2.916992000000000118e+01
2.318461000000000058e+05 -2.360774999999999935e+01
2.318461750000000175e+05 -2.473957000000000050e+01
2.318462500000000000e+05 -2.501276999999999973e+01
2.318463250000000116e+05 -2.376194999999999879e+01
2.318463999999999942e+05 -2.123331999999999908e+01
2.318464750000000058e+05 -2.729730999999999952e+01
2.318465500000000175e+05 -2.297246000000000166e+01
2.318466250000000000e+05 -2.370608999999999966e+01
2.318467000000000116e+05 -2.397418000000000049e+01
2.318467749999999942e+05 -2.281737000000000037e+01
2.318468500000000058e+05 -2.217157999999999873e+01
2.318469250000000175e+05 -2.729864999999999853e+01
2.318470000000000000e+05 -2.518228999999999829e+01
2.318470750000000116e+05 -2.395440999999999931e+01
2.318471499999999942e+05 -3.053564000000000078e+01
2.318472250000000058e+05 -2.257275999999999883e+01
