# Temperature: None K
2.317968250000000116e+05 -2.175197999999999965e+01
2.317969000000000233e+05 -2.082538999999999874e+01
2.317969750000000058e+05 -1.951482000000000028e+01
2.317970500000000175e+05 -1.704495999999999967e+01
2.317971250000000000e+05 -1.730417999999999878e+01
2.317972000000000116e+05 -2.067862999999999829e+01
2.317972750000000233e+05 -2.339054000000000144e+01
2.317973500000000058e+05 -2.083860999999999919e+01
2.317974250000000175e+05 -1.674498000000000175e+01
2.317975000000000000e+05 -1.884710000000000107e+01
2.317975750000000116e+05 -2.093935000000000102e+01
2.317976500000000233e+05 -2.175120000000000076e+01
2.317977250000000058e+05 -1.834166000000000096e+01
2.317978000000000175e+05 -1.834844000000000008e+01
2.317978750000000000e+05 -1.909460999999999942e+01
2.317979500000000116e+05 -2.437171999999999983e+01
2.317980250000000233e+05 -1.986877000000000137e+01
2.317981000000000058e+05 -1.815206999999999837e+01
2.317981750000000175e+05 -1.962675000000000125e+01
2.317982500000000000e+05 -1.955629000000000062e+01
2.317983250000000116e+05 -1.744236000000000075e+01
2.317984000000000233e+05 -1.824790000000000134e+01
2.317984750000000058e+05 -1.945811000000000135e+01
2.317985500000000175e+05 -1.967560999999999893e+01
2.317986250000000000e+05 -2.023714999999999975e+01
2.317987000000000116e+05 -1.754172000000000153e+01
2.317987750000000233e+05 -1.969351999999999947e+01
2.317988500000000058e+05 -2.336656999999999940e+01
2.317989250000000175e+05 -1.968796999999999997e+01
2.317990000000000000e+05 -1.804761999999999844e+01
2.317990750000000116e+05 -2.067416000000000054e+01
2.317991500000000233e+05 -1.855809999999999960e+01
2.317992250000000058e+05 -1.670452999999999832e+01
2.317993000000000175e+05 -2.076617999999999853e+01
2.317993750000000000e+05 -2.196395000000000053e+01
2.317994500000000116e+05 -1.735245000000000104e+01
2.317995250000000233e+05 -1.996572000000000102e+01
2.317996000000000058e+05 -1.693917000000000073e+01
2.317996750000000175e+05 -1.771830999999999889e+01
2.317997500000000000e+05 -1.891854000000000013e+01
2.317998250000000116e+05 -2.000519999999999854e+01
2.317999000000000233e+05 -1.748045000000000115e+01
2.317999750000000058e+05 -2.034998999999999825e+01
2.318000500000000175e+05 -1.791626000000000118e+01
2.318001250000000000e+05 -1.954880999999999958e+01
2.318002000000000116e+05 -1.896003999999999934e+01
2.318002750000000233e+05 -2.029703999999999908e+01
2.318003500000000058e+05 -2.004238000000000142e+01
2.318004250000000175e+05 -1.974135000000000062e+01
2.318005000000000000e+05 -1.878926999999999836e+01
2.318005750000000116e+05 -2.120544999999999902e+01
2.318006500000000233e+05 -1.690800000000000125e+01
2.318007250000000058e+05 -1.775716999999999857e+01
2.318008000000000175e+05 -1.879211000000000098e+01
2.318008750000000000e+05 -1.943973000000000084e+01
2.318009500000000116e+05 -1.945663000000000054e+01
2.318010250000000233e+05 -2.308787999999999840e+01
2.318011000000000058e+05 -1.776061999999999941e+01
2.318011750000000175e+05 -1.993468999999999980e+01
2.318012500000000000e+05 -2.030859999999999843e+01
2.318013250000000116e+05 -1.861216999999999899e+01
2.318014000000000233e+05 -1.813973999999999975e+01
2.318014750000000058e+05 -1.639028000000000063e+01
2.318015500000000175e+05 -1.998440000000000083e+01
2.318016250000000000e+05 -1.741610999999999976e+01
2.318017000000000116e+05 -1.960826000000000136e+01
2.318017750000000233e+05 -1.929005000000000081e+01
2.318018500000000058e+05 -1.904919999999999902e+01
2.318019250000000175e+05 -1.535918999999999990e+01
2.318020000000000000e+05 -2.196740000000000137e+01
2.318020750000000116e+05 -1.839415999999999940e+01
2.318021500000000233e+05 -1.891040999999999883e+01
2.318022250000000058e+05 -1.764815000000000111e+01
2.318023000000000175e+05 -2.104795999999999978e+01
2.318023750000000000e+05 -1.545764999999999922e+01
2.318024500000000116e+05 -1.916770999999999958e+01
2.318025250000000233e+05 -1.725225000000000009e+01
2.318026000000000058e+05 -1.875215000000000032e+01
2.318026750000000175e+05 -1.897741999999999862e+01
2.318027500000000000e+05 -1.898147000000000162e+01
2.318028250000000116e+05 -1.940210000000000079e+01
2.318029000000000233e+05 -1.848243000000000080e+01
2.318029750000000058e+05 -1.916130000000000067e+01
2.318030500000000175e+05 -1.974055999999999855e+01
2.318031250000000000e+05 -1.839426999999999879e+01
2.318032000000000116e+05 -2.046064000000000149e+01
2.318032750000000233e+05 -2.105181999999999931e+01
2.318033500000000058e+05 -1.857356000000000051e+01
2.318034250000000175e+05 -1.900257999999999825e+01
2.318035000000000000e+05 -1.884365000000000023e+01
2.318035750000000116e+05 -1.813056999999999874e+01
2.318036500000000233e+05 -1.571256999999999948e+01
2.318037250000000058e+05 -1.879575000000000173e+01
2.318038000000000175e+05 -1.821124999999999972e+01
2.318038750000000000e+05 -1.929972000000000065e+01
2.318039500000000116e+05 -1.821458000000000155e+01
2.318040250000000233e+05 -1.662355000000000160e+01
2.318041000000000058e+05 -1.811975999999999942e+01
2.318041750000000175e+05 -1.810464999999999947e+01
2.318042500000000000e+05 -1.706321000000000154e+01
2.318043250000000116e+05 -1.721542000000000172e+01
2.318044000000000233e+05 -1.737556999999999974e+01
2.318044750000000058e+05 -1.848545000000000016e+01
2.318045500000000175e+05 -1.756155000000000044e+01
2.318046250000000000e+05 -2.011627000000000010e+01
2.318047000000000116e+05 -1.814471999999999952e+01
2.318047750000000233e+05 -1.904045999999999950e+01
2.318048500000000058e+05 -1.946649999999999991e+01
2.318049250000000175e+05 -1.962174999999999869e+01
2.318050000000000000e+05 -1.708659000000000106e+01
2.318050750000000116e+05 -1.838868000000000080e+01
2.318051500000000233e+05 -1.849744000000000099e+01
2.318052250000000058e+05 -1.739582000000000050e+01
2.318053000000000175e+05 -1.870161999999999836e+01
2.318053750000000000e+05 -1.784199999999999875e+01
2.318054500000000116e+05 -1.723870000000000147e+01
2.318055250000000233e+05 -1.581091999999999942e+01
2.318056000000000058e+05 -1.718897000000000119e+01
2.318056750000000175e+05 -1.710199000000000069e+01
2.318057500000000000e+05 -1.795483000000000118e+01
2.318058250000000116e+05 -1.649264000000000152e+01
2.318059000000000233e+05 -1.593482999999999983e+01
2.318059750000000058e+05 -1.718255999999999872e+01
2.318060500000000175e+05 -1.600525000000000020e+01
2.318061250000000000e+05 -1.793083999999999989e+01
2.318062000000000116e+05 -1.627030999999999850e+01
2.318062750000000233e+05 -1.743851000000000084e+01
2.318063500000000058e+05 -1.575620999999999938e+01
2.318064250000000175e+05 -1.729683999999999955e+01
2.318065000000000000e+05 -1.803699999999999903e+01
2.318065750000000116e+05 -1.670531000000000077e+01
2.318066500000000233e+05 -1.612077999999999989e+01
2.318067250000000058e+05 -1.727826999999999913e+01
2.318068000000000175e+05 -1.730875999999999948e+01
2.318068750000000000e+05 -1.561458999999999975e+01
2.318069500000000116e+05 -1.611946999999999974e+01
2.318070250000000233e+05 -1.701408999999999949e+01
2.318071000000000058e+05 -1.700597000000000136e+01
2.318071750000000175e+05 -1.547170000000000023e+01
2.318072500000000000e+05 -1.591236999999999924e+01
2.318073250000000116e+05 -1.706754000000000104e+01
2.318074000000000233e+05 -1.756360000000000099e+01
2.318074750000000058e+05 -1.544139000000000017e+01
2.318075500000000175e+05 -1.577890999999999977e+01
2.318076250000000000e+05 -1.726716000000000051e+01
2.318077000000000116e+05 -1.482371999999999979e+01
2.318077750000000233e+05 -1.418544999999999945e+01
2.318078500000000058e+05 -1.502654000000000067e+01
2.318079250000000175e+05 -1.529739000000000004e+01
2.318080000000000000e+05 -1.593567000000000000e+01
2.318080750000000116e+05 -1.524427999999999983e+01
2.318081500000000233e+05 -1.519382000000000055e+01
2.318082250000000058e+05 -1.432996999999999943e+01
2.318083000000000175e+05 -1.444602000000000075e+01
2.318083750000000000e+05 -1.627783000000000158e+01
2.318084500000000116e+05 -1.495212000000000074e+01
2.318085250000000233e+05 -1.458835000000000015e+01
2.318086000000000058e+05 -1.402341999999999977e+01
2.318086750000000175e+05 -1.356361000000000061e+01
2.318087500000000000e+05 -1.530404000000000053e+01
2.318088250000000116e+05 -1.413438000000000017e+01
2.318089000000000233e+05 -1.290511000000000053e+01
2.318089750000000058e+05 -1.293515000000000015e+01
2.318090500000000175e+05 -1.328453000000000017e+01
2.318091250000000000e+05 -1.370763999999999960e+01
2.318092000000000116e+05 -1.394702999999999982e+01
2.318092750000000233e+05 -1.241502999999999979e+01
2.318093500000000058e+05 -1.256217000000000006e+01
2.318094250000000175e+05 -1.225178999999999974e+01
2.318095000000000000e+05 -1.273722000000000065e+01
2.318095750000000116e+05 -1.138125999999999927e+01
2.318096500000000233e+05 -1.239594999999999914e+01
2.318097250000000058e+05 -1.073470000000000013e+01
2.318098000000000175e+05 -1.017271999999999998e+01
2.318098750000000000e+05 -1.162986000000000075e+01
2.318099500000000116e+05 -9.646430000000000504e+00
2.318100250000000233e+05 -9.906318999999999875e+00
2.318101000000000058e+05 -9.260901000000000494e+00
2.318101750000000175e+05 -9.428369000000000000e+00
2.318102500000000000e+05 -8.336301000000000627e+00
2.318103250000000116e+05 -8.077230999999999383e+00
2.318104000000000233e+05 -7.085454000000000363e+00
2.318104750000000058e+05 -6.803378999999999621e+00
2.318105500000000175e+05 -6.437001000000000417e+00
2.318106250000000000e+05 -5.716573999999999600e+00
2.318107000000000116e+05 -5.468407000000000018e+00
2.318107750000000233e+05 -4.841891999999999641e+00
2.318108500000000058e+05 -4.295641999999999960e+00
2.318109250000000175e+05 -3.469813999999999954e+00
2.318110000000000000e+05 -3.333591999999999889e+00
2.318110750000000116e+05 -2.326707999999999998e+00
2.318111500000000233e+05 -2.056690999999999825e+00
2.318112250000000058e+05 -1.379766000000000048e+00
2.318113000000000175e+05 -9.549790000000000223e-01
2.318113750000000000e+05 -2.153052000000000021e-01
2.318114500000000116e+05 3.325221999999999900e-01
2.318115250000000233e+05 7.242591000000000445e-01
2.318116000000000058e+05 1.079542000000000002e+00
2.318116750000000175e+05 1.555350000000000010e+00
2.318117500000000000e+05 1.687081000000000053e+00
2.318118250000000116e+05 1.820880000000000054e+00
2.318119000000000233e+05 1.820062000000000069e+00
2.318119750000000058e+05 2.011983999999999995e+00
2.318120500000000175e+05 1.204329999999999901e+00
2.318121250000000000e+05 6.081963000000000230e-01
2.318122000000000116e+05 3.778938000000000019e-01
2.318122750000000233e+05 -6.181712000000000318e-01
2.318123500000000058e+05 -1.461194000000000104e+00
2.318124250000000175e+05 -2.126580000000000137e+00
2.318125000000000000e+05 -2.558139999999999858e+00
2.318125750000000116e+05 -2.994028000000000134e+00
2.318126500000000233e+05 -3.030282999999999838e+00
2.318127250000000058e+05 -2.532798000000000105e+00
2.318128000000000175e+05 -2.808584000000000191e+00
2.318128750000000000e+05 -2.334887000000000157e+00
2.318129500000000116e+05 -2.404227000000000114e+00
2.318130250000000233e+05 -2.614949000000000190e+00
2.318131000000000058e+05 -3.792714000000000141e+00
2.318131750000000175e+05 -4.721673000000000009e+00
2.318132500000000000e+05 -5.212237000000000009e+00
2.318133250000000116e+05 -4.821664000000000172e+00
2.318134000000000233e+05 -4.587464999999999904e+00
2.318134750000000058e+05 -4.442688000000000415e+00
2.318135500000000175e+05 -5.274423999999999779e+00
2.318136250000000000e+05 -5.596705000000000041e+00
2.318137000000000116e+05 -5.738652000000000086e+00
2.318137750000000233e+05 -7.509216000000000335e+00
2.318138500000000058e+05 -6.740213999999999928e+00
2.318139250000000175e+05 -6.813359000000000165e+00
2.318140000000000000e+05 -6.225266000000000410e+00
2.318140750000000116e+05 -6.231320000000000192e+00
2.318141500000000233e+05 -6.891764000000000223e+00
2.318142250000000058e+05 -7.921152000000000193e+00
2.318143000000000175e+05 -8.484144999999999825e+00
2.318143750000000000e+05 -7.420657000000000281e+00
2.318144500000000116e+05 -7.916426999999999659e+00
2.318145250000000233e+05 -8.724674999999999514e+00
2.318146000000000058e+05 -8.936686999999999159e+00
2.318146750000000175e+05 -9.368009000000000697e+00
2.318147500000000000e+05 -9.484087999999999852e+00
2.318148250000000116e+05 -1.016719999999999935e+01
2.318149000000000233e+05 -9.184632999999999825e+00
2.318149750000000058e+05 -1.088929000000000080e+01
2.318150500000000175e+05 -1.166399999999999970e+01
2.318151250000000000e+05 -1.038655999999999935e+01
2.318152000000000116e+05 -1.121621999999999986e+01
2.318152750000000233e+05 -1.136269000000000062e+01
2.318153500000000058e+05 -1.166902999999999935e+01
2.318154250000000175e+05 -1.299070000000000036e+01
2.318155000000000000e+05 -1.147855000000000025e+01
2.318155750000000116e+05 -1.237276999999999916e+01
2.318156500000000233e+05 -1.317196000000000033e+01
2.318157250000000058e+05 -1.268646999999999991e+01
2.318158000000000175e+05 -1.224268000000000001e+01
2.318158750000000000e+05 -1.412673000000000023e+01
2.318159500000000116e+05 -1.497321999999999953e+01
2.318160250000000233e+05 -1.353938999999999915e+01
2.318161000000000058e+05 -1.418671999999999933e+01
2.318161750000000175e+05 -1.481269999999999953e+01
2.318162500000000000e+05 -1.661339999999999861e+01
2.318163250000000116e+05 -1.413162999999999947e+01
2.318164000000000233e+05 -1.534656000000000020e+01
2.318164750000000058e+05 -1.658708000000000027e+01
2.318165500000000175e+05 -1.351604999999999990e+01
2.318166250000000000e+05 -1.507372999999999941e+01
2.318167000000000116e+05 -1.938751999999999853e+01
2.318167750000000233e+05 -1.409235999999999933e+01
2.318168500000000058e+05 -1.563057000000000052e+01
2.318169250000000175e+05 -2.218649999999999878e+01
2.318170000000000000e+05 -1.458219000000000065e+01
2.318170750000000116e+05 -1.594835999999999920e+01
2.318171500000000233e+05 -2.146461000000000041e+01
2.318172250000000058e+05 -1.655402000000000129e+01
2.318173000000000175e+05 -1.908578999999999937e+01
2.318173750000000000e+05 -1.973085000000000022e+01
2.318174500000000116e+05 -1.721424999999999983e+01
2.318175250000000233e+05 -1.950328000000000017e+01
2.318176000000000058e+05 -1.909581000000000017e+01
2.318176750000000175e+05 -1.856242999999999910e+01
2.318177500000000000e+05 -2.764474999999999838e+01
2.318178250000000116e+05 -1.634776000000000096e+01
2.318179000000000233e+05 -2.060014999999999930e+01
2.318179750000000058e+05 -2.098535000000000039e+01
2.318180500000000175e+05 -1.799645999999999901e+01
2.318181250000000000e+05 -2.761198999999999870e+01
2.318182000000000116e+05 -1.722237000000000151e+01
2.318182750000000233e+05 -2.020271999999999935e+01
2.318183500000000058e+05 -1.967434000000000083e+01
2.318184250000000175e+05 -1.984312999999999860e+01
2.318185000000000000e+05 -2.660464999999999947e+01
2.318185750000000116e+05 -1.870634000000000086e+01
2.318186500000000233e+05 -3.617199999999999704e+01
2.318187250000000058e+05 -1.810996000000000095e+01
2.318188000000000175e+05 -2.616097999999999857e+01
2.318188750000000000e+05 -1.946561000000000163e+01
2.318189500000000116e+05 -2.282043000000000177e+01
2.318190250000000233e+05 -2.438608999999999938e+01
2.318191000000000058e+05 -2.375365000000000038e+01
2.318191750000000175e+05 -2.367266000000000048e+01
2.318192500000000000e+05 -2.167362999999999928e+01
2.318193250000000116e+05 -2.797943000000000069e+01
2.318194000000000233e+05 -1.896061999999999870e+01
2.318194750000000058e+05 -2.745732999999999890e+01
2.318195500000000175e+05 -2.062791999999999959e+01
2.318196250000000000e+05 -2.384891999999999967e+01
2.318197000000000116e+05 -2.109991000000000128e+01
2.318197750000000233e+05 -2.662616999999999834e+01
2.318198500000000058e+05 -2.044703000000000159e+01
2.318199250000000175e+05 -2.856643000000000043e+01
2.318200000000000000e+05 -1.863898999999999972e+01
2.318200750000000116e+05 -2.934816999999999965e+01
2.318201500000000233e+05 -2.080599000000000132e+01
2.318202250000000058e+05 -2.518411000000000044e+01
2.318203000000000175e+05 -2.230431000000000097e+01
2.318203750000000000e+05 -2.311132999999999882e+01
2.318204500000000116e+05 -2.231372000000000000e+01
2.318205250000000233e+05 -2.299866000000000099e+01
2.318206000000000058e+05 -2.870400000000000063e+01
2.318206750000000175e+05 -1.967166999999999888e+01
2.318207500000000000e+05 -3.630550000000000210e+01
2.318208250000000116e+05 -2.030436999999999870e+01
2.318209000000000233e+05 -2.423588000000000164e+01
2.318209750000000058e+05 -2.249204999999999899e+01
2.318210500000000175e+05 -2.586752999999999858e+01
2.318211250000000000e+05 -2.512893000000000043e+01
2.318212000000000116e+05 -2.207618000000000080e+01
2.318212750000000233e+05 -2.544527000000000072e+01
2.318213500000000058e+05 -2.398526999999999987e+01
2.318214250000000175e+05 -2.724370000000000047e+01
2.318215000000000000e+05 -2.471625999999999834e+01
2.318215750000000116e+05 -2.259168999999999983e+01
2.318216500000000233e+05 -2.539977999999999980e+01
2.318217250000000058e+05 -2.512624999999999886e+01
2.318218000000000175e+05 -2.475328000000000017e+01
2.318218750000000000e+05 -2.541608000000000089e+01
2.318219500000000116e+05 -2.265906999999999982e+01
2.318220250000000233e+05 -2.526380999999999943e+01
2.318221000000000058e+05 -2.630345000000000155e+01
2.318221750000000175e+05 -2.198257999999999868e+01
2.318222500000000000e+05 -2.695936000000000021e+01
2.318223250000000116e+05 -2.684114999999999895e+01
2.318224000000000233e+05 -2.267543999999999826e+01
2.318224750000000058e+05 -2.590736000000000061e+01
2.318225500000000175e+05 -2.696015999999999835e+01
2.318226250000000000e+05 -2.244149000000000171e+01
2.318227000000000116e+05 -3.015170000000000172e+01
2.318227750000000233e+05 -2.283530000000000015e+01
2.318228500000000058e+05 -2.362400999999999840e+01
2.318229250000000175e+05 -2.309691000000000116e+01
2.318230000000000000e+05 -2.715903000000000134e+01
2.318230750000000116e+05 -2.509620999999999924e+01
2.318231500000000233e+05 -2.633878999999999948e+01
2.318232250000000058e+05 -2.141430000000000078e+01
2.318233000000000175e+05 -2.180721000000000132e+01
2.318233750000000000e+05 -2.431569999999999965e+01
2.318234500000000116e+05 -2.406626999999999938e+01
2.318235250000000233e+05 -2.478866000000000014e+01
2.318236000000000058e+05 -2.712603999999999971e+01
2.318236750000000175e+05 -2.705948000000000064e+01
2.318237500000000000e+05 -2.728425999999999974e+01
2.318238250000000116e+05 -2.154767999999999972e+01
2.318239000000000233e+05 -2.176383999999999830e+01
2.318239750000000058e+05 -2.445949999999999847e+01
2.318240500000000175e+05 -2.288691999999999993e+01
2.318241250000000000e+05 -2.871881000000000128e+01
2.318242000000000116e+05 -2.445817999999999870e+01
2.318242750000000233e+05 -2.782536999999999949e+01
2.318243500000000058e+05 -2.282479000000000013e+01
2.318244250000000175e+05 -2.255673000000000172e+01
2.318245000000000000e+05 -2.661349999999999838e+01
2.318245750000000116e+05 -2.508417000000000030e+01
2.318246500000000233e+05 -2.452526999999999902e+01
2.318247250000000058e+05 -2.973660999999999888e+01
2.318248000000000175e+05 -2.284832000000000107e+01
2.318248750000000000e+05 -2.278081999999999852e+01
2.318249500000000116e+05 -2.303659999999999997e+01
2.318250250000000233e+05 -3.111183000000000121e+01
2.318251000000000058e+05 -2.452789999999999893e+01
2.318251750000000175e+05 -2.496780000000000044e+01
2.318252500000000000e+05 -2.386698000000000164e+01
2.318253250000000116e+05 -2.698980999999999852e+01
2.318254000000000233e+05 -2.193603999999999843e+01
2.318254750000000058e+05 -2.569788000000000139e+01
2.318255500000000175e+05 -2.271350999999999942e+01
2.318256250000000000e+05 -2.687975000000000136e+01
2.318257000000000116e+05 -2.199124000000000123e+01
2.318257750000000233e+05 -2.607339999999999947e+01
2.318258500000000058e+05 -2.186635000000000062e+01
2.318259250000000175e+05 -2.330071999999999832e+01
2.318260000000000000e+05 -2.533136999999999972e+01
2.318260750000000116e+05 -2.359196999999999989e+01
2.318261500000000233e+05 -2.445758000000000010e+01
2.318262250000000058e+05 -2.637678999999999974e+01
2.318263000000000175e+05 -2.657498000000000005e+01
2.318263750000000000e+05 -2.546413000000000082e+01
2.318264500000000116e+05 -2.550243000000000038e+01
2.318265250000000233e+05 -2.751535000000000153e+01
2.318266000000000058e+05 -2.271915999999999869e+01
2.318266750000000175e+05 -2.385919000000000167e+01
2.318267500000000000e+05 -2.096803999999999846e+01
2.318268250000000116e+05 -2.335885999999999996e+01
