# Temperature: None K
2.317391499999999942e+05 -2.162919000000000125e+01
2.317392250000000058e+05 -1.942520999999999987e+01
2.317392999999999884e+05 -1.997338999999999842e+01
2.317393750000000000e+05 -2.133292000000000144e+01
2.317394499999999825e+05 -1.880000000000000071e+01
2.317395249999999942e+05 -2.019763000000000019e+01
2.317396000000000058e+05 -2.171365000000000123e+01
2.317396749999999884e+05 -2.031137000000000015e+01
2.317397500000000000e+05 -2.082527999999999935e+01
2.317398249999999825e+05 -1.740831000000000017e+01
2.317398999999999942e+05 -1.748386999999999958e+01
2.317399750000000058e+05 -1.868358999999999881e+01
2.317400499999999884e+05 -1.983277999999999963e+01
2.317401250000000000e+05 -2.020101999999999975e+01
2.317401999999999825e+05 -1.698661999999999850e+01
2.317402749999999942e+05 -1.938524999999999920e+01
2.317403500000000058e+05 -1.986619999999999919e+01
2.317404249999999884e+05 -2.084676999999999936e+01
2.317405000000000000e+05 -1.972137000000000029e+01
2.317405749999999825e+05 -2.085664999999999836e+01
2.317406499999999942e+05 -1.680274000000000001e+01
2.317407250000000058e+05 -2.109213000000000093e+01
2.317407999999999884e+05 -1.882762999999999920e+01
2.317408750000000000e+05 -1.763956999999999908e+01
2.317409499999999825e+05 -1.981182000000000087e+01
2.317410249999999942e+05 -2.042971000000000004e+01
2.317411000000000058e+05 -1.823741000000000057e+01
2.317411749999999884e+05 -1.818713999999999942e+01
2.317412500000000000e+05 -1.960605999999999938e+01
2.317413249999999825e+05 -2.195332000000000150e+01
2.317413999999999942e+05 -2.036792000000000158e+01
2.317414750000000058e+05 -1.895746000000000109e+01
2.317415499999999884e+05 -1.952130999999999972e+01
2.317416250000000000e+05 -1.837419999999999831e+01
2.317416999999999825e+05 -2.141688999999999865e+01
2.317417749999999942e+05 -1.893085999999999913e+01
2.317418500000000058e+05 -1.942261999999999844e+01
2.317419249999999884e+05 -2.015794999999999959e+01
2.317420000000000000e+05 -2.040655999999999892e+01
2.317420749999999825e+05 -1.826727999999999952e+01
2.317421499999999942e+05 -2.045365999999999929e+01
2.317422250000000058e+05 -1.870161999999999836e+01
2.317422999999999884e+05 -2.234860000000000113e+01
2.317423750000000000e+05 -1.818349999999999866e+01
2.317424499999999825e+05 -1.890996000000000166e+01
2.317425249999999942e+05 -2.134141999999999939e+01
2.317426000000000058e+05 -1.889441000000000059e+01
2.317426749999999884e+05 -1.876661000000000001e+01
2.317427500000000000e+05 -1.998611999999999966e+01
2.317428249999999825e+05 -2.236918000000000006e+01
2.317428999999999942e+05 -1.947503999999999991e+01
2.317429750000000058e+05 -2.157208999999999932e+01
2.317430499999999884e+05 -1.927835999999999927e+01
2.317431250000000000e+05 -1.772134000000000142e+01
2.317431999999999825e+05 -1.702827999999999875e+01
2.317432749999999942e+05 -1.994153999999999982e+01
2.317433500000000058e+05 -1.968334000000000117e+01
2.317434249999999884e+05 -1.775407999999999831e+01
2.317435000000000000e+05 -1.839508000000000010e+01
2.317435749999999825e+05 -1.997507999999999839e+01
2.317436499999999942e+05 -1.778225000000000122e+01
2.317437250000000058e+05 -1.919699999999999918e+01
2.317437999999999884e+05 -1.901154000000000011e+01
2.317438750000000000e+05 -1.890130999999999872e+01
2.317439499999999825e+05 -1.956102999999999881e+01
2.317440249999999942e+05 -1.734143999999999863e+01
2.317441000000000058e+05 -1.976537000000000077e+01
2.317441749999999884e+05 -2.161948999999999899e+01
2.317442500000000000e+05 -1.904009999999999891e+01
2.317443249999999825e+05 -2.073611999999999966e+01
2.317443999999999942e+05 -1.790045999999999893e+01
2.317444750000000058e+05 -2.125350999999999857e+01
2.317445499999999884e+05 -2.277504000000000062e+01
2.317446250000000000e+05 -1.835024999999999906e+01
2.317446999999999825e+05 -1.983552999999999855e+01
2.317447749999999942e+05 -1.832327000000000083e+01
2.317448500000000058e+05 -1.686479999999999890e+01
2.317449249999999884e+05 -1.821221999999999852e+01
2.317450000000000000e+05 -1.917298999999999864e+01
2.317450749999999825e+05 -1.719198000000000093e+01
2.317451499999999942e+05 -1.910054999999999836e+01
2.317452250000000058e+05 -2.025713000000000008e+01
2.317452999999999884e+05 -1.948541000000000167e+01
2.317453750000000000e+05 -1.941518999999999906e+01
2.317454499999999825e+05 -1.739119000000000170e+01
2.317455249999999942e+05 -1.859177999999999997e+01
2.317456000000000058e+05 -1.750409000000000148e+01
2.317456749999999884e+05 -1.660878999999999905e+01
2.317457500000000000e+05 -2.185340000000000060e+01
2.317458249999999825e+05 -2.080716999999999928e+01
2.317458999999999942e+05 -1.633123000000000147e+01
2.317459750000000058e+05 -1.785529000000000011e+01
2.317460499999999884e+05 -1.890799000000000163e+01
2.317461250000000000e+05 -1.818713999999999942e+01
2.317461999999999825e+05 -1.697903000000000162e+01
2.317462749999999942e+05 -1.778259999999999863e+01
2.317463500000000058e+05 -2.141184000000000154e+01
2.317464249999999884e+05 -1.836695999999999884e+01
2.317465000000000000e+05 -1.877673000000000059e+01
2.317465749999999825e+05 -1.745582999999999885e+01
2.317466499999999942e+05 -1.607538999999999874e+01
2.317467250000000058e+05 -1.933873000000000175e+01
2.317467999999999884e+05 -1.889602000000000004e+01
2.317468750000000000e+05 -1.724832999999999927e+01
2.317469499999999825e+05 -1.793806000000000012e+01
2.317470249999999942e+05 -1.928604999999999947e+01
2.317471000000000058e+05 -1.850041999999999831e+01
2.317471749999999884e+05 -1.859333000000000169e+01
2.317472500000000000e+05 -1.843168999999999969e+01
2.317473249999999825e+05 -1.858523999999999887e+01
2.317473999999999942e+05 -1.845339999999999847e+01
2.317474750000000058e+05 -1.782088999999999857e+01
2.317475499999999884e+05 -1.638690000000000069e+01
2.317476250000000000e+05 -1.732307000000000130e+01
2.317476999999999825e+05 -1.666662000000000177e+01
2.317477749999999942e+05 -1.838072000000000017e+01
2.317478500000000058e+05 -1.650646000000000058e+01
2.317479249999999884e+05 -1.876399999999999935e+01
2.317480000000000000e+05 -1.721861000000000175e+01
2.317480749999999825e+05 -1.723458000000000112e+01
2.317481499999999942e+05 -1.858050000000000068e+01
2.317482250000000058e+05 -1.702264999999999873e+01
2.317482999999999884e+05 -1.611803000000000097e+01
2.317483750000000000e+05 -1.711475000000000080e+01
2.317484499999999825e+05 -1.750512000000000157e+01
2.317485249999999942e+05 -1.664568999999999832e+01
2.317486000000000058e+05 -1.884825000000000017e+01
2.317486749999999884e+05 -1.758527000000000129e+01
2.317487500000000000e+05 -1.693171999999999855e+01
2.317488249999999825e+05 -1.836535999999999902e+01
2.317488999999999942e+05 -1.746694000000000102e+01
2.317489750000000058e+05 -1.670232999999999990e+01
2.317490499999999884e+05 -1.851905999999999963e+01
2.317491250000000000e+05 -1.660942999999999969e+01
2.317491999999999825e+05 -1.691600999999999999e+01
2.317492749999999942e+05 -1.939232000000000156e+01
2.317493500000000058e+05 -1.896831999999999852e+01
2.317494249999999884e+05 -1.637295999999999907e+01
2.317495000000000000e+05 -1.818086999999999875e+01
2.317495749999999825e+05 -1.699490000000000123e+01
2.317496499999999942e+05 -1.833925999999999945e+01
2.317497250000000058e+05 -1.832238999999999862e+01
2.317497999999999884e+05 -1.623053000000000168e+01
2.317498750000000000e+05 -1.871381999999999834e+01
2.317499499999999825e+05 -1.688557000000000130e+01
2.317500249999999942e+05 -1.529271999999999920e+01
2.317501000000000058e+05 -1.584079000000000015e+01
2.317501749999999884e+05 -1.623064000000000107e+01
2.317502500000000000e+05 -1.672550000000000026e+01
2.317503249999999825e+05 -1.631035999999999930e+01
2.317503999999999942e+05 -1.557132000000000005e+01
2.317504750000000058e+05 -1.557396999999999920e+01
2.317505499999999884e+05 -1.664264000000000010e+01
2.317506250000000000e+05 -1.840293000000000134e+01
2.317506999999999825e+05 -1.404542999999999964e+01
2.317507749999999942e+05 -1.486641000000000012e+01
2.317508500000000058e+05 -1.528453000000000017e+01
2.317509249999999884e+05 -1.678280000000000172e+01
2.317510000000000000e+05 -1.524558999999999997e+01
2.317510749999999825e+05 -1.593061999999999934e+01
2.317511499999999942e+05 -1.286716000000000015e+01
2.317512250000000058e+05 -1.362505999999999950e+01
2.317512999999999884e+05 -1.530702999999999925e+01
2.317513750000000000e+05 -1.595223000000000013e+01
2.317514499999999825e+05 -1.497752999999999979e+01
2.317515249999999942e+05 -1.501402999999999999e+01
2.317516000000000058e+05 -1.505904999999999916e+01
2.317516749999999884e+05 -1.568636000000000053e+01
2.317517500000000000e+05 -1.461534999999999940e+01
2.317518249999999825e+05 -1.369547000000000025e+01
2.317518999999999942e+05 -1.368770999999999916e+01
2.317519750000000058e+05 -1.420669000000000004e+01
2.317520499999999884e+05 -1.509342999999999968e+01
2.317521250000000000e+05 -1.243392000000000053e+01
2.317521999999999825e+05 -1.458446999999999960e+01
2.317522749999999942e+05 -1.331592000000000020e+01
2.317523500000000058e+05 -1.472217999999999982e+01
2.317524249999999884e+05 -1.322757999999999967e+01
2.317525000000000000e+05 -1.440375000000000050e+01
2.317525749999999825e+05 -1.420697000000000010e+01
2.317526499999999942e+05 -1.455424000000000007e+01
2.317527250000000058e+05 -1.461591999999999913e+01
2.317527999999999884e+05 -1.389048000000000016e+01
2.317528750000000000e+05 -1.348293999999999926e+01
2.317529499999999825e+05 -1.338583000000000034e+01
2.317530249999999942e+05 -1.243923999999999985e+01
2.317531000000000058e+05 -1.273226000000000013e+01
2.317531749999999884e+05 -1.241620999999999952e+01
2.317532500000000000e+05 -1.200901999999999958e+01
2.317533249999999825e+05 -1.208449000000000062e+01
2.317533999999999942e+05 -1.122265999999999941e+01
2.317534750000000058e+05 -1.155657000000000068e+01
2.317535499999999884e+05 -1.141470999999999947e+01
2.317536250000000000e+05 -1.110879000000000083e+01
2.317536999999999825e+05 -1.184623999999999988e+01
2.317537749999999942e+05 -1.126323000000000008e+01
2.317538500000000058e+05 -1.017642999999999986e+01
2.317539249999999884e+05 -1.189212999999999987e+01
2.317540000000000000e+05 -1.111832000000000065e+01
2.317540749999999825e+05 -1.028599999999999959e+01
2.317541499999999942e+05 -1.066198999999999941e+01
2.317542250000000058e+05 -1.037154999999999916e+01
2.317542999999999884e+05 -1.041460999999999970e+01
2.317543750000000000e+05 -1.085839999999999961e+01
2.317544499999999825e+05 -9.737804999999999822e+00
2.317545249999999942e+05 -1.068862000000000023e+01
2.317546000000000058e+05 -1.027861000000000047e+01
2.317546749999999884e+05 -1.163480000000000025e+01
2.317547500000000000e+05 -1.251387000000000072e+01
2.317548249999999825e+05 -1.168652999999999942e+01
2.317548999999999942e+05 -1.184656000000000020e+01
2.317549750000000058e+05 -1.344876999999999967e+01
2.317550499999999884e+05 -1.333088000000000051e+01
2.317551250000000000e+05 -1.478611000000000075e+01
2.317551999999999825e+05 -1.346108000000000082e+01
2.317552749999999942e+05 -1.722694999999999865e+01
2.317553500000000058e+05 -1.590987999999999936e+01
2.317554249999999884e+05 -1.703256000000000014e+01
2.317555000000000000e+05 -1.794923000000000002e+01
2.317555749999999825e+05 -1.886674000000000007e+01
2.317556499999999942e+05 -2.032438000000000144e+01
2.317557250000000058e+05 -1.966019999999999968e+01
2.317557999999999884e+05 -2.047128999999999976e+01
2.317558750000000000e+05 -2.136494000000000071e+01
2.317559499999999825e+05 -2.724173000000000044e+01
2.317560249999999942e+05 -3.199784000000000006e+01
2.317561000000000058e+05 -2.095925000000000082e+01
2.317561749999999884e+05 -2.268830000000000169e+01
2.317562500000000000e+05 -2.747325999999999979e+01
2.317563249999999825e+05 -2.160632000000000019e+01
2.317563999999999942e+05 -3.259828999999999866e+01
2.317564750000000058e+05 -2.456087000000000131e+01
2.317565499999999884e+05 -2.952005000000000123e+01
2.317566250000000000e+05 -3.353367000000000075e+01
2.317566999999999825e+05 -3.061498999999999882e+01
2.317567749999999942e+05 -2.896665000000000134e+01
2.317568500000000058e+05 -3.259765999999999764e+01
2.317569249999999884e+05 -2.675301999999999936e+01
2.317570000000000000e+05 -3.197863999999999862e+01
2.317570749999999825e+05 -4.570345999999999975e+01
2.317571499999999942e+05 -3.576366000000000156e+01
2.317572250000000058e+05 -3.567452999999999719e+01
2.317572999999999884e+05 -2.731644000000000005e+01
2.317573750000000000e+05 -3.018421000000000021e+01
2.317574499999999825e+05 -3.666351999999999833e+01
2.317575249999999942e+05 -3.283465000000000344e+01
2.317576000000000058e+05 -3.579381000000000057e+01
2.317576749999999884e+05 -3.023842000000000141e+01
2.317577500000000000e+05 -3.435777000000000214e+01
2.317578249999999825e+05 -3.596401999999999788e+01
2.317578999999999942e+05 -3.037414000000000058e+01
2.317579750000000058e+05 -3.968444000000000216e+01
2.317580499999999884e+05 -3.273758999999999730e+01
2.317581250000000000e+05 -3.896797000000000111e+01
2.317581999999999825e+05 -2.724795999999999907e+01
2.317582749999999942e+05 -2.646968000000000032e+01
2.317583500000000058e+05 -2.874165999999999954e+01
2.317584249999999884e+05 -3.942670999999999992e+01
2.317585000000000000e+05 -2.753954999999999842e+01
2.317585749999999825e+05 -3.871484999999999843e+01
2.317586499999999942e+05 -3.351113000000000142e+01
2.317587250000000058e+05 -3.418948999999999927e+01
2.317587999999999884e+05 -2.924149999999999849e+01
2.317588750000000000e+05 -2.908156999999999925e+01
2.317589499999999825e+05 -2.409069999999999823e+01
2.317590249999999942e+05 -3.149888999999999939e+01
2.317591000000000058e+05 -3.047419000000000011e+01
2.317591749999999884e+05 -2.902240000000000109e+01
2.317592500000000000e+05 -3.652176000000000045e+01
2.317593249999999825e+05 -2.484083000000000041e+01
2.317593999999999942e+05 -3.236225999999999914e+01
2.317594750000000058e+05 -4.740679999999999694e+01
2.317595499999999884e+05 -2.860414000000000101e+01
2.317596250000000000e+05 -2.891728000000000165e+01
2.317596999999999825e+05 -2.585063999999999851e+01
2.317597749999999942e+05 -2.584371000000000151e+01
2.317598500000000058e+05 -2.993887000000000143e+01
2.317599249999999884e+05 -3.439479999999999649e+01
2.317600000000000000e+05 -3.020621999999999829e+01
2.317600749999999825e+05 -2.630328000000000088e+01
2.317601499999999942e+05 -2.622492000000000090e+01
2.317602250000000058e+05 -2.444975000000000165e+01
2.317602999999999884e+05 -2.590417000000000058e+01
2.317603750000000000e+05 -2.953093000000000146e+01
2.317604499999999825e+05 -2.678884000000000043e+01
2.317605249999999942e+05 -2.810328000000000159e+01
2.317606000000000058e+05 -2.600122000000000000e+01
2.317606749999999884e+05 -2.774943999999999988e+01
2.317607500000000000e+05 -2.339095999999999975e+01
2.317608249999999825e+05 -2.804130999999999929e+01
2.317608999999999942e+05 -3.771305999999999869e+01
2.317609750000000058e+05 -2.590559000000000012e+01
2.317610499999999884e+05 -2.380837000000000003e+01
2.317611250000000000e+05 -2.869568999999999903e+01
2.317611999999999825e+05 -2.957940999999999931e+01
2.317612749999999942e+05 -2.332284999999999897e+01
2.317613500000000058e+05 -2.312372999999999834e+01
2.317614249999999884e+05 -2.301433000000000106e+01
2.317615000000000000e+05 -3.494617000000000218e+01
2.317615749999999825e+05 -2.448844000000000065e+01
2.317616499999999942e+05 -2.691640999999999906e+01
2.317617250000000058e+05 -2.441006000000000142e+01
2.317617999999999884e+05 -2.632443999999999917e+01
2.317618750000000000e+05 -2.649391999999999925e+01
2.317619499999999825e+05 -2.736830000000000140e+01
2.317620249999999942e+05 -2.678686000000000078e+01
2.317621000000000058e+05 -2.631709000000000032e+01
2.317621749999999884e+05 -2.315239000000000047e+01
2.317622500000000000e+05 -2.210116999999999976e+01
2.317623249999999825e+05 -2.661362000000000094e+01
2.317623999999999942e+05 -2.612276999999999916e+01
2.317624750000000058e+05 -2.590890999999999877e+01
2.317625499999999884e+05 -2.535517000000000110e+01
2.317626250000000000e+05 -2.870859000000000094e+01
2.317626999999999825e+05 -3.052148000000000039e+01
2.317627749999999942e+05 -2.239816000000000074e+01
2.317628500000000058e+05 -2.680279000000000167e+01
2.317629249999999884e+05 -2.405514000000000152e+01
2.317630000000000000e+05 -2.207789000000000001e+01
2.317630749999999825e+05 -2.540660000000000096e+01
2.317631499999999942e+05 -2.300684000000000040e+01
2.317632250000000058e+05 -2.641027000000000058e+01
2.317632999999999884e+05 -2.414686000000000021e+01
2.317633750000000000e+05 -2.612868999999999886e+01
2.317634499999999825e+05 -2.182022999999999868e+01
2.317635249999999942e+05 -2.597550999999999988e+01
2.317636000000000058e+05 -2.307674000000000092e+01
2.317636749999999884e+05 -2.739331999999999923e+01
2.317637500000000000e+05 -2.983631000000000100e+01
2.317638249999999825e+05 -2.364451000000000036e+01
2.317638999999999942e+05 -2.515352999999999994e+01
2.317639750000000058e+05 -2.231286000000000058e+01
2.317640499999999884e+05 -2.427299000000000007e+01
2.317641250000000000e+05 -2.458130999999999844e+01
2.317641999999999825e+05 -2.277693000000000012e+01
2.317642749999999942e+05 -2.132916000000000167e+01
2.317643500000000058e+05 -2.146664000000000172e+01
2.317644249999999884e+05 -2.259437000000000140e+01
2.317645000000000000e+05 -2.384652000000000172e+01
2.317645749999999825e+05 -2.517711999999999861e+01
2.317646499999999942e+05 -2.547891999999999868e+01
2.317647250000000058e+05 -2.897381999999999991e+01
2.317647999999999884e+05 -2.723507000000000033e+01
2.317648750000000000e+05 -2.427164000000000144e+01
2.317649499999999825e+05 -2.309045000000000059e+01
2.317650249999999942e+05 -2.133981999999999957e+01
2.317651000000000058e+05 -2.599364999999999881e+01
2.317651749999999884e+05 -2.462371999999999872e+01
2.317652500000000000e+05 -2.589029999999999987e+01
2.317653249999999825e+05 -2.402725999999999829e+01
2.317653999999999942e+05 -2.645620999999999867e+01
2.317654750000000058e+05 -2.427599999999999980e+01
2.317655499999999884e+05 -3.055839999999999890e+01
2.317656250000000000e+05 -2.839976000000000056e+01
2.317656999999999825e+05 -2.576568999999999932e+01
2.317657749999999942e+05 -2.300327000000000055e+01
2.317658500000000058e+05 -2.783953999999999951e+01
2.317659249999999884e+05 -2.380779000000000067e+01
2.317660000000000000e+05 -2.080828999999999951e+01
2.317660749999999825e+05 -2.359530000000000172e+01
2.317661499999999942e+05 -2.491477000000000075e+01
2.317662250000000058e+05 -2.292165999999999926e+01
2.317662999999999884e+05 -2.231812000000000040e+01
2.317663750000000000e+05 -2.036004000000000147e+01
2.317664499999999825e+05 -2.504686999999999841e+01
2.317665249999999942e+05 -2.045588000000000051e+01
2.317666000000000058e+05 -2.264751000000000047e+01
2.317666749999999884e+05 -2.622644000000000020e+01
2.317667500000000000e+05 -2.155319000000000074e+01
2.317668249999999825e+05 -2.410311000000000092e+01
2.317668999999999942e+05 -2.279681000000000068e+01
2.317669750000000058e+05 -2.210961999999999961e+01
2.317670499999999884e+05 -2.190952000000000055e+01
2.317671250000000000e+05 -2.461675999999999931e+01
2.317671999999999825e+05 -2.279613000000000156e+01
2.317672749999999942e+05 -2.091787000000000063e+01
2.317673500000000058e+05 -2.234226999999999919e+01
2.317674249999999884e+05 -2.217913000000000068e+01
2.317675000000000000e+05 -2.457133999999999929e+01
2.317675749999999825e+05 -2.342494999999999905e+01
2.317676499999999942e+05 -2.293128000000000100e+01
2.317677250000000058e+05 -2.420266000000000162e+01
2.317677999999999884e+05 -2.740373999999999910e+01
2.317678750000000000e+05 -2.461648999999999887e+01
2.317679499999999825e+05 -2.339391000000000176e+01
2.317680249999999942e+05 -2.289373000000000147e+01
2.317681000000000058e+05 -2.165981000000000023e+01
2.317681749999999884e+05 -2.319475999999999871e+01
2.317682500000000000e+05 -2.152978999999999843e+01
2.317683249999999825e+05 -2.195189999999999841e+01
2.317683999999999942e+05 -2.851153000000000048e+01
2.317684750000000058e+05 -2.588976999999999862e+01
2.317685499999999884e+05 -2.241088999999999842e+01
2.317686250000000000e+05 -2.359617000000000075e+01
2.317686999999999825e+05 -2.397904000000000124e+01
2.317687749999999942e+05 -2.493835999999999942e+01
2.317688500000000058e+05 -2.438404999999999845e+01
2.317689249999999884e+05 -1.901821999999999946e+01
2.317690000000000000e+05 -1.992397000000000062e+01
2.317690749999999825e+05 -2.439516000000000062e+01
2.317691499999999942e+05 -2.666629000000000005e+01
