# Temperature: None K
2.317981749999999884e+05 -2.059330999999999889e+01
2.317982500000000000e+05 -2.168856999999999857e+01
2.317983249999999825e+05 -1.830707999999999913e+01
2.317983999999999942e+05 -1.623138000000000147e+01
2.317984749999999767e+05 -1.791052000000000177e+01
2.317985499999999884e+05 -1.980648000000000053e+01
2.317986250000000000e+05 -2.525844000000000023e+01
2.317986999999999825e+05 -1.843994999999999962e+01
2.317987749999999942e+05 -1.874018999999999835e+01
2.317988499999999767e+05 -1.824264000000000152e+01
2.317989249999999884e+05 -1.916132999999999953e+01
2.317990000000000000e+05 -2.079672000000000054e+01
2.317990749999999825e+05 -1.996634999999999849e+01
2.317991499999999942e+05 -1.906120999999999910e+01
2.317992249999999767e+05 -1.865635999999999939e+01
2.317992999999999884e+05 -1.943253999999999948e+01
2.317993750000000000e+05 -1.913927999999999940e+01
2.317994499999999825e+05 -1.811652000000000129e+01
2.317995249999999942e+05 -1.706358000000000175e+01
2.317995999999999767e+05 -2.405101000000000155e+01
2.317996749999999884e+05 -2.219613999999999976e+01
2.317997500000000000e+05 -1.745407000000000153e+01
2.317998249999999825e+05 -1.985838000000000036e+01
2.317998999999999942e+05 -2.089181999999999917e+01
2.317999749999999767e+05 -1.775750000000000028e+01
2.318000499999999884e+05 -2.006771000000000171e+01
2.318001250000000000e+05 -2.189041999999999888e+01
2.318001999999999825e+05 -1.771061999999999870e+01
2.318002749999999942e+05 -2.040983999999999909e+01
2.318003499999999767e+05 -1.866669999999999874e+01
2.318004249999999884e+05 -2.263957999999999871e+01
2.318005000000000000e+05 -1.989057999999999993e+01
2.318005749999999825e+05 -1.817012000000000072e+01
2.318006499999999942e+05 -2.127972000000000108e+01
2.318007249999999767e+05 -2.096261000000000152e+01
2.318007999999999884e+05 -1.931689000000000078e+01
2.318008750000000000e+05 -2.189422000000000068e+01
2.318009499999999825e+05 -2.088831000000000060e+01
2.318010249999999942e+05 -1.967934999999999945e+01
2.318010999999999767e+05 -1.800277000000000172e+01
2.318011749999999884e+05 -2.029229000000000127e+01
2.318012500000000000e+05 -1.815980000000000061e+01
2.318013249999999825e+05 -2.320414999999999850e+01
2.318013999999999942e+05 -2.066919000000000040e+01
2.318014749999999767e+05 -1.991413000000000011e+01
2.318015499999999884e+05 -1.878654999999999831e+01
2.318016250000000000e+05 -1.895949999999999847e+01
2.318016999999999825e+05 -1.836081000000000074e+01
2.318017749999999942e+05 -2.084431999999999974e+01
2.318018499999999767e+05 -1.808964999999999890e+01
2.318019249999999884e+05 -2.332473999999999847e+01
2.318020000000000000e+05 -2.040583000000000169e+01
2.318020749999999825e+05 -1.733823999999999899e+01
2.318021499999999942e+05 -1.921472999999999942e+01
2.318022249999999767e+05 -1.691075999999999979e+01
2.318022999999999884e+05 -2.022253999999999863e+01
2.318023750000000000e+05 -2.013416000000000139e+01
2.318024499999999825e+05 -1.874481000000000108e+01
2.318025249999999942e+05 -1.740649000000000157e+01
2.318025999999999767e+05 -1.851782000000000039e+01
2.318026749999999884e+05 -1.798180999999999941e+01
2.318027500000000000e+05 -1.946884999999999977e+01
2.318028249999999825e+05 -1.944669999999999987e+01
2.318028999999999942e+05 -1.836095999999999862e+01
2.318029749999999767e+05 -2.019003999999999976e+01
2.318030499999999884e+05 -1.636422999999999917e+01
2.318031250000000000e+05 -1.840295000000000059e+01
2.318031999999999825e+05 -2.080712000000000117e+01
2.318032749999999942e+05 -1.820364999999999966e+01
2.318033499999999767e+05 -1.787499000000000038e+01
2.318034249999999884e+05 -1.869003000000000014e+01
2.318035000000000000e+05 -1.915664999999999907e+01
2.318035749999999825e+05 -1.983841999999999928e+01
2.318036499999999942e+05 -1.935697000000000045e+01
2.318037249999999767e+05 -1.781309999999999860e+01
2.318037999999999884e+05 -1.976736000000000004e+01
2.318038750000000000e+05 -1.932479000000000013e+01
2.318039499999999825e+05 -1.990018999999999849e+01
2.318040249999999942e+05 -1.649945999999999913e+01
2.318040999999999767e+05 -2.217239000000000004e+01
2.318041749999999884e+05 -1.771394000000000091e+01
2.318042500000000000e+05 -1.976040000000000063e+01
2.318043249999999825e+05 -1.902458999999999989e+01
2.318043999999999942e+05 -1.870925000000000082e+01
2.318044749999999767e+05 -1.738801000000000130e+01
2.318045499999999884e+05 -1.916477000000000075e+01
2.318046250000000000e+05 -1.969033999999999907e+01
2.318046999999999825e+05 -1.934483000000000175e+01
2.318047749999999942e+05 -1.905303999999999931e+01
2.318048499999999767e+05 -1.580324000000000062e+01
2.318049249999999884e+05 -1.867567999999999984e+01
2.318050000000000000e+05 -1.648667999999999978e+01
2.318050749999999825e+05 -1.776774999999999949e+01
2.318051499999999942e+05 -1.864276999999999873e+01
2.318052249999999767e+05 -1.915446999999999989e+01
2.318052999999999884e+05 -1.833404000000000167e+01
2.318053750000000000e+05 -1.830257999999999896e+01
2.318054499999999825e+05 -1.892438999999999893e+01
2.318055249999999942e+05 -1.998734999999999928e+01
2.318055999999999767e+05 -1.876229000000000013e+01
2.318056749999999884e+05 -1.726219000000000037e+01
2.318057500000000000e+05 -1.661204999999999998e+01
2.318058249999999825e+05 -1.817503999999999920e+01
2.318058999999999942e+05 -1.821939000000000064e+01
2.318059749999999767e+05 -1.968635000000000090e+01
2.318060499999999884e+05 -1.753984000000000165e+01
2.318061250000000000e+05 -1.756917999999999935e+01
2.318061999999999825e+05 -1.752629999999999910e+01
2.318062749999999942e+05 -1.779542000000000002e+01
2.318063499999999767e+05 -1.773528999999999911e+01
2.318064249999999884e+05 -1.856178999999999846e+01
2.318065000000000000e+05 -1.625309999999999988e+01
2.318065749999999825e+05 -1.810069000000000017e+01
2.318066499999999942e+05 -1.965597999999999956e+01
2.318067249999999767e+05 -1.747657999999999845e+01
2.318067999999999884e+05 -1.775321999999999889e+01
2.318068750000000000e+05 -1.902093999999999951e+01
2.318069499999999825e+05 -1.731607999999999947e+01
2.318070249999999942e+05 -1.786411999999999978e+01
2.318070999999999767e+05 -1.778938000000000130e+01
2.318071749999999884e+05 -1.634008000000000038e+01
2.318072500000000000e+05 -1.626866000000000057e+01
2.318073249999999825e+05 -1.759704999999999941e+01
2.318073999999999942e+05 -1.839103000000000065e+01
2.318074749999999767e+05 -1.810728999999999900e+01
2.318075499999999884e+05 -1.712613999999999947e+01
2.318076250000000000e+05 -1.685367000000000104e+01
2.318076999999999825e+05 -1.601702999999999832e+01
2.318077749999999942e+05 -1.732008000000000081e+01
2.318078499999999767e+05 -1.730709999999999837e+01
2.318079249999999884e+05 -1.700357999999999947e+01
2.318080000000000000e+05 -1.676216000000000150e+01
2.318080749999999825e+05 -1.527163999999999966e+01
2.318081499999999942e+05 -1.606243999999999872e+01
2.318082249999999767e+05 -1.691685000000000016e+01
2.318082999999999884e+05 -1.634634000000000142e+01
2.318083750000000000e+05 -1.683559999999999945e+01
2.318084499999999825e+05 -1.598634000000000022e+01
2.318085249999999942e+05 -1.521959000000000017e+01
2.318085999999999767e+05 -1.661599999999999966e+01
2.318086749999999884e+05 -1.618513000000000090e+01
2.318087500000000000e+05 -1.585238999999999976e+01
2.318088249999999825e+05 -1.718418000000000134e+01
2.318088999999999942e+05 -1.688272999999999868e+01
2.318089749999999767e+05 -1.466760999999999981e+01
2.318090499999999884e+05 -1.549972999999999956e+01
2.318091250000000000e+05 -1.654506999999999906e+01
2.318091999999999825e+05 -1.478194000000000052e+01
2.318092749999999942e+05 -1.575139000000000067e+01
2.318093499999999767e+05 -1.615159999999999840e+01
2.318094249999999884e+05 -1.535737999999999914e+01
2.318095000000000000e+05 -1.649117999999999995e+01
2.318095749999999825e+05 -1.439780000000000015e+01
2.318096499999999942e+05 -1.383802999999999983e+01
2.318097249999999767e+05 -1.470456000000000074e+01
2.318097999999999884e+05 -1.438560000000000016e+01
2.318098750000000000e+05 -1.458577999999999975e+01
2.318099499999999825e+05 -1.511891999999999925e+01
2.318100249999999942e+05 -1.348084000000000060e+01
2.318100999999999767e+05 -1.364893000000000001e+01
2.318101749999999884e+05 -1.283864999999999945e+01
2.318102500000000000e+05 -1.331916000000000011e+01
2.318103249999999825e+05 -1.326407999999999987e+01
2.318103999999999942e+05 -1.235857000000000028e+01
2.318104749999999767e+05 -1.335708999999999946e+01
2.318105499999999884e+05 -1.370147000000000048e+01
2.318106250000000000e+05 -1.184792999999999985e+01
2.318106999999999825e+05 -1.210303000000000040e+01
2.318107749999999942e+05 -1.231783000000000072e+01
2.318108499999999767e+05 -1.180405999999999977e+01
2.318109249999999884e+05 -1.153013999999999939e+01
2.318110000000000000e+05 -1.134669000000000061e+01
2.318110749999999825e+05 -1.205373999999999945e+01
2.318111499999999942e+05 -1.048841999999999963e+01
2.318112249999999767e+05 -9.960340000000000416e+00
2.318112999999999884e+05 -1.053120000000000012e+01
2.318113750000000000e+05 -1.006589999999999918e+01
2.318114499999999825e+05 -1.070254000000000083e+01
2.318115249999999942e+05 -8.650370000000000559e+00
2.318115999999999767e+05 -8.200262999999999636e+00
2.318116749999999884e+05 -8.365759999999999863e+00
2.318117500000000000e+05 -8.088323000000000818e+00
2.318118249999999825e+05 -7.635448000000000235e+00
2.318118999999999942e+05 -6.614494999999999791e+00
2.318119749999999767e+05 -6.312134000000000356e+00
2.318120499999999884e+05 -6.087977000000000416e+00
2.318121250000000000e+05 -5.577969999999999651e+00
2.318121999999999825e+05 -4.516426000000000052e+00
2.318122749999999942e+05 -4.435857000000000383e+00
2.318123499999999767e+05 -2.937612000000000112e+00
2.318124249999999884e+05 -2.890394000000000130e+00
2.318125000000000000e+05 -2.174335000000000129e+00
2.318125749999999825e+05 -1.653343999999999925e+00
2.318126499999999942e+05 -1.135982999999999965e+00
2.318127249999999767e+05 -4.492365999999999859e-01
2.318127999999999884e+05 8.559100000000000041e-02
2.318128750000000000e+05 7.838813000000000031e-01
2.318129499999999825e+05 1.047887000000000013e+00
2.318130249999999942e+05 1.150414000000000048e+00
2.318130999999999767e+05 1.671585000000000099e+00
2.318131749999999884e+05 1.633016000000000023e+00
2.318132500000000000e+05 1.903834000000000026e+00
2.318133249999999825e+05 1.712914999999999965e+00
2.318133999999999942e+05 1.666816999999999993e+00
2.318134749999999767e+05 1.100870000000000015e+00
2.318135499999999884e+05 6.317585000000000006e-01
2.318136250000000000e+05 -2.840725000000000056e-01
2.318136999999999825e+05 -1.085328000000000070e+00
2.318137749999999942e+05 -2.007265999999999995e+00
2.318138499999999767e+05 -2.691841999999999846e+00
2.318139249999999884e+05 -2.996728000000000058e+00
2.318140000000000000e+05 -2.796440000000000037e+00
2.318140749999999825e+05 -2.631142000000000092e+00
2.318141499999999942e+05 -2.303443000000000129e+00
2.318142249999999767e+05 -2.089768999999999988e+00
2.318142999999999884e+05 -2.171905999999999892e+00
2.318143750000000000e+05 -2.431820999999999788e+00
2.318144499999999825e+05 -3.650714999999999932e+00
2.318145249999999942e+05 -4.487415000000000376e+00
2.318145999999999767e+05 -5.288253000000000092e+00
2.318146749999999884e+05 -4.568986999999999910e+00
2.318147500000000000e+05 -5.122456999999999816e+00
2.318148249999999825e+05 -4.160840999999999568e+00
2.318148999999999942e+05 -4.922075999999999674e+00
2.318149749999999767e+05 -4.682178000000000395e+00
2.318150499999999884e+05 -6.039133999999999780e+00
2.318151250000000000e+05 -6.374549000000000021e+00
2.318151999999999825e+05 -6.898236999999999952e+00
2.318152749999999942e+05 -6.943102999999999803e+00
2.318153499999999767e+05 -5.832362999999999964e+00
2.318154249999999884e+05 -6.286285000000000345e+00
2.318155000000000000e+05 -7.015557000000000265e+00
2.318155749999999825e+05 -8.309768999999999295e+00
2.318156499999999942e+05 -8.314424999999999955e+00
2.318157249999999767e+05 -8.118918000000000745e+00
2.318157999999999884e+05 -8.192375999999999436e+00
2.318158750000000000e+05 -8.156494999999999607e+00
2.318159499999999825e+05 -8.814527999999999253e+00
2.318160249999999942e+05 -9.230845999999999663e+00
2.318160999999999767e+05 -1.047700999999999993e+01
2.318161749999999884e+05 -9.659482000000000568e+00
2.318162500000000000e+05 -1.031168000000000085e+01
2.318163249999999825e+05 -9.555312000000000694e+00
2.318163999999999942e+05 -9.912186999999999415e+00
2.318164749999999767e+05 -1.012571999999999939e+01
2.318165499999999884e+05 -1.082132000000000005e+01
2.318166250000000000e+05 -1.127738000000000085e+01
2.318166999999999825e+05 -1.203069999999999951e+01
2.318167749999999942e+05 -1.276586999999999961e+01
2.318168499999999767e+05 -1.186857000000000006e+01
2.318169249999999884e+05 -1.086317000000000021e+01
2.318170000000000000e+05 -1.200619999999999976e+01
2.318170749999999825e+05 -1.321343000000000067e+01
2.318171499999999942e+05 -1.173292000000000002e+01
2.318172249999999767e+05 -1.223226999999999975e+01
2.318172999999999884e+05 -1.434572999999999965e+01
2.318173750000000000e+05 -1.564587000000000039e+01
2.318174499999999825e+05 -1.260027000000000008e+01
2.318175249999999942e+05 -1.293838000000000044e+01
2.318175999999999767e+05 -1.627017999999999986e+01
2.318176749999999884e+05 -1.338096999999999959e+01
2.318177500000000000e+05 -1.317385999999999946e+01
2.318178249999999825e+05 -1.719725999999999999e+01
2.318178999999999942e+05 -1.740231999999999957e+01
2.318179749999999767e+05 -1.445334000000000074e+01
2.318180499999999884e+05 -2.260669000000000040e+01
2.318181250000000000e+05 -1.690866000000000113e+01
2.318181999999999825e+05 -1.554959000000000024e+01
2.318182749999999942e+05 -1.998733999999999966e+01
2.318183499999999767e+05 -1.843009999999999948e+01
2.318184249999999884e+05 -1.812939000000000078e+01
2.318185000000000000e+05 -1.964435999999999893e+01
2.318185749999999825e+05 -1.915709999999999980e+01
2.318186499999999942e+05 -1.499478000000000044e+01
2.318187249999999767e+05 -2.282601000000000013e+01
2.318187999999999884e+05 -1.757717999999999847e+01
2.318188750000000000e+05 -1.953629000000000104e+01
2.318189499999999825e+05 -2.162180999999999997e+01
2.318190249999999942e+05 -1.741325000000000145e+01
2.318190999999999767e+05 -2.386109000000000080e+01
2.318191749999999884e+05 -2.129301999999999850e+01
2.318192500000000000e+05 -1.899120999999999881e+01
2.318193249999999825e+05 -2.499541999999999931e+01
2.318193999999999942e+05 -1.682742999999999967e+01
2.318194749999999767e+05 -2.189032999999999873e+01
2.318195499999999884e+05 -1.737912000000000035e+01
2.318196250000000000e+05 -1.840660000000000096e+01
2.318196999999999825e+05 -2.268429000000000073e+01
2.318197749999999942e+05 -1.810078999999999994e+01
2.318198499999999767e+05 -3.161531000000000091e+01
2.318199249999999884e+05 -1.837379999999999924e+01
2.318200000000000000e+05 -2.809487999999999985e+01
2.318200749999999825e+05 -2.093058999999999870e+01
2.318201499999999942e+05 -2.139003999999999905e+01
2.318202249999999767e+05 -2.238594000000000150e+01
2.318202999999999884e+05 -1.786008999999999958e+01
2.318203750000000000e+05 -2.950360999999999834e+01
2.318204499999999825e+05 -2.052934000000000125e+01
2.318205249999999942e+05 -2.641620999999999952e+01
2.318205999999999767e+05 -2.207920999999999978e+01
2.318206749999999884e+05 -2.700275999999999854e+01
2.318207500000000000e+05 -1.963900999999999897e+01
2.318208249999999825e+05 -3.673447999999999780e+01
2.318208999999999942e+05 -1.920383999999999958e+01
2.318209749999999767e+05 -3.931725999999999743e+01
2.318210499999999884e+05 -1.922927999999999926e+01
2.318211250000000000e+05 -2.391778000000000048e+01
2.318211999999999825e+05 -2.285645999999999844e+01
2.318212749999999942e+05 -3.198702000000000112e+01
2.318213499999999767e+05 -2.125387999999999877e+01
2.318214249999999884e+05 -2.500319999999999965e+01
2.318215000000000000e+05 -2.015598999999999918e+01
2.318215749999999825e+05 -2.733017999999999859e+01
2.318216499999999942e+05 -2.102202000000000126e+01
2.318217249999999767e+05 -4.038895999999999731e+01
2.318217999999999884e+05 -2.242933000000000021e+01
2.318218750000000000e+05 -2.729267000000000110e+01
2.318219499999999825e+05 -2.385812999999999917e+01
2.318220249999999942e+05 -2.635870999999999853e+01
2.318220999999999767e+05 -2.852086999999999861e+01
2.318221749999999884e+05 -2.247556000000000154e+01
2.318222500000000000e+05 -3.344313999999999965e+01
2.318223249999999825e+05 -2.200697999999999865e+01
2.318223999999999942e+05 -3.939970000000000283e+01
2.318224749999999767e+05 -2.155098999999999876e+01
2.318225499999999884e+05 -2.505856999999999957e+01
2.318226250000000000e+05 -2.341283999999999921e+01
2.318226999999999825e+05 -2.491270000000000095e+01
2.318227749999999942e+05 -3.110002000000000066e+01
2.318228499999999767e+05 -2.389647000000000077e+01
2.318229249999999884e+05 -2.906043999999999983e+01
2.318230000000000000e+05 -2.868702000000000041e+01
2.318230749999999825e+05 -2.076659000000000077e+01
2.318231499999999942e+05 -3.292535000000000167e+01
2.318232249999999767e+05 -2.361127000000000109e+01
2.318232999999999884e+05 -2.545428000000000068e+01
2.318233750000000000e+05 -2.734971000000000174e+01
2.318234499999999825e+05 -2.349041000000000068e+01
2.318235249999999942e+05 -3.174843999999999866e+01
2.318235999999999767e+05 -2.649191000000000074e+01
2.318236749999999884e+05 -2.304022000000000148e+01
2.318237500000000000e+05 -2.836239000000000132e+01
2.318238249999999825e+05 -2.428434999999999988e+01
2.318238999999999942e+05 -2.277287000000000106e+01
2.318239749999999767e+05 -2.469935999999999865e+01
2.318240499999999884e+05 -2.258437999999999946e+01
2.318241250000000000e+05 -2.338268000000000058e+01
2.318241999999999825e+05 -2.321171999999999969e+01
2.318242749999999942e+05 -2.560857999999999990e+01
2.318243499999999767e+05 -2.555688999999999922e+01
2.318244249999999884e+05 -2.375512000000000157e+01
2.318245000000000000e+05 -3.068395999999999901e+01
2.318245749999999825e+05 -2.502524999999999977e+01
2.318246499999999942e+05 -2.778365000000000151e+01
2.318247249999999767e+05 -2.830293999999999954e+01
2.318247999999999884e+05 -2.525912999999999897e+01
2.318248750000000000e+05 -2.157790999999999926e+01
2.318249499999999825e+05 -2.294362999999999886e+01
2.318250249999999942e+05 -2.500093000000000032e+01
2.318250999999999767e+05 -2.138240000000000052e+01
2.318251749999999884e+05 -2.771020000000000039e+01
2.318252500000000000e+05 -2.792792999999999992e+01
2.318253249999999825e+05 -2.750831000000000159e+01
2.318253999999999942e+05 -2.411428000000000083e+01
2.318254749999999767e+05 -2.548544000000000054e+01
2.318255499999999884e+05 -2.626711999999999847e+01
2.318256250000000000e+05 -3.158592000000000155e+01
2.318256999999999825e+05 -1.893256999999999834e+01
2.318257749999999942e+05 -2.064898000000000167e+01
2.318258499999999767e+05 -2.822739999999999938e+01
2.318259249999999884e+05 -2.537902000000000058e+01
2.318260000000000000e+05 -2.235360000000000014e+01
2.318260749999999825e+05 -2.314733999999999980e+01
2.318261499999999942e+05 -2.858683999999999870e+01
2.318262249999999767e+05 -2.208689000000000036e+01
2.318262999999999884e+05 -2.385246000000000066e+01
2.318263750000000000e+05 -2.438165000000000049e+01
2.318264499999999825e+05 -2.394200999999999979e+01
2.318265249999999942e+05 -2.159551000000000087e+01
2.318265999999999767e+05 -2.424991999999999948e+01
2.318266749999999884e+05 -2.079301999999999850e+01
2.318267500000000000e+05 -2.310605999999999938e+01
2.318268249999999825e+05 -2.426316999999999879e+01
2.318268999999999942e+05 -2.843448000000000064e+01
2.318269749999999767e+05 -2.640818000000000154e+01
2.318270499999999884e+05 -2.174971999999999994e+01
2.318271250000000000e+05 -2.482084000000000046e+01
2.318271999999999825e+05 -2.442889999999999873e+01
2.318272749999999942e+05 -2.129542999999999964e+01
2.318273499999999767e+05 -2.406279999999999930e+01
2.318274249999999884e+05 -2.175617000000000090e+01
2.318275000000000000e+05 -2.577129000000000048e+01
2.318275749999999825e+05 -2.413072000000000017e+01
2.318276499999999942e+05 -2.255777000000000143e+01
2.318277249999999767e+05 -2.276166999999999874e+01
2.318277999999999884e+05 -2.246274999999999977e+01
2.318278750000000000e+05 -2.185315999999999903e+01
2.318279499999999825e+05 -2.392511000000000010e+01
2.318280249999999942e+05 -2.047394999999999854e+01
2.318280999999999767e+05 -2.318845999999999918e+01
2.318281749999999884e+05 -2.378642999999999930e+01
