# Temperature: None K
2.318093500000000058e+05 -2.568098000000000170e+01
2.318094250000000175e+05 -2.006784000000000034e+01
2.318095000000000000e+05 -1.924503999999999948e+01
2.318095750000000116e+05 -1.748684000000000083e+01
2.318096499999999942e+05 -1.863168999999999897e+01
2.318097250000000058e+05 -3.107593999999999923e+01
2.318098000000000175e+05 -2.220560000000000045e+01
2.318098750000000000e+05 -1.830252000000000123e+01
2.318099500000000116e+05 -1.947241000000000000e+01
2.318100249999999942e+05 -2.204756000000000071e+01
2.318101000000000058e+05 -2.118563999999999936e+01
2.318101750000000175e+05 -1.800569000000000131e+01
2.318102500000000000e+05 -1.709995999999999938e+01
2.318103250000000116e+05 -1.913269000000000020e+01
2.318103999999999942e+05 -2.326934999999999931e+01
2.318104750000000058e+05 -1.933004999999999995e+01
2.318105500000000175e+05 -1.821150000000000091e+01
2.318106250000000000e+05 -2.008296999999999954e+01
2.318107000000000116e+05 -2.212061999999999884e+01
2.318107749999999942e+05 -1.884328999999999965e+01
2.318108500000000058e+05 -1.866366999999999976e+01
2.318109250000000175e+05 -2.374668000000000134e+01
2.318110000000000000e+05 -1.912276999999999916e+01
2.318110750000000116e+05 -1.826154999999999973e+01
2.318111499999999942e+05 -2.135557000000000016e+01
2.318112250000000058e+05 -2.013457000000000008e+01
2.318113000000000175e+05 -1.889416999999999902e+01
2.318113750000000000e+05 -1.723844000000000065e+01
2.318114500000000116e+05 -1.830592000000000041e+01
2.318115249999999942e+05 -2.334722999999999971e+01
2.318116000000000058e+05 -1.927506999999999948e+01
2.318116750000000175e+05 -1.918569000000000102e+01
2.318117500000000000e+05 -2.098826999999999998e+01
2.318118250000000116e+05 -1.612340999999999980e+01
2.318118999999999942e+05 -1.895298999999999978e+01
2.318119750000000058e+05 -2.090258000000000038e+01
2.318120500000000175e+05 -1.705855999999999995e+01
2.318121250000000000e+05 -1.853333999999999904e+01
2.318122000000000116e+05 -2.210148999999999830e+01
2.318122749999999942e+05 -1.866413999999999973e+01
2.318123500000000058e+05 -1.808175999999999917e+01
2.318124250000000175e+05 -2.152995999999999910e+01
2.318125000000000000e+05 -1.781421999999999883e+01
2.318125750000000116e+05 -1.760460000000000136e+01
2.318126499999999942e+05 -2.049861999999999895e+01
2.318127250000000058e+05 -1.895239000000000118e+01
2.318128000000000175e+05 -1.966138000000000119e+01
2.318128750000000000e+05 -1.823473999999999862e+01
2.318129500000000116e+05 -2.029720000000000013e+01
2.318130249999999942e+05 -1.945573999999999870e+01
2.318131000000000058e+05 -1.972051000000000087e+01
2.318131750000000175e+05 -1.794196000000000168e+01
2.318132500000000000e+05 -1.991095999999999933e+01
2.318133250000000116e+05 -2.174083999999999861e+01
2.318133999999999942e+05 -1.926930000000000121e+01
2.318134750000000058e+05 -1.752308000000000021e+01
2.318135500000000175e+05 -1.899246000000000123e+01
2.318136250000000000e+05 -1.776418999999999926e+01
2.318137000000000116e+05 -1.991751999999999967e+01
2.318137749999999942e+05 -2.268870000000000076e+01
2.318138500000000058e+05 -1.691158000000000072e+01
2.318139250000000175e+05 -1.816865999999999914e+01
2.318140000000000000e+05 -1.976041999999999987e+01
2.318140750000000116e+05 -2.001284000000000063e+01
2.318141499999999942e+05 -1.805021999999999949e+01
2.318142250000000058e+05 -1.808341000000000065e+01
2.318143000000000175e+05 -1.852207999999999899e+01
2.318143750000000000e+05 -1.960509000000000057e+01
2.318144500000000116e+05 -1.947769999999999868e+01
2.318145249999999942e+05 -1.717745999999999995e+01
2.318146000000000058e+05 -1.927366999999999919e+01
2.318146750000000175e+05 -1.962462999999999980e+01
2.318147500000000000e+05 -1.718724999999999881e+01
2.318148250000000116e+05 -1.568585999999999991e+01
2.318148999999999942e+05 -1.783207000000000164e+01
2.318149750000000058e+05 -1.853409999999999869e+01
2.318150500000000175e+05 -1.861796000000000006e+01
2.318151250000000000e+05 -1.849849999999999994e+01
2.318152000000000116e+05 -1.897829000000000121e+01
2.318152749999999942e+05 -1.774371999999999971e+01
2.318153500000000058e+05 -2.007967000000000013e+01
2.318154250000000175e+05 -2.178474999999999895e+01
2.318155000000000000e+05 -1.898888000000000176e+01
2.318155750000000116e+05 -2.018192000000000164e+01
2.318156499999999942e+05 -1.855812999999999846e+01
2.318157250000000058e+05 -1.878724000000000061e+01
2.318158000000000175e+05 -1.713005000000000067e+01
2.318158750000000000e+05 -1.842667000000000144e+01
2.318159500000000116e+05 -1.728938000000000130e+01
2.318160249999999942e+05 -1.783819000000000088e+01
2.318161000000000058e+05 -1.749972999999999956e+01
2.318161750000000175e+05 -1.835021000000000058e+01
2.318162500000000000e+05 -1.858983999999999881e+01
2.318163250000000116e+05 -1.908388000000000062e+01
2.318163999999999942e+05 -1.944290000000000163e+01
2.318164750000000058e+05 -1.690375999999999834e+01
2.318165500000000175e+05 -1.876970000000000027e+01
2.318166250000000000e+05 -1.818031999999999826e+01
2.318167000000000116e+05 -1.837202999999999875e+01
2.318167749999999942e+05 -1.876793999999999940e+01
2.318168500000000058e+05 -1.808543999999999841e+01
2.318169250000000175e+05 -1.842284000000000077e+01
2.318170000000000000e+05 -1.661176000000000030e+01
2.318170750000000116e+05 -1.892529000000000039e+01
2.318171499999999942e+05 -1.640607999999999933e+01
2.318172250000000058e+05 -1.694923999999999964e+01
2.318173000000000175e+05 -1.678238999999999947e+01
2.318173750000000000e+05 -1.735135000000000005e+01
2.318174500000000116e+05 -1.686060000000000159e+01
2.318175249999999942e+05 -1.677023000000000152e+01
2.318176000000000058e+05 -2.080855000000000032e+01
2.318176750000000175e+05 -1.616907000000000139e+01
2.318177500000000000e+05 -1.887882000000000104e+01
2.318178250000000116e+05 -1.870520000000000138e+01
2.318178999999999942e+05 -1.775984000000000052e+01
2.318179750000000058e+05 -2.035990999999999929e+01
2.318180500000000175e+05 -1.681334000000000017e+01
2.318181250000000000e+05 -1.644669999999999987e+01
2.318182000000000116e+05 -1.736376999999999882e+01
2.318182749999999942e+05 -1.663843999999999923e+01
2.318183500000000058e+05 -1.806806999999999874e+01
2.318184250000000175e+05 -1.722233999999999909e+01
2.318185000000000000e+05 -1.606931000000000154e+01
2.318185750000000116e+05 -1.777805000000000035e+01
2.318186499999999942e+05 -1.747654999999999959e+01
2.318187250000000058e+05 -1.826669000000000054e+01
2.318188000000000175e+05 -1.648751999999999995e+01
2.318188750000000000e+05 -1.703791999999999973e+01
2.318189500000000116e+05 -1.653125000000000000e+01
2.318190249999999942e+05 -1.675394999999999968e+01
2.318191000000000058e+05 -1.500450000000000017e+01
2.318191750000000175e+05 -1.780527000000000015e+01
2.318192500000000000e+05 -1.726741000000000170e+01
2.318193250000000116e+05 -1.696443999999999974e+01
2.318193999999999942e+05 -1.668151999999999902e+01
2.318194750000000058e+05 -1.604637999999999920e+01
2.318195500000000175e+05 -1.476252999999999993e+01
2.318196250000000000e+05 -1.484781000000000084e+01
2.318197000000000116e+05 -1.567432999999999943e+01
2.318197749999999942e+05 -1.630127999999999844e+01
2.318198500000000058e+05 -1.532887000000000022e+01
2.318199250000000175e+05 -1.439404000000000039e+01
2.318200000000000000e+05 -1.570627999999999957e+01
2.318200750000000116e+05 -1.624046999999999841e+01
2.318201499999999942e+05 -1.536250000000000071e+01
2.318202250000000058e+05 -1.456339000000000006e+01
2.318203000000000175e+05 -1.477555000000000085e+01
2.318203750000000000e+05 -1.446014000000000088e+01
2.318204500000000116e+05 -1.431234000000000073e+01
2.318205249999999942e+05 -1.517939999999999934e+01
2.318206000000000058e+05 -1.496155000000000079e+01
2.318206750000000175e+05 -1.442923000000000044e+01
2.318207500000000000e+05 -1.486097000000000001e+01
2.318208250000000116e+05 -1.408271000000000051e+01
2.318208999999999942e+05 -1.444285999999999959e+01
2.318209750000000058e+05 -1.347892000000000046e+01
2.318210500000000175e+05 -1.358300999999999981e+01
2.318211250000000000e+05 -1.348231000000000002e+01
2.318212000000000116e+05 -1.331794999999999973e+01
2.318212749999999942e+05 -1.322913999999999923e+01
2.318213500000000058e+05 -1.305169000000000068e+01
2.318214250000000175e+05 -1.304969000000000001e+01
2.318215000000000000e+05 -1.401281999999999961e+01
2.318215750000000116e+05 -1.244774999999999920e+01
2.318216499999999942e+05 -1.240836000000000006e+01
2.318217250000000058e+05 -1.178218000000000032e+01
2.318218000000000175e+05 -1.296144999999999925e+01
2.318218750000000000e+05 -1.105688999999999922e+01
2.318219500000000116e+05 -1.085469999999999935e+01
2.318220249999999942e+05 -1.125878999999999941e+01
2.318221000000000058e+05 -1.081584999999999930e+01
2.318221750000000175e+05 -1.029498000000000069e+01
2.318222500000000000e+05 -1.084060999999999986e+01
2.318223250000000116e+05 -9.479105999999999810e+00
2.318223999999999942e+05 -9.739172999999999192e+00
2.318224750000000058e+05 -8.637636999999999787e+00
2.318225500000000175e+05 -8.658141000000000531e+00
2.318226250000000000e+05 -8.516237999999999531e+00
2.318227000000000116e+05 -7.634844000000000186e+00
2.318227749999999942e+05 -7.527428999999999704e+00
2.318228500000000058e+05 -6.141663999999999568e+00
2.318229250000000175e+05 -5.897712000000000288e+00
2.318230000000000000e+05 -5.359511000000000358e+00
2.318230750000000116e+05 -5.049265000000000114e+00
2.318231499999999942e+05 -4.260752000000000095e+00
2.318232250000000058e+05 -3.901515999999999984e+00
2.318233000000000175e+05 -3.207581999999999933e+00
2.318233750000000000e+05 -2.502407999999999966e+00
2.318234500000000116e+05 -1.884810000000000096e+00
2.318235249999999942e+05 -1.099223000000000061e+00
2.318236000000000058e+05 -6.152421999999999613e-01
2.318236750000000175e+05 -1.879792000000000129e-01
2.318237500000000000e+05 4.410599000000000047e-01
2.318238250000000116e+05 8.896910999999999570e-01
2.318238999999999942e+05 1.186533999999999978e+00
2.318239750000000058e+05 1.433545000000000069e+00
2.318240500000000175e+05 1.651081999999999939e+00
2.318241250000000000e+05 1.496736999999999984e+00
2.318242000000000116e+05 1.724194000000000004e+00
2.318242749999999942e+05 1.497046000000000099e+00
2.318243500000000058e+05 1.085815999999999892e+00
2.318244250000000175e+05 7.936347000000000262e-01
2.318245000000000000e+05 1.319378999999999968e-01
2.318245750000000116e+05 -1.020194000000000045e+00
2.318246499999999942e+05 -1.411192000000000002e+00
2.318247250000000058e+05 -2.358919000000000210e+00
2.318248000000000175e+05 -2.441251999999999978e+00
2.318248750000000000e+05 -2.604617999999999878e+00
2.318249500000000116e+05 -2.345806000000000058e+00
2.318250249999999942e+05 -2.376989000000000019e+00
2.318251000000000058e+05 -2.148305999999999827e+00
2.318251750000000175e+05 -2.126469000000000165e+00
2.318252500000000000e+05 -2.634023000000000003e+00
2.318253250000000116e+05 -3.396427999999999781e+00
2.318253999999999942e+05 -3.274312999999999807e+00
2.318254750000000058e+05 -4.576230999999999938e+00
2.318255500000000175e+05 -4.474441999999999808e+00
2.318256250000000000e+05 -4.691442999999999586e+00
2.318257000000000116e+05 -4.584604999999999819e+00
2.318257749999999942e+05 -4.380663000000000196e+00
2.318258500000000058e+05 -4.735092999999999996e+00
2.318259250000000175e+05 -5.234878000000000142e+00
2.318260000000000000e+05 -5.133224000000000231e+00
2.318260750000000116e+05 -6.055626000000000175e+00
2.318261499999999942e+05 -6.499562000000000062e+00
2.318262250000000058e+05 -6.813889999999999780e+00
2.318263000000000175e+05 -6.865377999999999759e+00
2.318263750000000000e+05 -6.001589000000000063e+00
2.318264500000000116e+05 -7.148958000000000368e+00
2.318265249999999942e+05 -7.720518000000000214e+00
2.318266000000000058e+05 -7.867899000000000420e+00
2.318266750000000175e+05 -7.257766000000000162e+00
2.318267500000000000e+05 -8.102007999999999655e+00
2.318268250000000116e+05 -8.209811000000000192e+00
2.318268999999999942e+05 -8.928155000000000285e+00
2.318269750000000058e+05 -9.750059999999999505e+00
2.318270500000000175e+05 -8.573235999999999635e+00
2.318271250000000000e+05 -9.028821999999999903e+00
2.318272000000000116e+05 -1.017847000000000079e+01
2.318272749999999942e+05 -1.109129000000000076e+01
2.318273500000000058e+05 -1.002801000000000009e+01
2.318274250000000175e+05 -9.765765999999999281e+00
2.318275000000000000e+05 -9.832330000000000680e+00
2.318275750000000116e+05 -1.093028999999999940e+01
2.318276499999999942e+05 -1.144073999999999991e+01
2.318277250000000058e+05 -1.165607999999999933e+01
2.318278000000000175e+05 -1.127691000000000088e+01
2.318278750000000000e+05 -1.222288999999999959e+01
2.318279500000000116e+05 -1.301693000000000033e+01
2.318280249999999942e+05 -1.363133999999999979e+01
2.318281000000000058e+05 -1.163608999999999938e+01
2.318281750000000175e+05 -1.530646999999999913e+01
2.318282500000000000e+05 -1.301839000000000013e+01
2.318283250000000116e+05 -1.208447999999999922e+01
2.318283999999999942e+05 -1.277068000000000048e+01
2.318284750000000058e+05 -1.530851999999999968e+01
2.318285500000000175e+05 -1.401257000000000019e+01
2.318286250000000000e+05 -1.263133999999999979e+01
2.318287000000000116e+05 -1.466883999999999943e+01
2.318287749999999942e+05 -1.671959000000000017e+01
2.318288500000000058e+05 -1.281119999999999948e+01
2.318289250000000175e+05 -1.430503999999999998e+01
2.318290000000000000e+05 -1.636015000000000086e+01
2.318290750000000116e+05 -1.451886000000000010e+01
2.318291499999999942e+05 -1.648194000000000159e+01
2.318292250000000058e+05 -1.762895999999999930e+01
2.318293000000000175e+05 -1.537063999999999986e+01
2.318293750000000000e+05 -1.781992999999999938e+01
2.318294500000000116e+05 -1.758390999999999948e+01
2.318295249999999942e+05 -1.519795000000000051e+01
2.318296000000000058e+05 -1.876786999999999850e+01
2.318296750000000175e+05 -1.700985999999999976e+01
2.318297500000000000e+05 -1.634624000000000166e+01
2.318298250000000116e+05 -2.083716000000000079e+01
2.318298999999999942e+05 -1.636280999999999963e+01
2.318299750000000058e+05 -1.780584999999999951e+01
2.318300500000000175e+05 -1.961493000000000109e+01
2.318301250000000000e+05 -1.713826999999999856e+01
2.318302000000000116e+05 -2.436460999999999899e+01
2.318302749999999942e+05 -1.732867999999999853e+01
2.318303500000000058e+05 -1.871474999999999866e+01
2.318304250000000175e+05 -1.945832000000000050e+01
2.318305000000000000e+05 -1.730713000000000079e+01
2.318305750000000116e+05 -3.233559999999999945e+01
2.318306499999999942e+05 -1.792067000000000121e+01
2.318307250000000058e+05 -3.125279000000000096e+01
2.318308000000000175e+05 -1.983708999999999989e+01
2.318308750000000000e+05 -2.532745999999999853e+01
2.318309500000000116e+05 -2.368389000000000166e+01
2.318310249999999942e+05 -1.793616000000000099e+01
2.318311000000000058e+05 -3.508859999999999957e+01
2.318311750000000175e+05 -1.963249000000000066e+01
2.318312500000000000e+05 -3.556228999999999729e+01
2.318313250000000116e+05 -1.768931999999999860e+01
2.318313999999999942e+05 -2.498786000000000129e+01
2.318314750000000058e+05 -1.791171999999999898e+01
2.318315500000000175e+05 -2.269756999999999891e+01
2.318316250000000000e+05 -2.353660999999999959e+01
2.318317000000000116e+05 -2.093922999999999845e+01
2.318317749999999942e+05 -2.179409000000000063e+01
2.318318500000000058e+05 -2.436723999999999890e+01
2.318319250000000175e+05 -2.244455999999999918e+01
2.318320000000000000e+05 -2.180105999999999966e+01
2.318320750000000116e+05 -2.184412999999999982e+01
2.318321499999999942e+05 -2.485417999999999950e+01
2.318322250000000058e+05 -2.036803000000000097e+01
2.318323000000000175e+05 -2.322328999999999866e+01
2.318323750000000000e+05 -2.180939000000000050e+01
2.318324500000000116e+05 -2.708766999999999925e+01
2.318325249999999942e+05 -2.276227000000000089e+01
2.318326000000000058e+05 -4.319516000000000133e+01
2.318326750000000175e+05 -2.082464999999999833e+01
2.318327500000000000e+05 -3.280848000000000297e+01
2.318328250000000116e+05 -2.054114999999999824e+01
2.318328999999999942e+05 -2.585416999999999987e+01
2.318329750000000058e+05 -2.327233000000000018e+01
2.318330500000000175e+05 -2.643856999999999857e+01
2.318331250000000000e+05 -2.158277999999999963e+01
2.318332000000000116e+05 -2.373072000000000159e+01
2.318332749999999942e+05 -2.450205000000000055e+01
2.318333500000000058e+05 -2.366207999999999956e+01
2.318334250000000175e+05 -3.116626000000000118e+01
2.318335000000000000e+05 -2.237215000000000131e+01
2.318335750000000116e+05 -2.320686999999999856e+01
2.318336499999999942e+05 -3.536990000000000123e+01
2.318337250000000058e+05 -1.944732000000000127e+01
2.318338000000000175e+05 -2.872941000000000145e+01
2.318338750000000000e+05 -2.590241999999999933e+01
2.318339500000000116e+05 -2.931521000000000043e+01
2.318340249999999942e+05 -3.751494000000000284e+01
2.318341000000000058e+05 -2.080884000000000000e+01
2.318341750000000175e+05 -2.834809999999999874e+01
2.318342500000000000e+05 -2.702694999999999936e+01
2.318343250000000116e+05 -2.278286999999999907e+01
2.318343999999999942e+05 -2.501499000000000095e+01
2.318344750000000058e+05 -2.054129000000000005e+01
2.318345500000000175e+05 -2.382137000000000171e+01
2.318346250000000000e+05 -2.813566000000000145e+01
2.318347000000000116e+05 -2.624765999999999977e+01
2.318347749999999942e+05 -2.109978999999999871e+01
2.318348500000000058e+05 -2.660096000000000060e+01
2.318349250000000175e+05 -2.211721000000000004e+01
2.318350000000000000e+05 -2.327201000000000164e+01
2.318350750000000116e+05 -2.602724999999999866e+01
2.318351499999999942e+05 -2.316168000000000049e+01
2.318352250000000058e+05 -2.422739999999999938e+01
2.318353000000000175e+05 -3.140847000000000122e+01
2.318353750000000000e+05 -2.543958999999999904e+01
2.318354500000000116e+05 -2.472259000000000029e+01
2.318355249999999942e+05 -2.314749000000000123e+01
2.318356000000000058e+05 -2.377730000000000032e+01
2.318356750000000175e+05 -2.216500999999999877e+01
2.318357500000000000e+05 -2.244548999999999950e+01
2.318358250000000116e+05 -2.739329999999999998e+01
2.318358999999999942e+05 -2.198744999999999905e+01
2.318359750000000058e+05 -2.095910999999999902e+01
2.318360500000000175e+05 -2.474746999999999986e+01
2.318361250000000000e+05 -3.056163000000000096e+01
2.318362000000000116e+05 -2.371690999999999860e+01
2.318362749999999942e+05 -2.230726999999999904e+01
2.318363500000000058e+05 -2.767483999999999966e+01
2.318364250000000175e+05 -2.724222999999999928e+01
2.318365000000000000e+05 -2.502634000000000114e+01
2.318365750000000116e+05 -2.034769000000000005e+01
2.318366499999999942e+05 -2.253856999999999999e+01
2.318367250000000058e+05 -2.219863000000000142e+01
2.318368000000000175e+05 -2.718714999999999904e+01
2.318368750000000000e+05 -2.216036000000000072e+01
2.318369500000000116e+05 -2.070636000000000010e+01
2.318370249999999942e+05 -2.154326999999999970e+01
2.318371000000000058e+05 -2.667247000000000057e+01
2.318371750000000175e+05 -2.679697000000000173e+01
2.318372500000000000e+05 -2.505802999999999869e+01
2.318373250000000116e+05 -2.346968999999999994e+01
2.318373999999999942e+05 -2.092866000000000071e+01
2.318374750000000058e+05 -3.369125999999999976e+01
2.318375500000000175e+05 -2.801482999999999990e+01
2.318376250000000000e+05 -2.452255999999999858e+01
2.318377000000000116e+05 -2.264905999999999864e+01
2.318377749999999942e+05 -2.162426999999999921e+01
2.318378500000000058e+05 -3.138938999999999879e+01
2.318379250000000175e+05 -2.519602000000000075e+01
2.318380000000000000e+05 -2.634663000000000110e+01
2.318380750000000116e+05 -2.134048999999999907e+01
2.318381499999999942e+05 -2.322735000000000127e+01
2.318382250000000058e+05 -2.181368000000000151e+01
2.318383000000000175e+05 -2.261338999999999899e+01
2.318383750000000000e+05 -2.538888000000000034e+01
2.318384500000000116e+05 -2.077563999999999922e+01
2.318385249999999942e+05 -2.322637999999999892e+01
2.318386000000000058e+05 -2.777993000000000023e+01
2.318386750000000175e+05 -2.311315000000000097e+01
2.318387500000000000e+05 -2.749998000000000076e+01
2.318388250000000116e+05 -2.361270000000000024e+01
2.318388999999999942e+05 -2.387367000000000061e+01
2.318389750000000058e+05 -2.250365000000000038e+01
2.318390500000000175e+05 -2.189276999999999873e+01
2.318391250000000000e+05 -2.295898000000000039e+01
2.318392000000000116e+05 -2.817311000000000121e+01
2.318392749999999942e+05 -2.683971000000000018e+01
2.318393500000000058e+05 -2.092564000000000135e+01
