# Temperature: None K
2.317983999999999942e+05 -2.087651999999999930e+01
2.317984750000000058e+05 -2.204716000000000165e+01
2.317985499999999884e+05 -1.796548999999999907e+01
2.317986250000000000e+05 -1.907432999999999979e+01
2.317986999999999825e+05 -1.819228000000000023e+01
2.317987749999999942e+05 -1.809697999999999851e+01
2.317988500000000058e+05 -2.043138000000000076e+01
2.317989249999999884e+05 -1.928796000000000177e+01
2.317990000000000000e+05 -1.823902000000000001e+01
2.317990749999999825e+05 -2.116910000000000025e+01
2.317991499999999942e+05 -2.022304000000000102e+01
2.317992250000000058e+05 -2.153941999999999979e+01
2.317992999999999884e+05 -1.902804000000000073e+01
2.317993750000000000e+05 -1.760078000000000031e+01
2.317994499999999825e+05 -1.932143999999999906e+01
2.317995249999999942e+05 -2.105069999999999908e+01
2.317996000000000058e+05 -2.004627999999999943e+01
2.317996749999999884e+05 -2.144175999999999860e+01
2.317997500000000000e+05 -2.083395000000000152e+01
2.317998249999999825e+05 -2.364892000000000039e+01
2.317998999999999942e+05 -2.047832999999999970e+01
2.317999750000000058e+05 -1.684849000000000174e+01
2.318000499999999884e+05 -1.734282999999999930e+01
2.318001250000000000e+05 -2.012593000000000032e+01
2.318001999999999825e+05 -2.055265999999999948e+01
2.318002749999999942e+05 -1.938924000000000092e+01
2.318003500000000058e+05 -2.181574000000000169e+01
2.318004249999999884e+05 -2.306299999999999883e+01
2.318005000000000000e+05 -1.812942999999999927e+01
2.318005749999999825e+05 -2.037431000000000125e+01
2.318006499999999942e+05 -2.002119000000000071e+01
2.318007250000000058e+05 -2.138074999999999903e+01
2.318007999999999884e+05 -1.733633000000000024e+01
2.318008750000000000e+05 -2.023070999999999842e+01
2.318009499999999825e+05 -1.936120000000000019e+01
2.318010249999999942e+05 -2.132306000000000168e+01
2.318011000000000058e+05 -2.061662000000000106e+01
2.318011749999999884e+05 -1.880904999999999916e+01
2.318012500000000000e+05 -1.856605000000000061e+01
2.318013249999999825e+05 -1.938521000000000072e+01
2.318013999999999942e+05 -1.779563999999999879e+01
2.318014750000000058e+05 -1.929663000000000039e+01
2.318015499999999884e+05 -2.283997000000000099e+01
2.318016250000000000e+05 -1.765927999999999898e+01
2.318016999999999825e+05 -1.892914000000000030e+01
2.318017749999999942e+05 -1.970317000000000007e+01
2.318018500000000058e+05 -1.745579999999999998e+01
2.318019249999999884e+05 -1.785747999999999891e+01
2.318020000000000000e+05 -1.874796999999999869e+01
2.318020749999999825e+05 -1.821920000000000073e+01
2.318021499999999942e+05 -1.774630000000000152e+01
2.318022250000000058e+05 -1.724727999999999994e+01
2.318022999999999884e+05 -2.049390999999999963e+01
2.318023750000000000e+05 -1.936258000000000123e+01
2.318024499999999825e+05 -1.810335999999999856e+01
2.318025249999999942e+05 -1.916832000000000136e+01
2.318026000000000058e+05 -1.798923999999999879e+01
2.318026749999999884e+05 -1.813622000000000156e+01
2.318027500000000000e+05 -2.029465000000000074e+01
2.318028249999999825e+05 -1.796433999999999997e+01
2.318028999999999942e+05 -1.928294999999999959e+01
2.318029750000000058e+05 -1.691272999999999982e+01
2.318030499999999884e+05 -2.097691999999999979e+01
2.318031250000000000e+05 -1.751720999999999862e+01
2.318031999999999825e+05 -1.783699000000000012e+01
2.318032749999999942e+05 -1.894644999999999868e+01
2.318033500000000058e+05 -1.760277999999999921e+01
2.318034249999999884e+05 -1.912049999999999983e+01
2.318035000000000000e+05 -2.156713999999999842e+01
2.318035749999999825e+05 -1.882747000000000170e+01
2.318036499999999942e+05 -1.669478000000000151e+01
2.318037250000000058e+05 -1.929017999999999944e+01
2.318037999999999884e+05 -1.815753000000000128e+01
2.318038750000000000e+05 -2.072341000000000122e+01
2.318039499999999825e+05 -1.975724999999999909e+01
2.318040249999999942e+05 -2.008247000000000071e+01
2.318041000000000058e+05 -1.678292000000000073e+01
2.318041749999999884e+05 -1.920637999999999934e+01
2.318042500000000000e+05 -1.850748000000000104e+01
2.318043249999999825e+05 -2.054638999999999882e+01
2.318043999999999942e+05 -1.896023999999999887e+01
2.318044750000000058e+05 -1.845389000000000124e+01
2.318045499999999884e+05 -1.717931000000000097e+01
2.318046250000000000e+05 -1.902328999999999937e+01
2.318046999999999825e+05 -1.752208999999999861e+01
2.318047749999999942e+05 -1.912172999999999945e+01
2.318048500000000058e+05 -1.884065999999999974e+01
2.318049249999999884e+05 -1.762799000000000049e+01
2.318050000000000000e+05 -1.741857999999999862e+01
2.318050749999999825e+05 -1.686677999999999855e+01
2.318051499999999942e+05 -1.824566000000000088e+01
2.318052250000000058e+05 -1.797708000000000084e+01
2.318052999999999884e+05 -1.743598000000000070e+01
2.318053750000000000e+05 -1.720607000000000042e+01
2.318054499999999825e+05 -1.865935999999999950e+01
2.318055249999999942e+05 -1.842977000000000132e+01
2.318056000000000058e+05 -1.798038999999999987e+01
2.318056749999999884e+05 -2.132015000000000171e+01
2.318057500000000000e+05 -1.839264999999999972e+01
2.318058249999999825e+05 -1.600475000000000136e+01
2.318058999999999942e+05 -1.804960000000000164e+01
2.318059750000000058e+05 -1.896621000000000024e+01
2.318060499999999884e+05 -1.605429000000000173e+01
2.318061250000000000e+05 -1.770704999999999885e+01
2.318061999999999825e+05 -1.756134000000000128e+01
2.318062749999999942e+05 -1.654350000000000165e+01
2.318063500000000058e+05 -1.668758000000000052e+01
2.318064249999999884e+05 -1.702118000000000109e+01
2.318065000000000000e+05 -1.989301000000000030e+01
2.318065749999999825e+05 -2.050748000000000104e+01
2.318066499999999942e+05 -1.811745000000000161e+01
2.318067250000000058e+05 -1.775318000000000040e+01
2.318067999999999884e+05 -1.662008000000000152e+01
2.318068750000000000e+05 -1.766053000000000139e+01
2.318069499999999825e+05 -1.884254999999999924e+01
2.318070249999999942e+05 -1.599525000000000041e+01
2.318071000000000058e+05 -1.763367999999999824e+01
2.318071749999999884e+05 -1.678365000000000151e+01
2.318072500000000000e+05 -1.867830999999999975e+01
2.318073249999999825e+05 -1.616213000000000122e+01
2.318073999999999942e+05 -1.840314000000000050e+01
2.318074750000000058e+05 -1.749512000000000000e+01
2.318075499999999884e+05 -1.775438000000000116e+01
2.318076250000000000e+05 -1.695080000000000098e+01
2.318076999999999825e+05 -1.782308000000000092e+01
2.318077749999999942e+05 -1.625374000000000052e+01
2.318078500000000058e+05 -1.796021999999999963e+01
2.318079249999999884e+05 -1.623840999999999823e+01
2.318080000000000000e+05 -1.789495000000000147e+01
2.318080749999999825e+05 -1.711927999999999983e+01
2.318081499999999942e+05 -1.732870000000000132e+01
2.318082250000000058e+05 -1.506192000000000064e+01
2.318082999999999884e+05 -1.509126000000000012e+01
2.318083750000000000e+05 -1.682687999999999917e+01
2.318084499999999825e+05 -1.855414999999999992e+01
2.318085249999999942e+05 -1.884271999999999991e+01
2.318086000000000058e+05 -1.590071999999999974e+01
2.318086749999999884e+05 -1.664840999999999838e+01
2.318087500000000000e+05 -1.668941999999999837e+01
2.318088249999999825e+05 -1.614827000000000012e+01
2.318088999999999942e+05 -1.692492999999999981e+01
2.318089750000000058e+05 -1.710969000000000051e+01
2.318090499999999884e+05 -1.615035999999999916e+01
2.318091250000000000e+05 -1.522392999999999930e+01
2.318091999999999825e+05 -1.506390000000000029e+01
2.318092749999999942e+05 -1.626391999999999882e+01
2.318093500000000058e+05 -1.500805000000000078e+01
2.318094249999999884e+05 -1.646923999999999921e+01
2.318095000000000000e+05 -1.535017999999999994e+01
2.318095749999999825e+05 -1.609600000000000009e+01
2.318096499999999942e+05 -1.503158999999999956e+01
2.318097250000000058e+05 -1.592793999999999954e+01
2.318097999999999884e+05 -1.516164000000000023e+01
2.318098750000000000e+05 -1.448488000000000042e+01
2.318099499999999825e+05 -1.496039999999999992e+01
2.318100249999999942e+05 -1.330577000000000076e+01
2.318101000000000058e+05 -1.409248999999999974e+01
2.318101749999999884e+05 -1.485488999999999926e+01
2.318102500000000000e+05 -1.292713000000000001e+01
2.318103249999999825e+05 -1.480500999999999934e+01
2.318103999999999942e+05 -1.365442999999999962e+01
2.318104750000000058e+05 -1.402139999999999986e+01
2.318105499999999884e+05 -1.273626999999999931e+01
2.318106250000000000e+05 -1.191942000000000057e+01
2.318106999999999825e+05 -1.266629000000000005e+01
2.318107749999999942e+05 -1.308843000000000067e+01
2.318108500000000058e+05 -1.244942999999999955e+01
2.318109249999999884e+05 -1.262977000000000061e+01
2.318110000000000000e+05 -1.143577999999999939e+01
2.318110749999999825e+05 -1.219375999999999927e+01
2.318111499999999942e+05 -1.231601999999999997e+01
2.318112250000000058e+05 -1.169031999999999982e+01
2.318112999999999884e+05 -1.036368000000000045e+01
2.318113750000000000e+05 -1.051632000000000033e+01
2.318114499999999825e+05 -1.027097999999999978e+01
2.318115249999999942e+05 -1.015535000000000032e+01
2.318116000000000058e+05 -9.407975999999999672e+00
2.318116749999999884e+05 -9.088435999999999737e+00
2.318117500000000000e+05 -8.721921000000000035e+00
2.318118249999999825e+05 -8.373646000000000811e+00
2.318118999999999942e+05 -7.986756999999999884e+00
2.318119750000000058e+05 -7.503478000000000314e+00
2.318120499999999884e+05 -7.287740999999999580e+00
2.318121250000000000e+05 -5.886383000000000365e+00
2.318121999999999825e+05 -5.435704999999999565e+00
2.318122749999999942e+05 -5.379660000000000331e+00
2.318123500000000058e+05 -4.943450000000000344e+00
2.318124249999999884e+05 -4.314095000000000013e+00
2.318125000000000000e+05 -3.852306000000000008e+00
2.318125749999999825e+05 -3.006304999999999783e+00
2.318126499999999942e+05 -2.393250999999999795e+00
2.318127250000000058e+05 -1.869558999999999971e+00
2.318127999999999884e+05 -9.338199000000000360e-01
2.318128750000000000e+05 -8.731117999999999935e-01
2.318129499999999825e+05 -2.365780000000000105e-01
2.318130249999999942e+05 7.522734000000000365e-02
2.318131000000000058e+05 8.749111000000000526e-01
2.318131749999999884e+05 1.185002000000000111e+00
2.318132500000000000e+05 1.425588000000000077e+00
2.318133249999999825e+05 1.482177999999999995e+00
2.318133999999999942e+05 1.622017000000000042e+00
2.318134750000000058e+05 1.794726999999999961e+00
2.318135499999999884e+05 1.590629000000000071e+00
2.318136250000000000e+05 1.105280999999999958e+00
2.318136999999999825e+05 4.670227000000000128e-01
2.318137749999999942e+05 3.465994000000000019e-01
2.318138500000000058e+05 -9.717280000000000362e-01
2.318139249999999884e+05 -1.623555000000000081e+00
2.318140000000000000e+05 -2.286662999999999890e+00
2.318140749999999825e+05 -3.133888999999999925e+00
2.318141499999999942e+05 -2.870124000000000120e+00
2.318142250000000058e+05 -2.709293000000000173e+00
2.318142999999999884e+05 -2.503239999999999910e+00
2.318143750000000000e+05 -1.907073999999999936e+00
2.318144499999999825e+05 -2.043703999999999965e+00
2.318145249999999942e+05 -2.879335000000000200e+00
2.318146000000000058e+05 -3.376398000000000010e+00
2.318146749999999884e+05 -4.108619000000000021e+00
2.318147500000000000e+05 -4.744544000000000317e+00
2.318148249999999825e+05 -4.962345000000000006e+00
2.318148999999999942e+05 -5.097495999999999583e+00
2.318149750000000058e+05 -4.624444000000000443e+00
2.318150499999999884e+05 -4.232545000000000002e+00
2.318151250000000000e+05 -5.121008999999999922e+00
2.318151999999999825e+05 -5.653654999999999653e+00
2.318152749999999942e+05 -6.534035000000000259e+00
2.318153500000000058e+05 -6.626135999999999804e+00
2.318154249999999884e+05 -6.395776999999999823e+00
2.318155000000000000e+05 -6.610083999999999627e+00
2.318155749999999825e+05 -6.942517999999999745e+00
2.318156499999999942e+05 -7.205547000000000146e+00
2.318157250000000058e+05 -7.143671999999999578e+00
2.318157999999999884e+05 -7.702134000000000036e+00
2.318158750000000000e+05 -8.430571999999999733e+00
2.318159499999999825e+05 -8.361584000000000572e+00
2.318160249999999942e+05 -8.614648000000000749e+00
2.318161000000000058e+05 -8.630026000000000863e+00
2.318161749999999884e+05 -8.734992000000000090e+00
2.318162500000000000e+05 -9.004682999999999993e+00
2.318163249999999825e+05 -9.841504999999999725e+00
2.318163999999999942e+05 -9.097647000000000261e+00
2.318164750000000058e+05 -9.445631999999999806e+00
2.318165499999999884e+05 -1.026301999999999914e+01
2.318166250000000000e+05 -1.131339999999999968e+01
2.318166999999999825e+05 -1.137986000000000075e+01
2.318167749999999942e+05 -1.085352999999999923e+01
2.318168500000000058e+05 -1.151275000000000048e+01
2.318169249999999884e+05 -1.228270000000000017e+01
2.318170000000000000e+05 -1.222283999999999970e+01
2.318170749999999825e+05 -1.187608999999999959e+01
2.318171499999999942e+05 -1.161711999999999989e+01
2.318172250000000058e+05 -1.296832999999999991e+01
2.318172999999999884e+05 -1.372897999999999996e+01
2.318173750000000000e+05 -1.253547000000000011e+01
2.318174499999999825e+05 -1.378661999999999921e+01
2.318175249999999942e+05 -1.613247000000000142e+01
2.318176000000000058e+05 -1.320810999999999957e+01
2.318176749999999884e+05 -1.343027000000000015e+01
2.318177500000000000e+05 -1.737265000000000015e+01
2.318178249999999825e+05 -1.582060000000000066e+01
2.318178999999999942e+05 -1.434881000000000029e+01
2.318179750000000058e+05 -1.654281999999999897e+01
2.318180499999999884e+05 -1.460233999999999988e+01
2.318181250000000000e+05 -1.553818000000000055e+01
2.318181999999999825e+05 -1.718299999999999983e+01
2.318182749999999942e+05 -2.059565999999999875e+01
2.318183500000000058e+05 -1.445337999999999923e+01
2.318184249999999884e+05 -1.650921999999999912e+01
2.318185000000000000e+05 -1.773440000000000083e+01
2.318185749999999825e+05 -1.644294000000000011e+01
2.318186499999999942e+05 -1.634026000000000067e+01
2.318187250000000058e+05 -1.970271999999999935e+01
2.318187999999999884e+05 -1.503754999999999953e+01
2.318188750000000000e+05 -1.936004000000000147e+01
2.318189499999999825e+05 -1.793628999999999962e+01
2.318190249999999942e+05 -1.635958000000000112e+01
2.318191000000000058e+05 -4.013815000000000310e+01
2.318191749999999884e+05 -1.750341999999999842e+01
2.318192500000000000e+05 -1.916730000000000089e+01
2.318193249999999825e+05 -2.592693999999999832e+01
2.318193999999999942e+05 -1.610349000000000075e+01
2.318194750000000058e+05 -2.539660999999999902e+01
2.318195499999999884e+05 -1.781028999999999840e+01
2.318196250000000000e+05 -1.875795000000000101e+01
2.318196999999999825e+05 -2.584421000000000035e+01
2.318197749999999942e+05 -1.945097000000000165e+01
2.318198500000000058e+05 -2.395741999999999905e+01
2.318199249999999884e+05 -1.860757999999999868e+01
2.318200000000000000e+05 -1.995887000000000100e+01
2.318200749999999825e+05 -2.345447000000000060e+01
2.318201499999999942e+05 -2.096425999999999945e+01
2.318202250000000058e+05 -2.441760000000000019e+01
2.318202999999999884e+05 -1.819019000000000119e+01
2.318203750000000000e+05 -2.805345000000000155e+01
2.318204499999999825e+05 -2.194457999999999842e+01
2.318205249999999942e+05 -2.662704000000000093e+01
2.318206000000000058e+05 -2.645827999999999847e+01
2.318206749999999884e+05 -2.340544999999999831e+01
2.318207500000000000e+05 -2.072897000000000034e+01
2.318208249999999825e+05 -2.510160000000000124e+01
2.318208999999999942e+05 -3.450090999999999752e+01
2.318209750000000058e+05 -1.965311000000000163e+01
2.318210499999999884e+05 -2.531221999999999994e+01
2.318211250000000000e+05 -2.097404999999999831e+01
2.318211999999999825e+05 -2.376730999999999838e+01
2.318212749999999942e+05 -2.102821000000000140e+01
2.318213500000000058e+05 -2.809758000000000067e+01
2.318214249999999884e+05 -2.235617999999999839e+01
2.318215000000000000e+05 -2.309093999999999980e+01
2.318215749999999825e+05 -1.999932000000000087e+01
2.318216499999999942e+05 -2.183927999999999869e+01
2.318217250000000058e+05 -2.565446000000000026e+01
2.318217999999999884e+05 -2.236282999999999888e+01
2.318218750000000000e+05 -2.781606000000000023e+01
2.318219499999999825e+05 -2.239562000000000097e+01
2.318220249999999942e+05 -2.398975000000000080e+01
2.318221000000000058e+05 -1.920726000000000155e+01
2.318221749999999884e+05 -4.483010000000000161e+01
2.318222500000000000e+05 -2.041434999999999889e+01
2.318223249999999825e+05 -2.817167999999999850e+01
2.318223999999999942e+05 -2.520909999999999940e+01
2.318224750000000058e+05 -2.337522999999999840e+01
2.318225499999999884e+05 -2.548980999999999852e+01
2.318226250000000000e+05 -2.349288999999999916e+01
2.318226999999999825e+05 -2.661701000000000050e+01
2.318227749999999942e+05 -2.032217999999999947e+01
2.318228500000000058e+05 -2.400176000000000087e+01
2.318229249999999884e+05 -2.452621999999999858e+01
2.318230000000000000e+05 -2.653997000000000028e+01
2.318230749999999825e+05 -2.815861999999999910e+01
2.318231499999999942e+05 -2.183435000000000059e+01
2.318232250000000058e+05 -3.274768000000000256e+01
2.318232999999999884e+05 -2.012564000000000064e+01
2.318233750000000000e+05 -2.282225000000000037e+01
2.318234499999999825e+05 -2.746187000000000111e+01
2.318235249999999942e+05 -2.390220000000000056e+01
2.318236000000000058e+05 -2.313710999999999984e+01
2.318236749999999884e+05 -3.257148000000000110e+01
2.318237500000000000e+05 -2.403031000000000006e+01
2.318238249999999825e+05 -2.348948000000000036e+01
2.318238999999999942e+05 -2.957653000000000176e+01
2.318239750000000058e+05 -2.313313000000000130e+01
2.318240499999999884e+05 -2.254974999999999952e+01
2.318241250000000000e+05 -2.995805000000000007e+01
2.318241999999999825e+05 -2.525228999999999857e+01
2.318242749999999942e+05 -2.978695000000000093e+01
2.318243500000000058e+05 -2.950705999999999918e+01
2.318244249999999884e+05 -2.309500999999999848e+01
2.318245000000000000e+05 -2.297444000000000131e+01
2.318245749999999825e+05 -2.641796000000000078e+01
2.318246499999999942e+05 -2.209376999999999924e+01
2.318247250000000058e+05 -2.112975000000000136e+01
2.318247999999999884e+05 -2.238586000000000098e+01
2.318248750000000000e+05 -2.060602000000000089e+01
2.318249499999999825e+05 -2.323774999999999835e+01
2.318250249999999942e+05 -2.486804000000000059e+01
2.318251000000000058e+05 -2.379773000000000138e+01
2.318251749999999884e+05 -2.166134999999999877e+01
2.318252500000000000e+05 -2.031746000000000052e+01
2.318253249999999825e+05 -2.463494999999999990e+01
2.318253999999999942e+05 -2.249981000000000009e+01
2.318254750000000058e+05 -2.392961999999999989e+01
2.318255499999999884e+05 -2.167859999999999943e+01
2.318256250000000000e+05 -2.250451999999999941e+01
2.318256999999999825e+05 -3.181501000000000090e+01
2.318257749999999942e+05 -2.154498999999999853e+01
2.318258500000000058e+05 -2.351887999999999934e+01
2.318259249999999884e+05 -3.023417999999999850e+01
2.318260000000000000e+05 -2.250196000000000041e+01
2.318260749999999825e+05 -2.237845000000000084e+01
2.318261499999999942e+05 -2.757874999999999943e+01
2.318262250000000058e+05 -2.677380000000000138e+01
2.318262999999999884e+05 -2.406460999999999828e+01
2.318263750000000000e+05 -2.291811999999999827e+01
2.318264499999999825e+05 -2.537933999999999912e+01
2.318265249999999942e+05 -2.577364999999999995e+01
2.318266000000000058e+05 -2.312710999999999828e+01
2.318266749999999884e+05 -2.462821999999999889e+01
2.318267500000000000e+05 -2.452074999999999960e+01
2.318268249999999825e+05 -1.989355000000000118e+01
2.318268999999999942e+05 -2.184006000000000114e+01
2.318269750000000058e+05 -2.566683000000000092e+01
2.318270499999999884e+05 -2.673561000000000121e+01
2.318271250000000000e+05 -2.126197000000000159e+01
2.318271999999999825e+05 -2.202573999999999899e+01
2.318272749999999942e+05 -2.509677999999999898e+01
2.318273500000000058e+05 -2.383887999999999963e+01
2.318274249999999884e+05 -2.219605999999999923e+01
2.318275000000000000e+05 -2.760972999999999900e+01
2.318275749999999825e+05 -2.040677000000000163e+01
2.318276499999999942e+05 -2.141769000000000034e+01
2.318277250000000058e+05 -2.331802000000000064e+01
2.318277999999999884e+05 -2.375458000000000069e+01
2.318278750000000000e+05 -2.408691999999999922e+01
2.318279499999999825e+05 -2.665371999999999986e+01
2.318280249999999942e+05 -2.376483999999999952e+01
2.318281000000000058e+05 -2.827560000000000073e+01
2.318281749999999884e+05 -2.105853000000000108e+01
2.318282500000000000e+05 -2.687358000000000047e+01
2.318283249999999825e+05 -2.384782999999999831e+01
2.318283999999999942e+05 -2.322898999999999958e+01
