# Temperature: None K
2.317962999999999884e+05 -2.327686999999999884e+01
2.317963750000000000e+05 -2.082119000000000142e+01
2.317964499999999825e+05 -1.756409999999999982e+01
2.317965249999999942e+05 -1.743093999999999966e+01
2.317965999999999767e+05 -1.963418000000000063e+01
2.317966749999999884e+05 -2.045752999999999844e+01
2.317967500000000000e+05 -2.073959999999999937e+01
2.317968249999999825e+05 -1.949750999999999834e+01
2.317968999999999942e+05 -1.746029000000000053e+01
2.317969749999999767e+05 -1.858235000000000170e+01
2.317970499999999884e+05 -2.007601000000000013e+01
2.317971250000000000e+05 -1.864848999999999890e+01
2.317971999999999825e+05 -1.944400999999999868e+01
2.317972749999999942e+05 -1.748665000000000092e+01
2.317973499999999767e+05 -2.147784000000000049e+01
2.317974249999999884e+05 -1.678716000000000008e+01
2.317975000000000000e+05 -1.980618000000000123e+01
2.317975749999999825e+05 -1.953646000000000171e+01
2.317976499999999942e+05 -1.805164999999999864e+01
2.317977249999999767e+05 -2.528626999999999825e+01
2.317977999999999884e+05 -1.926305999999999941e+01
2.317978750000000000e+05 -1.804450999999999894e+01
2.317979499999999825e+05 -1.884401000000000082e+01
2.317980249999999942e+05 -2.123663000000000167e+01
2.317980999999999767e+05 -1.816968999999999923e+01
2.317981749999999884e+05 -2.035951999999999984e+01
2.317982500000000000e+05 -2.345898000000000039e+01
2.317983249999999825e+05 -2.001671999999999940e+01
2.317983999999999942e+05 -1.820499999999999829e+01
2.317984749999999767e+05 -1.922976999999999848e+01
2.317985499999999884e+05 -2.002202000000000126e+01
2.317986250000000000e+05 -1.838309999999999889e+01
2.317986999999999825e+05 -2.138532000000000011e+01
2.317987749999999942e+05 -2.192977000000000132e+01
2.317988499999999767e+05 -1.800523000000000096e+01
2.317989249999999884e+05 -2.307888000000000162e+01
2.317990000000000000e+05 -2.201962999999999937e+01
2.317990749999999825e+05 -1.788130999999999915e+01
2.317991499999999942e+05 -1.980210999999999899e+01
2.317992249999999767e+05 -2.295000999999999891e+01
2.317992999999999884e+05 -1.831463000000000108e+01
2.317993750000000000e+05 -1.853866000000000014e+01
2.317994499999999825e+05 -2.368603999999999843e+01
2.317995249999999942e+05 -1.906657999999999831e+01
2.317995999999999767e+05 -2.028527000000000058e+01
2.317996749999999884e+05 -1.869040000000000035e+01
2.317997500000000000e+05 -1.841148000000000096e+01
2.317998249999999825e+05 -2.034721000000000046e+01
2.317998999999999942e+05 -1.701192999999999955e+01
2.317999749999999767e+05 -1.990752000000000166e+01
2.318000499999999884e+05 -2.097306999999999988e+01
2.318001250000000000e+05 -1.680771999999999977e+01
2.318001999999999825e+05 -2.114379999999999882e+01
2.318002749999999942e+05 -1.864858999999999867e+01
2.318003499999999767e+05 -1.936296000000000106e+01
2.318004249999999884e+05 -2.047455000000000069e+01
2.318005000000000000e+05 -1.874165999999999954e+01
2.318005749999999825e+05 -1.987224000000000146e+01
2.318006499999999942e+05 -1.790453000000000117e+01
2.318007249999999767e+05 -1.926180000000000092e+01
2.318007999999999884e+05 -1.733609999999999829e+01
2.318008750000000000e+05 -1.728930000000000078e+01
2.318009499999999825e+05 -1.917701999999999884e+01
2.318010249999999942e+05 -1.972619999999999862e+01
2.318010999999999767e+05 -1.832720000000000127e+01
2.318011749999999884e+05 -1.968637000000000015e+01
2.318012500000000000e+05 -1.817548999999999992e+01
2.318013249999999825e+05 -1.874364999999999881e+01
2.318013999999999942e+05 -1.673327000000000098e+01
2.318014749999999767e+05 -1.887687999999999988e+01
2.318015499999999884e+05 -1.788410999999999973e+01
2.318016250000000000e+05 -2.043337999999999965e+01
2.318016999999999825e+05 -1.925047999999999959e+01
2.318017749999999942e+05 -1.796191999999999922e+01
2.318018499999999767e+05 -1.938850000000000051e+01
2.318019249999999884e+05 -1.876827000000000112e+01
2.318020000000000000e+05 -2.089495000000000147e+01
2.318020749999999825e+05 -1.732700000000000173e+01
2.318021499999999942e+05 -1.868893999999999878e+01
2.318022249999999767e+05 -2.009558000000000177e+01
2.318022999999999884e+05 -2.017661999999999978e+01
2.318023750000000000e+05 -1.735703000000000173e+01
2.318024499999999825e+05 -1.921259999999999835e+01
2.318025249999999942e+05 -1.916879000000000133e+01
2.318025999999999767e+05 -1.870072000000000045e+01
2.318026749999999884e+05 -1.714407999999999888e+01
2.318027500000000000e+05 -1.772668000000000177e+01
2.318028249999999825e+05 -1.974462000000000117e+01
2.318028999999999942e+05 -1.950544999999999973e+01
2.318029749999999767e+05 -1.933530000000000015e+01
2.318030499999999884e+05 -1.774886000000000053e+01
2.318031250000000000e+05 -1.801617999999999853e+01
2.318031999999999825e+05 -1.882762999999999920e+01
2.318032749999999942e+05 -1.781532999999999944e+01
2.318033499999999767e+05 -1.759541000000000111e+01
2.318034249999999884e+05 -1.900287000000000148e+01
2.318035000000000000e+05 -1.743578000000000117e+01
2.318035749999999825e+05 -1.817047000000000168e+01
2.318036499999999942e+05 -1.883924999999999983e+01
2.318037249999999767e+05 -1.654757999999999996e+01
2.318037999999999884e+05 -1.711718000000000117e+01
2.318038750000000000e+05 -1.838983999999999952e+01
2.318039499999999825e+05 -1.770796999999999954e+01
2.318040249999999942e+05 -2.041423999999999950e+01
2.318040999999999767e+05 -2.179401999999999973e+01
2.318041749999999884e+05 -1.914220999999999862e+01
2.318042500000000000e+05 -1.621437999999999846e+01
2.318043249999999825e+05 -1.723398999999999859e+01
2.318043999999999942e+05 -1.911687999999999832e+01
2.318044749999999767e+05 -1.736160999999999888e+01
2.318045499999999884e+05 -1.747336999999999918e+01
2.318046250000000000e+05 -1.759652000000000172e+01
2.318046999999999825e+05 -1.763257000000000119e+01
2.318047749999999942e+05 -1.693806999999999974e+01
2.318048499999999767e+05 -1.621295999999999893e+01
2.318049249999999884e+05 -1.642265000000000086e+01
2.318050000000000000e+05 -1.838675999999999888e+01
2.318050749999999825e+05 -1.902831000000000117e+01
2.318051499999999942e+05 -1.889753999999999934e+01
2.318052249999999767e+05 -1.761588000000000065e+01
2.318052999999999884e+05 -1.839612999999999943e+01
2.318053750000000000e+05 -1.768055999999999983e+01
2.318054499999999825e+05 -1.613056999999999874e+01
2.318055249999999942e+05 -1.780262000000000100e+01
2.318055999999999767e+05 -1.596584999999999965e+01
2.318056749999999884e+05 -1.535749000000000031e+01
2.318057500000000000e+05 -1.562461000000000055e+01
2.318058249999999825e+05 -1.506081000000000003e+01
2.318058999999999942e+05 -1.641169000000000011e+01
2.318059749999999767e+05 -1.709421999999999997e+01
2.318060499999999884e+05 -1.713757000000000019e+01
2.318061250000000000e+05 -1.601569999999999894e+01
2.318061999999999825e+05 -1.548564999999999969e+01
2.318062749999999942e+05 -1.882820999999999856e+01
2.318063499999999767e+05 -1.747679000000000116e+01
2.318064249999999884e+05 -1.627610999999999919e+01
2.318065000000000000e+05 -1.646010000000000062e+01
2.318065749999999825e+05 -1.735137999999999892e+01
2.318066499999999942e+05 -1.391618000000000066e+01
2.318067249999999767e+05 -1.625589000000000084e+01
2.318067999999999884e+05 -1.686158999999999963e+01
2.318068750000000000e+05 -1.491815000000000069e+01
2.318069499999999825e+05 -1.587571999999999939e+01
2.318070249999999942e+05 -1.502804000000000073e+01
2.318070999999999767e+05 -1.612678999999999974e+01
2.318071749999999884e+05 -1.504898999999999987e+01
2.318072500000000000e+05 -1.482450000000000045e+01
2.318073249999999825e+05 -1.434267000000000003e+01
2.318073999999999942e+05 -1.627677999999999869e+01
2.318074749999999767e+05 -1.605461000000000027e+01
2.318075499999999884e+05 -1.548035999999999923e+01
2.318076250000000000e+05 -1.570393999999999934e+01
2.318076999999999825e+05 -1.501368000000000080e+01
2.318077749999999942e+05 -1.442027000000000037e+01
2.318078499999999767e+05 -1.488108000000000075e+01
2.318079249999999884e+05 -1.465179000000000009e+01
2.318080000000000000e+05 -1.510223000000000049e+01
2.318080749999999825e+05 -1.296072000000000024e+01
2.318081499999999942e+05 -1.370978999999999992e+01
2.318082249999999767e+05 -1.359609999999999985e+01
2.318082999999999884e+05 -1.355461999999999989e+01
2.318083750000000000e+05 -1.363368000000000002e+01
2.318084499999999825e+05 -1.373376999999999981e+01
2.318085249999999942e+05 -1.272663000000000011e+01
2.318085999999999767e+05 -1.275980000000000025e+01
2.318086749999999884e+05 -1.269217000000000084e+01
2.318087500000000000e+05 -1.230357000000000056e+01
2.318088249999999825e+05 -1.130003999999999920e+01
2.318088999999999942e+05 -1.191924999999999990e+01
2.318089749999999767e+05 -1.170447000000000060e+01
2.318090499999999884e+05 -1.169191000000000003e+01
2.318091250000000000e+05 -1.201328999999999958e+01
2.318091999999999825e+05 -9.999060000000000059e+00
2.318092749999999942e+05 -1.117631000000000085e+01
2.318093499999999767e+05 -1.050284000000000084e+01
2.318094249999999884e+05 -9.664882999999999669e+00
2.318095000000000000e+05 -8.819625999999999522e+00
2.318095749999999825e+05 -9.212020000000000763e+00
2.318096499999999942e+05 -9.225998999999999839e+00
2.318097249999999767e+05 -8.108200000000000074e+00
2.318097999999999884e+05 -8.297256000000000853e+00
2.318098750000000000e+05 -7.045828000000000202e+00
2.318099499999999825e+05 -6.594329000000000107e+00
2.318100249999999942e+05 -5.892110999999999876e+00
2.318100999999999767e+05 -5.401887999999999579e+00
2.318101749999999884e+05 -5.206001999999999796e+00
2.318102500000000000e+05 -4.290676000000000379e+00
2.318103249999999825e+05 -3.727603999999999917e+00
2.318103999999999942e+05 -3.348536000000000179e+00
2.318104749999999767e+05 -2.635159999999999947e+00
2.318105499999999884e+05 -1.856595999999999913e+00
2.318106250000000000e+05 -1.444992000000000054e+00
2.318106999999999825e+05 -1.029797999999999991e+00
2.318107749999999942e+05 -5.428733999999999504e-01
2.318108499999999767e+05 2.266911000000000065e-01
2.318109249999999884e+05 6.153887999999999581e-01
2.318110000000000000e+05 9.818732000000000015e-01
2.318110749999999825e+05 1.376289000000000096e+00
2.318111499999999942e+05 1.540300999999999920e+00
2.318112249999999767e+05 1.851243999999999890e+00
2.318112999999999884e+05 1.899707999999999952e+00
2.318113750000000000e+05 1.707761000000000084e+00
2.318114499999999825e+05 1.231268999999999947e+00
2.318115249999999942e+05 9.018481000000000414e-01
2.318115999999999767e+05 2.297773999999999928e-01
2.318116749999999884e+05 -9.519516999999999562e-02
2.318117500000000000e+05 -1.281018999999999908e+00
2.318118249999999825e+05 -2.106688999999999812e+00
2.318118999999999942e+05 -2.941644000000000148e+00
2.318119749999999767e+05 -3.029682000000000208e+00
2.318120499999999884e+05 -2.860498000000000207e+00
2.318121250000000000e+05 -2.599622000000000099e+00
2.318121999999999825e+05 -2.522253000000000078e+00
2.318122749999999942e+05 -2.017841000000000218e+00
2.318123499999999767e+05 -2.607251999999999903e+00
2.318124249999999884e+05 -2.863687999999999789e+00
2.318125000000000000e+05 -3.849644000000000066e+00
2.318125749999999825e+05 -4.292404999999999582e+00
2.318126499999999942e+05 -4.975947999999999816e+00
2.318127249999999767e+05 -5.162575000000000358e+00
2.318127999999999884e+05 -4.759415999999999869e+00
2.318128750000000000e+05 -4.593366999999999756e+00
2.318129499999999825e+05 -4.844458999999999627e+00
2.318130249999999942e+05 -5.027580999999999634e+00
2.318130999999999767e+05 -6.354500999999999955e+00
2.318131749999999884e+05 -6.405776000000000359e+00
2.318132500000000000e+05 -6.699150999999999634e+00
2.318133249999999825e+05 -6.316332000000000058e+00
2.318133999999999942e+05 -6.342735000000000234e+00
2.318134749999999767e+05 -6.908201000000000036e+00
2.318135499999999884e+05 -7.376094000000000150e+00
2.318136250000000000e+05 -8.331239999999999313e+00
2.318136999999999825e+05 -7.533680000000000376e+00
2.318137749999999942e+05 -8.265223000000000653e+00
2.318138499999999767e+05 -8.308344999999999203e+00
2.318139249999999884e+05 -8.472912000000000887e+00
2.318140000000000000e+05 -9.221213999999999800e+00
2.318140749999999825e+05 -9.166778000000000759e+00
2.318141499999999942e+05 -9.839076000000000377e+00
2.318142249999999767e+05 -9.593299999999999272e+00
2.318142999999999884e+05 -8.989693000000000822e+00
2.318143750000000000e+05 -9.169791999999999277e+00
2.318144499999999825e+05 -9.443593999999999156e+00
2.318145249999999942e+05 -1.026803999999999917e+01
2.318145999999999767e+05 -1.090570999999999913e+01
2.318146749999999884e+05 -1.073393000000000086e+01
2.318147500000000000e+05 -1.121813000000000038e+01
2.318148249999999825e+05 -1.200592999999999932e+01
2.318148999999999942e+05 -1.128370999999999924e+01
2.318149749999999767e+05 -1.198469000000000051e+01
2.318150499999999884e+05 -1.397222000000000008e+01
2.318151250000000000e+05 -1.270382999999999996e+01
2.318151999999999825e+05 -1.312831000000000081e+01
2.318152749999999942e+05 -1.264892000000000039e+01
2.318153499999999767e+05 -1.373033999999999999e+01
2.318154249999999884e+05 -1.225187000000000026e+01
2.318155000000000000e+05 -1.249253000000000036e+01
2.318155749999999825e+05 -1.441475999999999935e+01
2.318156499999999942e+05 -1.630358999999999980e+01
2.318157249999999767e+05 -1.522727000000000075e+01
2.318157999999999884e+05 -1.418566000000000038e+01
2.318158750000000000e+05 -1.804532999999999987e+01
2.318159499999999825e+05 -1.541694000000000031e+01
2.318160249999999942e+05 -1.502965999999999980e+01
2.318160999999999767e+05 -1.908501000000000047e+01
2.318161749999999884e+05 -1.550615999999999950e+01
2.318162500000000000e+05 -1.475896999999999970e+01
2.318163249999999825e+05 -2.158849999999999980e+01
2.318163999999999942e+05 -1.598404999999999987e+01
2.318164749999999767e+05 -1.617182000000000031e+01
2.318165499999999884e+05 -2.383965999999999852e+01
2.318166250000000000e+05 -1.588859000000000066e+01
2.318166999999999825e+05 -1.890997000000000128e+01
2.318167749999999942e+05 -2.245267000000000124e+01
2.318168499999999767e+05 -1.647821000000000069e+01
2.318169249999999884e+05 -2.249795999999999907e+01
2.318170000000000000e+05 -2.038215999999999894e+01
2.318170749999999825e+05 -1.822060000000000102e+01
2.318171499999999942e+05 -2.663954999999999984e+01
2.318172249999999767e+05 -2.118226999999999904e+01
2.318172999999999884e+05 -1.991315000000000168e+01
2.318173750000000000e+05 -2.263535999999999859e+01
2.318174499999999825e+05 -1.629123999999999839e+01
2.318175249999999942e+05 -3.333453999999999695e+01
2.318175999999999767e+05 -1.783288999999999902e+01
2.318176749999999884e+05 -1.914282000000000039e+01
2.318177500000000000e+05 -2.560808000000000106e+01
2.318178249999999825e+05 -2.309645000000000081e+01
2.318178999999999942e+05 -2.606043000000000021e+01
2.318179749999999767e+05 -2.018083000000000027e+01
2.318180499999999884e+05 -3.318079999999999785e+01
2.318181250000000000e+05 -1.941631999999999891e+01
2.318181999999999825e+05 -2.329258000000000095e+01
2.318182749999999942e+05 -2.345410000000000039e+01
2.318183499999999767e+05 -2.689914999999999878e+01
2.318184249999999884e+05 -3.613092999999999932e+01
2.318185000000000000e+05 -1.970139999999999958e+01
2.318185749999999825e+05 -3.049136000000000024e+01
2.318186499999999942e+05 -2.397860000000000014e+01
2.318187249999999767e+05 -3.085360000000000014e+01
2.318187999999999884e+05 -1.871809000000000012e+01
2.318188750000000000e+05 -3.182386999999999944e+01
2.318189499999999825e+05 -1.822848000000000113e+01
2.318190249999999942e+05 -2.860193999999999903e+01
2.318190999999999767e+05 -1.839217999999999975e+01
2.318191749999999884e+05 -2.611299999999999955e+01
2.318192500000000000e+05 -1.962344999999999828e+01
2.318193249999999825e+05 -3.529144999999999754e+01
2.318193999999999942e+05 -1.890455000000000041e+01
2.318194749999999767e+05 -3.511834999999999951e+01
2.318195499999999884e+05 -2.148318000000000083e+01
2.318196250000000000e+05 -2.661655999999999977e+01
2.318196999999999825e+05 -1.953386000000000067e+01
2.318197749999999942e+05 -2.694187000000000154e+01
2.318198499999999767e+05 -2.306786999999999921e+01
2.318199249999999884e+05 -2.518418000000000134e+01
2.318200000000000000e+05 -2.281553999999999860e+01
2.318200749999999825e+05 -2.316875999999999891e+01
2.318201499999999942e+05 -2.649229000000000056e+01
2.318202249999999767e+05 -2.184281999999999968e+01
2.318202999999999884e+05 -3.428891000000000133e+01
2.318203750000000000e+05 -2.201375000000000171e+01
2.318204499999999825e+05 -2.495185000000000031e+01
2.318205249999999942e+05 -2.506166999999999945e+01
2.318205999999999767e+05 -2.064893999999999963e+01
2.318206749999999884e+05 -2.934727000000000174e+01
2.318207500000000000e+05 -2.140506999999999849e+01
2.318208249999999825e+05 -2.485352999999999923e+01
2.318208999999999942e+05 -2.816703000000000046e+01
2.318209749999999767e+05 -2.062482999999999933e+01
2.318210499999999884e+05 -2.984277000000000157e+01
2.318211250000000000e+05 -2.120921999999999841e+01
2.318211999999999825e+05 -2.434759000000000029e+01
2.318212749999999942e+05 -2.425805000000000078e+01
2.318213499999999767e+05 -2.121292000000000044e+01
2.318214249999999884e+05 -2.542643999999999949e+01
2.318215000000000000e+05 -2.280753999999999948e+01
2.318215749999999825e+05 -2.667970000000000041e+01
2.318216499999999942e+05 -2.877871000000000024e+01
2.318217249999999767e+05 -2.583130999999999844e+01
2.318217999999999884e+05 -2.557830999999999833e+01
2.318218750000000000e+05 -2.490275000000000105e+01
2.318219499999999825e+05 -2.683397000000000077e+01
2.318220249999999942e+05 -2.111671000000000120e+01
2.318220999999999767e+05 -2.128303999999999974e+01
2.318221749999999884e+05 -2.138145000000000095e+01
2.318222500000000000e+05 -2.557271000000000072e+01
2.318223249999999825e+05 -2.975606000000000151e+01
2.318223999999999942e+05 -2.142573000000000150e+01
2.318224749999999767e+05 -2.410199000000000069e+01
2.318225499999999884e+05 -2.293354000000000070e+01
2.318226250000000000e+05 -2.271716999999999942e+01
2.318226999999999825e+05 -2.517567000000000021e+01
2.318227749999999942e+05 -2.721656000000000120e+01
2.318228499999999767e+05 -2.603277999999999892e+01
2.318229249999999884e+05 -2.168696999999999875e+01
2.318230000000000000e+05 -2.227478999999999942e+01
2.318230749999999825e+05 -2.447659000000000162e+01
2.318231499999999942e+05 -2.508663999999999916e+01
2.318232249999999767e+05 -2.345887000000000100e+01
2.318232999999999884e+05 -2.419575999999999993e+01
2.318233750000000000e+05 -2.322204999999999941e+01
2.318234499999999825e+05 -2.338385999999999854e+01
2.318235249999999942e+05 -1.979019999999999868e+01
2.318235999999999767e+05 -2.249924000000000035e+01
2.318236749999999884e+05 -2.322740999999999900e+01
2.318237500000000000e+05 -2.344227000000000061e+01
2.318238249999999825e+05 -2.241683000000000092e+01
2.318238999999999942e+05 -2.149903000000000119e+01
2.318239749999999767e+05 -2.759312999999999860e+01
2.318240499999999884e+05 -2.492577999999999960e+01
2.318241250000000000e+05 -2.161712999999999951e+01
2.318241999999999825e+05 -2.066645000000000110e+01
2.318242749999999942e+05 -2.061201000000000150e+01
2.318243499999999767e+05 -2.318337000000000003e+01
2.318244249999999884e+05 -2.119948000000000121e+01
2.318245000000000000e+05 -2.079409000000000063e+01
2.318245749999999825e+05 -2.743099000000000132e+01
2.318246499999999942e+05 -2.089930999999999983e+01
2.318247249999999767e+05 -2.879043000000000063e+01
2.318247999999999884e+05 -2.458417999999999992e+01
2.318248750000000000e+05 -2.411202000000000112e+01
2.318249499999999825e+05 -2.687065000000000126e+01
2.318250249999999942e+05 -2.536289999999999978e+01
2.318250999999999767e+05 -2.210333999999999932e+01
2.318251749999999884e+05 -2.131940000000000168e+01
2.318252500000000000e+05 -2.145339999999999847e+01
2.318253249999999825e+05 -2.289019000000000048e+01
2.318253999999999942e+05 -2.284680000000000177e+01
2.318254749999999767e+05 -2.157322999999999880e+01
2.318255499999999884e+05 -2.215637999999999863e+01
2.318256250000000000e+05 -2.122636999999999929e+01
2.318256999999999825e+05 -2.503747999999999863e+01
2.318257749999999942e+05 -2.892374999999999829e+01
2.318258499999999767e+05 -2.345915000000000106e+01
2.318259249999999884e+05 -2.404033000000000087e+01
2.318260000000000000e+05 -2.348885999999999896e+01
2.318260749999999825e+05 -2.162702000000000169e+01
2.318261499999999942e+05 -2.392145999999999972e+01
2.318262249999999767e+05 -1.907224000000000075e+01
2.318262999999999884e+05 -3.253462999999999994e+01
