# Temperature: None K
2.318598999999999942e+05 -1.919241999999999848e+01
2.318599750000000058e+05 -2.032207000000000008e+01
2.318600499999999884e+05 -1.989545999999999992e+01
2.318601250000000000e+05 -1.965575000000000117e+01
2.318601999999999825e+05 -1.938469999999999871e+01
2.318602749999999942e+05 -1.825846999999999909e+01
2.318603500000000058e+05 -2.038225999999999871e+01
2.318604249999999884e+05 -2.156753000000000142e+01
2.318605000000000000e+05 -1.869876000000000005e+01
2.318605749999999825e+05 -1.890894000000000119e+01
2.318606499999999942e+05 -2.015661000000000058e+01
2.318607250000000058e+05 -2.014097999999999900e+01
2.318607999999999884e+05 -1.761789999999999878e+01
2.318608750000000000e+05 -1.900016000000000105e+01
2.318609499999999825e+05 -1.986261999999999972e+01
2.318610249999999942e+05 -1.928644999999999854e+01
2.318611000000000058e+05 -1.996643999999999863e+01
2.318611749999999884e+05 -1.896524000000000143e+01
2.318612500000000000e+05 -1.978342999999999918e+01
2.318613249999999825e+05 -1.981829000000000107e+01
2.318613999999999942e+05 -1.994798000000000116e+01
2.318614750000000058e+05 -1.908116000000000057e+01
2.318615499999999884e+05 -1.865520000000000067e+01
2.318616250000000000e+05 -1.935433000000000092e+01
2.318616999999999825e+05 -1.989654000000000167e+01
2.318617749999999942e+05 -2.071244000000000085e+01
2.318618500000000058e+05 -1.931341000000000108e+01
2.318619249999999884e+05 -2.007488000000000028e+01
2.318620000000000000e+05 -1.917831999999999937e+01
2.318620749999999825e+05 -1.875834000000000046e+01
2.318621499999999942e+05 -1.887280000000000157e+01
2.318622250000000058e+05 -1.960380999999999929e+01
2.318622999999999884e+05 -2.006133000000000166e+01
2.318623750000000000e+05 -1.816685000000000016e+01
2.318624499999999825e+05 -1.796684000000000125e+01
2.318625249999999942e+05 -1.794369999999999976e+01
2.318626000000000058e+05 -1.848111000000000104e+01
2.318626749999999884e+05 -1.731950000000000145e+01
2.318627500000000000e+05 -1.749473000000000056e+01
2.318628249999999825e+05 -1.727243999999999957e+01
2.318628999999999942e+05 -1.937181999999999960e+01
2.318629750000000058e+05 -1.978175999999999846e+01
2.318630499999999884e+05 -1.945583999999999847e+01
2.318631250000000000e+05 -1.936478999999999928e+01
2.318631999999999825e+05 -1.860983999999999838e+01
2.318632749999999942e+05 -1.955409999999999826e+01
2.318633500000000058e+05 -1.755173999999999879e+01
2.318634249999999884e+05 -1.764361999999999853e+01
2.318635000000000000e+05 -1.982927000000000106e+01
2.318635749999999825e+05 -1.980029000000000039e+01
2.318636499999999942e+05 -1.884001999999999910e+01
2.318637250000000058e+05 -1.970933000000000135e+01
2.318637999999999884e+05 -1.905151000000000039e+01
2.318638750000000000e+05 -1.851143000000000072e+01
2.318639499999999825e+05 -2.042152000000000100e+01
2.318640249999999942e+05 -1.677740000000000009e+01
2.318641000000000058e+05 -1.768822000000000116e+01
2.318641749999999884e+05 -1.989660999999999902e+01
2.318642500000000000e+05 -1.849774999999999991e+01
2.318643249999999825e+05 -2.163482000000000127e+01
2.318643999999999942e+05 -1.765803999999999974e+01
2.318644750000000058e+05 -1.697428999999999988e+01
2.318645499999999884e+05 -1.915018999999999849e+01
2.318646250000000000e+05 -1.792039000000000115e+01
2.318646999999999825e+05 -1.987324999999999875e+01
2.318647749999999942e+05 -1.698455999999999833e+01
2.318648500000000058e+05 -1.865913000000000110e+01
2.318649249999999884e+05 -1.950927000000000078e+01
2.318650000000000000e+05 -1.881006999999999962e+01
2.318650749999999825e+05 -1.912667000000000073e+01
2.318651499999999942e+05 -1.854986999999999853e+01
2.318652250000000058e+05 -1.770094999999999885e+01
2.318652999999999884e+05 -1.834825999999999979e+01
2.318653750000000000e+05 -2.001532999999999873e+01
2.318654499999999825e+05 -2.128613999999999962e+01
2.318655249999999942e+05 -1.763836999999999833e+01
2.318656000000000058e+05 -1.973544000000000054e+01
2.318656749999999884e+05 -1.945534999999999926e+01
2.318657500000000000e+05 -1.778276999999999930e+01
2.318658249999999825e+05 -1.763919999999999888e+01
2.318658999999999942e+05 -1.617323000000000022e+01
2.318659750000000058e+05 -1.795517999999999859e+01
2.318660499999999884e+05 -1.914705999999999975e+01
2.318661250000000000e+05 -1.829796999999999940e+01
2.318661999999999825e+05 -1.848063000000000144e+01
2.318662749999999942e+05 -1.843218999999999852e+01
2.318663500000000058e+05 -1.886270999999999987e+01
2.318664249999999884e+05 -2.211780999999999864e+01
2.318665000000000000e+05 -1.694341999999999970e+01
2.318665749999999825e+05 -1.892332999999999998e+01
2.318666499999999942e+05 -1.844103000000000137e+01
2.318667250000000058e+05 -1.736596000000000117e+01
2.318667999999999884e+05 -1.964415999999999940e+01
2.318668750000000000e+05 -1.869292000000000087e+01
2.318669499999999825e+05 -1.680152000000000001e+01
2.318670249999999942e+05 -2.068874999999999886e+01
2.318671000000000058e+05 -1.878567999999999927e+01
2.318671749999999884e+05 -1.802044000000000068e+01
2.318672500000000000e+05 -1.776424000000000092e+01
2.318673249999999825e+05 -1.683445000000000036e+01
2.318673999999999942e+05 -1.636705999999999861e+01
2.318674750000000058e+05 -1.772278999999999982e+01
2.318675499999999884e+05 -1.864583000000000013e+01
2.318676250000000000e+05 -1.623956000000000088e+01
2.318676999999999825e+05 -1.715972999999999971e+01
2.318677749999999942e+05 -1.762482999999999933e+01
2.318678500000000058e+05 -1.656854999999999833e+01
2.318679249999999884e+05 -1.775676999999999950e+01
2.318680000000000000e+05 -1.931318999999999875e+01
2.318680749999999825e+05 -1.894362999999999886e+01
2.318681499999999942e+05 -1.751725000000000065e+01
2.318682250000000058e+05 -1.730320999999999998e+01
2.318682999999999884e+05 -1.843345000000000056e+01
2.318683750000000000e+05 -1.542869999999999919e+01
2.318684499999999825e+05 -1.756831999999999994e+01
2.318685249999999942e+05 -1.842926999999999893e+01
2.318686000000000058e+05 -1.792443000000000097e+01
2.318686749999999884e+05 -1.778822999999999865e+01
2.318687500000000000e+05 -1.683508000000000138e+01
2.318688249999999825e+05 -1.671094000000000079e+01
2.318688999999999942e+05 -1.735431000000000168e+01
2.318689750000000058e+05 -1.569987000000000066e+01
2.318690499999999884e+05 -1.893136000000000152e+01
2.318691250000000000e+05 -1.677909999999999968e+01
2.318691999999999825e+05 -1.780020999999999987e+01
2.318692749999999942e+05 -1.576570000000000071e+01
2.318693500000000058e+05 -1.648207999999999984e+01
2.318694249999999884e+05 -1.755452000000000012e+01
2.318695000000000000e+05 -1.683792000000000044e+01
2.318695749999999825e+05 -1.517463000000000051e+01
2.318696499999999942e+05 -1.705761000000000038e+01
2.318697250000000058e+05 -1.669084000000000145e+01
2.318697999999999884e+05 -1.945180999999999827e+01
2.318698750000000000e+05 -1.521897000000000055e+01
2.318699499999999825e+05 -1.834552000000000049e+01
2.318700249999999942e+05 -1.697599999999999909e+01
2.318701000000000058e+05 -1.579705000000000048e+01
2.318701749999999884e+05 -1.686712999999999951e+01
2.318702500000000000e+05 -1.563596000000000075e+01
2.318703249999999825e+05 -1.527973000000000070e+01
2.318703999999999942e+05 -1.641243000000000052e+01
2.318704750000000058e+05 -1.519318999999999953e+01
2.318705499999999884e+05 -1.728143999999999991e+01
2.318706250000000000e+05 -1.672466000000000008e+01
2.318706999999999825e+05 -1.542483000000000004e+01
2.318707749999999942e+05 -1.669371999999999900e+01
2.318708500000000058e+05 -1.527139000000000024e+01
2.318709249999999884e+05 -1.727272999999999925e+01
2.318710000000000000e+05 -1.647598999999999947e+01
2.318710749999999825e+05 -1.347161000000000008e+01
2.318711499999999942e+05 -1.481920000000000037e+01
2.318712250000000058e+05 -1.414192000000000071e+01
2.318712999999999884e+05 -1.564907000000000004e+01
2.318713750000000000e+05 -1.506084000000000067e+01
2.318714499999999825e+05 -1.427773000000000003e+01
2.318715249999999942e+05 -1.482817999999999969e+01
2.318716000000000058e+05 -1.577779999999999916e+01
2.318716749999999884e+05 -1.340497000000000050e+01
2.318717500000000000e+05 -1.365038999999999980e+01
2.318718249999999825e+05 -1.405935999999999986e+01
2.318718999999999942e+05 -1.289095000000000013e+01
2.318719750000000058e+05 -1.319832000000000072e+01
2.318720499999999884e+05 -1.398339999999999961e+01
2.318721250000000000e+05 -1.354543999999999926e+01
2.318721999999999825e+05 -1.128944000000000081e+01
2.318722749999999942e+05 -1.272143999999999942e+01
2.318723500000000058e+05 -1.188916000000000039e+01
2.318724249999999884e+05 -1.214945999999999948e+01
2.318725000000000000e+05 -1.259221999999999930e+01
2.318725749999999825e+05 -1.143605999999999945e+01
2.318726499999999942e+05 -1.111630000000000074e+01
2.318727250000000058e+05 -1.195156000000000063e+01
2.318727999999999884e+05 -1.134548999999999985e+01
2.318728750000000000e+05 -1.123118999999999978e+01
2.318729499999999825e+05 -1.127228999999999992e+01
2.318730249999999942e+05 -1.014661000000000080e+01
2.318731000000000058e+05 -1.024300999999999995e+01
2.318731749999999884e+05 -9.219998000000000360e+00
2.318732500000000000e+05 -9.487054999999999794e+00
2.318733249999999825e+05 -9.048277999999999821e+00
2.318733999999999942e+05 -8.660107999999999251e+00
2.318734750000000058e+05 -9.147662000000000404e+00
2.318735499999999884e+05 -8.579086000000000212e+00
2.318736250000000000e+05 -7.947701000000000349e+00
2.318736999999999825e+05 -7.449692999999999898e+00
2.318737749999999942e+05 -7.350554999999999950e+00
2.318738500000000058e+05 -7.040910000000000224e+00
2.318739249999999884e+05 -7.174223999999999712e+00
2.318740000000000000e+05 -6.978908999999999807e+00
2.318740749999999825e+05 -6.766178000000000026e+00
2.318741499999999942e+05 -5.981536000000000186e+00
2.318742250000000058e+05 -6.500395000000000145e+00
2.318742999999999884e+05 -6.761592000000000269e+00
2.318743750000000000e+05 -6.196829000000000143e+00
2.318744499999999825e+05 -6.383345000000000269e+00
2.318745249999999942e+05 -6.590413999999999994e+00
2.318746000000000058e+05 -5.808963000000000321e+00
2.318746749999999884e+05 -6.723334000000000366e+00
2.318747500000000000e+05 -7.398062999999999612e+00
2.318748249999999825e+05 -7.412446000000000090e+00
2.318748999999999942e+05 -9.470720999999999279e+00
2.318749750000000058e+05 -9.530720999999999776e+00
2.318750499999999884e+05 -1.092740000000000045e+01
2.318751250000000000e+05 -1.202506999999999948e+01
2.318751999999999825e+05 -1.380855000000000032e+01
2.318752749999999942e+05 -1.659627000000000052e+01
2.318753500000000058e+05 -2.118619999999999948e+01
2.318754249999999884e+05 -1.829197999999999880e+01
2.318755000000000000e+05 -2.788365999999999900e+01
2.318755749999999825e+05 -2.172706000000000159e+01
2.318756499999999942e+05 -2.402505000000000024e+01
2.318757250000000058e+05 -2.204812000000000083e+01
2.318757999999999884e+05 -2.158411999999999864e+01
2.318758750000000000e+05 -1.909395999999999916e+01
2.318759499999999825e+05 -2.158322000000000074e+01
2.318760249999999942e+05 -2.526769000000000176e+01
2.318761000000000058e+05 -3.128603000000000023e+01
2.318761749999999884e+05 -2.694853000000000165e+01
2.318762500000000000e+05 -5.834763000000000233e+01
2.318763249999999825e+05 -3.214598000000000155e+01
2.318763999999999942e+05 -2.516422000000000025e+01
2.318764750000000058e+05 -3.195107000000000141e+01
2.318765499999999884e+05 -2.773200999999999894e+01
2.318766250000000000e+05 -3.850415000000000276e+01
2.318766999999999825e+05 -3.340021000000000129e+01
2.318767749999999942e+05 -3.470815999999999946e+01
2.318768500000000058e+05 -3.337272999999999712e+01
2.318769249999999884e+05 -4.372455999999999676e+01
2.318770000000000000e+05 -2.548759000000000086e+01
2.318770749999999825e+05 -3.720250000000000057e+01
2.318771499999999942e+05 -3.649584999999999724e+01
2.318772250000000058e+05 -2.839179000000000030e+01
2.318772999999999884e+05 -3.073023999999999845e+01
2.318773750000000000e+05 -4.432733000000000345e+01
2.318774499999999825e+05 -3.405225999999999686e+01
2.318775249999999942e+05 -2.869131000000000142e+01
2.318776000000000058e+05 -3.072581999999999880e+01
2.318776749999999884e+05 -4.573866000000000298e+01
2.318777500000000000e+05 -3.322699999999999676e+01
2.318778249999999825e+05 -2.942150000000000176e+01
2.318778999999999942e+05 -3.011399000000000115e+01
2.318779750000000058e+05 -3.472308000000000305e+01
2.318780499999999884e+05 -3.277205000000000013e+01
2.318781250000000000e+05 -3.100561000000000078e+01
2.318781999999999825e+05 -3.118771999999999878e+01
2.318782749999999942e+05 -2.850465000000000160e+01
2.318783500000000058e+05 -2.771911000000000058e+01
2.318784249999999884e+05 -2.957620999999999967e+01
2.318785000000000000e+05 -3.962807999999999709e+01
2.318785749999999825e+05 -3.748536000000000001e+01
2.318786499999999942e+05 -2.800553000000000026e+01
2.318787250000000058e+05 -2.554313000000000144e+01
2.318787999999999884e+05 -3.289368999999999943e+01
2.318788750000000000e+05 -2.902317999999999998e+01
2.318789499999999825e+05 -3.776077000000000083e+01
2.318790249999999942e+05 -3.110613000000000028e+01
2.318791000000000058e+05 -2.750384999999999991e+01
2.318791749999999884e+05 -3.345891999999999911e+01
2.318792500000000000e+05 -2.813141999999999854e+01
2.318793249999999825e+05 -2.634876999999999825e+01
2.318793999999999942e+05 -3.305393000000000114e+01
2.318794750000000058e+05 -2.748092000000000112e+01
2.318795499999999884e+05 -3.011326000000000036e+01
2.318796250000000000e+05 -2.854638999999999882e+01
2.318796999999999825e+05 -3.971390999999999849e+01
2.318797749999999942e+05 -2.837285999999999930e+01
2.318798500000000058e+05 -3.201241999999999877e+01
2.318799249999999884e+05 -2.772054999999999936e+01
2.318800000000000000e+05 -2.727571000000000012e+01
2.318800749999999825e+05 -2.390974999999999895e+01
2.318801499999999942e+05 -3.222135000000000105e+01
2.318802250000000058e+05 -2.303353999999999857e+01
2.318802999999999884e+05 -2.841245999999999938e+01
2.318803750000000000e+05 -3.116969999999999885e+01
2.318804499999999825e+05 -2.299030000000000129e+01
2.318805249999999942e+05 -2.844020000000000081e+01
2.318806000000000058e+05 -2.273508999999999958e+01
2.318806749999999884e+05 -2.868656999999999968e+01
2.318807500000000000e+05 -3.149862999999999857e+01
2.318808249999999825e+05 -3.593744999999999834e+01
2.318808999999999942e+05 -2.698560000000000159e+01
2.318809750000000058e+05 -2.195726000000000155e+01
2.318810499999999884e+05 -2.709461999999999904e+01
2.318811250000000000e+05 -2.651603000000000065e+01
2.318811999999999825e+05 -2.265970000000000084e+01
2.318812749999999942e+05 -2.672391999999999967e+01
2.318813500000000058e+05 -3.003545000000000087e+01
2.318814249999999884e+05 -2.721004999999999896e+01
2.318815000000000000e+05 -2.296831999999999852e+01
2.318815749999999825e+05 -3.308305000000000007e+01
2.318816499999999942e+05 -2.373729000000000156e+01
2.318817250000000058e+05 -2.256791000000000125e+01
2.318817999999999884e+05 -3.490377000000000152e+01
2.318818750000000000e+05 -2.658590999999999838e+01
2.318819499999999825e+05 -2.955149000000000115e+01
2.318820249999999942e+05 -2.422641000000000133e+01
2.318821000000000058e+05 -3.241024000000000171e+01
2.318821749999999884e+05 -2.428315999999999875e+01
2.318822500000000000e+05 -3.250200999999999851e+01
2.318823249999999825e+05 -2.574241999999999919e+01
2.318823999999999942e+05 -2.377581999999999951e+01
2.318824750000000058e+05 -2.536805999999999983e+01
2.318825499999999884e+05 -2.843166000000000082e+01
2.318826250000000000e+05 -2.402832000000000079e+01
2.318826999999999825e+05 -2.490559000000000012e+01
2.318827749999999942e+05 -2.295338999999999885e+01
2.318828500000000058e+05 -2.563903000000000176e+01
2.318829249999999884e+05 -2.506476999999999933e+01
2.318830000000000000e+05 -2.538116000000000128e+01
2.318830749999999825e+05 -2.289314999999999856e+01
2.318831499999999942e+05 -2.417700999999999922e+01
2.318832250000000058e+05 -2.247031000000000134e+01
2.318832999999999884e+05 -2.535563000000000144e+01
2.318833750000000000e+05 -2.795372000000000057e+01
2.318834499999999825e+05 -2.658627999999999858e+01
2.318835249999999942e+05 -2.424668000000000134e+01
2.318836000000000058e+05 -2.572256000000000142e+01
2.318836749999999884e+05 -2.388064999999999927e+01
2.318837500000000000e+05 -2.295899000000000001e+01
2.318838249999999825e+05 -2.555797000000000097e+01
2.318838999999999942e+05 -2.573504000000000147e+01
2.318839750000000058e+05 -2.397257000000000104e+01
2.318840499999999884e+05 -2.528947000000000145e+01
2.318841250000000000e+05 -2.278472000000000008e+01
2.318841999999999825e+05 -2.510288999999999859e+01
2.318842749999999942e+05 -2.876360999999999990e+01
2.318843500000000058e+05 -2.960833999999999833e+01
2.318844249999999884e+05 -2.538192000000000093e+01
2.318845000000000000e+05 -2.266524000000000072e+01
2.318845749999999825e+05 -2.781382999999999939e+01
2.318846499999999942e+05 -2.276974999999999838e+01
2.318847250000000058e+05 -2.640999000000000052e+01
2.318847999999999884e+05 -2.100340999999999880e+01
2.318848750000000000e+05 -2.186919999999999931e+01
2.318849499999999825e+05 -2.444105000000000061e+01
2.318850249999999942e+05 -2.546563000000000088e+01
2.318851000000000058e+05 -2.528393000000000157e+01
2.318851749999999884e+05 -2.641753999999999891e+01
2.318852500000000000e+05 -1.987106999999999957e+01
2.318853249999999825e+05 -2.253338000000000108e+01
2.318853999999999942e+05 -2.344225000000000136e+01
2.318854750000000058e+05 -2.517820999999999998e+01
2.318855499999999884e+05 -2.463399000000000072e+01
2.318856250000000000e+05 -2.544410999999999845e+01
2.318856999999999825e+05 -2.453807000000000116e+01
2.318857749999999942e+05 -2.266050999999999860e+01
2.318858500000000058e+05 -2.390159999999999840e+01
2.318859249999999884e+05 -2.861627000000000010e+01
2.318860000000000000e+05 -2.478496000000000166e+01
2.318860749999999825e+05 -1.941851000000000127e+01
2.318861499999999942e+05 -2.478310000000000102e+01
2.318862250000000058e+05 -2.377958999999999889e+01
2.318862999999999884e+05 -2.141294999999999860e+01
2.318863750000000000e+05 -2.274868000000000023e+01
2.318864499999999825e+05 -2.675449000000000055e+01
2.318865249999999942e+05 -2.505359999999999943e+01
2.318866000000000058e+05 -2.078728999999999871e+01
2.318866749999999884e+05 -2.301746999999999943e+01
2.318867500000000000e+05 -2.393669999999999831e+01
2.318868249999999825e+05 -2.671141000000000076e+01
2.318868999999999942e+05 -2.532809999999999917e+01
2.318869750000000058e+05 -2.070435000000000159e+01
2.318870499999999884e+05 -2.530358999999999980e+01
2.318871250000000000e+05 -2.314819999999999922e+01
2.318871999999999825e+05 -2.394559999999999889e+01
2.318872749999999942e+05 -2.290803999999999974e+01
2.318873500000000058e+05 -2.764500999999999920e+01
2.318874249999999884e+05 -2.314915999999999840e+01
2.318875000000000000e+05 -2.209202000000000155e+01
2.318875749999999825e+05 -2.539441000000000059e+01
2.318876499999999942e+05 -2.491461999999999932e+01
2.318877250000000058e+05 -2.350465000000000160e+01
2.318877999999999884e+05 -2.429151999999999845e+01
2.318878750000000000e+05 -2.399153000000000091e+01
2.318879499999999825e+05 -2.536304000000000158e+01
2.318880249999999942e+05 -2.444127999999999901e+01
2.318881000000000058e+05 -2.281042000000000058e+01
2.318881749999999884e+05 -2.126409999999999911e+01
2.318882500000000000e+05 -2.383697000000000088e+01
2.318883249999999825e+05 -2.412338000000000093e+01
2.318883999999999942e+05 -2.696525000000000105e+01
2.318884750000000058e+05 -2.555950999999999951e+01
2.318885499999999884e+05 -2.094706000000000046e+01
2.318886250000000000e+05 -2.266947000000000045e+01
2.318886999999999825e+05 -2.402817999999999898e+01
2.318887749999999942e+05 -2.970266000000000162e+01
2.318888500000000058e+05 -2.599100999999999928e+01
2.318889249999999884e+05 -2.134574999999999889e+01
2.318890000000000000e+05 -2.131700000000000017e+01
2.318890749999999825e+05 -2.099053999999999931e+01
2.318891499999999942e+05 -2.298632999999999882e+01
2.318892250000000058e+05 -2.100873999999999953e+01
2.318892999999999884e+05 -2.423525000000000063e+01
2.318893750000000000e+05 -2.675884999999999891e+01
2.318894499999999825e+05 -2.376601000000000141e+01
2.318895249999999942e+05 -2.496024999999999849e+01
2.318896000000000058e+05 -2.355057000000000045e+01
2.318896749999999884e+05 -2.881897999999999982e+01
2.318897500000000000e+05 -2.079262999999999906e+01
2.318898249999999825e+05 -2.175348999999999933e+01
2.318898999999999942e+05 -1.940033000000000030e+01
