# Temperature: None K
2.317312000000000116e+05 -1.929507999999999868e+01
2.317312750000000233e+05 -2.134998999999999825e+01
2.317313500000000058e+05 -2.118440000000000012e+01
2.317314250000000175e+05 -1.888590999999999909e+01
2.317315000000000000e+05 -2.258040000000000092e+01
2.317315750000000116e+05 -2.167208000000000112e+01
2.317316500000000233e+05 -1.908087000000000089e+01
2.317317250000000058e+05 -1.947090000000000032e+01
2.317318000000000175e+05 -1.944220999999999933e+01
2.317318750000000000e+05 -1.944031999999999982e+01
2.317319500000000116e+05 -2.043459999999999965e+01
2.317320250000000233e+05 -2.263254999999999839e+01
2.317321000000000058e+05 -1.816240000000000165e+01
2.317321750000000175e+05 -1.892802000000000007e+01
2.317322500000000000e+05 -1.971519999999999939e+01
2.317323250000000116e+05 -2.043894999999999840e+01
2.317324000000000233e+05 -1.780434999999999945e+01
2.317324750000000058e+05 -2.014038000000000039e+01
2.317325500000000175e+05 -1.847483000000000075e+01
2.317326250000000000e+05 -1.863410000000000011e+01
2.317327000000000116e+05 -1.896534000000000120e+01
2.317327750000000233e+05 -2.049968000000000146e+01
2.317328500000000058e+05 -1.998883999999999972e+01
2.317329250000000175e+05 -2.386638999999999911e+01
2.317330000000000000e+05 -1.900583999999999918e+01
2.317330750000000116e+05 -1.815224999999999866e+01
2.317331500000000233e+05 -1.925724999999999909e+01
2.317332250000000058e+05 -1.936336000000000013e+01
2.317333000000000175e+05 -1.699599999999999866e+01
2.317333750000000000e+05 -1.826525000000000176e+01
2.317334500000000116e+05 -1.771704000000000079e+01
2.317335250000000233e+05 -2.122975999999999885e+01
2.317336000000000058e+05 -1.779535999999999873e+01
2.317336750000000175e+05 -2.177104999999999890e+01
2.317337500000000000e+05 -1.920107000000000141e+01
2.317338250000000116e+05 -2.072959000000000174e+01
2.317339000000000233e+05 -1.950987999999999900e+01
2.317339750000000058e+05 -1.944091999999999842e+01
2.317340500000000175e+05 -1.647507999999999839e+01
2.317341250000000000e+05 -1.839770000000000039e+01
2.317342000000000116e+05 -2.023459000000000074e+01
2.317342750000000233e+05 -1.963530000000000086e+01
2.317343500000000058e+05 -1.792871999999999844e+01
2.317344250000000175e+05 -1.784019999999999939e+01
2.317345000000000000e+05 -1.705864000000000047e+01
2.317345750000000116e+05 -1.801286999999999949e+01
2.317346500000000233e+05 -1.772879000000000005e+01
2.317347250000000058e+05 -1.840015000000000001e+01
2.317348000000000175e+05 -1.772400000000000020e+01
2.317348750000000000e+05 -2.130792999999999893e+01
2.317349500000000116e+05 -2.204937999999999931e+01
2.317350250000000233e+05 -1.776838000000000051e+01
2.317351000000000058e+05 -1.981316999999999950e+01
2.317351750000000175e+05 -1.993896000000000157e+01
2.317352500000000000e+05 -1.983416000000000068e+01
2.317353250000000116e+05 -1.970587000000000089e+01
2.317354000000000233e+05 -1.848359999999999914e+01
2.317354750000000058e+05 -1.840410999999999930e+01
2.317355500000000175e+05 -1.864442000000000021e+01
2.317356250000000000e+05 -1.677493000000000123e+01
2.317357000000000116e+05 -1.859794000000000125e+01
2.317357750000000233e+05 -1.640840000000000032e+01
2.317358500000000058e+05 -1.881221999999999994e+01
2.317359250000000175e+05 -1.714042999999999850e+01
2.317360000000000000e+05 -1.791863999999999990e+01
2.317360750000000116e+05 -2.112641999999999953e+01
2.317361500000000233e+05 -1.855508999999999986e+01
2.317362250000000058e+05 -1.888119000000000014e+01
2.317363000000000175e+05 -1.835726000000000013e+01
2.317363750000000000e+05 -1.819388000000000005e+01
2.317364500000000116e+05 -1.936535999999999902e+01
2.317365250000000233e+05 -1.838168999999999897e+01
2.317366000000000058e+05 -1.866724999999999923e+01
2.317366750000000175e+05 -2.145178999999999903e+01
2.317367500000000000e+05 -1.922457999999999956e+01
2.317368250000000116e+05 -1.899943000000000026e+01
2.317369000000000233e+05 -1.964633999999999858e+01
2.317369750000000058e+05 -2.056974999999999909e+01
2.317370500000000175e+05 -1.813749999999999929e+01
2.317371250000000000e+05 -1.841137000000000157e+01
2.317372000000000116e+05 -1.884611999999999910e+01
2.317372750000000233e+05 -1.821208999999999989e+01
2.317373500000000058e+05 -1.851366000000000156e+01
2.317374250000000175e+05 -1.965877000000000052e+01
2.317375000000000000e+05 -1.889752000000000010e+01
2.317375750000000116e+05 -1.748097999999999885e+01
2.317376500000000233e+05 -1.891629000000000005e+01
2.317377250000000058e+05 -1.927396999999999849e+01
2.317378000000000175e+05 -1.879983999999999966e+01
2.317378750000000000e+05 -1.916860000000000142e+01
2.317379500000000116e+05 -1.626782000000000039e+01
2.317380250000000233e+05 -1.819217000000000084e+01
2.317381000000000058e+05 -1.775115999999999872e+01
2.317381750000000175e+05 -1.736687999999999832e+01
2.317382500000000000e+05 -1.617227000000000103e+01
2.317383250000000116e+05 -1.645870999999999995e+01
2.317384000000000233e+05 -1.758924999999999983e+01
2.317384750000000058e+05 -1.694619000000000142e+01
2.317385500000000175e+05 -2.033313000000000059e+01
2.317386250000000000e+05 -1.687561000000000178e+01
2.317387000000000116e+05 -1.841394999999999982e+01
2.317387750000000233e+05 -1.652324000000000126e+01
2.317388500000000058e+05 -1.747288999999999959e+01
2.317389250000000175e+05 -2.175630999999999915e+01
2.317390000000000000e+05 -1.895846999999999838e+01
2.317390750000000116e+05 -1.717085000000000150e+01
2.317391500000000233e+05 -1.740932000000000102e+01
2.317392250000000058e+05 -1.864952999999999861e+01
2.317393000000000175e+05 -1.760888999999999882e+01
2.317393750000000000e+05 -2.042408999999999963e+01
2.317394500000000116e+05 -1.703875999999999991e+01
2.317395250000000233e+05 -1.653585999999999956e+01
2.317396000000000058e+05 -1.638285000000000124e+01
2.317396750000000175e+05 -1.951624999999999943e+01
2.317397500000000000e+05 -1.725926000000000116e+01
2.317398250000000116e+05 -1.898695999999999984e+01
2.317399000000000233e+05 -1.690840999999999994e+01
2.317399750000000058e+05 -1.598886000000000074e+01
2.317400500000000175e+05 -1.798742000000000019e+01
2.317401250000000000e+05 -1.757201999999999842e+01
2.317402000000000116e+05 -1.747325999999999979e+01
2.317402750000000233e+05 -1.694281000000000148e+01
2.317403500000000058e+05 -1.867981999999999942e+01
2.317404250000000175e+05 -1.752917000000000058e+01
2.317405000000000000e+05 -1.705781999999999954e+01
2.317405750000000116e+05 -1.707740000000000080e+01
2.317406500000000233e+05 -1.582707000000000086e+01
2.317407250000000058e+05 -1.772018999999999878e+01
2.317408000000000175e+05 -1.702401000000000053e+01
2.317408750000000000e+05 -1.670054999999999978e+01
2.317409500000000116e+05 -1.666500999999999877e+01
2.317410250000000233e+05 -1.764434999999999931e+01
2.317411000000000058e+05 -1.752093999999999951e+01
2.317411750000000175e+05 -1.878924999999999912e+01
2.317412500000000000e+05 -1.729589999999999961e+01
2.317413250000000116e+05 -1.567901999999999951e+01
2.317414000000000233e+05 -1.809515999999999991e+01
2.317414750000000058e+05 -1.857747000000000170e+01
2.317415500000000175e+05 -1.530901000000000067e+01
2.317416250000000000e+05 -1.691263000000000005e+01
2.317417000000000116e+05 -1.725468000000000046e+01
2.317417750000000233e+05 -1.537241000000000035e+01
2.317418500000000058e+05 -1.443842000000000070e+01
2.317419250000000175e+05 -1.379364999999999952e+01
2.317420000000000000e+05 -1.574158000000000079e+01
2.317420750000000116e+05 -1.516112000000000037e+01
2.317421500000000233e+05 -1.689200999999999908e+01
2.317422250000000058e+05 -1.570008999999999943e+01
2.317423000000000175e+05 -1.524351000000000056e+01
2.317423750000000000e+05 -1.607611999999999952e+01
2.317424500000000116e+05 -1.397536000000000023e+01
2.317425250000000233e+05 -1.556682999999999950e+01
2.317426000000000058e+05 -1.464550000000000018e+01
2.317426750000000175e+05 -1.522305000000000064e+01
2.317427500000000000e+05 -1.509327000000000041e+01
2.317428250000000116e+05 -1.503805999999999976e+01
2.317429000000000233e+05 -1.537953000000000081e+01
2.317429750000000058e+05 -1.477712000000000003e+01
2.317430500000000175e+05 -1.619772999999999996e+01
2.317431250000000000e+05 -1.602004000000000161e+01
2.317432000000000116e+05 -1.443370999999999960e+01
2.317432750000000233e+05 -1.399277999999999977e+01
2.317433500000000058e+05 -1.591033999999999970e+01
2.317434250000000175e+05 -1.334599000000000046e+01
2.317435000000000000e+05 -1.362260000000000026e+01
2.317435750000000116e+05 -1.354996000000000045e+01
2.317436500000000233e+05 -1.365238000000000085e+01
2.317437250000000058e+05 -1.388266999999999918e+01
2.317438000000000175e+05 -1.264276000000000089e+01
2.317438750000000000e+05 -1.308633000000000024e+01
2.317439500000000116e+05 -1.461761000000000088e+01
2.317440250000000233e+05 -1.385286999999999935e+01
2.317441000000000058e+05 -1.360319999999999929e+01
2.317441750000000175e+05 -1.173124999999999929e+01
2.317442500000000000e+05 -1.261566999999999972e+01
2.317443250000000116e+05 -1.256002999999999936e+01
2.317444000000000233e+05 -1.307063999999999915e+01
2.317444750000000058e+05 -1.176952999999999960e+01
2.317445500000000175e+05 -1.214184000000000019e+01
2.317446250000000000e+05 -1.220750999999999920e+01
2.317447000000000116e+05 -1.179693999999999932e+01
2.317447750000000233e+05 -1.145719000000000065e+01
2.317448500000000058e+05 -1.119976999999999911e+01
2.317449250000000175e+05 -1.094164999999999921e+01
2.317450000000000000e+05 -1.225905000000000022e+01
2.317450750000000116e+05 -1.195006000000000057e+01
2.317451500000000233e+05 -1.124699999999999989e+01
2.317452250000000058e+05 -1.169849999999999923e+01
2.317453000000000175e+05 -1.117235999999999940e+01
2.317453750000000000e+05 -1.034078000000000053e+01
2.317454500000000116e+05 -1.103752000000000066e+01
2.317455250000000233e+05 -1.149801000000000073e+01
2.317456000000000058e+05 -1.116272000000000020e+01
2.317456750000000175e+05 -1.096484000000000059e+01
2.317457500000000000e+05 -1.048792000000000080e+01
2.317458250000000116e+05 -1.079964999999999975e+01
2.317459000000000233e+05 -1.132365000000000066e+01
2.317459750000000058e+05 -1.127303000000000033e+01
2.317460500000000175e+05 -1.212851999999999997e+01
2.317461250000000000e+05 -1.279729999999999990e+01
2.317462000000000116e+05 -1.345435999999999943e+01
2.317462750000000233e+05 -1.304594999999999949e+01
2.317463500000000058e+05 -1.426722999999999963e+01
2.317464250000000175e+05 -1.357906000000000013e+01
2.317465000000000000e+05 -1.481052000000000035e+01
2.317465750000000116e+05 -1.600362000000000151e+01
2.317466500000000233e+05 -1.602432999999999907e+01
2.317467250000000058e+05 -1.580272000000000077e+01
2.317468000000000175e+05 -1.763739999999999952e+01
2.317468750000000000e+05 -1.844359000000000037e+01
2.317469500000000116e+05 -2.025887000000000171e+01
2.317470250000000233e+05 -1.897704999999999842e+01
2.317471000000000058e+05 -2.162355000000000160e+01
2.317471750000000175e+05 -2.248506000000000071e+01
2.317472500000000000e+05 -2.534822000000000131e+01
2.317473250000000116e+05 -2.500043000000000148e+01
2.317474000000000233e+05 -2.251394000000000162e+01
2.317474750000000058e+05 -2.400911999999999935e+01
2.317475500000000175e+05 -2.878388999999999953e+01
2.317476250000000000e+05 -2.983742000000000161e+01
2.317477000000000116e+05 -2.532901999999999987e+01
2.317477750000000233e+05 -2.635735999999999990e+01
2.317478500000000058e+05 -2.644928000000000168e+01
2.317479250000000175e+05 -2.561377999999999844e+01
2.317480000000000000e+05 -3.278050999999999959e+01
2.317480750000000116e+05 -4.323877000000000237e+01
2.317481500000000233e+05 -4.253166000000000224e+01
2.317482250000000058e+05 -3.351498999999999739e+01
2.317483000000000175e+05 -3.233677999999999741e+01
2.317483750000000000e+05 -3.801313999999999993e+01
2.317484500000000116e+05 -3.541288999999999731e+01
2.317485250000000233e+05 -4.354955999999999960e+01
2.317486000000000058e+05 -3.093596000000000146e+01
2.317486750000000175e+05 -3.196060999999999908e+01
2.317487500000000000e+05 -3.568516999999999939e+01
2.317488250000000116e+05 -3.565713999999999828e+01
2.317489000000000233e+05 -4.241937000000000069e+01
2.317489750000000058e+05 -3.869622999999999990e+01
2.317490500000000175e+05 -3.391015999999999764e+01
2.317491250000000000e+05 -3.496757000000000204e+01
2.317492000000000116e+05 -2.986824000000000012e+01
2.317492750000000233e+05 -3.759302999999999884e+01
2.317493500000000058e+05 -3.297713999999999857e+01
2.317494250000000175e+05 -3.093495000000000061e+01
2.317495000000000000e+05 -2.985654999999999859e+01
2.317495750000000116e+05 -2.886514999999999986e+01
2.317496500000000233e+05 -2.522863999999999862e+01
2.317497250000000058e+05 -3.341210999999999842e+01
2.317498000000000175e+05 -2.599509000000000114e+01
2.317498750000000000e+05 -3.397569000000000017e+01
2.317499500000000116e+05 -2.525189999999999912e+01
2.317500250000000233e+05 -3.428806999999999761e+01
2.317501000000000058e+05 -2.647964999999999947e+01
2.317501750000000175e+05 -3.454733999999999838e+01
2.317502500000000000e+05 -3.086148000000000025e+01
2.317503250000000116e+05 -3.211220000000000141e+01
2.317504000000000233e+05 -3.215361000000000047e+01
2.317504750000000058e+05 -2.684443999999999875e+01
2.317505500000000175e+05 -2.411179999999999879e+01
2.317506250000000000e+05 -2.687979999999999947e+01
2.317507000000000116e+05 -2.806838000000000122e+01
2.317507750000000233e+05 -2.539084000000000074e+01
2.317508500000000058e+05 -2.504778999999999911e+01
2.317509250000000175e+05 -3.932670999999999850e+01
2.317510000000000000e+05 -2.471818000000000026e+01
2.317510750000000116e+05 -3.427152000000000243e+01
2.317511500000000233e+05 -3.332692999999999728e+01
2.317512250000000058e+05 -2.775895999999999830e+01
2.317513000000000175e+05 -2.517361999999999966e+01
2.317513750000000000e+05 -2.587584000000000017e+01
2.317514500000000116e+05 -3.012009000000000114e+01
2.317515250000000233e+05 -2.273596999999999824e+01
2.317516000000000058e+05 -2.593667999999999907e+01
2.317516750000000175e+05 -2.432181999999999888e+01
2.317517500000000000e+05 -3.002479999999999905e+01
2.317518250000000116e+05 -3.125241000000000113e+01
2.317519000000000233e+05 -2.492248999999999981e+01
2.317519750000000058e+05 -2.547108000000000061e+01
2.317520500000000175e+05 -2.949592000000000169e+01
2.317521250000000000e+05 -2.862918000000000163e+01
2.317522000000000116e+05 -2.335939000000000121e+01
2.317522750000000233e+05 -3.176677000000000106e+01
2.317523500000000058e+05 -2.841904999999999859e+01
2.317524250000000175e+05 -2.509447000000000116e+01
2.317525000000000000e+05 -2.687528999999999968e+01
2.317525750000000116e+05 -2.653754999999999953e+01
2.317526500000000233e+05 -2.641009999999999991e+01
2.317527250000000058e+05 -2.772610999999999848e+01
2.317528000000000175e+05 -2.792399999999999949e+01
2.317528750000000000e+05 -2.576631000000000071e+01
2.317529500000000116e+05 -2.551783999999999963e+01
2.317530250000000233e+05 -2.470963000000000065e+01
2.317531000000000058e+05 -3.050394000000000005e+01
2.317531750000000175e+05 -2.663041000000000125e+01
2.317532500000000000e+05 -2.180254000000000048e+01
2.317533250000000116e+05 -2.634674000000000049e+01
2.317534000000000233e+05 -2.325057999999999936e+01
2.317534750000000058e+05 -2.568577000000000155e+01
2.317535500000000175e+05 -2.706204999999999927e+01
2.317536250000000000e+05 -3.475925000000000153e+01
2.317537000000000116e+05 -2.722382999999999953e+01
2.317537750000000233e+05 -2.508046999999999827e+01
2.317538500000000058e+05 -2.141988999999999876e+01
2.317539250000000175e+05 -2.381606999999999985e+01
2.317540000000000000e+05 -2.623385000000000034e+01
2.317540750000000116e+05 -2.196630000000000038e+01
2.317541500000000233e+05 -2.411421999999999954e+01
2.317542250000000058e+05 -2.669765999999999906e+01
2.317543000000000175e+05 -2.403573000000000093e+01
2.317543750000000000e+05 -2.091231000000000151e+01
2.317544500000000116e+05 -2.424187999999999832e+01
2.317545250000000233e+05 -2.477683000000000035e+01
2.317546000000000058e+05 -2.448622999999999905e+01
2.317546750000000175e+05 -3.205792999999999893e+01
2.317547500000000000e+05 -2.163890999999999920e+01
2.317548250000000116e+05 -2.320448000000000022e+01
2.317549000000000233e+05 -2.797523999999999944e+01
2.317549750000000058e+05 -2.275654000000000110e+01
2.317550500000000175e+05 -2.413211000000000084e+01
2.317551250000000000e+05 -2.363469999999999871e+01
2.317552000000000116e+05 -2.477306000000000097e+01
2.317552750000000233e+05 -2.406173000000000073e+01
2.317553500000000058e+05 -2.309838999999999842e+01
2.317554250000000175e+05 -2.402828999999999837e+01
2.317555000000000000e+05 -2.650797000000000025e+01
2.317555750000000116e+05 -3.022050000000000125e+01
2.317556500000000233e+05 -2.219717999999999947e+01
2.317557250000000058e+05 -2.401472000000000051e+01
2.317558000000000175e+05 -2.616319999999999979e+01
2.317558750000000000e+05 -2.236443999999999832e+01
2.317559500000000116e+05 -2.178003000000000000e+01
2.317560250000000233e+05 -2.024335999999999913e+01
2.317561000000000058e+05 -2.189320000000000022e+01
2.317561750000000175e+05 -2.339247999999999905e+01
2.317562500000000000e+05 -2.154692999999999969e+01
2.317563250000000116e+05 -2.412084000000000117e+01
2.317564000000000233e+05 -2.518943000000000154e+01
2.317564750000000058e+05 -2.389123999999999981e+01
2.317565500000000175e+05 -2.683846000000000132e+01
2.317566250000000000e+05 -2.366910999999999987e+01
2.317567000000000116e+05 -2.349825999999999837e+01
2.317567750000000233e+05 -3.073805000000000121e+01
2.317568500000000058e+05 -2.164101000000000141e+01
2.317569250000000175e+05 -2.022588999999999970e+01
2.317570000000000000e+05 -2.354598000000000013e+01
2.317570750000000116e+05 -2.272155000000000058e+01
2.317571500000000233e+05 -2.309211000000000169e+01
2.317572250000000058e+05 -2.101316999999999879e+01
2.317573000000000175e+05 -2.493991000000000113e+01
2.317573750000000000e+05 -2.170837999999999823e+01
2.317574500000000116e+05 -2.031322000000000116e+01
2.317575250000000233e+05 -2.330928000000000111e+01
2.317576000000000058e+05 -2.246848999999999918e+01
2.317576750000000175e+05 -2.364142000000000010e+01
2.317577500000000000e+05 -2.416458000000000084e+01
2.317578250000000116e+05 -3.096990999999999872e+01
2.317579000000000233e+05 -2.586061000000000121e+01
2.317579750000000058e+05 -2.271041999999999916e+01
2.317580500000000175e+05 -2.193192000000000164e+01
2.317581250000000000e+05 -2.558247000000000071e+01
2.317582000000000116e+05 -2.302775000000000105e+01
2.317582750000000233e+05 -2.296118999999999843e+01
2.317583500000000058e+05 -2.199166999999999916e+01
2.317584250000000175e+05 -2.559056999999999960e+01
2.317585000000000000e+05 -2.234859000000000151e+01
2.317585750000000116e+05 -2.266175000000000139e+01
2.317586500000000233e+05 -2.180551000000000172e+01
2.317587250000000058e+05 -2.380905999999999878e+01
2.317588000000000175e+05 -2.500422000000000011e+01
2.317588750000000000e+05 -1.948526000000000025e+01
2.317589500000000116e+05 -2.381382999999999939e+01
2.317590250000000233e+05 -2.143240000000000123e+01
2.317591000000000058e+05 -2.443009999999999948e+01
2.317591750000000175e+05 -2.620995999999999881e+01
2.317592500000000000e+05 -2.567322000000000060e+01
2.317593250000000116e+05 -2.384721000000000046e+01
2.317594000000000233e+05 -1.998532000000000153e+01
2.317594750000000058e+05 -2.217346999999999824e+01
2.317595500000000175e+05 -2.333315999999999946e+01
2.317596250000000000e+05 -2.243123999999999896e+01
2.317597000000000116e+05 -2.743066999999999922e+01
2.317597750000000233e+05 -2.103119999999999834e+01
2.317598500000000058e+05 -2.076574000000000098e+01
2.317599250000000175e+05 -2.583853999999999829e+01
2.317600000000000000e+05 -2.422034000000000020e+01
2.317600750000000116e+05 -2.515688000000000102e+01
2.317601500000000233e+05 -2.427540000000000120e+01
2.317602250000000058e+05 -2.333398000000000039e+01
2.317603000000000175e+05 -1.959669999999999845e+01
2.317603750000000000e+05 -2.491583999999999932e+01
2.317604500000000116e+05 -2.397007999999999939e+01
2.317605250000000233e+05 -2.420695999999999870e+01
2.317606000000000058e+05 -2.148836999999999975e+01
2.317606750000000175e+05 -2.045401000000000025e+01
2.317607500000000000e+05 -2.068091000000000079e+01
2.317608250000000116e+05 -2.277458999999999989e+01
2.317609000000000233e+05 -2.681372999999999962e+01
2.317609750000000058e+05 -2.482280000000000086e+01
2.317610500000000175e+05 -2.294020000000000081e+01
2.317611250000000000e+05 -2.094876000000000005e+01
2.317612000000000116e+05 -2.311760999999999910e+01
