# Temperature: None K
2.317953999999999942e+05 -1.551614000000000004e+01
2.317954750000000058e+05 -1.714742000000000033e+01
2.317955499999999884e+05 -1.761373999999999995e+01
2.317956250000000000e+05 -1.713222000000000023e+01
2.317956999999999825e+05 -1.812988000000000000e+01
2.317957749999999942e+05 -1.646873000000000076e+01
2.317958500000000058e+05 -1.528921000000000063e+01
2.317959249999999884e+05 -1.769492999999999938e+01
2.317960000000000000e+05 -1.624612000000000123e+01
2.317960749999999825e+05 -1.683241999999999905e+01
2.317961499999999942e+05 -1.658565000000000111e+01
2.317962250000000058e+05 -1.649314999999999998e+01
2.317962999999999884e+05 -1.746336000000000155e+01
2.317963750000000000e+05 -1.631743000000000166e+01
2.317964499999999825e+05 -1.708618999999999843e+01
2.317965249999999942e+05 -1.691046000000000049e+01
2.317966000000000058e+05 -1.642090999999999923e+01
2.317966749999999884e+05 -1.688727000000000089e+01
2.317967500000000000e+05 -1.681030000000000157e+01
2.317968249999999825e+05 -1.550473999999999997e+01
2.317968999999999942e+05 -1.674268999999999963e+01
2.317969750000000058e+05 -1.698406999999999911e+01
2.317970499999999884e+05 -1.769659000000000049e+01
2.317971250000000000e+05 -1.809664000000000073e+01
2.317971999999999825e+05 -1.618113999999999919e+01
2.317972749999999942e+05 -1.601295000000000002e+01
2.317973500000000058e+05 -1.697622000000000142e+01
2.317974249999999884e+05 -1.713379000000000119e+01
2.317975000000000000e+05 -1.645418000000000092e+01
2.317975749999999825e+05 -1.630215000000000103e+01
2.317976499999999942e+05 -1.579621999999999993e+01
2.317977250000000058e+05 -1.807701000000000136e+01
2.317977999999999884e+05 -1.686664000000000030e+01
2.317978750000000000e+05 -1.754301999999999850e+01
2.317979499999999825e+05 -1.736741999999999919e+01
2.317980249999999942e+05 -1.806255000000000166e+01
2.317981000000000058e+05 -1.744503999999999877e+01
2.317981749999999884e+05 -1.659027000000000029e+01
2.317982500000000000e+05 -1.514073999999999920e+01
2.317983249999999825e+05 -1.582063999999999915e+01
2.317983999999999942e+05 -1.658857000000000070e+01
2.317984750000000058e+05 -1.853855000000000075e+01
2.317985499999999884e+05 -1.663010999999999839e+01
2.317986250000000000e+05 -1.506080000000000041e+01
2.317986999999999825e+05 -1.539138999999999946e+01
2.317987749999999942e+05 -1.652045999999999992e+01
2.317988500000000058e+05 -1.596180999999999983e+01
2.317989249999999884e+05 -1.674853999999999843e+01
2.317990000000000000e+05 -1.710799000000000092e+01
2.317990749999999825e+05 -1.645104999999999862e+01
2.317991499999999942e+05 -1.675198999999999927e+01
2.317992250000000058e+05 -1.590432000000000023e+01
2.317992999999999884e+05 -1.653406999999999982e+01
2.317993750000000000e+05 -1.698722000000000065e+01
2.317994499999999825e+05 -1.715634999999999977e+01
2.317995249999999942e+05 -1.475500000000000078e+01
2.317996000000000058e+05 -1.663137000000000043e+01
2.317996749999999884e+05 -1.794050000000000011e+01
2.317997500000000000e+05 -1.638329999999999842e+01
2.317998249999999825e+05 -1.844212999999999880e+01
2.317998999999999942e+05 -1.591750000000000043e+01
2.317999750000000058e+05 -1.631345999999999918e+01
2.318000499999999884e+05 -1.467989000000000033e+01
2.318001250000000000e+05 -1.658277000000000001e+01
2.318001999999999825e+05 -1.567919999999999980e+01
2.318002749999999942e+05 -1.710211999999999932e+01
2.318003500000000058e+05 -1.656438999999999950e+01
2.318004249999999884e+05 -1.744526000000000110e+01
2.318005000000000000e+05 -1.569539999999999935e+01
2.318005749999999825e+05 -1.571663000000000032e+01
2.318006499999999942e+05 -1.662943999999999889e+01
2.318007250000000058e+05 -1.504289999999999949e+01
2.318007999999999884e+05 -1.728775999999999868e+01
2.318008750000000000e+05 -1.600139000000000067e+01
2.318009499999999825e+05 -1.709977999999999909e+01
2.318010249999999942e+05 -1.516089999999999982e+01
2.318011000000000058e+05 -1.797844999999999871e+01
2.318011749999999884e+05 -1.554603999999999964e+01
2.318012500000000000e+05 -1.601922000000000068e+01
2.318013249999999825e+05 -1.628138999999999825e+01
2.318013999999999942e+05 -1.601764000000000010e+01
2.318014750000000058e+05 -1.666693000000000069e+01
2.318015499999999884e+05 -1.610319000000000145e+01
2.318016250000000000e+05 -1.509554999999999936e+01
2.318016999999999825e+05 -1.627323000000000164e+01
2.318017749999999942e+05 -1.560731000000000002e+01
2.318018500000000058e+05 -1.676738999999999891e+01
2.318019249999999884e+05 -1.494739000000000040e+01
2.318020000000000000e+05 -1.577826999999999913e+01
2.318020749999999825e+05 -1.713194000000000017e+01
2.318021499999999942e+05 -1.580429999999999957e+01
2.318022250000000058e+05 -1.662995000000000090e+01
2.318022999999999884e+05 -1.621378999999999948e+01
2.318023750000000000e+05 -1.747659000000000162e+01
2.318024499999999825e+05 -1.577732999999999919e+01
2.318025249999999942e+05 -1.816747000000000156e+01
2.318026000000000058e+05 -1.608643999999999963e+01
2.318026749999999884e+05 -1.589791999999999916e+01
2.318027500000000000e+05 -1.487351999999999919e+01
2.318028249999999825e+05 -1.620651000000000153e+01
2.318028999999999942e+05 -1.649654999999999916e+01
2.318029750000000058e+05 -1.556032000000000082e+01
2.318030499999999884e+05 -1.520714000000000077e+01
2.318031250000000000e+05 -1.697573999999999828e+01
2.318031999999999825e+05 -1.572377999999999965e+01
2.318032749999999942e+05 -1.969369999999999976e+01
2.318033500000000058e+05 -1.549868000000000023e+01
2.318034249999999884e+05 -1.514311000000000007e+01
2.318035000000000000e+05 -1.652356999999999942e+01
2.318035749999999825e+05 -1.622524999999999906e+01
2.318036499999999942e+05 -1.558642000000000039e+01
2.318037250000000058e+05 -1.556487000000000087e+01
2.318037999999999884e+05 -1.528374999999999950e+01
2.318038750000000000e+05 -1.452358000000000082e+01
2.318039499999999825e+05 -1.440456000000000003e+01
2.318040249999999942e+05 -1.496291000000000082e+01
2.318041000000000058e+05 -1.567985999999999969e+01
2.318041749999999884e+05 -1.644325999999999866e+01
2.318042500000000000e+05 -1.587772999999999968e+01
2.318043249999999825e+05 -1.629679000000000144e+01
2.318043999999999942e+05 -1.436200999999999972e+01
2.318044750000000058e+05 -1.466370000000000040e+01
2.318045499999999884e+05 -1.698176000000000130e+01
2.318046250000000000e+05 -1.613442999999999827e+01
2.318046999999999825e+05 -1.556306999999999974e+01
2.318047749999999942e+05 -1.674069000000000074e+01
2.318048500000000058e+05 -1.462215999999999916e+01
2.318049249999999884e+05 -1.522612999999999950e+01
2.318050000000000000e+05 -1.544154999999999944e+01
2.318050749999999825e+05 -1.612001000000000062e+01
2.318051499999999942e+05 -1.385247999999999990e+01
2.318052250000000058e+05 -1.555438999999999972e+01
2.318052999999999884e+05 -1.386036000000000001e+01
2.318053750000000000e+05 -1.747990000000000066e+01
2.318054499999999825e+05 -1.632712000000000074e+01
2.318055249999999942e+05 -1.587787999999999933e+01
2.318056000000000058e+05 -1.527111000000000018e+01
2.318056749999999884e+05 -1.545326000000000022e+01
2.318057500000000000e+05 -1.512222000000000044e+01
2.318058249999999825e+05 -1.596327999999999925e+01
2.318058999999999942e+05 -1.475367999999999924e+01
2.318059750000000058e+05 -1.544083999999999968e+01
2.318060499999999884e+05 -1.479021999999999970e+01
2.318061250000000000e+05 -1.465401999999999916e+01
2.318061999999999825e+05 -1.483630999999999922e+01
2.318062749999999942e+05 -1.325690999999999953e+01
2.318063500000000058e+05 -1.528781999999999996e+01
2.318064249999999884e+05 -1.263160000000000061e+01
2.318065000000000000e+05 -1.378182999999999936e+01
2.318065749999999825e+05 -1.369599000000000011e+01
2.318066499999999942e+05 -1.313339999999999996e+01
2.318067250000000058e+05 -1.476796000000000042e+01
2.318067999999999884e+05 -1.413943000000000083e+01
2.318068750000000000e+05 -1.574060000000000059e+01
2.318069499999999825e+05 -1.575609000000000037e+01
2.318070249999999942e+05 -1.290728000000000009e+01
2.318071000000000058e+05 -1.412124000000000024e+01
2.318071749999999884e+05 -1.480668999999999969e+01
2.318072500000000000e+05 -1.283205000000000062e+01
2.318073249999999825e+05 -1.405950999999999951e+01
2.318073999999999942e+05 -1.446551000000000009e+01
2.318074750000000058e+05 -1.457482000000000077e+01
2.318075499999999884e+05 -1.381412000000000084e+01
2.318076250000000000e+05 -1.423259999999999970e+01
2.318076999999999825e+05 -1.268994999999999962e+01
2.318077749999999942e+05 -1.336462000000000039e+01
2.318078500000000058e+05 -1.299383000000000088e+01
2.318079249999999884e+05 -1.382826000000000022e+01
2.318080000000000000e+05 -1.390694000000000052e+01
2.318080749999999825e+05 -1.319666999999999923e+01
2.318081499999999942e+05 -1.408413999999999966e+01
2.318082250000000058e+05 -1.378687000000000040e+01
2.318082999999999884e+05 -1.240207000000000015e+01
2.318083750000000000e+05 -1.268721000000000032e+01
2.318084499999999825e+05 -1.361646000000000001e+01
2.318085249999999942e+05 -1.309285000000000032e+01
2.318086000000000058e+05 -1.329416999999999938e+01
2.318086749999999884e+05 -1.197029000000000032e+01
2.318087500000000000e+05 -1.177136999999999922e+01
2.318088249999999825e+05 -1.167218000000000089e+01
2.318088999999999942e+05 -1.135580999999999996e+01
2.318089750000000058e+05 -1.165939000000000014e+01
2.318090499999999884e+05 -1.071818000000000026e+01
2.318091250000000000e+05 -1.074461999999999939e+01
2.318091999999999825e+05 -1.136795000000000044e+01
2.318092749999999942e+05 -1.158956000000000053e+01
2.318093500000000058e+05 -1.105466999999999977e+01
2.318094249999999884e+05 -1.064193999999999996e+01
2.318095000000000000e+05 -1.121809000000000012e+01
2.318095749999999825e+05 -1.000543000000000049e+01
2.318096499999999942e+05 -1.001125000000000043e+01
2.318097250000000058e+05 -1.091559999999999953e+01
2.318097999999999884e+05 -1.002149000000000001e+01
2.318098750000000000e+05 -1.033610999999999969e+01
2.318099499999999825e+05 -1.011654000000000053e+01
2.318100249999999942e+05 -9.883164000000000726e+00
2.318101000000000058e+05 -8.752729000000000426e+00
2.318101749999999884e+05 -1.004965999999999937e+01
2.318102500000000000e+05 -9.337892999999999333e+00
2.318103249999999825e+05 -8.988932000000000144e+00
2.318103999999999942e+05 -9.017739999999999867e+00
2.318104750000000058e+05 -8.937393999999999394e+00
2.318105499999999884e+05 -8.926557000000000741e+00
2.318106250000000000e+05 -9.358684999999999476e+00
2.318106999999999825e+05 -1.023513999999999946e+01
2.318107749999999942e+05 -1.022303999999999924e+01
2.318108500000000058e+05 -9.162088999999999928e+00
2.318109249999999884e+05 -1.023470999999999975e+01
2.318110000000000000e+05 -1.159129000000000076e+01
2.318110749999999825e+05 -1.050492000000000026e+01
2.318111499999999942e+05 -1.049247000000000085e+01
2.318112250000000058e+05 -1.167448000000000086e+01
2.318112999999999884e+05 -1.286365999999999943e+01
2.318113750000000000e+05 -1.289570999999999934e+01
2.318114499999999825e+05 -1.375691999999999915e+01
2.318115249999999942e+05 -1.415198000000000000e+01
2.318116000000000058e+05 -1.548919000000000068e+01
2.318116749999999884e+05 -1.657693000000000083e+01
2.318117500000000000e+05 -1.901576999999999984e+01
2.318118249999999825e+05 -1.912179000000000073e+01
2.318118999999999942e+05 -2.100939999999999941e+01
2.318119750000000058e+05 -2.162252000000000152e+01
2.318120499999999884e+05 -2.441506000000000043e+01
2.318121250000000000e+05 -2.670666999999999902e+01
2.318121999999999825e+05 -2.375150000000000006e+01
2.318122749999999942e+05 -2.492123000000000133e+01
2.318123500000000058e+05 -2.989721000000000117e+01
2.318124249999999884e+05 -2.527382000000000062e+01
2.318125000000000000e+05 -2.823310000000000031e+01
2.318125749999999825e+05 -2.477489999999999881e+01
2.318126499999999942e+05 -4.183153000000000077e+01
2.318127250000000058e+05 -3.429364000000000345e+01
2.318127999999999884e+05 -2.686400000000000077e+01
2.318128750000000000e+05 -4.605908999999999764e+01
2.318129499999999825e+05 -6.137436000000000291e+01
2.318130249999999942e+05 -3.445020999999999844e+01
2.318131000000000058e+05 -2.431278000000000006e+01
2.318131749999999884e+05 -2.539041999999999888e+01
2.318132500000000000e+05 -2.896065000000000111e+01
2.318133249999999825e+05 -3.227564999999999884e+01
2.318133999999999942e+05 -3.362069999999999936e+01
2.318134750000000058e+05 -2.539666000000000068e+01
2.318135499999999884e+05 -3.172556000000000154e+01
2.318136250000000000e+05 -2.738693999999999917e+01
2.318136999999999825e+05 -2.288517999999999830e+01
2.318137749999999942e+05 -2.638294000000000139e+01
2.318138500000000058e+05 -3.542007999999999868e+01
2.318139249999999884e+05 -2.516072000000000131e+01
2.318140000000000000e+05 -3.138936999999999955e+01
2.318140749999999825e+05 -2.723332999999999871e+01
2.318141499999999942e+05 -2.767717999999999989e+01
2.318142250000000058e+05 -2.527750999999999948e+01
2.318142999999999884e+05 -2.339247999999999905e+01
2.318143750000000000e+05 -2.546766999999999825e+01
2.318144499999999825e+05 -2.404024000000000072e+01
2.318145249999999942e+05 -2.407924999999999827e+01
2.318146000000000058e+05 -2.722866000000000142e+01
2.318146749999999884e+05 -2.251313000000000031e+01
2.318147500000000000e+05 -2.986126000000000147e+01
2.318148249999999825e+05 -2.331139999999999901e+01
2.318148999999999942e+05 -2.245168999999999926e+01
2.318149750000000058e+05 -2.502186999999999983e+01
2.318150499999999884e+05 -2.313768999999999920e+01
2.318151250000000000e+05 -2.007923999999999864e+01
2.318151999999999825e+05 -2.406335999999999942e+01
2.318152749999999942e+05 -2.528601000000000099e+01
2.318153500000000058e+05 -2.356563999999999837e+01
2.318154249999999884e+05 -2.050967999999999947e+01
2.318155000000000000e+05 -1.983315999999999946e+01
2.318155749999999825e+05 -2.252633000000000152e+01
2.318156499999999942e+05 -2.473552000000000106e+01
2.318157250000000058e+05 -2.364639000000000024e+01
2.318157999999999884e+05 -2.272495999999999938e+01
2.318158750000000000e+05 -2.129827999999999832e+01
2.318159499999999825e+05 -2.190803000000000011e+01
2.318160249999999942e+05 -2.074963999999999942e+01
2.318161000000000058e+05 -2.395429000000000030e+01
2.318161749999999884e+05 -2.441629999999999967e+01
2.318162500000000000e+05 -2.425150999999999968e+01
2.318163249999999825e+05 -2.081877000000000066e+01
2.318163999999999942e+05 -2.146724000000000032e+01
2.318164750000000058e+05 -2.357719000000000165e+01
2.318165499999999884e+05 -1.905986000000000047e+01
2.318166250000000000e+05 -2.371443000000000012e+01
2.318166999999999825e+05 -2.115562999999999860e+01
2.318167749999999942e+05 -2.309431999999999974e+01
2.318168500000000058e+05 -2.067843999999999838e+01
2.318169249999999884e+05 -2.025326000000000093e+01
2.318170000000000000e+05 -2.046061999999999870e+01
2.318170749999999825e+05 -2.481875000000000142e+01
2.318171499999999942e+05 -1.956796999999999898e+01
2.318172250000000058e+05 -2.086912999999999840e+01
2.318172999999999884e+05 -2.180717999999999890e+01
2.318173750000000000e+05 -1.988935999999999993e+01
2.318174499999999825e+05 -1.832075000000000031e+01
2.318175249999999942e+05 -2.506802000000000064e+01
2.318176000000000058e+05 -2.071262000000000114e+01
2.318176749999999884e+05 -2.131922000000000139e+01
2.318177500000000000e+05 -2.177563999999999922e+01
2.318178249999999825e+05 -2.013455000000000084e+01
2.318178999999999942e+05 -2.265686000000000178e+01
2.318179750000000058e+05 -2.410093000000000174e+01
2.318180499999999884e+05 -1.733794999999999931e+01
2.318181250000000000e+05 -2.083147999999999911e+01
2.318181999999999825e+05 -1.992599999999999838e+01
2.318182749999999942e+05 -2.134449000000000041e+01
2.318183500000000058e+05 -1.951623999999999981e+01
2.318184249999999884e+05 -2.183596000000000004e+01
2.318185000000000000e+05 -2.082833000000000112e+01
2.318185749999999825e+05 -2.132361999999999824e+01
2.318186499999999942e+05 -2.070316000000000045e+01
2.318187250000000058e+05 -2.076438999999999879e+01
2.318187999999999884e+05 -2.032682000000000144e+01
2.318188750000000000e+05 -2.238477999999999923e+01
2.318189499999999825e+05 -1.989536000000000016e+01
2.318190249999999942e+05 -2.028653999999999868e+01
2.318191000000000058e+05 -1.957106999999999886e+01
2.318191749999999884e+05 -2.045051000000000130e+01
2.318192500000000000e+05 -2.024758999999999887e+01
2.318193249999999825e+05 -1.945632000000000161e+01
2.318193999999999942e+05 -2.034468000000000032e+01
2.318194750000000058e+05 -2.088441999999999865e+01
2.318195499999999884e+05 -2.259245999999999910e+01
2.318196250000000000e+05 -2.080759000000000114e+01
2.318196999999999825e+05 -2.095834999999999937e+01
2.318197749999999942e+05 -2.117493999999999943e+01
2.318198500000000058e+05 -2.095054000000000016e+01
2.318199249999999884e+05 -2.229927999999999955e+01
2.318200000000000000e+05 -2.193822000000000116e+01
2.318200749999999825e+05 -1.862668000000000035e+01
2.318201499999999942e+05 -1.740992999999999924e+01
2.318202250000000058e+05 -1.884838999999999842e+01
2.318202999999999884e+05 -1.910592000000000112e+01
2.318203750000000000e+05 -2.048262000000000072e+01
2.318204499999999825e+05 -2.112572000000000116e+01
2.318205249999999942e+05 -2.300430000000000064e+01
2.318206000000000058e+05 -2.189770000000000039e+01
2.318206749999999884e+05 -2.347646999999999906e+01
2.318207500000000000e+05 -2.006343999999999994e+01
2.318208249999999825e+05 -1.937415999999999983e+01
2.318208999999999942e+05 -2.092701999999999884e+01
2.318209750000000058e+05 -1.906090000000000018e+01
2.318210499999999884e+05 -1.997697000000000145e+01
2.318211250000000000e+05 -2.106256000000000128e+01
2.318211999999999825e+05 -2.045755000000000123e+01
2.318212749999999942e+05 -2.243590999999999980e+01
2.318213500000000058e+05 -2.001372999999999891e+01
2.318214249999999884e+05 -1.960287999999999897e+01
2.318215000000000000e+05 -2.018635000000000090e+01
2.318215749999999825e+05 -1.819377000000000066e+01
2.318216499999999942e+05 -2.057680999999999827e+01
2.318217250000000058e+05 -2.085877999999999943e+01
2.318217999999999884e+05 -1.899391999999999925e+01
2.318218750000000000e+05 -2.040934999999999988e+01
2.318219499999999825e+05 -1.859215000000000018e+01
2.318220249999999942e+05 -2.068117000000000161e+01
2.318221000000000058e+05 -2.464462999999999937e+01
2.318221749999999884e+05 -1.871746999999999872e+01
2.318222500000000000e+05 -2.049101999999999890e+01
2.318223249999999825e+05 -1.767383999999999844e+01
2.318223999999999942e+05 -1.722101999999999933e+01
2.318224750000000058e+05 -2.075236999999999910e+01
2.318225499999999884e+05 -2.164709999999999823e+01
2.318226250000000000e+05 -2.049187999999999832e+01
2.318226999999999825e+05 -2.008480000000000132e+01
2.318227749999999942e+05 -2.049981999999999971e+01
2.318228500000000058e+05 -2.078595999999999933e+01
2.318229249999999884e+05 -2.031963999999999970e+01
2.318230000000000000e+05 -1.808540999999999954e+01
2.318230749999999825e+05 -1.904136000000000095e+01
2.318231499999999942e+05 -1.965496999999999872e+01
2.318232250000000058e+05 -2.151552999999999827e+01
2.318232999999999884e+05 -2.127704999999999913e+01
2.318233750000000000e+05 -1.735579999999999856e+01
2.318234499999999825e+05 -2.449570999999999898e+01
2.318235249999999942e+05 -1.897869999999999990e+01
2.318236000000000058e+05 -1.811176999999999992e+01
2.318236749999999884e+05 -1.972638999999999854e+01
2.318237500000000000e+05 -1.998028000000000048e+01
2.318238249999999825e+05 -1.848611999999999966e+01
2.318238999999999942e+05 -2.008735000000000070e+01
2.318239750000000058e+05 -1.975645000000000095e+01
2.318240499999999884e+05 -1.994107999999999947e+01
2.318241250000000000e+05 -2.005456999999999823e+01
2.318241999999999825e+05 -1.896172999999999931e+01
2.318242749999999942e+05 -1.960109999999999886e+01
2.318243500000000058e+05 -1.920741999999999905e+01
2.318244249999999884e+05 -2.244425000000000026e+01
2.318245000000000000e+05 -2.170130999999999943e+01
2.318245749999999825e+05 -2.324353999999999942e+01
2.318246499999999942e+05 -1.836227999999999838e+01
2.318247250000000058e+05 -2.076165999999999912e+01
2.318247999999999884e+05 -1.856989000000000090e+01
2.318248750000000000e+05 -2.034788999999999959e+01
2.318249499999999825e+05 -1.976745999999999981e+01
2.318250249999999942e+05 -2.109399000000000157e+01
2.318251000000000058e+05 -1.883606999999999942e+01
2.318251749999999884e+05 -2.002382000000000062e+01
2.318252500000000000e+05 -2.035399999999999920e+01
2.318253249999999825e+05 -2.039010000000000034e+01
2.318253999999999942e+05 -1.856750999999999863e+01
