# Temperature: None K
2.317968999999999942e+05 -1.975123999999999924e+01
2.317969750000000058e+05 -2.108925999999999945e+01
2.317970499999999884e+05 -1.760397999999999996e+01
2.317971250000000000e+05 -1.786961000000000155e+01
2.317971999999999825e+05 -1.781970000000000098e+01
2.317972749999999942e+05 -2.101880999999999844e+01
2.317973500000000058e+05 -2.203968000000000060e+01
2.317974249999999884e+05 -2.070123999999999853e+01
2.317975000000000000e+05 -1.711489999999999867e+01
2.317975749999999825e+05 -2.100993000000000066e+01
2.317976499999999942e+05 -1.944238999999999962e+01
2.317977250000000058e+05 -2.068875999999999848e+01
2.317977999999999884e+05 -1.863870999999999967e+01
2.317978750000000000e+05 -1.769348000000000098e+01
2.317979499999999825e+05 -2.262001000000000062e+01
2.317980249999999942e+05 -1.906102999999999881e+01
2.317981000000000058e+05 -1.995232000000000028e+01
2.317981749999999884e+05 -1.754766000000000048e+01
2.317982500000000000e+05 -1.828190999999999988e+01
2.317983249999999825e+05 -2.391858999999999824e+01
2.317983999999999942e+05 -1.900557999999999836e+01
2.317984750000000058e+05 -1.861251999999999995e+01
2.317985499999999884e+05 -1.990149999999999864e+01
2.317986250000000000e+05 -1.896389999999999887e+01
2.317986999999999825e+05 -1.885285999999999973e+01
2.317987749999999942e+05 -2.129316999999999993e+01
2.317988500000000058e+05 -1.838070000000000093e+01
2.317989249999999884e+05 -1.873927000000000120e+01
2.317990000000000000e+05 -1.861082000000000036e+01
2.317990749999999825e+05 -2.092761000000000138e+01
2.317991499999999942e+05 -1.934128000000000114e+01
2.317992250000000058e+05 -2.013186999999999927e+01
2.317992999999999884e+05 -1.988023000000000096e+01
2.317993750000000000e+05 -1.766862000000000066e+01
2.317994499999999825e+05 -2.031278999999999968e+01
2.317995249999999942e+05 -1.947375999999999863e+01
2.317996000000000058e+05 -1.677933000000000163e+01
2.317996749999999884e+05 -1.876352999999999938e+01
2.317997500000000000e+05 -1.781149999999999878e+01
2.317998249999999825e+05 -2.015921000000000163e+01
2.317998999999999942e+05 -1.966554999999999964e+01
2.317999750000000058e+05 -1.781716000000000122e+01
2.318000499999999884e+05 -1.775978999999999886e+01
2.318001250000000000e+05 -2.274387000000000114e+01
2.318001999999999825e+05 -1.712733000000000061e+01
2.318002749999999942e+05 -1.915866000000000113e+01
2.318003500000000058e+05 -1.773855000000000004e+01
2.318004249999999884e+05 -1.824692999999999898e+01
2.318005000000000000e+05 -1.913126000000000104e+01
2.318005749999999825e+05 -1.813789999999999836e+01
2.318006499999999942e+05 -1.833296999999999954e+01
2.318007250000000058e+05 -1.846649000000000029e+01
2.318007999999999884e+05 -1.729533999999999949e+01
2.318008750000000000e+05 -2.304363000000000028e+01
2.318009499999999825e+05 -1.738218000000000174e+01
2.318010249999999942e+05 -1.891296000000000177e+01
2.318011000000000058e+05 -1.902100000000000080e+01
2.318011749999999884e+05 -1.894585000000000008e+01
2.318012500000000000e+05 -2.180148000000000152e+01
2.318013249999999825e+05 -1.894652999999999921e+01
2.318013999999999942e+05 -1.932176000000000116e+01
2.318014750000000058e+05 -1.780180000000000007e+01
2.318015499999999884e+05 -2.035088000000000008e+01
2.318016250000000000e+05 -2.069369999999999976e+01
2.318016999999999825e+05 -2.011876000000000175e+01
2.318017749999999942e+05 -1.777889000000000053e+01
2.318018500000000058e+05 -2.023103000000000051e+01
2.318019249999999884e+05 -1.846081999999999823e+01
2.318020000000000000e+05 -1.580613999999999919e+01
2.318020749999999825e+05 -1.853334999999999866e+01
2.318021499999999942e+05 -1.797006999999999977e+01
2.318022250000000058e+05 -2.039080999999999833e+01
2.318022999999999884e+05 -1.769654999999999845e+01
2.318023750000000000e+05 -1.965953000000000017e+01
2.318024499999999825e+05 -1.763425000000000153e+01
2.318025249999999942e+05 -1.938541999999999987e+01
2.318026000000000058e+05 -1.717673999999999879e+01
2.318026749999999884e+05 -1.877349999999999852e+01
2.318027500000000000e+05 -2.087228999999999957e+01
2.318028249999999825e+05 -2.110028000000000148e+01
2.318028999999999942e+05 -1.746739000000000175e+01
2.318029750000000058e+05 -1.819350999999999985e+01
2.318030499999999884e+05 -1.871023999999999887e+01
2.318031250000000000e+05 -1.794593000000000060e+01
2.318031999999999825e+05 -1.757701000000000136e+01
2.318032749999999942e+05 -1.811797999999999931e+01
2.318033500000000058e+05 -1.815681999999999974e+01
2.318034249999999884e+05 -2.015287999999999968e+01
2.318035000000000000e+05 -1.913720999999999961e+01
2.318035749999999825e+05 -2.054232000000000014e+01
2.318036499999999942e+05 -1.943132999999999910e+01
2.318037250000000058e+05 -1.734315000000000140e+01
2.318037999999999884e+05 -1.970064999999999955e+01
2.318038750000000000e+05 -1.848562000000000083e+01
2.318039499999999825e+05 -1.778152000000000044e+01
2.318040249999999942e+05 -1.938438999999999979e+01
2.318041000000000058e+05 -2.026107000000000014e+01
2.318041749999999884e+05 -1.907799999999999940e+01
2.318042500000000000e+05 -1.895227999999999824e+01
2.318043249999999825e+05 -1.823459000000000074e+01
2.318043999999999942e+05 -1.783615999999999957e+01
2.318044750000000058e+05 -1.683806999999999832e+01
2.318045499999999884e+05 -1.997558000000000078e+01
2.318046250000000000e+05 -1.812271000000000143e+01
2.318046999999999825e+05 -1.760734000000000066e+01
2.318047749999999942e+05 -1.694433000000000078e+01
2.318048500000000058e+05 -1.810518000000000072e+01
2.318049249999999884e+05 -1.821691999999999823e+01
2.318050000000000000e+05 -1.790496999999999872e+01
2.318050749999999825e+05 -1.639076999999999984e+01
2.318051499999999942e+05 -1.710687000000000069e+01
2.318052250000000058e+05 -1.784097999999999828e+01
2.318052999999999884e+05 -1.923253000000000057e+01
2.318053750000000000e+05 -1.668890999999999991e+01
2.318054499999999825e+05 -1.854779999999999873e+01
2.318055249999999942e+05 -1.789096999999999937e+01
2.318056000000000058e+05 -1.698857999999999890e+01
2.318056749999999884e+05 -1.879459999999999908e+01
2.318057500000000000e+05 -1.799401999999999902e+01
2.318058249999999825e+05 -1.734364000000000061e+01
2.318058999999999942e+05 -1.824240999999999957e+01
2.318059750000000058e+05 -1.736851000000000056e+01
2.318060499999999884e+05 -1.693978999999999857e+01
2.318061250000000000e+05 -1.625898000000000110e+01
2.318061999999999825e+05 -1.654590999999999923e+01
2.318062749999999942e+05 -1.607102000000000075e+01
2.318063500000000058e+05 -1.883054999999999879e+01
2.318064249999999884e+05 -1.526875000000000071e+01
2.318065000000000000e+05 -1.625461999999999918e+01
2.318065749999999825e+05 -1.709759999999999991e+01
2.318066499999999942e+05 -1.634186000000000050e+01
2.318067250000000058e+05 -1.722631000000000157e+01
2.318067999999999884e+05 -1.859222000000000108e+01
2.318068750000000000e+05 -1.587824999999999953e+01
2.318069499999999825e+05 -1.695438000000000045e+01
2.318070249999999942e+05 -1.999813999999999936e+01
2.318071000000000058e+05 -1.727780999999999878e+01
2.318071749999999884e+05 -1.643736000000000175e+01
2.318072500000000000e+05 -1.591790999999999912e+01
2.318073249999999825e+05 -1.653659999999999997e+01
2.318073999999999942e+05 -1.688875000000000171e+01
2.318074750000000058e+05 -1.655396000000000001e+01
2.318075499999999884e+05 -1.641482999999999848e+01
2.318076250000000000e+05 -1.521881999999999913e+01
2.318076999999999825e+05 -1.554420000000000002e+01
2.318077749999999942e+05 -1.500834000000000046e+01
2.318078500000000058e+05 -1.624431999999999832e+01
2.318079249999999884e+05 -1.498232999999999926e+01
2.318080000000000000e+05 -1.656307999999999936e+01
2.318080749999999825e+05 -1.546644000000000041e+01
2.318081499999999942e+05 -1.539132000000000033e+01
2.318082250000000058e+05 -1.461852999999999980e+01
2.318082999999999884e+05 -1.554062000000000054e+01
2.318083750000000000e+05 -1.415728000000000009e+01
2.318084499999999825e+05 -1.379726999999999926e+01
2.318085249999999942e+05 -1.510519000000000034e+01
2.318086000000000058e+05 -1.336575999999999986e+01
2.318086749999999884e+05 -1.538463999999999920e+01
2.318087500000000000e+05 -1.421988999999999947e+01
2.318088249999999825e+05 -1.425670000000000037e+01
2.318088999999999942e+05 -1.344266000000000005e+01
2.318089750000000058e+05 -1.321856999999999971e+01
2.318090499999999884e+05 -1.271643000000000079e+01
2.318091250000000000e+05 -1.287335000000000029e+01
2.318091999999999825e+05 -1.411715000000000053e+01
2.318092749999999942e+05 -1.128312999999999988e+01
2.318093500000000058e+05 -1.213413000000000075e+01
2.318094249999999884e+05 -1.273221999999999987e+01
2.318095000000000000e+05 -1.256940999999999953e+01
2.318095749999999825e+05 -1.252594000000000030e+01
2.318096499999999942e+05 -1.210487000000000002e+01
2.318097250000000058e+05 -1.125020999999999916e+01
2.318097999999999884e+05 -1.195942999999999934e+01
2.318098750000000000e+05 -1.071185000000000009e+01
2.318099499999999825e+05 -1.173404999999999987e+01
2.318100249999999942e+05 -1.029950999999999972e+01
2.318101000000000058e+05 -1.009665999999999997e+01
2.318101749999999884e+05 -9.896553000000000822e+00
2.318102500000000000e+05 -8.897448999999999941e+00
2.318103249999999825e+05 -9.127727999999999398e+00
2.318103999999999942e+05 -8.847118999999999289e+00
2.318104750000000058e+05 -7.860826999999999565e+00
2.318105499999999884e+05 -7.587992999999999988e+00
2.318106250000000000e+05 -6.382648999999999795e+00
2.318106999999999825e+05 -6.726384999999999614e+00
2.318107749999999942e+05 -5.791661000000000392e+00
2.318108500000000058e+05 -5.064079999999999693e+00
2.318109249999999884e+05 -4.922836000000000212e+00
2.318110000000000000e+05 -3.581363000000000074e+00
2.318110749999999825e+05 -3.267652000000000001e+00
2.318111499999999942e+05 -3.386454000000000075e+00
2.318112250000000058e+05 -2.403961999999999932e+00
2.318112999999999884e+05 -1.812284999999999924e+00
2.318113750000000000e+05 -1.122265000000000068e+00
2.318114499999999825e+05 -5.695571000000000383e-01
2.318115249999999942e+05 1.345040000000000124e-01
2.318116000000000058e+05 5.771382000000000456e-01
2.318116749999999884e+05 1.056821000000000010e+00
2.318117500000000000e+05 1.372649000000000008e+00
2.318118249999999825e+05 1.490285000000000082e+00
2.318118999999999942e+05 1.802955000000000085e+00
2.318119750000000058e+05 1.926210999999999895e+00
2.318120499999999884e+05 1.621990999999999961e+00
2.318121250000000000e+05 1.733093999999999912e+00
2.318121999999999825e+05 8.920449999999999768e-01
2.318122749999999942e+05 5.426743000000000539e-01
2.318123500000000058e+05 -2.464623999999999981e-01
2.318124249999999884e+05 -1.084271999999999903e+00
2.318125000000000000e+05 -2.014717999999999787e+00
2.318125749999999825e+05 -2.711176000000000030e+00
2.318126499999999942e+05 -3.062104999999999855e+00
2.318127250000000058e+05 -3.278074999999999850e+00
2.318127999999999884e+05 -3.033326999999999884e+00
2.318128750000000000e+05 -2.558043000000000067e+00
2.318129499999999825e+05 -2.044875000000000220e+00
2.318130249999999942e+05 -2.289826000000000139e+00
2.318131000000000058e+05 -2.449209000000000191e+00
2.318131749999999884e+05 -3.044544999999999835e+00
2.318132500000000000e+05 -4.220761999999999681e+00
2.318133249999999825e+05 -4.769961000000000340e+00
2.318133999999999942e+05 -4.657903000000000127e+00
2.318134750000000058e+05 -4.988552999999999571e+00
2.318135499999999884e+05 -5.002587000000000117e+00
2.318136250000000000e+05 -4.832004999999999661e+00
2.318136999999999825e+05 -4.749770999999999965e+00
2.318137749999999942e+05 -5.485870000000000246e+00
2.318138500000000058e+05 -6.413547000000000331e+00
2.318139249999999884e+05 -6.873190000000000133e+00
2.318140000000000000e+05 -6.710113999999999912e+00
2.318140749999999825e+05 -6.589635000000000353e+00
2.318141499999999942e+05 -6.352473999999999954e+00
2.318142250000000058e+05 -6.882296000000000191e+00
2.318142999999999884e+05 -8.156575000000000131e+00
2.318143750000000000e+05 -8.331182999999999339e+00
2.318144499999999825e+05 -8.569613000000000369e+00
2.318145249999999942e+05 -7.567089000000000176e+00
2.318146000000000058e+05 -8.083118000000000691e+00
2.318146749999999884e+05 -8.432748999999999384e+00
2.318147500000000000e+05 -8.837206999999999368e+00
2.318148249999999825e+05 -1.033803999999999945e+01
2.318148999999999942e+05 -1.015390999999999977e+01
2.318149750000000058e+05 -9.714247000000000298e+00
2.318150499999999884e+05 -9.714650000000000674e+00
2.318151250000000000e+05 -1.116816000000000031e+01
2.318151999999999825e+05 -1.102125000000000021e+01
2.318152749999999942e+05 -1.094890000000000008e+01
2.318153500000000058e+05 -1.038119000000000014e+01
2.318154249999999884e+05 -1.115872000000000064e+01
2.318155000000000000e+05 -1.399501000000000062e+01
2.318155749999999825e+05 -1.252243999999999957e+01
2.318156499999999942e+05 -1.089678999999999931e+01
2.318157250000000058e+05 -1.311782999999999966e+01
2.318157999999999884e+05 -1.221467999999999954e+01
2.318158750000000000e+05 -1.246624000000000088e+01
2.318159499999999825e+05 -1.353476999999999997e+01
2.318160249999999942e+05 -1.377424000000000071e+01
2.318161000000000058e+05 -1.299773000000000067e+01
2.318161749999999884e+05 -1.256334000000000017e+01
2.318162500000000000e+05 -1.449840000000000018e+01
2.318163249999999825e+05 -1.605865999999999971e+01
2.318163999999999942e+05 -1.362593000000000032e+01
2.318164750000000058e+05 -1.365798999999999985e+01
2.318165499999999884e+05 -1.710472000000000037e+01
2.318166250000000000e+05 -1.583064000000000071e+01
2.318166999999999825e+05 -1.307620000000000005e+01
2.318167749999999942e+05 -1.734327000000000041e+01
2.318168500000000058e+05 -1.876085000000000136e+01
2.318169249999999884e+05 -1.575173000000000023e+01
2.318170000000000000e+05 -1.800364000000000075e+01
2.318170749999999825e+05 -1.769024999999999892e+01
2.318171499999999942e+05 -1.527477999999999980e+01
2.318172250000000058e+05 -1.979955999999999960e+01
2.318172999999999884e+05 -2.090089000000000041e+01
2.318173750000000000e+05 -1.419649000000000072e+01
2.318174499999999825e+05 -2.054048999999999836e+01
2.318175249999999942e+05 -1.651635999999999882e+01
2.318176000000000058e+05 -1.739216000000000051e+01
2.318176749999999884e+05 -2.261971000000000132e+01
2.318177500000000000e+05 -1.834143999999999863e+01
2.318178249999999825e+05 -2.056769999999999854e+01
2.318178999999999942e+05 -2.228972999999999871e+01
2.318179750000000058e+05 -1.798582000000000036e+01
2.318180499999999884e+05 -2.711963000000000079e+01
2.318181250000000000e+05 -1.615294000000000096e+01
2.318181999999999825e+05 -2.211158999999999963e+01
2.318182749999999942e+05 -2.004432999999999865e+01
2.318183500000000058e+05 -1.938722999999999885e+01
2.318184249999999884e+05 -3.075223000000000084e+01
2.318185000000000000e+05 -1.951839999999999975e+01
2.318185749999999825e+05 -3.226509999999999678e+01
2.318186499999999942e+05 -1.745045000000000002e+01
2.318187250000000058e+05 -2.442457999999999885e+01
2.318187999999999884e+05 -2.462988000000000000e+01
2.318188750000000000e+05 -1.838742999999999839e+01
2.318189499999999825e+05 -2.685342999999999947e+01
2.318190249999999942e+05 -2.404449999999999932e+01
2.318191000000000058e+05 -3.250260999999999711e+01
2.318191749999999884e+05 -2.006617999999999924e+01
2.318192500000000000e+05 -2.821595999999999904e+01
2.318193249999999825e+05 -1.907964000000000127e+01
2.318193999999999942e+05 -2.639367999999999981e+01
2.318194750000000058e+05 -2.178257999999999939e+01
2.318195499999999884e+05 -2.561455000000000126e+01
2.318196250000000000e+05 -2.253937000000000168e+01
2.318196999999999825e+05 -2.192610000000000170e+01
2.318197749999999942e+05 -1.968224999999999980e+01
2.318198500000000058e+05 -2.868048999999999893e+01
2.318199249999999884e+05 -1.981049000000000149e+01
2.318200000000000000e+05 -3.013028999999999868e+01
2.318200749999999825e+05 -1.964791999999999916e+01
2.318201499999999942e+05 -3.064998999999999896e+01
2.318202250000000058e+05 -2.199594000000000094e+01
2.318202999999999884e+05 -2.562867999999999924e+01
2.318203750000000000e+05 -1.857094999999999985e+01
2.318204499999999825e+05 -3.622037000000000262e+01
2.318205249999999942e+05 -2.127943000000000140e+01
2.318206000000000058e+05 -2.553888999999999854e+01
2.318206749999999884e+05 -2.129908999999999963e+01
2.318207500000000000e+05 -2.295667999999999864e+01
2.318208249999999825e+05 -2.240137000000000000e+01
2.318208999999999942e+05 -2.019858999999999938e+01
2.318209750000000058e+05 -2.524204999999999899e+01
2.318210499999999884e+05 -2.230890000000000128e+01
2.318211250000000000e+05 -2.824146999999999963e+01
2.318211999999999825e+05 -2.413487999999999900e+01
2.318212749999999942e+05 -2.802354000000000056e+01
2.318213500000000058e+05 -2.855004999999999882e+01
2.318214249999999884e+05 -2.314059999999999917e+01
2.318215000000000000e+05 -2.866715999999999909e+01
2.318215749999999825e+05 -2.021584999999999965e+01
2.318216499999999942e+05 -2.484916000000000125e+01
2.318217250000000058e+05 -2.496427999999999869e+01
2.318217999999999884e+05 -2.554962000000000089e+01
2.318218750000000000e+05 -3.283708000000000027e+01
2.318219499999999825e+05 -2.811123999999999867e+01
2.318220249999999942e+05 -2.822203999999999979e+01
2.318221000000000058e+05 -2.535977000000000103e+01
2.318221749999999884e+05 -2.153038000000000096e+01
2.318222500000000000e+05 -2.169989999999999952e+01
2.318223249999999825e+05 -2.601724000000000103e+01
2.318223999999999942e+05 -2.324230000000000018e+01
2.318224750000000058e+05 -2.754889000000000010e+01
2.318225499999999884e+05 -2.346955000000000169e+01
2.318226250000000000e+05 -2.498460999999999999e+01
2.318226999999999825e+05 -3.054485000000000028e+01
2.318227749999999942e+05 -2.613747000000000043e+01
2.318228500000000058e+05 -2.200882999999999967e+01
2.318229249999999884e+05 -2.661412999999999940e+01
2.318230000000000000e+05 -2.773392000000000124e+01
2.318230749999999825e+05 -2.199907999999999930e+01
2.318231499999999942e+05 -2.509772999999999854e+01
2.318232250000000058e+05 -2.408381999999999934e+01
2.318232999999999884e+05 -2.422884000000000171e+01
2.318233750000000000e+05 -2.001293000000000077e+01
2.318234499999999825e+05 -2.307612999999999914e+01
2.318235249999999942e+05 -2.321208000000000027e+01
2.318236000000000058e+05 -2.440680000000000049e+01
2.318236749999999884e+05 -2.269323999999999941e+01
2.318237500000000000e+05 -2.515966999999999842e+01
2.318238249999999825e+05 -2.451057000000000130e+01
2.318238999999999942e+05 -2.369679999999999964e+01
2.318239750000000058e+05 -2.931779999999999831e+01
2.318240499999999884e+05 -2.259461999999999904e+01
2.318241250000000000e+05 -2.070814999999999984e+01
2.318241999999999825e+05 -2.663107000000000113e+01
2.318242749999999942e+05 -2.195987999999999829e+01
2.318243500000000058e+05 -2.827501000000000175e+01
2.318244249999999884e+05 -2.247549000000000063e+01
2.318245000000000000e+05 -2.267870999999999881e+01
2.318245749999999825e+05 -2.261871999999999971e+01
2.318246499999999942e+05 -2.417823999999999884e+01
2.318247250000000058e+05 -2.275099000000000160e+01
2.318247999999999884e+05 -2.512391999999999825e+01
2.318248750000000000e+05 -2.346591000000000093e+01
2.318249499999999825e+05 -2.470402999999999949e+01
2.318250249999999942e+05 -2.646255000000000024e+01
2.318251000000000058e+05 -2.305235000000000056e+01
2.318251749999999884e+05 -2.105540999999999840e+01
2.318252500000000000e+05 -2.452514000000000038e+01
2.318253249999999825e+05 -2.208802999999999983e+01
2.318253999999999942e+05 -2.516125999999999863e+01
2.318254750000000058e+05 -2.543192000000000164e+01
2.318255499999999884e+05 -2.530749000000000137e+01
2.318256250000000000e+05 -2.370431999999999917e+01
2.318256999999999825e+05 -2.138579000000000008e+01
2.318257749999999942e+05 -2.644313999999999965e+01
2.318258500000000058e+05 -2.647332000000000107e+01
2.318259249999999884e+05 -2.443690000000000140e+01
2.318260000000000000e+05 -2.158428999999999931e+01
2.318260749999999825e+05 -2.868010999999999910e+01
2.318261499999999942e+05 -2.470542000000000016e+01
2.318262250000000058e+05 -2.310414000000000101e+01
2.318262999999999884e+05 -2.706305000000000049e+01
2.318263750000000000e+05 -2.206161000000000172e+01
2.318264499999999825e+05 -2.544897999999999882e+01
2.318265249999999942e+05 -2.770015000000000072e+01
2.318266000000000058e+05 -2.518847999999999843e+01
2.318266749999999884e+05 -2.755746999999999858e+01
2.318267500000000000e+05 -2.158226000000000155e+01
2.318268249999999825e+05 -2.568048999999999893e+01
2.318268999999999942e+05 -2.725251000000000090e+01
