# Temperature: None K
2.317966749999999884e+05 -2.350252000000000052e+01
2.317967500000000000e+05 -2.321361999999999881e+01
2.317968249999999825e+05 -2.092420999999999864e+01
2.317968999999999942e+05 -1.605817000000000050e+01
2.317969749999999767e+05 -1.717880999999999858e+01
2.317970499999999884e+05 -1.963814999999999955e+01
2.317971250000000000e+05 -2.028615999999999886e+01
2.317971999999999825e+05 -2.283642000000000039e+01
2.317972749999999942e+05 -1.849380999999999986e+01
2.317973499999999767e+05 -1.748217999999999961e+01
2.317974249999999884e+05 -2.243078999999999823e+01
2.317975000000000000e+05 -1.899032000000000053e+01
2.317975749999999825e+05 -1.810326999999999842e+01
2.317976499999999942e+05 -1.840701999999999927e+01
2.317977249999999767e+05 -1.802293999999999841e+01
2.317977999999999884e+05 -2.148173999999999850e+01
2.317978750000000000e+05 -2.191686999999999941e+01
2.317979499999999825e+05 -1.911884999999999835e+01
2.317980249999999942e+05 -1.745454000000000150e+01
2.317980999999999767e+05 -2.076871999999999829e+01
2.317981749999999884e+05 -1.971017000000000152e+01
2.317982500000000000e+05 -1.765114000000000161e+01
2.317983249999999825e+05 -1.762651999999999930e+01
2.317983999999999942e+05 -2.342733000000000132e+01
2.317984749999999767e+05 -2.054166000000000025e+01
2.317985499999999884e+05 -1.771591000000000093e+01
2.317986250000000000e+05 -1.788804999999999978e+01
2.317986999999999825e+05 -2.043703000000000003e+01
2.317987749999999942e+05 -1.926019000000000148e+01
2.317988499999999767e+05 -2.022675999999999874e+01
2.317989249999999884e+05 -1.691857999999999862e+01
2.317990000000000000e+05 -2.266728000000000165e+01
2.317990749999999825e+05 -1.987828999999999979e+01
2.317991499999999942e+05 -2.014164999999999850e+01
2.317992249999999767e+05 -2.271724999999999994e+01
2.317992999999999884e+05 -1.870613000000000170e+01
2.317993750000000000e+05 -1.765611000000000175e+01
2.317994499999999825e+05 -1.885189000000000092e+01
2.317995249999999942e+05 -1.830090999999999823e+01
2.317995999999999767e+05 -1.936583999999999861e+01
2.317996749999999884e+05 -2.256221999999999994e+01
2.317997500000000000e+05 -1.906786999999999921e+01
2.317998249999999825e+05 -1.646358999999999995e+01
2.317998999999999942e+05 -1.725442999999999927e+01
2.317999749999999767e+05 -1.774264000000000152e+01
2.318000499999999884e+05 -1.902859000000000123e+01
2.318001250000000000e+05 -2.063611999999999824e+01
2.318001999999999825e+05 -1.817060999999999993e+01
2.318002749999999942e+05 -1.896965000000000146e+01
2.318003499999999767e+05 -2.052536999999999878e+01
2.318004249999999884e+05 -1.781453000000000131e+01
2.318005000000000000e+05 -1.820232000000000028e+01
2.318005749999999825e+05 -1.911807999999999907e+01
2.318006499999999942e+05 -1.761206999999999923e+01
2.318007249999999767e+05 -1.890608999999999895e+01
2.318007999999999884e+05 -1.768788999999999945e+01
2.318008750000000000e+05 -1.821105000000000018e+01
2.318009499999999825e+05 -2.102473000000000170e+01
2.318010249999999942e+05 -1.866561000000000092e+01
2.318010999999999767e+05 -1.652718000000000131e+01
2.318011749999999884e+05 -2.047128999999999976e+01
2.318012500000000000e+05 -2.051641000000000048e+01
2.318013249999999825e+05 -1.798391000000000162e+01
2.318013999999999942e+05 -1.996383000000000152e+01
2.318014749999999767e+05 -1.904253999999999891e+01
2.318015499999999884e+05 -1.684460999999999942e+01
2.318016250000000000e+05 -1.720220000000000127e+01
2.318016999999999825e+05 -1.932811999999999841e+01
2.318017749999999942e+05 -1.832659999999999911e+01
2.318018499999999767e+05 -1.991215000000000046e+01
2.318019249999999884e+05 -1.890400999999999954e+01
2.318020000000000000e+05 -1.795700000000000074e+01
2.318020749999999825e+05 -1.849630000000000152e+01
2.318021499999999942e+05 -1.794040000000000035e+01
2.318022249999999767e+05 -2.005994000000000099e+01
2.318022999999999884e+05 -1.984467000000000070e+01
2.318023750000000000e+05 -1.990087000000000117e+01
2.318024499999999825e+05 -1.816003999999999863e+01
2.318025249999999942e+05 -1.992125000000000057e+01
2.318025999999999767e+05 -1.977663000000000082e+01
2.318026749999999884e+05 -1.967880999999999858e+01
2.318027500000000000e+05 -1.835564000000000107e+01
2.318028249999999825e+05 -2.294125999999999976e+01
2.318028999999999942e+05 -1.934608000000000061e+01
2.318029749999999767e+05 -2.019098999999999933e+01
2.318030499999999884e+05 -1.759953000000000145e+01
2.318031250000000000e+05 -1.922435000000000116e+01
2.318031999999999825e+05 -1.946203999999999823e+01
2.318032749999999942e+05 -2.017448999999999870e+01
2.318033499999999767e+05 -1.785184999999999889e+01
2.318034249999999884e+05 -1.966701000000000121e+01
2.318035000000000000e+05 -1.934001999999999910e+01
2.318035749999999825e+05 -1.668661000000000172e+01
2.318036499999999942e+05 -1.756787999999999883e+01
2.318037249999999767e+05 -1.990918999999999883e+01
2.318037999999999884e+05 -1.700885999999999854e+01
2.318038750000000000e+05 -1.862640999999999991e+01
2.318039499999999825e+05 -1.768778000000000006e+01
2.318040249999999942e+05 -1.876343999999999923e+01
2.318040999999999767e+05 -1.837790000000000035e+01
2.318041749999999884e+05 -1.726206000000000174e+01
2.318042500000000000e+05 -1.771903999999999968e+01
2.318043249999999825e+05 -1.752292999999999878e+01
2.318043999999999942e+05 -1.741315000000000168e+01
2.318044749999999767e+05 -1.863850000000000051e+01
2.318045499999999884e+05 -1.734072000000000102e+01
2.318046250000000000e+05 -1.827764000000000166e+01
2.318046999999999825e+05 -1.789940999999999960e+01
2.318047749999999942e+05 -1.682244000000000028e+01
2.318048499999999767e+05 -1.738062000000000040e+01
2.318049249999999884e+05 -1.708928999999999832e+01
2.318050000000000000e+05 -1.694274000000000058e+01
2.318050749999999825e+05 -1.884429000000000087e+01
2.318051499999999942e+05 -1.677965999999999980e+01
2.318052249999999767e+05 -1.884357999999999933e+01
2.318052999999999884e+05 -2.024492000000000047e+01
2.318053750000000000e+05 -1.753015999999999863e+01
2.318054499999999825e+05 -1.911629999999999896e+01
2.318055249999999942e+05 -1.955754999999999910e+01
2.318055999999999767e+05 -1.531756000000000029e+01
2.318056749999999884e+05 -1.729087000000000174e+01
2.318057500000000000e+05 -1.571335000000000015e+01
2.318058249999999825e+05 -1.749455999999999989e+01
2.318058999999999942e+05 -1.784373000000000076e+01
2.318059749999999767e+05 -1.760792000000000002e+01
2.318060499999999884e+05 -1.810091999999999857e+01
2.318061250000000000e+05 -1.647394999999999854e+01
2.318061999999999825e+05 -1.586954000000000065e+01
2.318062749999999942e+05 -1.884979999999999833e+01
2.318063499999999767e+05 -1.465405999999999942e+01
2.318064249999999884e+05 -1.562397999999999954e+01
2.318065000000000000e+05 -1.662407999999999930e+01
2.318065749999999825e+05 -1.861187999999999931e+01
2.318066499999999942e+05 -1.491799999999999926e+01
2.318067249999999767e+05 -1.760297999999999874e+01
2.318067999999999884e+05 -1.633677000000000135e+01
2.318068750000000000e+05 -1.858395000000000152e+01
2.318069499999999825e+05 -1.516915999999999976e+01
2.318070249999999942e+05 -1.655180000000000007e+01
2.318070999999999767e+05 -1.637916999999999845e+01
2.318071749999999884e+05 -1.478154999999999930e+01
2.318072500000000000e+05 -1.703724000000000061e+01
2.318073249999999825e+05 -1.602406999999999826e+01
2.318073999999999942e+05 -1.748480999999999952e+01
2.318074749999999767e+05 -1.581347000000000058e+01
2.318075499999999884e+05 -1.497034000000000020e+01
2.318076250000000000e+05 -1.651425000000000054e+01
2.318076999999999825e+05 -1.465985000000000049e+01
2.318077749999999942e+05 -1.563939000000000057e+01
2.318078499999999767e+05 -1.591891000000000034e+01
2.318079249999999884e+05 -1.527120999999999995e+01
2.318080000000000000e+05 -1.556725999999999921e+01
2.318080749999999825e+05 -1.502996000000000087e+01
2.318081499999999942e+05 -1.370329000000000086e+01
2.318082249999999767e+05 -1.521119999999999983e+01
2.318082999999999884e+05 -1.455592000000000041e+01
2.318083750000000000e+05 -1.349328000000000038e+01
2.318084499999999825e+05 -1.376348999999999911e+01
2.318085249999999942e+05 -1.571409000000000056e+01
2.318085999999999767e+05 -1.399501000000000062e+01
2.318086749999999884e+05 -1.411744999999999983e+01
2.318087500000000000e+05 -1.388428000000000040e+01
2.318088249999999825e+05 -1.433384000000000036e+01
2.318088999999999942e+05 -1.324571000000000076e+01
2.318089749999999767e+05 -1.370941999999999972e+01
2.318090499999999884e+05 -1.240132999999999974e+01
2.318091250000000000e+05 -1.322822000000000031e+01
2.318091999999999825e+05 -1.261576999999999948e+01
2.318092749999999942e+05 -1.244957999999999920e+01
2.318093499999999767e+05 -1.150980000000000025e+01
2.318094249999999884e+05 -1.187758000000000003e+01
2.318095000000000000e+05 -1.257934999999999981e+01
2.318095749999999825e+05 -1.070520999999999923e+01
2.318096499999999942e+05 -1.149385000000000012e+01
2.318097249999999767e+05 -1.111429000000000045e+01
2.318097999999999884e+05 -1.039228999999999914e+01
2.318098750000000000e+05 -9.438487999999999545e+00
2.318099499999999825e+05 -1.006020000000000003e+01
2.318100249999999942e+05 -9.268221000000000487e+00
2.318100999999999767e+05 -9.296392000000000877e+00
2.318101749999999884e+05 -8.374159999999999826e+00
2.318102500000000000e+05 -7.838858000000000104e+00
2.318103249999999825e+05 -8.240650000000000475e+00
2.318103999999999942e+05 -6.892946000000000240e+00
2.318104749999999767e+05 -7.724808999999999592e+00
2.318105499999999884e+05 -5.704884999999999984e+00
2.318106250000000000e+05 -5.307249999999999801e+00
2.318106999999999825e+05 -4.883582999999999785e+00
2.318107749999999942e+05 -4.736533999999999800e+00
2.318108499999999767e+05 -4.087246000000000379e+00
2.318109249999999884e+05 -3.170196999999999932e+00
2.318110000000000000e+05 -2.604693000000000147e+00
2.318110749999999825e+05 -1.866737000000000091e+00
2.318111499999999942e+05 -1.483162000000000091e+00
2.318112249999999767e+05 -9.355565000000000131e-01
2.318112999999999884e+05 -1.168212000000000000e-01
2.318113750000000000e+05 2.376446000000000114e-01
2.318114499999999825e+05 9.369912999999999714e-01
2.318115249999999942e+05 8.383005000000000040e-01
2.318115999999999767e+05 1.564143000000000061e+00
2.318116749999999884e+05 1.566723000000000088e+00
2.318117500000000000e+05 1.851042000000000076e+00
2.318118249999999825e+05 1.822567000000000048e+00
2.318118999999999942e+05 1.725200000000000067e+00
2.318119749999999767e+05 1.373221000000000025e+00
2.318120499999999884e+05 1.045892999999999962e+00
2.318121250000000000e+05 5.019614999999999494e-01
2.318121999999999825e+05 -1.214974999999999944e-01
2.318122749999999942e+05 -1.191305999999999976e+00
2.318123499999999767e+05 -2.451833000000000151e+00
2.318124249999999884e+05 -2.809887999999999941e+00
2.318125000000000000e+05 -2.806141999999999914e+00
2.318125749999999825e+05 -2.567816000000000098e+00
2.318126499999999942e+05 -2.553431999999999924e+00
2.318127249999999767e+05 -2.292733999999999828e+00
2.318127999999999884e+05 -2.102790999999999855e+00
2.318128750000000000e+05 -1.745257999999999976e+00
2.318129499999999825e+05 -3.039992999999999945e+00
2.318130249999999942e+05 -3.177627999999999897e+00
2.318130999999999767e+05 -4.928323999999999927e+00
2.318131749999999884e+05 -4.783300999999999803e+00
2.318132500000000000e+05 -4.948375000000000412e+00
2.318133249999999825e+05 -5.028750999999999749e+00
2.318133999999999942e+05 -4.683300000000000018e+00
2.318134749999999767e+05 -4.742716999999999850e+00
2.318135499999999884e+05 -5.075446999999999598e+00
2.318136250000000000e+05 -5.875426000000000037e+00
2.318136999999999825e+05 -6.655547000000000324e+00
2.318137749999999942e+05 -7.278825999999999574e+00
2.318138499999999767e+05 -6.855348000000000219e+00
2.318139249999999884e+05 -6.634871999999999659e+00
2.318140000000000000e+05 -6.632558000000000398e+00
2.318140749999999825e+05 -7.634170000000000122e+00
2.318141499999999942e+05 -7.718221999999999916e+00
2.318142249999999767e+05 -7.796677999999999997e+00
2.318142999999999884e+05 -7.772012000000000143e+00
2.318143750000000000e+05 -8.100533000000000428e+00
2.318144499999999825e+05 -8.099589999999999179e+00
2.318145249999999942e+05 -8.765864999999999796e+00
2.318145999999999767e+05 -9.832088000000000605e+00
2.318146749999999884e+05 -1.038887000000000072e+01
2.318147500000000000e+05 -1.004537000000000013e+01
2.318148249999999825e+05 -9.094509000000000398e+00
2.318148999999999942e+05 -9.960903999999999314e+00
2.318149749999999767e+05 -9.821768999999999750e+00
2.318150499999999884e+05 -1.108892999999999951e+01
2.318151250000000000e+05 -1.084908000000000072e+01
2.318151999999999825e+05 -1.164653999999999989e+01
2.318152749999999942e+05 -1.175595000000000034e+01
2.318153499999999767e+05 -1.297474000000000061e+01
2.318154249999999884e+05 -1.148343000000000025e+01
2.318155000000000000e+05 -1.236093999999999937e+01
2.318155749999999825e+05 -1.313278999999999996e+01
2.318156499999999942e+05 -1.283164999999999978e+01
2.318157249999999767e+05 -1.412226000000000070e+01
2.318157999999999884e+05 -1.367692000000000085e+01
2.318158750000000000e+05 -1.338846000000000025e+01
2.318159499999999825e+05 -1.272866999999999926e+01
2.318160249999999942e+05 -1.420498000000000083e+01
2.318160999999999767e+05 -1.493270000000000053e+01
2.318161749999999884e+05 -1.583487000000000045e+01
2.318162500000000000e+05 -1.460263999999999918e+01
2.318163249999999825e+05 -1.545562999999999931e+01
2.318163999999999942e+05 -1.812364000000000175e+01
2.318164749999999767e+05 -1.627316000000000074e+01
2.318165499999999884e+05 -1.630774999999999864e+01
2.318166250000000000e+05 -1.898742999999999981e+01
2.318166999999999825e+05 -1.518933000000000000e+01
2.318167749999999942e+05 -1.620885000000000176e+01
2.318168499999999767e+05 -1.901591000000000165e+01
2.318169249999999884e+05 -1.654271999999999920e+01
2.318170000000000000e+05 -1.559638999999999953e+01
2.318170749999999825e+05 -2.260231999999999886e+01
2.318171499999999942e+05 -1.450239000000000011e+01
2.318172249999999767e+05 -1.636843000000000004e+01
2.318172999999999884e+05 -1.972620999999999825e+01
2.318173750000000000e+05 -1.583397000000000077e+01
2.318174499999999825e+05 -1.950751999999999953e+01
2.318175249999999942e+05 -2.099149999999999849e+01
2.318175999999999767e+05 -1.621611000000000047e+01
2.318176749999999884e+05 -2.135072999999999865e+01
2.318177500000000000e+05 -1.636336999999999975e+01
2.318178249999999825e+05 -2.202340999999999838e+01
2.318178999999999942e+05 -2.255493999999999843e+01
2.318179749999999767e+05 -1.716244000000000014e+01
2.318180499999999884e+05 -4.524824000000000268e+01
2.318181250000000000e+05 -1.849592000000000169e+01
2.318181999999999825e+05 -2.100860000000000127e+01
2.318182749999999942e+05 -2.580713000000000079e+01
2.318183499999999767e+05 -1.950179999999999936e+01
2.318184249999999884e+05 -2.603084000000000131e+01
2.318185000000000000e+05 -1.698059999999999903e+01
2.318185749999999825e+05 -2.361417000000000144e+01
2.318186499999999942e+05 -1.977982000000000085e+01
2.318187249999999767e+05 -2.254833999999999961e+01
2.318187999999999884e+05 -2.203772999999999982e+01
2.318188750000000000e+05 -2.133303000000000083e+01
2.318189499999999825e+05 -2.329633000000000109e+01
2.318190249999999942e+05 -2.331904000000000110e+01
2.318190999999999767e+05 -3.623695000000000022e+01
2.318191749999999884e+05 -1.794055000000000177e+01
2.318192500000000000e+05 -2.505479000000000056e+01
2.318193249999999825e+05 -2.015417000000000058e+01
2.318193999999999942e+05 -3.739538999999999902e+01
2.318194749999999767e+05 -1.874486999999999881e+01
2.318195499999999884e+05 -3.752667999999999893e+01
2.318196250000000000e+05 -2.315359000000000123e+01
2.318196999999999825e+05 -3.313889000000000351e+01
2.318197749999999942e+05 -2.037715000000000032e+01
2.318198499999999767e+05 -3.379934999999999690e+01
2.318199249999999884e+05 -1.810245000000000104e+01
2.318200000000000000e+05 -3.059559000000000140e+01
2.318200749999999825e+05 -2.177900999999999954e+01
2.318201499999999942e+05 -2.493569000000000102e+01
2.318202249999999767e+05 -2.149868000000000023e+01
2.318202999999999884e+05 -2.507967999999999975e+01
2.318203750000000000e+05 -2.496640999999999977e+01
2.318204499999999825e+05 -2.081711999999999918e+01
2.318205249999999942e+05 -2.593568000000000140e+01
2.318205999999999767e+05 -2.473186000000000107e+01
2.318206749999999884e+05 -2.539718999999999838e+01
2.318207500000000000e+05 -2.501143000000000072e+01
2.318208249999999825e+05 -3.497959999999999781e+01
2.318208999999999942e+05 -2.217484999999999928e+01
2.318209749999999767e+05 -2.626641000000000048e+01
2.318210499999999884e+05 -2.630677999999999983e+01
2.318211250000000000e+05 -2.262771000000000043e+01
2.318211999999999825e+05 -3.272673000000000343e+01
2.318212749999999942e+05 -2.222256000000000142e+01
2.318213499999999767e+05 -2.745589999999999975e+01
2.318214249999999884e+05 -2.630008000000000123e+01
2.318215000000000000e+05 -2.136032000000000153e+01
2.318215749999999825e+05 -2.767505999999999844e+01
2.318216499999999942e+05 -2.800410000000000110e+01
2.318217249999999767e+05 -3.395127000000000095e+01
2.318217999999999884e+05 -2.682425999999999888e+01
2.318218750000000000e+05 -1.886211000000000126e+01
2.318219499999999825e+05 -2.783541999999999916e+01
2.318220249999999942e+05 -2.385451000000000121e+01
2.318220999999999767e+05 -2.062489000000000061e+01
2.318221749999999884e+05 -3.049286000000000030e+01
2.318222500000000000e+05 -2.237020000000000053e+01
2.318223249999999825e+05 -2.414290000000000092e+01
2.318223999999999942e+05 -2.767479000000000156e+01
2.318224749999999767e+05 -2.244945999999999842e+01
2.318225499999999884e+05 -2.277646999999999977e+01
2.318226250000000000e+05 -2.722646999999999906e+01
2.318226999999999825e+05 -2.243100000000000094e+01
2.318227749999999942e+05 -2.328037000000000134e+01
2.318228499999999767e+05 -2.421370999999999896e+01
2.318229249999999884e+05 -2.301448999999999856e+01
2.318230000000000000e+05 -2.301306999999999903e+01
2.318230749999999825e+05 -2.993187999999999960e+01
2.318231499999999942e+05 -2.489211999999999847e+01
2.318232249999999767e+05 -2.632177000000000078e+01
2.318232999999999884e+05 -2.017557000000000045e+01
2.318233750000000000e+05 -2.245533000000000001e+01
2.318234499999999825e+05 -2.414107999999999876e+01
2.318235249999999942e+05 -2.270767999999999986e+01
2.318235999999999767e+05 -2.368503000000000114e+01
2.318236749999999884e+05 -2.747607999999999961e+01
2.318237500000000000e+05 -2.290963999999999956e+01
2.318238249999999825e+05 -2.359684999999999988e+01
2.318238999999999942e+05 -2.669062999999999874e+01
2.318239749999999767e+05 -2.220876000000000161e+01
2.318240499999999884e+05 -2.418068999999999846e+01
2.318241250000000000e+05 -1.877721000000000018e+01
2.318241999999999825e+05 -2.115887000000000029e+01
2.318242749999999942e+05 -2.236748000000000047e+01
2.318243499999999767e+05 -2.210741000000000156e+01
2.318244249999999884e+05 -2.342831999999999937e+01
2.318245000000000000e+05 -3.087469000000000108e+01
2.318245749999999825e+05 -2.542342999999999975e+01
2.318246499999999942e+05 -2.155555999999999983e+01
2.318247249999999767e+05 -2.037860999999999834e+01
2.318247999999999884e+05 -2.437415999999999983e+01
2.318248750000000000e+05 -2.628434000000000026e+01
2.318249499999999825e+05 -2.423386999999999958e+01
2.318250249999999942e+05 -2.480283000000000015e+01
2.318250999999999767e+05 -2.768382000000000076e+01
2.318251749999999884e+05 -2.144572000000000145e+01
2.318252500000000000e+05 -2.482802999999999827e+01
2.318253249999999825e+05 -2.572431999999999874e+01
2.318253999999999942e+05 -2.774635999999999925e+01
2.318254749999999767e+05 -2.061564999999999870e+01
2.318255499999999884e+05 -1.959575999999999851e+01
2.318256250000000000e+05 -2.499605000000000032e+01
2.318256999999999825e+05 -2.753684000000000154e+01
2.318257749999999942e+05 -2.436815999999999960e+01
2.318258499999999767e+05 -2.761419000000000068e+01
2.318259249999999884e+05 -2.505544000000000082e+01
2.318260000000000000e+05 -2.349793000000000021e+01
2.318260749999999825e+05 -2.481918999999999897e+01
2.318261499999999942e+05 -2.267020000000000124e+01
2.318262249999999767e+05 -1.850997999999999877e+01
2.318262999999999884e+05 -2.283286000000000016e+01
2.318263750000000000e+05 -2.064320000000000022e+01
2.318264499999999825e+05 -2.087013999999999925e+01
2.318265249999999942e+05 -2.987325999999999837e+01
2.318265999999999767e+05 -2.520476999999999990e+01
2.318266749999999884e+05 -2.414341999999999899e+01
