# Temperature: None K
2.317962999999999884e+05 -2.108062999999999931e+01
2.317963750000000000e+05 -2.329010999999999854e+01
2.317964499999999825e+05 -2.011000999999999905e+01
2.317965249999999942e+05 -1.782820999999999856e+01
2.317965999999999767e+05 -1.728165999999999869e+01
2.317966749999999884e+05 -1.859704999999999941e+01
2.317967500000000000e+05 -2.695056999999999903e+01
2.317968249999999825e+05 -2.319284999999999997e+01
2.317968999999999942e+05 -1.872194999999999965e+01
2.317969749999999767e+05 -1.896547999999999945e+01
2.317970499999999884e+05 -2.052532000000000068e+01
2.317971250000000000e+05 -2.082721000000000089e+01
2.317971999999999825e+05 -2.089853000000000094e+01
2.317972749999999942e+05 -1.896914999999999907e+01
2.317973499999999767e+05 -1.835494999999999877e+01
2.317974249999999884e+05 -2.120664000000000016e+01
2.317975000000000000e+05 -1.895045000000000002e+01
2.317975749999999825e+05 -1.672387000000000157e+01
2.317976499999999942e+05 -1.945093999999999923e+01
2.317977249999999767e+05 -1.808399999999999963e+01
2.317977999999999884e+05 -1.971575999999999951e+01
2.317978750000000000e+05 -1.706143000000000143e+01
2.317979499999999825e+05 -1.801723000000000141e+01
2.317980249999999942e+05 -1.867304000000000030e+01
2.317980999999999767e+05 -1.839329999999999998e+01
2.317981749999999884e+05 -1.813331000000000159e+01
2.317982500000000000e+05 -1.790427000000000035e+01
2.317983249999999825e+05 -1.925497999999999976e+01
2.317983999999999942e+05 -2.028693000000000168e+01
2.317984749999999767e+05 -1.919304999999999950e+01
2.317985499999999884e+05 -2.184376999999999924e+01
2.317986250000000000e+05 -1.842484999999999928e+01
2.317986999999999825e+05 -1.605171999999999954e+01
2.317987749999999942e+05 -1.916193000000000168e+01
2.317988499999999767e+05 -1.817293000000000092e+01
2.317989249999999884e+05 -1.925146000000000157e+01
2.317990000000000000e+05 -2.177467000000000041e+01
2.317990749999999825e+05 -1.950737000000000165e+01
2.317991499999999942e+05 -1.822939999999999827e+01
2.317992249999999767e+05 -1.945777999999999963e+01
2.317992999999999884e+05 -1.986254999999999882e+01
2.317993750000000000e+05 -1.725429000000000102e+01
2.317994499999999825e+05 -2.078087999999999980e+01
2.317995249999999942e+05 -1.944440000000000168e+01
2.317995999999999767e+05 -1.921732000000000085e+01
2.317996749999999884e+05 -1.872023000000000081e+01
2.317997500000000000e+05 -1.914592000000000027e+01
2.317998249999999825e+05 -1.976482000000000028e+01
2.317998999999999942e+05 -2.134672000000000125e+01
2.317999749999999767e+05 -1.833201000000000036e+01
2.318000499999999884e+05 -1.840615999999999985e+01
2.318001250000000000e+05 -2.026910000000000167e+01
2.318001999999999825e+05 -1.887533000000000172e+01
2.318002749999999942e+05 -1.653063999999999822e+01
2.318003499999999767e+05 -1.811440999999999946e+01
2.318004249999999884e+05 -1.787484999999999857e+01
2.318005000000000000e+05 -1.985863000000000156e+01
2.318005749999999825e+05 -1.883202999999999960e+01
2.318006499999999942e+05 -2.055040999999999940e+01
2.318007249999999767e+05 -1.921116999999999919e+01
2.318007999999999884e+05 -1.794208000000000069e+01
2.318008750000000000e+05 -1.799271999999999849e+01
2.318009499999999825e+05 -1.877992000000000061e+01
2.318010249999999942e+05 -1.885206000000000159e+01
2.318010999999999767e+05 -1.850235999999999947e+01
2.318011749999999884e+05 -1.872601999999999833e+01
2.318012500000000000e+05 -1.842233999999999838e+01
2.318013249999999825e+05 -1.952527999999999864e+01
2.318013999999999942e+05 -2.001986000000000132e+01
2.318014749999999767e+05 -2.013979000000000141e+01
2.318015499999999884e+05 -1.907177000000000078e+01
2.318016250000000000e+05 -1.898302999999999940e+01
2.318016999999999825e+05 -1.890878999999999976e+01
2.318017749999999942e+05 -1.823754999999999882e+01
2.318018499999999767e+05 -1.929325000000000045e+01
2.318019249999999884e+05 -1.989643999999999835e+01
2.318020000000000000e+05 -1.803438999999999837e+01
2.318020749999999825e+05 -1.777825999999999951e+01
2.318021499999999942e+05 -1.803143000000000029e+01
2.318022249999999767e+05 -1.681577000000000055e+01
2.318022999999999884e+05 -1.848851000000000155e+01
2.318023750000000000e+05 -1.924933000000000050e+01
2.318024499999999825e+05 -1.943094999999999928e+01
2.318025249999999942e+05 -1.709700000000000131e+01
2.318025999999999767e+05 -1.905797000000000097e+01
2.318026749999999884e+05 -1.937333999999999889e+01
2.318027500000000000e+05 -1.914469000000000065e+01
2.318028249999999825e+05 -1.853715000000000046e+01
2.318028999999999942e+05 -1.858581999999999823e+01
2.318029749999999767e+05 -1.987361999999999895e+01
2.318030499999999884e+05 -1.816233000000000075e+01
2.318031250000000000e+05 -1.769480000000000075e+01
2.318031999999999825e+05 -2.154095999999999833e+01
2.318032749999999942e+05 -1.926503999999999905e+01
2.318033499999999767e+05 -1.658589999999999876e+01
2.318034249999999884e+05 -1.997494999999999976e+01
2.318035000000000000e+05 -1.920393999999999934e+01
2.318035749999999825e+05 -1.923855999999999966e+01
2.318036499999999942e+05 -1.714030999999999949e+01
2.318037249999999767e+05 -1.828950999999999993e+01
2.318037999999999884e+05 -1.849129999999999896e+01
2.318038750000000000e+05 -1.675853999999999999e+01
2.318039499999999825e+05 -1.762029000000000067e+01
2.318040249999999942e+05 -1.720358999999999838e+01
2.318040999999999767e+05 -2.001023999999999958e+01
2.318041749999999884e+05 -1.767085000000000150e+01
2.318042500000000000e+05 -1.682539999999999836e+01
2.318043249999999825e+05 -1.675939999999999941e+01
2.318043999999999942e+05 -1.760585000000000022e+01
2.318044749999999767e+05 -1.693497999999999948e+01
2.318045499999999884e+05 -1.844866999999999990e+01
2.318046250000000000e+05 -2.016216999999999970e+01
2.318046999999999825e+05 -1.550780999999999921e+01
2.318047749999999942e+05 -1.858648000000000167e+01
2.318048499999999767e+05 -1.828190999999999988e+01
2.318049249999999884e+05 -1.931660000000000110e+01
2.318050000000000000e+05 -1.849351000000000056e+01
2.318050749999999825e+05 -1.812611000000000061e+01
2.318051499999999942e+05 -1.581319000000000052e+01
2.318052249999999767e+05 -1.919632999999999967e+01
2.318052999999999884e+05 -1.622467999999999932e+01
2.318053750000000000e+05 -1.714679999999999893e+01
2.318054499999999825e+05 -1.742802000000000007e+01
2.318055249999999942e+05 -1.811347999999999914e+01
2.318055999999999767e+05 -1.846671999999999869e+01
2.318056749999999884e+05 -1.762490000000000023e+01
2.318057500000000000e+05 -2.007683000000000106e+01
2.318058249999999825e+05 -1.764074000000000098e+01
2.318058999999999942e+05 -1.699264000000000152e+01
2.318059749999999767e+05 -1.763288999999999973e+01
2.318060499999999884e+05 -1.736937999999999960e+01
2.318061250000000000e+05 -1.603960000000000008e+01
2.318061999999999825e+05 -1.567376999999999931e+01
2.318062749999999942e+05 -1.643215000000000003e+01
2.318063499999999767e+05 -1.628518000000000043e+01
2.318064249999999884e+05 -1.702806999999999960e+01
2.318065000000000000e+05 -1.662663999999999831e+01
2.318065749999999825e+05 -1.770574999999999832e+01
2.318066499999999942e+05 -1.592493999999999943e+01
2.318067249999999767e+05 -1.927252999999999972e+01
2.318067999999999884e+05 -1.751320000000000121e+01
2.318068750000000000e+05 -1.727515000000000001e+01
2.318069499999999825e+05 -1.557319000000000031e+01
2.318070249999999942e+05 -1.557069000000000081e+01
2.318070999999999767e+05 -1.513930000000000042e+01
2.318071749999999884e+05 -1.504489000000000054e+01
2.318072500000000000e+05 -1.626871999999999829e+01
2.318073249999999825e+05 -1.432569999999999943e+01
2.318073999999999942e+05 -1.411543999999999954e+01
2.318074749999999767e+05 -1.597073999999999927e+01
2.318075499999999884e+05 -1.610423000000000116e+01
2.318076250000000000e+05 -1.361557999999999957e+01
2.318076999999999825e+05 -1.692770000000000152e+01
2.318077749999999942e+05 -1.455306999999999995e+01
2.318078499999999767e+05 -1.492544000000000004e+01
2.318079249999999884e+05 -1.516067999999999927e+01
2.318080000000000000e+05 -1.355585999999999913e+01
2.318080749999999825e+05 -1.379874000000000045e+01
2.318081499999999942e+05 -1.498222999999999949e+01
2.318082249999999767e+05 -1.325563000000000002e+01
2.318082999999999884e+05 -1.387322999999999951e+01
2.318083750000000000e+05 -1.515884999999999927e+01
2.318084499999999825e+05 -1.306789000000000023e+01
2.318085249999999942e+05 -1.333455999999999975e+01
2.318085999999999767e+05 -1.396016999999999975e+01
2.318086749999999884e+05 -1.388819999999999943e+01
2.318087500000000000e+05 -1.357371999999999979e+01
2.318088249999999825e+05 -1.284214000000000055e+01
2.318088999999999942e+05 -1.211170000000000080e+01
2.318089749999999767e+05 -1.241029999999999944e+01
2.318090499999999884e+05 -1.188382999999999967e+01
2.318091250000000000e+05 -1.192168999999999990e+01
2.318091999999999825e+05 -1.053255000000000052e+01
2.318092749999999942e+05 -1.088334000000000046e+01
2.318093499999999767e+05 -1.028111999999999959e+01
2.318094249999999884e+05 -8.891923999999999495e+00
2.318095000000000000e+05 -9.969528000000000389e+00
2.318095749999999825e+05 -9.021682999999999453e+00
2.318096499999999942e+05 -8.865033999999999637e+00
2.318097249999999767e+05 -8.854514999999999247e+00
2.318097999999999884e+05 -7.827916000000000096e+00
2.318098750000000000e+05 -7.531507000000000396e+00
2.318099499999999825e+05 -7.768380999999999759e+00
2.318100249999999942e+05 -6.750452000000000119e+00
2.318100999999999767e+05 -6.377152999999999849e+00
2.318101749999999884e+05 -6.030732000000000426e+00
2.318102500000000000e+05 -5.179860999999999827e+00
2.318103249999999825e+05 -4.342443000000000275e+00
2.318103999999999942e+05 -4.153579999999999828e+00
2.318104749999999767e+05 -3.526029999999999998e+00
2.318105499999999884e+05 -2.740766999999999953e+00
2.318106250000000000e+05 -2.046612999999999793e+00
2.318106999999999825e+05 -1.345367999999999897e+00
2.318107749999999942e+05 -8.295158999999999727e-01
2.318108499999999767e+05 -4.538132000000000277e-01
2.318109249999999884e+05 2.090088999999999975e-01
2.318110000000000000e+05 5.038534000000000068e-01
2.318110749999999825e+05 1.333507999999999916e+00
2.318111499999999942e+05 1.535698999999999925e+00
2.318112249999999767e+05 1.586149000000000031e+00
2.318112999999999884e+05 1.810604000000000102e+00
2.318113750000000000e+05 1.870268000000000042e+00
2.318114499999999825e+05 1.778834999999999944e+00
2.318115249999999942e+05 1.273377999999999899e+00
2.318115999999999767e+05 1.028087999999999891e+00
2.318116749999999884e+05 8.834165999999999963e-01
2.318117500000000000e+05 -2.372844000000000064e-01
2.318118249999999825e+05 -9.659543999999999908e-01
2.318118999999999942e+05 -1.955616000000000021e+00
2.318119749999999767e+05 -2.240851000000000148e+00
2.318120499999999884e+05 -3.031890999999999892e+00
2.318121250000000000e+05 -2.718583000000000194e+00
2.318121999999999825e+05 -2.523108000000000128e+00
2.318122749999999942e+05 -2.374642999999999837e+00
2.318123499999999767e+05 -1.986267000000000005e+00
2.318124249999999884e+05 -2.262246000000000201e+00
2.318125000000000000e+05 -2.600687999999999889e+00
2.318125749999999825e+05 -3.472590999999999983e+00
2.318126499999999942e+05 -4.363081000000000209e+00
2.318127249999999767e+05 -4.911770999999999887e+00
2.318127999999999884e+05 -5.226942000000000199e+00
2.318128750000000000e+05 -4.783616000000000312e+00
2.318129499999999825e+05 -4.760366000000000319e+00
2.318130249999999942e+05 -4.649756000000000000e+00
2.318130999999999767e+05 -5.285197000000000145e+00
2.318131749999999884e+05 -5.955376000000000225e+00
2.318132500000000000e+05 -6.593440000000000190e+00
2.318133249999999825e+05 -6.528095000000000425e+00
2.318133999999999942e+05 -6.248797999999999853e+00
2.318134749999999767e+05 -6.470837000000000394e+00
2.318135499999999884e+05 -7.305087999999999582e+00
2.318136250000000000e+05 -7.449734000000000300e+00
2.318136999999999825e+05 -7.890581000000000067e+00
2.318137749999999942e+05 -7.594386000000000081e+00
2.318138499999999767e+05 -9.145180999999999116e+00
2.318139249999999884e+05 -8.361812999999999718e+00
2.318140000000000000e+05 -7.961377999999999844e+00
2.318140749999999825e+05 -8.181632000000000460e+00
2.318141499999999942e+05 -9.291301999999999950e+00
2.318142249999999767e+05 -9.743073000000000761e+00
2.318142999999999884e+05 -9.449654999999999916e+00
2.318143750000000000e+05 -9.427360999999999436e+00
2.318144499999999825e+05 -9.609902999999999196e+00
2.318145249999999942e+05 -1.008952000000000027e+01
2.318145999999999767e+05 -1.059162000000000070e+01
2.318146749999999884e+05 -1.058830000000000027e+01
2.318147500000000000e+05 -1.015643999999999991e+01
2.318148249999999825e+05 -1.175360000000000049e+01
2.318148999999999942e+05 -1.227683999999999997e+01
2.318149749999999767e+05 -1.178844999999999921e+01
2.318150499999999884e+05 -1.062485999999999997e+01
2.318151250000000000e+05 -1.270950000000000024e+01
2.318151999999999825e+05 -1.492788000000000004e+01
2.318152749999999942e+05 -1.215970000000000084e+01
2.318153499999999767e+05 -1.241197999999999979e+01
2.318154249999999884e+05 -1.336755999999999922e+01
2.318155000000000000e+05 -1.384009999999999962e+01
2.318155749999999825e+05 -1.349588999999999928e+01
2.318156499999999942e+05 -1.434454999999999991e+01
2.318157249999999767e+05 -1.366873999999999967e+01
2.318157999999999884e+05 -1.351253999999999955e+01
2.318158750000000000e+05 -1.380951999999999913e+01
2.318159499999999825e+05 -1.675954000000000121e+01
2.318160249999999942e+05 -1.615795999999999921e+01
2.318160999999999767e+05 -1.414880999999999922e+01
2.318161749999999884e+05 -1.834495000000000076e+01
2.318162500000000000e+05 -1.786899000000000015e+01
2.318163249999999825e+05 -1.450314999999999976e+01
2.318163999999999942e+05 -1.757995999999999981e+01
2.318164749999999767e+05 -1.867473999999999990e+01
2.318165499999999884e+05 -1.573418999999999990e+01
2.318166250000000000e+05 -1.882875999999999905e+01
2.318166999999999825e+05 -1.750532000000000110e+01
2.318167749999999942e+05 -1.491802000000000028e+01
2.318168499999999767e+05 -2.026179000000000130e+01
2.318169249999999884e+05 -1.667071999999999932e+01
2.318170000000000000e+05 -1.842397000000000062e+01
2.318170749999999825e+05 -2.205338000000000065e+01
2.318171499999999942e+05 -1.714051999999999865e+01
2.318172249999999767e+05 -2.587264000000000053e+01
2.318172999999999884e+05 -1.857909000000000077e+01
2.318173750000000000e+05 -1.680763999999999925e+01
2.318174499999999825e+05 -2.417464999999999975e+01
2.318175249999999942e+05 -2.053643999999999892e+01
2.318175999999999767e+05 -1.985739999999999839e+01
2.318176749999999884e+05 -2.369328000000000145e+01
2.318177500000000000e+05 -2.000364000000000075e+01
2.318178249999999825e+05 -2.663425000000000153e+01
2.318178999999999942e+05 -1.934565999999999875e+01
2.318179749999999767e+05 -2.649416000000000082e+01
2.318180499999999884e+05 -1.920764000000000138e+01
2.318181250000000000e+05 -2.431961000000000084e+01
2.318181999999999825e+05 -2.257364000000000104e+01
2.318182749999999942e+05 -1.946394000000000091e+01
2.318183499999999767e+05 -2.247550999999999988e+01
2.318184249999999884e+05 -2.127590999999999966e+01
2.318185000000000000e+05 -3.919848999999999961e+01
2.318185749999999825e+05 -1.759684999999999988e+01
2.318186499999999942e+05 -3.032087999999999894e+01
2.318187249999999767e+05 -1.963746000000000080e+01
2.318187999999999884e+05 -3.031502000000000052e+01
2.318188750000000000e+05 -1.997430999999999912e+01
2.318189499999999825e+05 -2.916656000000000049e+01
2.318190249999999942e+05 -2.007795000000000130e+01
2.318190999999999767e+05 -2.963684999999999903e+01
2.318191749999999884e+05 -2.114421000000000106e+01
2.318192500000000000e+05 -2.997887000000000057e+01
2.318193249999999825e+05 -2.129735000000000156e+01
2.318193999999999942e+05 -2.956393999999999878e+01
2.318194749999999767e+05 -2.096291000000000082e+01
2.318195499999999884e+05 -3.517181000000000068e+01
2.318196250000000000e+05 -1.987885999999999953e+01
2.318196999999999825e+05 -3.711464999999999748e+01
2.318197749999999942e+05 -2.107131000000000043e+01
2.318198499999999767e+05 -2.697130999999999901e+01
2.318199249999999884e+05 -2.231595000000000084e+01
2.318200000000000000e+05 -2.395591999999999899e+01
2.318200749999999825e+05 -2.384724999999999895e+01
2.318201499999999942e+05 -3.629648000000000252e+01
2.318202249999999767e+05 -2.468071000000000126e+01
2.318202999999999884e+05 -2.050546999999999898e+01
2.318203750000000000e+05 -2.981645999999999930e+01
2.318204499999999825e+05 -2.263531000000000049e+01
2.318205249999999942e+05 -2.570850000000000080e+01
2.318205999999999767e+05 -2.111982000000000070e+01
2.318206749999999884e+05 -2.227861000000000047e+01
2.318207500000000000e+05 -2.602439999999999998e+01
2.318208249999999825e+05 -2.351887999999999934e+01
2.318208999999999942e+05 -2.578480000000000061e+01
2.318209749999999767e+05 -2.346430000000000149e+01
2.318210499999999884e+05 -2.353919000000000139e+01
2.318211250000000000e+05 -2.415499000000000152e+01
2.318211999999999825e+05 -2.563961000000000112e+01
2.318212749999999942e+05 -2.590134000000000114e+01
2.318213499999999767e+05 -2.483642000000000039e+01
2.318214249999999884e+05 -2.457336000000000098e+01
2.318215000000000000e+05 -3.867522999999999911e+01
2.318215749999999825e+05 -2.214127999999999830e+01
2.318216499999999942e+05 -2.311364999999999981e+01
2.318217249999999767e+05 -2.702719000000000094e+01
2.318217999999999884e+05 -2.254786000000000001e+01
2.318218750000000000e+05 -2.243253999999999948e+01
2.318219499999999825e+05 -2.969016999999999840e+01
2.318220249999999942e+05 -2.349472000000000094e+01
2.318220999999999767e+05 -2.397671000000000063e+01
2.318221749999999884e+05 -2.707141999999999982e+01
2.318222500000000000e+05 -2.174583000000000155e+01
2.318223249999999825e+05 -2.272409999999999997e+01
2.318223999999999942e+05 -2.362956000000000145e+01
2.318224749999999767e+05 -2.265559999999999974e+01
2.318225499999999884e+05 -2.242254000000000147e+01
2.318226250000000000e+05 -3.245694999999999908e+01
2.318226999999999825e+05 -2.409712000000000032e+01
2.318227749999999942e+05 -2.201052999999999926e+01
2.318228499999999767e+05 -2.823248999999999853e+01
2.318229249999999884e+05 -2.793751999999999924e+01
2.318230000000000000e+05 -2.469401999999999830e+01
2.318230749999999825e+05 -2.732920999999999978e+01
2.318231499999999942e+05 -3.717969000000000079e+01
2.318232249999999767e+05 -2.314537999999999940e+01
2.318232999999999884e+05 -2.437085000000000079e+01
2.318233750000000000e+05 -2.280139000000000138e+01
2.318234499999999825e+05 -2.438179999999999836e+01
2.318235249999999942e+05 -2.228081999999999852e+01
2.318235999999999767e+05 -2.317751000000000161e+01
2.318236749999999884e+05 -2.811902999999999864e+01
2.318237500000000000e+05 -2.358176999999999879e+01
2.318238249999999825e+05 -2.453451000000000093e+01
2.318238999999999942e+05 -2.313937999999999917e+01
2.318239749999999767e+05 -2.582166000000000139e+01
2.318240499999999884e+05 -2.609891999999999967e+01
2.318241250000000000e+05 -2.543732999999999933e+01
2.318241999999999825e+05 -2.354239000000000104e+01
2.318242749999999942e+05 -2.345526999999999873e+01
2.318243499999999767e+05 -2.248829999999999885e+01
2.318244249999999884e+05 -1.950482999999999834e+01
2.318245000000000000e+05 -2.510406000000000049e+01
2.318245749999999825e+05 -2.233644999999999925e+01
2.318246499999999942e+05 -2.376804999999999879e+01
2.318247249999999767e+05 -3.207760999999999996e+01
2.318247999999999884e+05 -2.081069000000000102e+01
2.318248750000000000e+05 -2.754444000000000159e+01
2.318249499999999825e+05 -2.259519999999999840e+01
2.318250249999999942e+05 -2.781266000000000105e+01
2.318250999999999767e+05 -2.375390000000000157e+01
2.318251749999999884e+05 -2.255947000000000102e+01
2.318252500000000000e+05 -2.408512999999999948e+01
2.318253249999999825e+05 -2.823291000000000039e+01
2.318253999999999942e+05 -2.326700999999999908e+01
2.318254749999999767e+05 -2.628960999999999970e+01
2.318255499999999884e+05 -2.414143999999999934e+01
2.318256250000000000e+05 -2.483483000000000018e+01
2.318256999999999825e+05 -2.239969999999999928e+01
2.318257749999999942e+05 -2.703097999999999956e+01
2.318258499999999767e+05 -2.447655999999999921e+01
2.318259249999999884e+05 -2.845675999999999917e+01
2.318260000000000000e+05 -2.416147000000000133e+01
2.318260749999999825e+05 -2.204119000000000028e+01
2.318261499999999942e+05 -2.357670999999999850e+01
2.318262249999999767e+05 -2.234871000000000052e+01
2.318262999999999884e+05 -2.657439000000000107e+01
