# Temperature: None K
2.318781250000000000e+05 -2.185814999999999841e+01
2.318782000000000116e+05 -2.187285999999999930e+01
2.318782749999999942e+05 -1.981184000000000012e+01
2.318783500000000058e+05 -1.817702999999999847e+01
2.318784249999999884e+05 -1.883990000000000009e+01
2.318785000000000000e+05 -1.882890000000000086e+01
2.318785750000000116e+05 -1.968419000000000096e+01
2.318786499999999942e+05 -2.073733000000000004e+01
2.318787250000000058e+05 -2.050289000000000073e+01
2.318787999999999884e+05 -1.983743000000000123e+01
2.318788750000000000e+05 -2.068457000000000079e+01
2.318789500000000116e+05 -1.951849999999999952e+01
2.318790249999999942e+05 -2.129870999999999981e+01
2.318791000000000058e+05 -1.932447000000000159e+01
2.318791749999999884e+05 -1.748987999999999943e+01
2.318792500000000000e+05 -1.966751999999999967e+01
2.318793250000000116e+05 -2.029014000000000095e+01
2.318793999999999942e+05 -1.900675000000000026e+01
2.318794750000000058e+05 -2.132982000000000156e+01
2.318795499999999884e+05 -1.772329999999999828e+01
2.318796250000000000e+05 -1.810647000000000162e+01
2.318797000000000116e+05 -1.857691000000000159e+01
2.318797749999999942e+05 -1.881563999999999837e+01
2.318798500000000058e+05 -1.815734000000000137e+01
2.318799249999999884e+05 -1.916356000000000037e+01
2.318800000000000000e+05 -2.008326999999999884e+01
2.318800750000000116e+05 -1.940390000000000015e+01
2.318801499999999942e+05 -1.990717000000000070e+01
2.318802250000000058e+05 -1.798313999999999879e+01
2.318802999999999884e+05 -1.949494999999999933e+01
2.318803750000000000e+05 -1.887951999999999941e+01
2.318804500000000116e+05 -1.874232999999999905e+01
2.318805249999999942e+05 -2.067908999999999864e+01
2.318806000000000058e+05 -2.015867000000000075e+01
2.318806749999999884e+05 -1.822211000000000070e+01
2.318807500000000000e+05 -2.052113999999999905e+01
2.318808250000000116e+05 -1.943295000000000172e+01
2.318808999999999942e+05 -2.002770999999999901e+01
2.318809750000000058e+05 -2.017063999999999879e+01
2.318810499999999884e+05 -2.056322000000000116e+01
2.318811250000000000e+05 -1.933051000000000030e+01
2.318812000000000116e+05 -1.888939999999999841e+01
2.318812749999999942e+05 -1.975537999999999883e+01
2.318813500000000058e+05 -1.860066000000000130e+01
2.318814249999999884e+05 -1.805743000000000009e+01
2.318815000000000000e+05 -2.208558000000000021e+01
2.318815750000000116e+05 -2.090895000000000081e+01
2.318816499999999942e+05 -1.969231999999999871e+01
2.318817250000000058e+05 -1.800064000000000064e+01
2.318817999999999884e+05 -1.900273999999999930e+01
2.318818750000000000e+05 -1.930566999999999922e+01
2.318819500000000116e+05 -2.073875999999999920e+01
2.318820249999999942e+05 -1.854010999999999854e+01
2.318821000000000058e+05 -1.971446999999999861e+01
2.318821749999999884e+05 -1.805765999999999849e+01
2.318822500000000000e+05 -1.951683999999999841e+01
2.318823250000000116e+05 -2.389997999999999934e+01
2.318823999999999942e+05 -1.697896000000000072e+01
2.318824750000000058e+05 -1.944415000000000049e+01
2.318825499999999884e+05 -1.902079000000000164e+01
2.318826250000000000e+05 -1.754779999999999873e+01
2.318827000000000116e+05 -2.100031999999999854e+01
2.318827749999999942e+05 -1.705705999999999989e+01
2.318828500000000058e+05 -1.927329999999999899e+01
2.318829249999999884e+05 -1.841574999999999918e+01
2.318830000000000000e+05 -2.124348000000000170e+01
2.318830750000000116e+05 -2.138636999999999944e+01
2.318831499999999942e+05 -1.815220000000000056e+01
2.318832250000000058e+05 -2.115017999999999887e+01
2.318832999999999884e+05 -1.815484000000000009e+01
2.318833750000000000e+05 -2.008258999999999972e+01
2.318834500000000116e+05 -1.931932000000000116e+01
2.318835249999999942e+05 -1.998408999999999835e+01
2.318836000000000058e+05 -1.946556999999999960e+01
2.318836749999999884e+05 -1.991508999999999929e+01
2.318837500000000000e+05 -1.849361000000000033e+01
2.318838250000000116e+05 -1.960857000000000028e+01
2.318838999999999942e+05 -1.962009000000000114e+01
2.318839750000000058e+05 -1.783979000000000070e+01
2.318840499999999884e+05 -1.826404000000000138e+01
2.318841250000000000e+05 -1.988919999999999888e+01
2.318842000000000116e+05 -2.003274000000000044e+01
2.318842749999999942e+05 -1.797238000000000113e+01
2.318843500000000058e+05 -1.888535999999999859e+01
2.318844249999999884e+05 -1.979807999999999879e+01
2.318845000000000000e+05 -1.624504999999999910e+01
2.318845750000000116e+05 -1.727169999999999916e+01
2.318846499999999942e+05 -1.792965999999999838e+01
2.318847250000000058e+05 -1.929231000000000051e+01
2.318847999999999884e+05 -1.935013000000000005e+01
2.318848750000000000e+05 -2.051893000000000100e+01
2.318849500000000116e+05 -1.853681999999999874e+01
2.318850249999999942e+05 -1.767213999999999885e+01
2.318851000000000058e+05 -1.973226000000000013e+01
2.318851749999999884e+05 -1.724791000000000096e+01
2.318852500000000000e+05 -1.858861999999999881e+01
2.318853250000000116e+05 -1.763267000000000095e+01
2.318853999999999942e+05 -1.814329000000000036e+01
2.318854750000000058e+05 -1.848414999999999964e+01
2.318855499999999884e+05 -1.806094999999999828e+01
2.318856250000000000e+05 -1.783767999999999887e+01
2.318857000000000116e+05 -1.880398999999999887e+01
2.318857749999999942e+05 -1.741537999999999897e+01
2.318858500000000058e+05 -1.905778000000000105e+01
2.318859249999999884e+05 -1.760771000000000086e+01
2.318860000000000000e+05 -1.940215999999999852e+01
2.318860750000000116e+05 -1.710086000000000084e+01
2.318861499999999942e+05 -1.808806999999999832e+01
2.318862250000000058e+05 -1.784759000000000029e+01
2.318862999999999884e+05 -1.729311999999999827e+01
2.318863750000000000e+05 -1.740693999999999875e+01
2.318864500000000116e+05 -1.671828000000000003e+01
2.318865249999999942e+05 -1.687638000000000105e+01
2.318866000000000058e+05 -1.947169999999999845e+01
2.318866749999999884e+05 -1.823476000000000141e+01
2.318867500000000000e+05 -1.871389999999999887e+01
2.318868250000000116e+05 -1.795700000000000074e+01
2.318868999999999942e+05 -1.718063000000000073e+01
2.318869750000000058e+05 -1.806560999999999950e+01
2.318870499999999884e+05 -1.744201999999999941e+01
2.318871250000000000e+05 -1.690747000000000000e+01
2.318872000000000116e+05 -1.644337000000000160e+01
2.318872749999999942e+05 -1.599700999999999951e+01
2.318873500000000058e+05 -1.653661999999999921e+01
2.318874249999999884e+05 -1.722286000000000072e+01
2.318875000000000000e+05 -1.634609000000000023e+01
2.318875750000000116e+05 -1.906785999999999959e+01
2.318876499999999942e+05 -1.642108999999999952e+01
2.318877250000000058e+05 -1.691835000000000022e+01
2.318877999999999884e+05 -1.764604999999999890e+01
2.318878750000000000e+05 -1.627740999999999971e+01
2.318879500000000116e+05 -1.761039999999999850e+01
2.318880249999999942e+05 -1.676423000000000130e+01
2.318881000000000058e+05 -1.666739000000000104e+01
2.318881749999999884e+05 -1.806559000000000026e+01
2.318882500000000000e+05 -1.622069000000000116e+01
2.318883250000000116e+05 -1.729641000000000162e+01
2.318883999999999942e+05 -1.717708000000000013e+01
2.318884750000000058e+05 -1.640391999999999939e+01
2.318885499999999884e+05 -1.664451999999999998e+01
2.318886250000000000e+05 -1.747554999999999836e+01
2.318887000000000116e+05 -1.431906999999999996e+01
2.318887749999999942e+05 -1.524070000000000036e+01
2.318888500000000058e+05 -1.930763999999999925e+01
2.318889249999999884e+05 -1.721320000000000050e+01
2.318890000000000000e+05 -1.733458999999999861e+01
2.318890750000000116e+05 -1.619923999999999964e+01
2.318891499999999942e+05 -1.637871000000000166e+01
2.318892250000000058e+05 -1.472012999999999927e+01
2.318892999999999884e+05 -1.673894999999999911e+01
2.318893750000000000e+05 -1.607963000000000164e+01
2.318894500000000116e+05 -1.636738000000000071e+01
2.318895249999999942e+05 -1.588139999999999930e+01
2.318896000000000058e+05 -1.397836000000000034e+01
2.318896749999999884e+05 -1.594760999999999918e+01
2.318897500000000000e+05 -1.392955000000000076e+01
2.318898250000000116e+05 -1.479316000000000031e+01
2.318898999999999942e+05 -1.404448999999999970e+01
2.318899750000000058e+05 -1.543141999999999925e+01
2.318900499999999884e+05 -1.377628999999999948e+01
2.318901250000000000e+05 -1.447345999999999933e+01
2.318902000000000116e+05 -1.381029000000000018e+01
2.318902749999999942e+05 -1.519167000000000023e+01
2.318903500000000058e+05 -1.435426000000000002e+01
2.318904249999999884e+05 -1.390255999999999936e+01
2.318905000000000000e+05 -1.327665999999999968e+01
2.318905750000000116e+05 -1.452121999999999957e+01
2.318906499999999942e+05 -1.315616999999999948e+01
2.318907250000000058e+05 -1.382002999999999915e+01
2.318907999999999884e+05 -1.390366999999999997e+01
2.318908750000000000e+05 -1.298070000000000057e+01
2.318909500000000116e+05 -1.258175999999999917e+01
2.318910249999999942e+05 -1.268847000000000058e+01
2.318911000000000058e+05 -1.132038999999999973e+01
2.318911749999999884e+05 -1.155127000000000059e+01
2.318912500000000000e+05 -1.130245999999999995e+01
2.318913250000000116e+05 -1.207516999999999996e+01
2.318913999999999942e+05 -1.046115999999999957e+01
2.318914750000000058e+05 -1.184099999999999930e+01
2.318915499999999884e+05 -1.026021000000000072e+01
2.318916250000000000e+05 -1.061398999999999937e+01
2.318917000000000116e+05 -9.953894999999999271e+00
2.318917749999999942e+05 -8.871760000000000090e+00
2.318918500000000058e+05 -9.021361000000000629e+00
2.318919249999999884e+05 -8.878510999999999598e+00
2.318920000000000000e+05 -8.366984999999999673e+00
2.318920750000000116e+05 -7.697127000000000052e+00
2.318921499999999942e+05 -7.569637000000000171e+00
2.318922250000000058e+05 -6.657795000000000130e+00
2.318922999999999884e+05 -6.635102999999999973e+00
2.318923750000000000e+05 -5.967626000000000097e+00
2.318924500000000116e+05 -4.872895999999999894e+00
2.318925249999999942e+05 -4.115160999999999625e+00
2.318926000000000058e+05 -3.944723000000000201e+00
2.318926749999999884e+05 -3.133910999999999891e+00
2.318927500000000000e+05 -2.605462999999999862e+00
2.318928250000000116e+05 -1.613931000000000004e+00
2.318928999999999942e+05 -1.371010999999999980e+00
2.318929750000000058e+05 -4.591221999999999803e-01
2.318930499999999884e+05 9.640700000000000658e-02
2.318931250000000000e+05 6.401782999999999779e-01
2.318932000000000116e+05 1.078970999999999902e+00
2.318932749999999942e+05 1.647626999999999953e+00
2.318933500000000058e+05 2.257197999999999816e+00
2.318934249999999884e+05 2.231440999999999786e+00
2.318935000000000000e+05 2.561882999999999910e+00
2.318935750000000116e+05 2.928570000000000118e+00
2.318936499999999942e+05 2.545377999999999918e+00
2.318937250000000058e+05 2.588551999999999964e+00
2.318937999999999884e+05 2.129163999999999835e+00
2.318938750000000000e+05 1.803417999999999966e+00
2.318939500000000116e+05 1.245360999999999940e+00
2.318940249999999942e+05 5.164433000000000495e-01
2.318941000000000058e+05 1.386720999999999961e-02
2.318941749999999884e+05 -6.651456999999999509e-01
2.318942500000000000e+05 -6.260390999999999595e-01
2.318943250000000116e+05 -6.295045999999999697e-01
2.318943999999999942e+05 -8.699050000000000393e-01
2.318944750000000058e+05 -1.867608000000000046e-01
2.318945499999999884e+05 -3.027584999999999860e-01
2.318946250000000000e+05 6.720537000000000039e-02
2.318947000000000116e+05 -4.363200999999999885e-01
2.318947749999999942e+05 -1.121575999999999906e+00
2.318948500000000058e+05 -1.429311999999999916e+00
2.318949249999999884e+05 -1.824913000000000007e+00
2.318950000000000000e+05 -2.149919000000000135e+00
2.318950750000000116e+05 -2.010548000000000002e+00
2.318951499999999942e+05 -2.085005999999999915e+00
2.318952250000000058e+05 -1.683770999999999907e+00
2.318952999999999884e+05 -2.219421999999999784e+00
2.318953750000000000e+05 -2.349803999999999782e+00
2.318954500000000116e+05 -3.015569999999999862e+00
2.318955249999999942e+05 -3.159459000000000017e+00
2.318956000000000058e+05 -2.991446999999999967e+00
2.318956749999999884e+05 -3.084048999999999818e+00
2.318957500000000000e+05 -3.251015999999999906e+00
2.318958250000000116e+05 -3.840898999999999841e+00
2.318958999999999942e+05 -3.912456000000000156e+00
2.318959750000000058e+05 -4.131929999999999659e+00
2.318960499999999884e+05 -4.552598999999999840e+00
2.318961250000000000e+05 -3.880717000000000194e+00
2.318962000000000116e+05 -4.053002000000000216e+00
2.318962749999999942e+05 -4.800775999999999932e+00
2.318963500000000058e+05 -4.503566000000000180e+00
2.318964249999999884e+05 -5.468302999999999692e+00
2.318965000000000000e+05 -5.128300000000000303e+00
2.318965750000000116e+05 -5.241538000000000252e+00
2.318966499999999942e+05 -5.029481999999999786e+00
2.318967250000000058e+05 -6.222364999999999924e+00
2.318967999999999884e+05 -6.000001000000000140e+00
2.318968750000000000e+05 -6.669280999999999793e+00
2.318969500000000116e+05 -6.084410000000000096e+00
2.318970249999999942e+05 -6.097738999999999798e+00
2.318971000000000058e+05 -7.181169999999999831e+00
2.318971749999999884e+05 -7.119893000000000249e+00
2.318972500000000000e+05 -6.632369999999999877e+00
2.318973250000000116e+05 -6.850928999999999824e+00
2.318973999999999942e+05 -8.000909000000000049e+00
2.318974750000000058e+05 -7.735020999999999702e+00
2.318975499999999884e+05 -7.106194000000000344e+00
2.318976250000000000e+05 -7.735769999999999591e+00
2.318977000000000116e+05 -8.633055000000000589e+00
2.318977749999999942e+05 -7.528184999999999683e+00
2.318978500000000058e+05 -8.269844000000000861e+00
2.318979249999999884e+05 -9.348172999999999178e+00
2.318980000000000000e+05 -8.006019000000000219e+00
2.318980750000000116e+05 -8.523528999999999911e+00
2.318981499999999942e+05 -1.005064999999999920e+01
2.318982250000000058e+05 -9.497211999999999321e+00
2.318982999999999884e+05 -8.491213000000000122e+00
2.318983750000000000e+05 -9.412855999999999668e+00
2.318984500000000116e+05 -9.025608000000000075e+00
2.318985249999999942e+05 -8.894090000000000273e+00
2.318986000000000058e+05 -1.105386999999999986e+01
2.318986749999999884e+05 -1.005927999999999933e+01
2.318987500000000000e+05 -9.920690999999999704e+00
2.318988250000000116e+05 -1.097181999999999924e+01
2.318988999999999942e+05 -1.088263000000000069e+01
2.318989750000000058e+05 -9.953905999999999921e+00
2.318990499999999884e+05 -1.265320000000000000e+01
2.318991250000000000e+05 -1.059023000000000003e+01
2.318992000000000116e+05 -1.041361999999999988e+01
2.318992749999999942e+05 -1.228322999999999965e+01
2.318993500000000058e+05 -1.034501999999999988e+01
2.318994249999999884e+05 -1.238908999999999949e+01
2.318995000000000000e+05 -1.192564999999999920e+01
2.318995750000000116e+05 -1.120725000000000016e+01
2.318996499999999942e+05 -1.410097000000000023e+01
2.318997250000000058e+05 -1.116694000000000031e+01
2.318997999999999884e+05 -1.353342999999999918e+01
2.318998750000000000e+05 -1.348338000000000036e+01
2.318999500000000116e+05 -1.137697999999999965e+01
2.319000249999999942e+05 -1.501359000000000066e+01
2.319001000000000058e+05 -1.091070999999999991e+01
2.319001749999999884e+05 -1.573803999999999981e+01
2.319002500000000000e+05 -1.239093000000000089e+01
2.319003250000000116e+05 -1.354589999999999961e+01
2.319003999999999942e+05 -1.450712000000000046e+01
2.319004750000000058e+05 -1.249060000000000059e+01
2.319005499999999884e+05 -1.547987999999999964e+01
2.319006250000000000e+05 -1.238446000000000069e+01
2.319007000000000116e+05 -1.753094000000000108e+01
2.319007749999999942e+05 -1.303632999999999953e+01
2.319008500000000058e+05 -1.731946999999999903e+01
2.319009249999999884e+05 -1.331220000000000070e+01
2.319010000000000000e+05 -1.976856000000000080e+01
2.319010750000000116e+05 -1.385457000000000072e+01
2.319011499999999942e+05 -1.563508999999999993e+01
2.319012250000000058e+05 -1.576229000000000013e+01
2.319012999999999884e+05 -1.717870999999999881e+01
2.319013750000000000e+05 -1.503454999999999941e+01
2.319014500000000116e+05 -1.640934999999999988e+01
2.319015249999999942e+05 -1.696165999999999840e+01
2.319016000000000058e+05 -1.760785999999999873e+01
2.319016749999999884e+05 -1.610617999999999839e+01
2.319017500000000000e+05 -1.729739000000000004e+01
2.319018250000000116e+05 -1.474502000000000024e+01
2.319018999999999942e+05 -2.063955999999999946e+01
2.319019750000000058e+05 -1.601289999999999836e+01
2.319020499999999884e+05 -2.419983999999999824e+01
2.319021250000000000e+05 -1.443961999999999968e+01
2.319022000000000116e+05 -2.460013000000000005e+01
2.319022749999999942e+05 -1.380817000000000050e+01
2.319023500000000058e+05 -2.168734999999999857e+01
2.319024249999999884e+05 -1.602359999999999829e+01
2.319025000000000000e+05 -1.843325000000000102e+01
2.319025750000000116e+05 -2.109337000000000018e+01
2.319026499999999942e+05 -1.536491999999999969e+01
2.319027250000000058e+05 -2.478631000000000029e+01
2.319027999999999884e+05 -1.584229000000000021e+01
2.319028750000000000e+05 -2.373656000000000077e+01
2.319029500000000116e+05 -1.588729000000000013e+01
2.319030249999999942e+05 -1.988416000000000139e+01
2.319031000000000058e+05 -2.285019000000000133e+01
2.319031749999999884e+05 -1.544671999999999912e+01
2.319032500000000000e+05 -2.491609000000000052e+01
2.319033250000000116e+05 -1.922484999999999999e+01
2.319033999999999942e+05 -1.902030999999999850e+01
2.319034750000000058e+05 -3.023134999999999906e+01
2.319035499999999884e+05 -1.844723000000000113e+01
2.319036250000000000e+05 -2.531041000000000096e+01
2.319037000000000116e+05 -2.150703000000000031e+01
2.319037749999999942e+05 -1.651198000000000121e+01
2.319038500000000058e+05 -2.249950000000000117e+01
2.319039249999999884e+05 -2.132701000000000136e+01
2.319040000000000000e+05 -1.670325000000000060e+01
2.319040750000000116e+05 -3.622952999999999690e+01
2.319041499999999942e+05 -1.963500000000000156e+01
2.319042250000000058e+05 -1.809647999999999968e+01
2.319042999999999884e+05 -3.143552000000000035e+01
2.319043750000000000e+05 -1.745577000000000112e+01
2.319044500000000116e+05 -1.960778000000000176e+01
2.319045249999999942e+05 -3.282956999999999681e+01
2.319046000000000058e+05 -2.169998999999999967e+01
2.319046749999999884e+05 -1.869264000000000081e+01
2.319047500000000000e+05 -3.575298000000000087e+01
2.319048250000000116e+05 -2.504871999999999943e+01
2.319048999999999942e+05 -2.097594000000000136e+01
2.319049750000000058e+05 -2.636007999999999996e+01
2.319050499999999884e+05 -2.795426000000000144e+01
2.319051250000000000e+05 -1.950589000000000084e+01
2.319052000000000116e+05 -1.996561000000000163e+01
2.319052749999999942e+05 -2.679676999999999865e+01
2.319053500000000058e+05 -2.466276999999999830e+01
2.319054249999999884e+05 -1.903520999999999930e+01
2.319055000000000000e+05 -2.343429000000000073e+01
2.319055750000000116e+05 -3.926304999999999978e+01
2.319056499999999942e+05 -1.760678000000000054e+01
2.319057250000000058e+05 -1.780473999999999890e+01
2.319057999999999884e+05 -2.323970999999999876e+01
2.319058750000000000e+05 -3.538271000000000299e+01
2.319059500000000116e+05 -2.061333000000000126e+01
2.319060249999999942e+05 -2.034121999999999986e+01
2.319061000000000058e+05 -2.075975999999999999e+01
2.319061749999999884e+05 -2.754613000000000156e+01
2.319062500000000000e+05 -2.482404999999999973e+01
2.319063250000000116e+05 -1.862555000000000049e+01
2.319063999999999942e+05 -2.022505999999999915e+01
2.319064750000000058e+05 -2.737942999999999927e+01
2.319065499999999884e+05 -2.717001000000000133e+01
2.319066250000000000e+05 -2.590797999999999845e+01
2.319067000000000116e+05 -1.982413000000000025e+01
2.319067749999999942e+05 -2.114975000000000094e+01
2.319068500000000058e+05 -2.475640999999999892e+01
2.319069249999999884e+05 -2.943896000000000157e+01
2.319070000000000000e+05 -2.532617000000000118e+01
2.319070750000000116e+05 -1.980189000000000021e+01
2.319071499999999942e+05 -1.985902000000000100e+01
2.319072250000000058e+05 -2.010014999999999930e+01
2.319072999999999884e+05 -2.296923999999999921e+01
2.319073750000000000e+05 -3.861695000000000277e+01
2.319074500000000116e+05 -2.325349999999999895e+01
2.319075249999999942e+05 -2.257660999999999873e+01
2.319076000000000058e+05 -1.863121999999999900e+01
2.319076749999999884e+05 -2.205921999999999983e+01
2.319077500000000000e+05 -1.935362999999999900e+01
2.319078250000000116e+05 -2.730021999999999949e+01
2.319078999999999942e+05 -2.500563999999999965e+01
2.319079750000000058e+05 -3.187533000000000172e+01
2.319080499999999884e+05 -2.537986000000000075e+01
2.319081250000000000e+05 -2.002544999999999931e+01
