# Temperature: None K
2.318760249999999942e+05 -1.912957000000000107e+01
2.318761000000000058e+05 -2.078812999999999889e+01
2.318761749999999884e+05 -2.334827999999999903e+01
2.318762500000000000e+05 -2.031089000000000055e+01
2.318763249999999825e+05 -1.695936999999999983e+01
2.318763999999999942e+05 -1.680650999999999939e+01
2.318764750000000058e+05 -1.965652000000000044e+01
2.318765499999999884e+05 -2.481387000000000143e+01
2.318766250000000000e+05 -2.139104999999999990e+01
2.318766999999999825e+05 -1.865456000000000003e+01
2.318767749999999942e+05 -1.949348000000000170e+01
2.318768500000000058e+05 -1.784017000000000053e+01
2.318769249999999884e+05 -1.920446000000000097e+01
2.318770000000000000e+05 -1.945682000000000045e+01
2.318770749999999825e+05 -1.816168000000000049e+01
2.318771499999999942e+05 -1.679823000000000022e+01
2.318772250000000058e+05 -1.829870000000000019e+01
2.318772999999999884e+05 -2.322587000000000046e+01
2.318773750000000000e+05 -2.059401000000000082e+01
2.318774499999999825e+05 -1.612912000000000035e+01
2.318775249999999942e+05 -1.815450999999999837e+01
2.318776000000000058e+05 -1.979249000000000080e+01
2.318776749999999884e+05 -2.038497999999999877e+01
2.318777500000000000e+05 -1.634868000000000166e+01
2.318778249999999825e+05 -1.684450000000000003e+01
2.318778999999999942e+05 -2.147794000000000025e+01
2.318779750000000058e+05 -2.411625000000000085e+01
2.318780499999999884e+05 -1.764198999999999984e+01
2.318781250000000000e+05 -1.748905999999999850e+01
2.318781999999999825e+05 -2.054242999999999952e+01
2.318782749999999942e+05 -1.784018999999999977e+01
2.318783500000000058e+05 -1.677476000000000056e+01
2.318784249999999884e+05 -2.066525999999999996e+01
2.318785000000000000e+05 -1.931184000000000012e+01
2.318785749999999825e+05 -1.750528999999999868e+01
2.318786499999999942e+05 -2.026557999999999993e+01
2.318787250000000058e+05 -2.344992999999999839e+01
2.318787999999999884e+05 -1.980976000000000070e+01
2.318788750000000000e+05 -1.914563000000000059e+01
2.318789499999999825e+05 -2.277830000000000155e+01
2.318790249999999942e+05 -1.874481000000000108e+01
2.318791000000000058e+05 -1.905745999999999896e+01
2.318791749999999884e+05 -1.985810999999999993e+01
2.318792500000000000e+05 -1.833448999999999884e+01
2.318793249999999825e+05 -1.864038000000000039e+01
2.318793999999999942e+05 -2.126255000000000095e+01
2.318794750000000058e+05 -2.045204999999999984e+01
2.318795499999999884e+05 -1.838992000000000004e+01
2.318796250000000000e+05 -1.906879999999999953e+01
2.318796999999999825e+05 -1.801240999999999914e+01
2.318797749999999942e+05 -1.781202000000000041e+01
2.318798500000000058e+05 -2.005384000000000100e+01
2.318799249999999884e+05 -2.079989000000000132e+01
2.318800000000000000e+05 -1.844597999999999871e+01
2.318800749999999825e+05 -1.683896999999999977e+01
2.318801499999999942e+05 -1.939880000000000138e+01
2.318802250000000058e+05 -2.121246000000000009e+01
2.318802999999999884e+05 -1.911150999999999911e+01
2.318803750000000000e+05 -2.012538999999999945e+01
2.318804499999999825e+05 -2.209893999999999892e+01
2.318805249999999942e+05 -1.935530999999999935e+01
2.318806000000000058e+05 -1.946987999999999985e+01
2.318806749999999884e+05 -1.843358999999999881e+01
2.318807500000000000e+05 -2.066331999999999880e+01
2.318808249999999825e+05 -1.827503000000000100e+01
2.318808999999999942e+05 -1.744032999999999944e+01
2.318809750000000058e+05 -1.894005999999999901e+01
2.318810499999999884e+05 -1.857882000000000033e+01
2.318811250000000000e+05 -1.890075999999999823e+01
2.318811999999999825e+05 -1.767245000000000132e+01
2.318812749999999942e+05 -2.277109000000000094e+01
2.318813500000000058e+05 -1.822953000000000046e+01
2.318814249999999884e+05 -2.002598000000000056e+01
2.318815000000000000e+05 -1.799889999999999901e+01
2.318815749999999825e+05 -1.806968000000000174e+01
2.318816499999999942e+05 -1.897128000000000014e+01
2.318817250000000058e+05 -1.992390999999999934e+01
2.318817999999999884e+05 -1.719776999999999845e+01
2.318818750000000000e+05 -2.007776000000000138e+01
2.318819499999999825e+05 -2.108661000000000030e+01
2.318820249999999942e+05 -1.888823000000000008e+01
2.318821000000000058e+05 -1.762575000000000003e+01
2.318821749999999884e+05 -1.932763999999999882e+01
2.318822500000000000e+05 -1.908362999999999943e+01
2.318823249999999825e+05 -1.861159999999999926e+01
2.318823999999999942e+05 -1.723732000000000042e+01
2.318824750000000058e+05 -1.985126999999999953e+01
2.318825499999999884e+05 -1.837575999999999965e+01
2.318826250000000000e+05 -1.724615999999999971e+01
2.318826999999999825e+05 -1.665865000000000151e+01
2.318827749999999942e+05 -2.010126999999999953e+01
2.318828500000000058e+05 -1.945130999999999943e+01
2.318829249999999884e+05 -1.795220000000000127e+01
2.318830000000000000e+05 -1.760974999999999824e+01
2.318830749999999825e+05 -1.699684999999999846e+01
2.318831499999999942e+05 -1.831506999999999863e+01
2.318832250000000058e+05 -1.740277999999999992e+01
2.318832999999999884e+05 -1.826504999999999868e+01
2.318833750000000000e+05 -1.773593999999999937e+01
2.318834499999999825e+05 -1.856800000000000139e+01
2.318835249999999942e+05 -1.848162999999999911e+01
2.318836000000000058e+05 -1.749570999999999898e+01
2.318836749999999884e+05 -1.922655999999999921e+01
2.318837500000000000e+05 -1.760441000000000145e+01
2.318838249999999825e+05 -1.837030000000000030e+01
2.318838999999999942e+05 -1.661975999999999942e+01
2.318839750000000058e+05 -1.776749999999999829e+01
2.318840499999999884e+05 -1.744980999999999938e+01
2.318841250000000000e+05 -1.953001000000000076e+01
2.318841999999999825e+05 -1.925820999999999827e+01
2.318842749999999942e+05 -1.792201999999999984e+01
2.318843500000000058e+05 -1.677242999999999995e+01
2.318844249999999884e+05 -1.668184000000000111e+01
2.318845000000000000e+05 -1.788470999999999833e+01
2.318845749999999825e+05 -1.581174000000000035e+01
2.318846499999999942e+05 -1.783499000000000123e+01
2.318847250000000058e+05 -1.870701000000000036e+01
2.318847999999999884e+05 -1.668086999999999875e+01
2.318848750000000000e+05 -2.045164000000000115e+01
2.318849499999999825e+05 -1.676794999999999902e+01
2.318850249999999942e+05 -1.800311999999999912e+01
2.318851000000000058e+05 -1.663320999999999827e+01
2.318851749999999884e+05 -1.624401999999999902e+01
2.318852500000000000e+05 -1.693027000000000015e+01
2.318853249999999825e+05 -1.797221000000000046e+01
2.318853999999999942e+05 -1.617959000000000103e+01
2.318854750000000058e+05 -1.700328999999999979e+01
2.318855499999999884e+05 -1.835495999999999839e+01
2.318856250000000000e+05 -1.677601999999999904e+01
2.318856999999999825e+05 -1.856626999999999938e+01
2.318857749999999942e+05 -1.801368000000000080e+01
2.318858500000000058e+05 -1.793299999999999983e+01
2.318859249999999884e+05 -1.583588999999999913e+01
2.318860000000000000e+05 -1.781574000000000169e+01
2.318860749999999825e+05 -1.780651999999999902e+01
2.318861499999999942e+05 -1.408535000000000004e+01
2.318862250000000058e+05 -1.798245999999999967e+01
2.318862999999999884e+05 -1.427055999999999969e+01
2.318863750000000000e+05 -1.658176999999999879e+01
2.318864499999999825e+05 -1.584543000000000035e+01
2.318865249999999942e+05 -1.769163999999999959e+01
2.318866000000000058e+05 -1.499668999999999919e+01
2.318866749999999884e+05 -1.578032999999999930e+01
2.318867500000000000e+05 -1.764783999999999864e+01
2.318868249999999825e+05 -1.524806000000000061e+01
2.318868999999999942e+05 -1.548362000000000016e+01
2.318869750000000058e+05 -1.609714999999999918e+01
2.318870499999999884e+05 -1.454801999999999929e+01
2.318871250000000000e+05 -1.466568000000000005e+01
2.318871999999999825e+05 -1.630192999999999870e+01
2.318872749999999942e+05 -1.728588999999999842e+01
2.318873500000000058e+05 -1.562247999999999948e+01
2.318874249999999884e+05 -1.546862999999999921e+01
2.318875000000000000e+05 -1.564521000000000051e+01
2.318875749999999825e+05 -1.477727999999999930e+01
2.318876499999999942e+05 -1.458347999999999978e+01
2.318877250000000058e+05 -1.438001000000000040e+01
2.318877999999999884e+05 -1.583247000000000071e+01
2.318878750000000000e+05 -1.415753999999999913e+01
2.318879499999999825e+05 -1.414794999999999980e+01
2.318880249999999942e+05 -1.575375000000000014e+01
2.318881000000000058e+05 -1.292101000000000077e+01
2.318881749999999884e+05 -1.246796999999999933e+01
2.318882500000000000e+05 -1.439756000000000036e+01
2.318883249999999825e+05 -1.290667999999999971e+01
2.318883999999999942e+05 -1.287639000000000067e+01
2.318884750000000058e+05 -1.292540999999999940e+01
2.318885499999999884e+05 -1.483156999999999925e+01
2.318886250000000000e+05 -1.344913999999999987e+01
2.318886999999999825e+05 -1.278571999999999953e+01
2.318887749999999942e+05 -1.284464000000000006e+01
2.318888500000000058e+05 -1.302054000000000045e+01
2.318889249999999884e+05 -1.174388000000000076e+01
2.318890000000000000e+05 -1.229688999999999943e+01
2.318890749999999825e+05 -1.191525000000000034e+01
2.318891499999999942e+05 -1.240277000000000029e+01
2.318892250000000058e+05 -1.085580999999999996e+01
2.318892999999999884e+05 -1.147813999999999979e+01
2.318893750000000000e+05 -1.078663000000000061e+01
2.318894499999999825e+05 -1.060049000000000063e+01
2.318895249999999942e+05 -1.049483999999999995e+01
2.318896000000000058e+05 -1.025586999999999982e+01
2.318896749999999884e+05 -9.913007000000000346e+00
2.318897500000000000e+05 -8.724252999999999147e+00
2.318898249999999825e+05 -9.082936000000000121e+00
2.318898999999999942e+05 -8.324621999999999744e+00
2.318899750000000058e+05 -7.345735000000000348e+00
2.318900499999999884e+05 -6.625598000000000098e+00
2.318901250000000000e+05 -6.902608999999999995e+00
2.318901999999999825e+05 -6.435029000000000110e+00
2.318902749999999942e+05 -5.133026000000000089e+00
2.318903500000000058e+05 -4.711132000000000097e+00
2.318904249999999884e+05 -3.850403000000000020e+00
2.318905000000000000e+05 -3.488195999999999852e+00
2.318905749999999825e+05 -2.559375999999999873e+00
2.318906499999999942e+05 -2.228975000000000151e+00
2.318907250000000058e+05 -1.686901999999999902e+00
2.318907999999999884e+05 -6.932939999999999658e-01
2.318908750000000000e+05 -2.820357000000000003e-01
2.318909499999999825e+05 2.237987999999999922e-01
2.318910249999999942e+05 6.527969999999999606e-01
2.318911000000000058e+05 1.206341000000000108e+00
2.318911749999999884e+05 1.553311000000000108e+00
2.318912500000000000e+05 2.155565000000000175e+00
2.318913249999999825e+05 2.332732000000000028e+00
2.318913999999999942e+05 2.746983999999999870e+00
2.318914750000000058e+05 2.632029999999999870e+00
2.318915499999999884e+05 2.699907000000000057e+00
2.318916250000000000e+05 2.192917000000000005e+00
2.318916999999999825e+05 2.020143000000000022e+00
2.318917749999999942e+05 1.432179000000000091e+00
2.318918500000000058e+05 8.587550999999999934e-01
2.318919249999999884e+05 3.521134999999999890e-03
2.318920000000000000e+05 -8.870973000000000053e-02
2.318920749999999825e+05 -8.186995000000000244e-01
2.318921499999999942e+05 -1.061112999999999973e+00
2.318922250000000058e+05 -7.800686000000000009e-01
2.318922999999999884e+05 -3.685145000000000226e-01
2.318923750000000000e+05 -2.980469000000000035e-01
2.318924499999999825e+05 -1.566255000000000008e-01
2.318925249999999942e+05 -4.351693999999999840e-01
2.318926000000000058e+05 -7.490888999999999465e-01
2.318926749999999884e+05 -1.364537000000000111e+00
2.318927500000000000e+05 -1.856325000000000003e+00
2.318928249999999825e+05 -1.825579000000000063e+00
2.318928999999999942e+05 -2.104632000000000058e+00
2.318929750000000058e+05 -1.686093000000000064e+00
2.318930499999999884e+05 -1.771741000000000010e+00
2.318931250000000000e+05 -2.032614999999999839e+00
2.318931999999999825e+05 -2.476271000000000111e+00
2.318932749999999942e+05 -2.808356999999999992e+00
2.318933500000000058e+05 -3.270640000000000214e+00
2.318934249999999884e+05 -3.188231000000000037e+00
2.318935000000000000e+05 -3.514365000000000183e+00
2.318935749999999825e+05 -3.108115000000000183e+00
2.318936499999999942e+05 -3.256006999999999874e+00
2.318937250000000058e+05 -3.240137999999999963e+00
2.318937999999999884e+05 -4.048009999999999664e+00
2.318938750000000000e+05 -4.278139000000000358e+00
2.318939499999999825e+05 -4.568213000000000079e+00
2.318940249999999942e+05 -4.346756000000000064e+00
2.318941000000000058e+05 -4.142546000000000284e+00
2.318941749999999884e+05 -4.400955999999999868e+00
2.318942500000000000e+05 -5.070071999999999690e+00
2.318943249999999825e+05 -5.514912999999999954e+00
2.318943999999999942e+05 -4.957511000000000223e+00
2.318944750000000058e+05 -5.356537999999999577e+00
2.318945499999999884e+05 -5.775295999999999985e+00
2.318946250000000000e+05 -6.168345999999999663e+00
2.318946999999999825e+05 -5.713864000000000054e+00
2.318947749999999942e+05 -5.988747000000000043e+00
2.318948500000000058e+05 -5.985767000000000060e+00
2.318949249999999884e+05 -6.677272999999999570e+00
2.318950000000000000e+05 -6.946787999999999741e+00
2.318950749999999825e+05 -6.127290999999999599e+00
2.318951499999999942e+05 -6.371297000000000210e+00
2.318952250000000058e+05 -7.293673000000000073e+00
2.318952999999999884e+05 -7.063419999999999810e+00
2.318953750000000000e+05 -6.985364999999999824e+00
2.318954499999999825e+05 -7.829102999999999923e+00
2.318955249999999942e+05 -8.458671000000000717e+00
2.318956000000000058e+05 -7.907746000000000386e+00
2.318956749999999884e+05 -7.530825000000000102e+00
2.318957500000000000e+05 -8.547629000000000588e+00
2.318958249999999825e+05 -9.567427000000000348e+00
2.318958999999999942e+05 -7.345544000000000295e+00
2.318959750000000058e+05 -8.436007000000000033e+00
2.318960499999999884e+05 -9.333315999999999946e+00
2.318961250000000000e+05 -8.406831000000000387e+00
2.318961999999999825e+05 -9.354893000000000569e+00
2.318962749999999942e+05 -1.000891000000000020e+01
2.318963500000000058e+05 -9.376251999999999143e+00
2.318964249999999884e+05 -1.018989999999999974e+01
2.318965000000000000e+05 -1.161824000000000012e+01
2.318965749999999825e+05 -9.102629999999999555e+00
2.318966499999999942e+05 -9.559851000000000099e+00
2.318967250000000058e+05 -1.156526999999999994e+01
2.318967999999999884e+05 -9.830996999999999986e+00
2.318968750000000000e+05 -1.059998000000000040e+01
2.318969499999999825e+05 -1.139682999999999957e+01
2.318970249999999942e+05 -1.047856999999999950e+01
2.318971000000000058e+05 -1.213344999999999985e+01
2.318971749999999884e+05 -1.073705999999999960e+01
2.318972500000000000e+05 -1.061941000000000024e+01
2.318973249999999825e+05 -1.249789999999999957e+01
2.318973999999999942e+05 -1.175116000000000049e+01
2.318974750000000058e+05 -1.340747000000000000e+01
2.318975499999999884e+05 -1.256839000000000084e+01
2.318976250000000000e+05 -1.111083999999999961e+01
2.318976999999999825e+05 -1.479808000000000057e+01
2.318977749999999942e+05 -1.151177000000000028e+01
2.318978500000000058e+05 -1.361674999999999969e+01
2.318979249999999884e+05 -1.315002999999999922e+01
2.318980000000000000e+05 -1.153578000000000081e+01
2.318980749999999825e+05 -1.557661000000000051e+01
2.318981499999999942e+05 -1.284773999999999994e+01
2.318982250000000058e+05 -1.514319000000000059e+01
2.318982999999999884e+05 -1.258882999999999974e+01
2.318983750000000000e+05 -1.552031000000000027e+01
2.318984499999999825e+05 -1.398723999999999990e+01
2.318985249999999942e+05 -1.488397999999999932e+01
2.318986000000000058e+05 -1.437617000000000012e+01
2.318986749999999884e+05 -1.341186000000000078e+01
2.318987500000000000e+05 -1.742875000000000085e+01
2.318988249999999825e+05 -1.409598000000000084e+01
2.318988999999999942e+05 -1.865531000000000006e+01
2.318989750000000058e+05 -1.352285000000000004e+01
2.318990499999999884e+05 -1.999346999999999852e+01
2.318991250000000000e+05 -1.475037000000000020e+01
2.318991999999999825e+05 -1.946861000000000175e+01
2.318992749999999942e+05 -1.417235999999999940e+01
2.318993500000000058e+05 -2.190351000000000070e+01
2.318994249999999884e+05 -1.371325000000000038e+01
2.318995000000000000e+05 -1.893757000000000090e+01
2.318995749999999825e+05 -1.585730000000000040e+01
2.318996499999999942e+05 -2.048723999999999990e+01
2.318997250000000058e+05 -1.449091999999999913e+01
2.318997999999999884e+05 -1.839602000000000004e+01
2.318998750000000000e+05 -1.791424999999999912e+01
2.318999499999999825e+05 -1.881952000000000069e+01
2.319000249999999942e+05 -1.911985999999999919e+01
2.319001000000000058e+05 -1.648414999999999964e+01
2.319001749999999884e+05 -2.002218999999999838e+01
2.319002500000000000e+05 -1.616903999999999897e+01
2.319003249999999825e+05 -2.519913999999999987e+01
2.319003999999999942e+05 -1.578240000000000087e+01
2.319004750000000058e+05 -2.616678999999999888e+01
2.319005499999999884e+05 -1.582795999999999914e+01
2.319006250000000000e+05 -2.038350000000000151e+01
2.319006999999999825e+05 -1.864536000000000016e+01
2.319007749999999942e+05 -1.623104999999999976e+01
2.319008500000000058e+05 -2.601388999999999996e+01
2.319009249999999884e+05 -1.584256000000000064e+01
2.319010000000000000e+05 -2.093866999999999834e+01
2.319010749999999825e+05 -1.898525000000000063e+01
2.319011499999999942e+05 -1.833449999999999847e+01
2.319012250000000058e+05 -3.349602999999999753e+01
2.319012999999999884e+05 -1.727831000000000117e+01
2.319013750000000000e+05 -2.236976999999999904e+01
2.319014499999999825e+05 -2.252713999999999928e+01
2.319015249999999942e+05 -2.049211999999999989e+01
2.319016000000000058e+05 -2.422317999999999927e+01
2.319016749999999884e+05 -1.865185999999999922e+01
2.319017500000000000e+05 -1.781872999999999863e+01
2.319018249999999825e+05 -2.654555999999999827e+01
2.319018999999999942e+05 -1.907179000000000002e+01
2.319019750000000058e+05 -2.016907000000000139e+01
2.319020499999999884e+05 -3.784769000000000005e+01
2.319021250000000000e+05 -1.862034999999999840e+01
2.319021999999999825e+05 -1.864759000000000100e+01
2.319022749999999942e+05 -3.446338999999999686e+01
2.319023500000000058e+05 -1.962696000000000041e+01
2.319024249999999884e+05 -2.091903999999999897e+01
2.319025000000000000e+05 -3.466420000000000101e+01
2.319025749999999825e+05 -1.985097999999999985e+01
2.319026499999999942e+05 -1.699108000000000018e+01
2.319027250000000058e+05 -3.085891000000000162e+01
2.319027999999999884e+05 -2.660689999999999955e+01
2.319028750000000000e+05 -1.841366000000000014e+01
2.319029499999999825e+05 -2.878677000000000064e+01
2.319030249999999942e+05 -2.548885999999999896e+01
2.319031000000000058e+05 -2.087596999999999881e+01
2.319031749999999884e+05 -2.042429999999999879e+01
2.319032500000000000e+05 -2.670851000000000042e+01
2.319033249999999825e+05 -2.698819999999999908e+01
2.319033999999999942e+05 -2.189539999999999864e+01
2.319034750000000058e+05 -2.292802999999999969e+01
2.319035499999999884e+05 -2.562100999999999829e+01
2.319036250000000000e+05 -2.480934999999999846e+01
2.319036999999999825e+05 -1.885100999999999871e+01
2.319037749999999942e+05 -1.940966999999999842e+01
2.319038500000000058e+05 -2.878663999999999845e+01
2.319039249999999884e+05 -3.128368000000000038e+01
2.319040000000000000e+05 -2.264201999999999870e+01
2.319040749999999825e+05 -2.036217999999999861e+01
2.319041499999999942e+05 -2.293796999999999997e+01
2.319042250000000058e+05 -2.834851000000000099e+01
2.319042999999999884e+05 -2.420845999999999876e+01
2.319043750000000000e+05 -1.870938999999999908e+01
2.319044499999999825e+05 -2.104966999999999899e+01
2.319045249999999942e+05 -2.957225000000000037e+01
2.319046000000000058e+05 -2.692247000000000057e+01
2.319046749999999884e+05 -2.509299999999999997e+01
2.319047500000000000e+05 -1.946745999999999910e+01
2.319048249999999825e+05 -2.168039999999999878e+01
2.319048999999999942e+05 -2.185147999999999868e+01
2.319049750000000058e+05 -3.559062000000000126e+01
2.319050499999999884e+05 -2.536591999999999913e+01
2.319051250000000000e+05 -2.321114999999999995e+01
2.319051999999999825e+05 -1.929437000000000069e+01
2.319052749999999942e+05 -2.115409999999999968e+01
2.319053500000000058e+05 -3.466846999999999923e+01
2.319054249999999884e+05 -2.673181999999999903e+01
2.319055000000000000e+05 -2.610154999999999959e+01
2.319055749999999825e+05 -2.357963000000000164e+01
2.319056499999999942e+05 -2.184177999999999997e+01
2.319057250000000058e+05 -1.929334000000000060e+01
2.319057999999999884e+05 -2.234001999999999910e+01
2.319058750000000000e+05 -2.223032999999999859e+01
2.319059499999999825e+05 -2.565849000000000046e+01
2.319060249999999942e+05 -2.895116000000000156e+01
