# Temperature: None K
2.318097999999999884e+05 -2.031091999999999942e+01
2.318098750000000000e+05 -2.042346999999999824e+01
2.318099499999999825e+05 -2.323746999999999829e+01
2.318100249999999942e+05 -1.703179000000000087e+01
2.318100999999999767e+05 -1.878113000000000099e+01
2.318101749999999884e+05 -2.296929000000000087e+01
2.318102500000000000e+05 -1.972447000000000017e+01
2.318103249999999825e+05 -1.799615999999999971e+01
2.318103999999999942e+05 -1.973676999999999992e+01
2.318104749999999767e+05 -1.979615000000000080e+01
2.318105499999999884e+05 -1.972014000000000067e+01
2.318106250000000000e+05 -2.278950000000000031e+01
2.318106999999999825e+05 -1.994419999999999860e+01
2.318107749999999942e+05 -1.659628999999999976e+01
2.318108499999999767e+05 -2.436814999999999998e+01
2.318109249999999884e+05 -1.865277000000000029e+01
2.318110000000000000e+05 -1.713756000000000057e+01
2.318110749999999825e+05 -1.944929000000000130e+01
2.318111499999999942e+05 -2.132359999999999900e+01
2.318112249999999767e+05 -2.016938999999999993e+01
2.318112999999999884e+05 -1.836304000000000158e+01
2.318113750000000000e+05 -2.041394000000000020e+01
2.318114499999999825e+05 -1.925565999999999889e+01
2.318115249999999942e+05 -1.965454000000000079e+01
2.318115999999999767e+05 -1.785189000000000092e+01
2.318116749999999884e+05 -2.133561999999999870e+01
2.318117500000000000e+05 -2.228547999999999973e+01
2.318118249999999825e+05 -1.705011999999999972e+01
2.318118999999999942e+05 -2.225034000000000134e+01
2.318119749999999767e+05 -2.067130999999999830e+01
2.318120499999999884e+05 -1.831809000000000154e+01
2.318121250000000000e+05 -1.855412000000000106e+01
2.318121999999999825e+05 -2.442342999999999975e+01
2.318122749999999942e+05 -1.994856000000000051e+01
2.318123499999999767e+05 -1.860460000000000136e+01
2.318124249999999884e+05 -2.307977999999999952e+01
2.318125000000000000e+05 -2.027283999999999864e+01
2.318125749999999825e+05 -2.104187999999999903e+01
2.318126499999999942e+05 -2.052606000000000108e+01
2.318127249999999767e+05 -1.764070999999999856e+01
2.318127999999999884e+05 -2.143710000000000093e+01
2.318128750000000000e+05 -1.831484000000000023e+01
2.318129499999999825e+05 -1.805737999999999843e+01
2.318130249999999942e+05 -1.985311000000000092e+01
2.318130999999999767e+05 -1.903431000000000139e+01
2.318131749999999884e+05 -1.973285999999999873e+01
2.318132500000000000e+05 -2.013711999999999946e+01
2.318133249999999825e+05 -1.990954999999999941e+01
2.318133999999999942e+05 -1.844587999999999894e+01
2.318134749999999767e+05 -2.175245999999999924e+01
2.318135499999999884e+05 -1.710082999999999842e+01
2.318136250000000000e+05 -1.906693999999999889e+01
2.318136999999999825e+05 -2.116507999999999967e+01
2.318137749999999942e+05 -1.947727000000000075e+01
2.318138499999999767e+05 -1.983088000000000051e+01
2.318139249999999884e+05 -1.820901999999999887e+01
2.318140000000000000e+05 -1.777868000000000137e+01
2.318140749999999825e+05 -2.025418000000000163e+01
2.318141499999999942e+05 -2.016475000000000151e+01
2.318142249999999767e+05 -1.847156000000000020e+01
2.318142999999999884e+05 -1.722693999999999903e+01
2.318143750000000000e+05 -1.979880999999999958e+01
2.318144499999999825e+05 -2.096574000000000026e+01
2.318145249999999942e+05 -2.019055000000000177e+01
2.318145999999999767e+05 -1.885171000000000063e+01
2.318146749999999884e+05 -1.783886000000000038e+01
2.318147500000000000e+05 -1.744657000000000124e+01
2.318148249999999825e+05 -2.086903999999999826e+01
2.318148999999999942e+05 -1.982779999999999987e+01
2.318149749999999767e+05 -2.024714000000000169e+01
2.318150499999999884e+05 -1.756480000000000175e+01
2.318151250000000000e+05 -1.893661000000000172e+01
2.318151999999999825e+05 -1.942369000000000057e+01
2.318152749999999942e+05 -2.039320000000000022e+01
2.318153499999999767e+05 -1.696492999999999896e+01
2.318154249999999884e+05 -1.802912999999999855e+01
2.318155000000000000e+05 -1.826694000000000173e+01
2.318155749999999825e+05 -1.949072999999999922e+01
2.318156499999999942e+05 -1.978980999999999923e+01
2.318157249999999767e+05 -1.731727000000000061e+01
2.318157999999999884e+05 -1.720489999999999853e+01
2.318158750000000000e+05 -1.860148999999999830e+01
2.318159499999999825e+05 -1.927268000000000114e+01
2.318160249999999942e+05 -1.907026000000000110e+01
2.318160999999999767e+05 -1.834506000000000014e+01
2.318161749999999884e+05 -1.896313999999999922e+01
2.318162500000000000e+05 -1.880260000000000176e+01
2.318163249999999825e+05 -1.693184000000000111e+01
2.318163999999999942e+05 -1.947521000000000058e+01
2.318164749999999767e+05 -1.844488000000000127e+01
2.318165499999999884e+05 -1.909868000000000166e+01
2.318166250000000000e+05 -1.817930000000000135e+01
2.318166999999999825e+05 -1.805893000000000015e+01
2.318167749999999942e+05 -1.888305000000000078e+01
2.318168499999999767e+05 -1.924434000000000111e+01
2.318169249999999884e+05 -1.808051000000000030e+01
2.318170000000000000e+05 -1.755219999999999914e+01
2.318170749999999825e+05 -1.908367000000000147e+01
2.318171499999999942e+05 -2.198659999999999926e+01
2.318172249999999767e+05 -1.964410000000000167e+01
2.318172999999999884e+05 -1.773722000000000065e+01
2.318173750000000000e+05 -1.932697999999999894e+01
2.318174499999999825e+05 -1.720796999999999954e+01
2.318175249999999942e+05 -1.687285999999999930e+01
2.318175999999999767e+05 -1.982649999999999935e+01
2.318176749999999884e+05 -1.927899999999999991e+01
2.318177500000000000e+05 -1.870220000000000127e+01
2.318178249999999825e+05 -1.832789000000000001e+01
2.318178999999999942e+05 -1.988064999999999927e+01
2.318179749999999767e+05 -1.786013000000000162e+01
2.318180499999999884e+05 -1.813618999999999915e+01
2.318181250000000000e+05 -1.757984000000000080e+01
2.318181999999999825e+05 -1.642339000000000127e+01
2.318182749999999942e+05 -1.580606000000000044e+01
2.318183499999999767e+05 -1.691516000000000020e+01
2.318184249999999884e+05 -1.775872000000000028e+01
2.318185000000000000e+05 -1.784648999999999930e+01
2.318185749999999825e+05 -1.932403000000000048e+01
2.318186499999999942e+05 -1.562487999999999921e+01
2.318187249999999767e+05 -1.883813999999999922e+01
2.318187999999999884e+05 -1.727410000000000068e+01
2.318188750000000000e+05 -1.828559999999999874e+01
2.318189499999999825e+05 -1.664395000000000024e+01
2.318190249999999942e+05 -1.573957000000000050e+01
2.318190999999999767e+05 -1.768299000000000021e+01
2.318191749999999884e+05 -1.750105999999999895e+01
2.318192500000000000e+05 -1.831110999999999933e+01
2.318193249999999825e+05 -1.767154999999999987e+01
2.318193999999999942e+05 -1.683220999999999989e+01
2.318194749999999767e+05 -1.743980000000000175e+01
2.318195499999999884e+05 -1.767386000000000124e+01
2.318196250000000000e+05 -1.637668999999999997e+01
2.318196999999999825e+05 -1.637585999999999942e+01
2.318197749999999942e+05 -1.588770000000000060e+01
2.318198499999999767e+05 -1.698617000000000132e+01
2.318199249999999884e+05 -1.596726999999999919e+01
2.318200000000000000e+05 -1.807686999999999955e+01
2.318200749999999825e+05 -1.738432999999999851e+01
2.318201499999999942e+05 -1.557136999999999993e+01
2.318202249999999767e+05 -1.520767000000000024e+01
2.318202999999999884e+05 -1.661892999999999887e+01
2.318203750000000000e+05 -1.519922000000000040e+01
2.318204499999999825e+05 -1.592102000000000039e+01
2.318205249999999942e+05 -1.543964000000000070e+01
2.318205999999999767e+05 -1.637660999999999945e+01
2.318206749999999884e+05 -1.656704999999999828e+01
2.318207500000000000e+05 -1.523325999999999958e+01
2.318208249999999825e+05 -1.645984999999999943e+01
2.318208999999999942e+05 -1.512791999999999959e+01
2.318209749999999767e+05 -1.566812000000000005e+01
2.318210499999999884e+05 -1.418220999999999954e+01
2.318211250000000000e+05 -1.499006999999999934e+01
2.318211999999999825e+05 -1.399164000000000030e+01
2.318212749999999942e+05 -1.404851999999999990e+01
2.318213499999999767e+05 -1.460651999999999973e+01
2.318214249999999884e+05 -1.383240999999999943e+01
2.318215000000000000e+05 -1.345548999999999928e+01
2.318215749999999825e+05 -1.501882999999999946e+01
2.318216499999999942e+05 -1.326980999999999966e+01
2.318217249999999767e+05 -1.252514000000000038e+01
2.318217999999999884e+05 -1.357507999999999981e+01
2.318218750000000000e+05 -1.371701999999999977e+01
2.318219499999999825e+05 -1.261974999999999980e+01
2.318220249999999942e+05 -1.271006999999999998e+01
2.318220999999999767e+05 -1.148806000000000083e+01
2.318221749999999884e+05 -1.164836000000000027e+01
2.318222500000000000e+05 -1.192356999999999978e+01
2.318223249999999825e+05 -1.108722000000000030e+01
2.318223999999999942e+05 -1.241485999999999912e+01
2.318224749999999767e+05 -1.015309000000000061e+01
2.318225499999999884e+05 -1.022070000000000078e+01
2.318226250000000000e+05 -1.135211999999999932e+01
2.318226999999999825e+05 -1.058250999999999920e+01
2.318227749999999942e+05 -1.012914999999999921e+01
2.318228499999999767e+05 -9.806100000000000705e+00
2.318229249999999884e+05 -9.398125999999999536e+00
2.318230000000000000e+05 -8.962381000000000597e+00
2.318230749999999825e+05 -8.378811999999999927e+00
2.318231499999999942e+05 -8.182219999999999160e+00
2.318232249999999767e+05 -7.901489999999999903e+00
2.318232999999999884e+05 -6.710402000000000200e+00
2.318233750000000000e+05 -6.311173000000000144e+00
2.318234499999999825e+05 -5.399094999999999978e+00
2.318235249999999942e+05 -5.249918000000000085e+00
2.318235999999999767e+05 -4.618335000000000079e+00
2.318236749999999884e+05 -3.852745000000000086e+00
2.318237500000000000e+05 -3.167066000000000159e+00
2.318238249999999825e+05 -2.746268000000000153e+00
2.318238999999999942e+05 -2.090530999999999917e+00
2.318239749999999767e+05 -1.452110000000000012e+00
2.318240499999999884e+05 -8.945106000000000446e-01
2.318241250000000000e+05 -2.846044999999999825e-01
2.318241999999999825e+05 2.245281999999999833e-02
2.318242749999999942e+05 6.458399000000000223e-01
2.318243499999999767e+05 8.964963999999999711e-01
2.318244249999999884e+05 1.196228999999999987e+00
2.318245000000000000e+05 1.607968999999999982e+00
2.318245749999999825e+05 1.812589999999999923e+00
2.318246499999999942e+05 1.617855999999999961e+00
2.318247249999999767e+05 1.899102000000000068e+00
2.318247999999999884e+05 1.429189999999999960e+00
2.318248750000000000e+05 1.121772999999999909e+00
2.318249499999999825e+05 3.394961000000000229e-01
2.318250249999999942e+05 -3.726531000000000149e-01
2.318250999999999767e+05 -1.202553999999999901e+00
2.318251749999999884e+05 -1.905410999999999966e+00
2.318252500000000000e+05 -2.676593000000000000e+00
2.318253249999999825e+05 -2.720368999999999815e+00
2.318253999999999942e+05 -2.916872000000000131e+00
2.318254749999999767e+05 -2.195225000000000204e+00
2.318255499999999884e+05 -2.341558000000000028e+00
2.318256250000000000e+05 -2.060055999999999887e+00
2.318256999999999825e+05 -2.816371000000000180e+00
2.318257749999999942e+05 -2.912872000000000128e+00
2.318258499999999767e+05 -3.691197999999999979e+00
2.318259249999999884e+05 -4.106099999999999639e+00
2.318260000000000000e+05 -4.675029000000000323e+00
2.318260749999999825e+05 -4.696951999999999572e+00
2.318261499999999942e+05 -4.257710000000000328e+00
2.318262249999999767e+05 -4.324362999999999957e+00
2.318262999999999884e+05 -4.356631000000000142e+00
2.318263750000000000e+05 -5.133663000000000309e+00
2.318264499999999825e+05 -5.641307000000000293e+00
2.318265249999999942e+05 -6.061842000000000397e+00
2.318265999999999767e+05 -6.248225999999999836e+00
2.318266749999999884e+05 -6.265967999999999982e+00
2.318267500000000000e+05 -5.787961000000000134e+00
2.318268249999999825e+05 -6.331069000000000280e+00
2.318268999999999942e+05 -6.988521000000000427e+00
2.318269749999999767e+05 -7.186829999999999607e+00
2.318270499999999884e+05 -7.305869000000000391e+00
2.318271250000000000e+05 -8.277843000000000728e+00
2.318271999999999825e+05 -7.596897000000000233e+00
2.318272749999999942e+05 -8.067353999999999914e+00
2.318273499999999767e+05 -8.773816000000000059e+00
2.318274249999999884e+05 -8.705526000000000764e+00
2.318275000000000000e+05 -8.970432999999999879e+00
2.318275749999999825e+05 -8.651650999999999314e+00
2.318276499999999942e+05 -9.086185000000000400e+00
2.318277249999999767e+05 -9.905341999999999203e+00
2.318277999999999884e+05 -9.134268000000000498e+00
2.318278750000000000e+05 -1.013391999999999982e+01
2.318279499999999825e+05 -1.003395000000000081e+01
2.318280249999999942e+05 -1.120022999999999946e+01
2.318280999999999767e+05 -1.200921999999999912e+01
2.318281749999999884e+05 -1.206736000000000075e+01
2.318282500000000000e+05 -1.182996999999999943e+01
2.318283249999999825e+05 -1.091394000000000020e+01
2.318283999999999942e+05 -1.259894000000000069e+01
2.318284749999999767e+05 -1.220040000000000013e+01
2.318285499999999884e+05 -1.149774999999999991e+01
2.318286250000000000e+05 -1.292622000000000071e+01
2.318286999999999825e+05 -1.367515999999999998e+01
2.318287749999999942e+05 -1.459146999999999927e+01
2.318288499999999767e+05 -1.235795000000000066e+01
2.318289249999999884e+05 -1.361635000000000062e+01
2.318290000000000000e+05 -1.702229000000000170e+01
2.318290749999999825e+05 -1.308247000000000071e+01
2.318291499999999942e+05 -1.391924000000000028e+01
2.318292249999999767e+05 -1.603531999999999869e+01
2.318292999999999884e+05 -1.293740999999999985e+01
2.318293750000000000e+05 -1.492034999999999911e+01
2.318294499999999825e+05 -1.894584000000000046e+01
2.318295249999999942e+05 -1.405593999999999966e+01
2.318295999999999767e+05 -1.448967000000000027e+01
2.318296749999999884e+05 -1.912441000000000102e+01
2.318297500000000000e+05 -1.368158999999999992e+01
2.318298249999999825e+05 -1.569705000000000084e+01
2.318298999999999942e+05 -1.876651999999999987e+01
2.318299749999999767e+05 -1.552468000000000004e+01
2.318300499999999884e+05 -1.778022999999999954e+01
2.318301250000000000e+05 -2.096396000000000015e+01
2.318301999999999825e+05 -1.569096000000000046e+01
2.318302749999999942e+05 -1.779317999999999955e+01
2.318303499999999767e+05 -1.918189999999999884e+01
2.318304249999999884e+05 -1.507873000000000019e+01
2.318305000000000000e+05 -1.936179999999999879e+01
2.318305749999999825e+05 -1.568703999999999965e+01
2.318306499999999942e+05 -2.110145999999999944e+01
2.318307249999999767e+05 -1.893446000000000140e+01
2.318307999999999884e+05 -1.812939000000000078e+01
2.318308750000000000e+05 -2.765161000000000158e+01
2.318309499999999825e+05 -1.679009999999999891e+01
2.318310249999999942e+05 -1.907017000000000095e+01
2.318310999999999767e+05 -2.057045000000000101e+01
2.318311749999999884e+05 -1.878733000000000075e+01
2.318312500000000000e+05 -2.297828000000000159e+01
2.318313249999999825e+05 -1.960838000000000036e+01
2.318313999999999942e+05 -2.544236000000000075e+01
2.318314749999999767e+05 -1.870538000000000167e+01
2.318315499999999884e+05 -2.687537000000000020e+01
2.318316250000000000e+05 -1.752288000000000068e+01
2.318316999999999825e+05 -2.059478999999999971e+01
2.318317749999999942e+05 -1.933817000000000164e+01
2.318318499999999767e+05 -2.172293000000000163e+01
2.318319249999999884e+05 -2.194629000000000119e+01
2.318320000000000000e+05 -2.184418000000000148e+01
2.318320749999999825e+05 -3.120369000000000170e+01
2.318321499999999942e+05 -1.819553000000000154e+01
2.318322249999999767e+05 -3.001999999999999957e+01
2.318322999999999884e+05 -2.031781000000000148e+01
2.318323750000000000e+05 -2.812620000000000076e+01
2.318324499999999825e+05 -2.073236999999999952e+01
2.318325249999999942e+05 -3.532153000000000276e+01
2.318325999999999767e+05 -2.055930999999999997e+01
2.318326749999999884e+05 -2.905617000000000161e+01
2.318327500000000000e+05 -1.758754000000000062e+01
2.318328249999999825e+05 -2.727147000000000077e+01
2.318328999999999942e+05 -2.282273999999999958e+01
2.318329749999999767e+05 -2.792886000000000024e+01
2.318330499999999884e+05 -2.326127999999999929e+01
2.318331250000000000e+05 -2.526360000000000028e+01
2.318331999999999825e+05 -2.125225000000000009e+01
2.318332749999999942e+05 -2.214499999999999957e+01
2.318333499999999767e+05 -2.891082000000000107e+01
2.318334249999999884e+05 -2.048988999999999905e+01
2.318335000000000000e+05 -3.464209999999999923e+01
2.318335749999999825e+05 -1.945334000000000074e+01
2.318336499999999942e+05 -3.222597999999999985e+01
2.318337249999999767e+05 -2.376463999999999999e+01
2.318337999999999884e+05 -2.475084999999999980e+01
2.318338750000000000e+05 -3.309031000000000233e+01
2.318339499999999825e+05 -2.038980000000000103e+01
2.318340249999999942e+05 -2.791544000000000025e+01
2.318340999999999767e+05 -2.250322999999999851e+01
2.318341749999999884e+05 -2.059390000000000143e+01
2.318342500000000000e+05 -3.291913999999999874e+01
2.318343249999999825e+05 -2.648210999999999871e+01
2.318343999999999942e+05 -2.780328000000000088e+01
2.318344749999999767e+05 -2.340615000000000023e+01
2.318345499999999884e+05 -2.477027000000000001e+01
2.318346250000000000e+05 -2.350347999999999971e+01
2.318346999999999825e+05 -2.857272999999999996e+01
2.318347749999999942e+05 -2.852357999999999905e+01
2.318348499999999767e+05 -2.602712000000000003e+01
2.318349249999999884e+05 -2.043295000000000172e+01
2.318350000000000000e+05 -3.019639000000000095e+01
2.318350749999999825e+05 -2.573787000000000091e+01
2.318351499999999942e+05 -2.053579999999999828e+01
2.318352249999999767e+05 -2.644476999999999833e+01
2.318352999999999884e+05 -2.509912999999999883e+01
2.318353750000000000e+05 -2.089767000000000152e+01
2.318354499999999825e+05 -2.902205999999999975e+01
2.318355249999999942e+05 -2.374277999999999977e+01
2.318355999999999767e+05 -2.116533000000000087e+01
2.318356749999999884e+05 -2.139029999999999987e+01
2.318357500000000000e+05 -2.286629999999999896e+01
2.318358249999999825e+05 -2.130822999999999823e+01
2.318358999999999942e+05 -2.209568000000000154e+01
2.318359749999999767e+05 -2.966772999999999882e+01
2.318360499999999884e+05 -2.327186000000000021e+01
2.318361250000000000e+05 -2.349777999999999878e+01
2.318361999999999825e+05 -2.465257000000000076e+01
2.318362749999999942e+05 -2.092445999999999984e+01
2.318363499999999767e+05 -2.044715000000000060e+01
2.318364249999999884e+05 -2.304943000000000097e+01
2.318365000000000000e+05 -2.876965999999999823e+01
2.318365749999999825e+05 -2.409353000000000122e+01
2.318366499999999942e+05 -2.176366000000000156e+01
2.318367249999999767e+05 -2.224493999999999971e+01
2.318367999999999884e+05 -2.543958999999999904e+01
2.318368750000000000e+05 -2.247194000000000003e+01
2.318369499999999825e+05 -2.396277999999999864e+01
2.318370249999999942e+05 -2.140546000000000149e+01
2.318370999999999767e+05 -2.781393999999999878e+01
2.318371749999999884e+05 -2.299352999999999980e+01
2.318372500000000000e+05 -2.251336999999999833e+01
2.318373249999999825e+05 -2.112712000000000145e+01
2.318373999999999942e+05 -2.898777000000000115e+01
2.318374749999999767e+05 -2.406604000000000099e+01
2.318375499999999884e+05 -2.674721999999999866e+01
2.318376250000000000e+05 -2.227249000000000123e+01
2.318376999999999825e+05 -2.116244999999999976e+01
2.318377749999999942e+05 -2.389293999999999940e+01
2.318378499999999767e+05 -3.178398999999999930e+01
2.318379249999999884e+05 -2.708706000000000103e+01
2.318380000000000000e+05 -2.449061000000000021e+01
2.318380749999999825e+05 -2.098290000000000077e+01
2.318381499999999942e+05 -2.092292000000000129e+01
2.318382249999999767e+05 -2.394925999999999888e+01
2.318382999999999884e+05 -2.334649999999999892e+01
2.318383750000000000e+05 -2.459842000000000084e+01
2.318384499999999825e+05 -2.083344999999999914e+01
2.318385249999999942e+05 -2.512290000000000134e+01
2.318385999999999767e+05 -2.228714000000000084e+01
2.318386749999999884e+05 -2.466329999999999956e+01
2.318387500000000000e+05 -2.797850999999999999e+01
2.318388249999999825e+05 -2.744686000000000092e+01
2.318388999999999942e+05 -2.600165000000000148e+01
2.318389749999999767e+05 -2.263025000000000020e+01
2.318390499999999884e+05 -2.573753999999999920e+01
2.318391250000000000e+05 -2.179822000000000060e+01
2.318391999999999825e+05 -2.432533000000000101e+01
2.318392749999999942e+05 -2.304605000000000103e+01
2.318393499999999767e+05 -2.573070999999999842e+01
2.318394249999999884e+05 -2.570270000000000010e+01
2.318395000000000000e+05 -2.476942999999999984e+01
2.318395749999999825e+05 -2.082043000000000177e+01
2.318396499999999942e+05 -2.722515999999999892e+01
2.318397249999999767e+05 -2.317036999999999836e+01
2.318397999999999884e+05 -2.521791999999999945e+01
