# Temperature: None K
2.317578750000000000e+05 -2.002020999999999873e+01
2.317579500000000116e+05 -1.982085999999999970e+01
2.317580249999999942e+05 -1.959447000000000116e+01
2.317581000000000058e+05 -1.953197000000000116e+01
2.317581749999999884e+05 -2.075725999999999871e+01
2.317582500000000000e+05 -1.917310000000000159e+01
2.317583250000000116e+05 -2.008271999999999835e+01
2.317583999999999942e+05 -2.014656000000000091e+01
2.317584750000000058e+05 -1.878434000000000026e+01
2.317585499999999884e+05 -2.020676999999999879e+01
2.317586250000000000e+05 -1.944125999999999976e+01
2.317587000000000116e+05 -2.005661999999999878e+01
2.317587749999999942e+05 -1.956609999999999872e+01
2.317588500000000058e+05 -2.002458000000000027e+01
2.317589249999999884e+05 -2.010799000000000092e+01
2.317590000000000000e+05 -2.013781000000000176e+01
2.317590750000000116e+05 -1.920670000000000144e+01
2.317591499999999942e+05 -1.958192999999999984e+01
2.317592250000000058e+05 -1.910825000000000173e+01
2.317592999999999884e+05 -1.959869000000000128e+01
2.317593750000000000e+05 -2.030859999999999843e+01
2.317594500000000116e+05 -1.988764000000000109e+01
2.317595249999999942e+05 -1.974361000000000033e+01
2.317596000000000058e+05 -1.972253999999999863e+01
2.317596749999999884e+05 -2.035480000000000089e+01
2.317597500000000000e+05 -1.913788999999999874e+01
2.317598250000000116e+05 -1.964042999999999850e+01
2.317598999999999942e+05 -1.967344999999999899e+01
2.317599750000000058e+05 -1.967704000000000164e+01
2.317600499999999884e+05 -1.914627000000000123e+01
2.317601250000000000e+05 -1.960897999999999897e+01
2.317602000000000116e+05 -2.012873000000000090e+01
2.317602749999999942e+05 -1.950300000000000011e+01
2.317603500000000058e+05 -2.021285999999999916e+01
2.317604249999999884e+05 -1.951284000000000063e+01
2.317605000000000000e+05 -1.972653999999999996e+01
2.317605750000000116e+05 -1.927080000000000126e+01
2.317606499999999942e+05 -2.041404999999999959e+01
2.317607250000000058e+05 -1.998750000000000071e+01
2.317607999999999884e+05 -1.915148999999999901e+01
2.317608750000000000e+05 -1.987143999999999977e+01
2.317609500000000116e+05 -1.968412000000000006e+01
2.317610249999999942e+05 -1.941788999999999987e+01
2.317611000000000058e+05 -1.973928000000000083e+01
2.317611749999999884e+05 -1.892739999999999867e+01
2.317612500000000000e+05 -1.973940999999999946e+01
2.317613250000000116e+05 -1.974886000000000053e+01
2.317613999999999942e+05 -1.905570000000000164e+01
2.317614750000000058e+05 -1.992864000000000146e+01
2.317615499999999884e+05 -1.940128999999999948e+01
2.317616250000000000e+05 -1.898757000000000161e+01
2.317617000000000116e+05 -1.981865000000000165e+01
2.317617749999999942e+05 -1.939793999999999841e+01
2.317618500000000058e+05 -1.954588999999999999e+01
2.317619249999999884e+05 -1.964620999999999995e+01
2.317620000000000000e+05 -1.948029999999999973e+01
2.317620750000000116e+05 -1.915840000000000032e+01
2.317621499999999942e+05 -1.887812999999999874e+01
2.317622250000000058e+05 -1.941525999999999996e+01
2.317622999999999884e+05 -1.922976999999999848e+01
2.317623750000000000e+05 -1.906120999999999910e+01
2.317624500000000116e+05 -1.954707000000000150e+01
2.317625249999999942e+05 -1.932969999999999899e+01
2.317626000000000058e+05 -2.024465000000000003e+01
2.317626749999999884e+05 -1.959819999999999851e+01
2.317627500000000000e+05 -1.930352999999999852e+01
2.317628250000000116e+05 -1.975706999999999880e+01
2.317628999999999942e+05 -1.915661000000000058e+01
2.317629750000000058e+05 -2.010219000000000023e+01
2.317630499999999884e+05 -1.925666999999999973e+01
2.317631250000000000e+05 -1.907316000000000145e+01
2.317632000000000116e+05 -1.911336000000000013e+01
2.317632749999999942e+05 -1.929870000000000019e+01
2.317633500000000058e+05 -1.889698999999999884e+01
2.317634249999999884e+05 -1.925460999999999956e+01
2.317635000000000000e+05 -1.936128000000000071e+01
2.317635750000000116e+05 -2.001161000000000101e+01
2.317636499999999942e+05 -1.912859999999999872e+01
2.317637250000000058e+05 -1.958238000000000056e+01
2.317637999999999884e+05 -1.890602000000000160e+01
2.317638750000000000e+05 -1.895861000000000018e+01
2.317639500000000116e+05 -1.917657000000000167e+01
2.317640249999999942e+05 -1.890398000000000067e+01
2.317641000000000058e+05 -1.887336000000000169e+01
2.317641749999999884e+05 -1.914444999999999908e+01
2.317642500000000000e+05 -1.881673999999999936e+01
2.317643250000000116e+05 -1.912778000000000134e+01
2.317643999999999942e+05 -1.958467999999999876e+01
2.317644750000000058e+05 -1.862746999999999886e+01
2.317645499999999884e+05 -1.873424999999999940e+01
2.317646250000000000e+05 -1.846414000000000044e+01
2.317647000000000116e+05 -1.857807999999999993e+01
2.317647749999999942e+05 -1.885259999999999891e+01
2.317648500000000058e+05 -1.789021999999999935e+01
2.317649249999999884e+05 -1.875929999999999964e+01
2.317650000000000000e+05 -1.872944999999999993e+01
2.317650750000000116e+05 -1.872901999999999845e+01
2.317651499999999942e+05 -1.921191999999999922e+01
2.317652250000000058e+05 -1.950797000000000025e+01
2.317652999999999884e+05 -1.849515999999999849e+01
2.317653750000000000e+05 -1.895351000000000141e+01
2.317654500000000116e+05 -1.847190000000000154e+01
2.317655249999999942e+05 -1.899879999999999924e+01
2.317656000000000058e+05 -1.839946000000000126e+01
2.317656749999999884e+05 -1.892915999999999954e+01
2.317657500000000000e+05 -1.871552000000000149e+01
2.317658250000000116e+05 -1.829196999999999917e+01
2.317658999999999942e+05 -1.839198000000000022e+01
2.317659750000000058e+05 -1.864471999999999952e+01
2.317660499999999884e+05 -1.877704999999999913e+01
2.317661250000000000e+05 -1.835823999999999856e+01
2.317662000000000116e+05 -1.794898999999999845e+01
2.317662749999999942e+05 -1.833805999999999869e+01
2.317663500000000058e+05 -1.818483000000000160e+01
2.317664249999999884e+05 -1.822990000000000066e+01
2.317665000000000000e+05 -1.863203000000000031e+01
2.317665750000000116e+05 -1.890709999999999980e+01
2.317666499999999942e+05 -1.824580999999999875e+01
2.317667250000000058e+05 -1.805202999999999847e+01
2.317667999999999884e+05 -1.847554999999999836e+01
2.317668750000000000e+05 -1.806926999999999950e+01
2.317669500000000116e+05 -1.802601999999999904e+01
2.317670249999999942e+05 -1.803969000000000023e+01
2.317671000000000058e+05 -1.816891000000000034e+01
2.317671749999999884e+05 -1.793136000000000152e+01
2.317672500000000000e+05 -1.885662999999999911e+01
2.317673250000000116e+05 -1.735988000000000042e+01
2.317673999999999942e+05 -1.782067999999999941e+01
2.317674750000000058e+05 -1.838335000000000008e+01
2.317675499999999884e+05 -1.806146000000000029e+01
2.317676250000000000e+05 -1.851811999999999969e+01
2.317677000000000116e+05 -1.790964999999999918e+01
2.317677749999999942e+05 -1.762050999999999945e+01
2.317678500000000058e+05 -1.779588000000000036e+01
2.317679249999999884e+05 -1.749946999999999875e+01
2.317680000000000000e+05 -1.837361999999999895e+01
2.317680750000000116e+05 -1.818913999999999831e+01
2.317681499999999942e+05 -1.782336000000000098e+01
2.317682250000000058e+05 -1.776423000000000130e+01
2.317682999999999884e+05 -1.814207000000000036e+01
2.317683750000000000e+05 -1.751642000000000010e+01
2.317684500000000116e+05 -1.726194999999999879e+01
2.317685249999999942e+05 -1.702997999999999834e+01
2.317686000000000058e+05 -1.724517000000000166e+01
2.317686749999999884e+05 -1.695102999999999938e+01
2.317687500000000000e+05 -1.675897000000000148e+01
2.317688250000000116e+05 -1.729249000000000080e+01
2.317688999999999942e+05 -1.712140000000000128e+01
2.317689750000000058e+05 -1.661443999999999832e+01
2.317690499999999884e+05 -1.659240000000000137e+01
2.317691250000000000e+05 -1.701400999999999897e+01
2.317692000000000116e+05 -1.763122999999999863e+01
2.317692749999999942e+05 -1.722605000000000075e+01
2.317693500000000058e+05 -1.741339999999999932e+01
2.317694249999999884e+05 -1.690987000000000151e+01
2.317695000000000000e+05 -1.674687000000000126e+01
2.317695750000000116e+05 -1.657937000000000083e+01
2.317696499999999942e+05 -1.625851000000000113e+01
2.317697250000000058e+05 -1.643796999999999997e+01
2.317697999999999884e+05 -1.679419000000000040e+01
2.317698750000000000e+05 -1.649838000000000093e+01
2.317699500000000116e+05 -1.624002000000000123e+01
2.317700249999999942e+05 -1.629479999999999862e+01
2.317701000000000058e+05 -1.629691000000000045e+01
2.317701749999999884e+05 -1.588110999999999962e+01
2.317702500000000000e+05 -1.611517999999999873e+01
2.317703250000000116e+05 -1.574277000000000015e+01
2.317703999999999942e+05 -1.594239999999999924e+01
2.317704750000000058e+05 -1.624017999999999873e+01
2.317705499999999884e+05 -1.528602000000000061e+01
2.317706250000000000e+05 -1.591905000000000037e+01
2.317707000000000116e+05 -1.577481000000000044e+01
2.317707749999999942e+05 -1.523079000000000072e+01
2.317708500000000058e+05 -1.595420000000000016e+01
2.317709249999999884e+05 -1.491119999999999912e+01
2.317710000000000000e+05 -1.526969000000000065e+01
2.317710750000000116e+05 -1.507937000000000083e+01
2.317711499999999942e+05 -1.468974000000000046e+01
2.317712250000000058e+05 -1.527712000000000003e+01
2.317712999999999884e+05 -1.504165000000000063e+01
2.317713750000000000e+05 -1.476986999999999917e+01
2.317714500000000116e+05 -1.483506000000000036e+01
2.317715249999999942e+05 -1.452077000000000062e+01
2.317716000000000058e+05 -1.425487000000000037e+01
2.317716749999999884e+05 -1.416840000000000011e+01
2.317717500000000000e+05 -1.410070999999999941e+01
2.317718250000000116e+05 -1.407074000000000069e+01
2.317718999999999942e+05 -1.405957000000000079e+01
2.317719750000000058e+05 -1.356265999999999927e+01
2.317720499999999884e+05 -1.321737000000000073e+01
2.317721250000000000e+05 -1.301224000000000025e+01
2.317722000000000116e+05 -1.312712999999999930e+01
2.317722749999999942e+05 -1.325402000000000058e+01
2.317723500000000058e+05 -1.251758000000000060e+01
2.317724249999999884e+05 -1.292097000000000051e+01
2.317725000000000000e+05 -1.255400000000000027e+01
2.317725750000000116e+05 -1.294833000000000034e+01
2.317726499999999942e+05 -1.242112000000000016e+01
2.317727250000000058e+05 -1.218209000000000053e+01
2.317727999999999884e+05 -1.148147999999999946e+01
2.317728750000000000e+05 -1.185712999999999973e+01
2.317729500000000116e+05 -1.157013000000000069e+01
2.317730249999999942e+05 -1.135871999999999993e+01
2.317731000000000058e+05 -1.113740999999999914e+01
2.317731749999999884e+05 -1.067177000000000042e+01
2.317732500000000000e+05 -1.056245000000000012e+01
2.317733250000000116e+05 -1.062191999999999936e+01
2.317733999999999942e+05 -1.052100000000000080e+01
2.317734750000000058e+05 -1.015492000000000061e+01
2.317735499999999884e+05 -9.857468000000000785e+00
2.317736250000000000e+05 -1.001590999999999987e+01
2.317737000000000116e+05 -9.709538000000000224e+00
2.317737749999999942e+05 -9.378092999999999790e+00
2.317738500000000058e+05 -9.175580000000000069e+00
2.317739249999999884e+05 -9.286692000000000391e+00
2.317740000000000000e+05 -9.346693000000000140e+00
2.317740750000000116e+05 -9.272588000000000719e+00
2.317741499999999942e+05 -9.390247999999999706e+00
2.317742250000000058e+05 -9.392433999999999727e+00
2.317742999999999884e+05 -9.378306000000000253e+00
2.317743750000000000e+05 -9.474733000000000516e+00
2.317744500000000116e+05 -9.753149999999999764e+00
2.317745249999999942e+05 -1.033577000000000012e+01
2.317746000000000058e+05 -1.061500000000000021e+01
2.317746749999999884e+05 -1.081001000000000012e+01
2.317747500000000000e+05 -1.116838000000000086e+01
2.317748250000000116e+05 -1.174902999999999942e+01
2.317748999999999942e+05 -1.223550999999999966e+01
2.317749750000000058e+05 -1.273865999999999943e+01
2.317750499999999884e+05 -1.397059999999999924e+01
2.317751250000000000e+05 -1.483885000000000076e+01
2.317752000000000116e+05 -1.556564999999999976e+01
2.317752749999999942e+05 -1.644487000000000165e+01
2.317753500000000058e+05 -1.410643999999999920e+01
2.317754249999999884e+05 -1.318889000000000067e+01
2.317755000000000000e+05 -1.344059000000000026e+01
2.317755750000000116e+05 -1.318482999999999983e+01
2.317756499999999942e+05 -1.331758999999999915e+01
2.317757250000000058e+05 -1.317988000000000071e+01
2.317757999999999884e+05 -1.293722999999999956e+01
2.317758750000000000e+05 -1.325089999999999968e+01
2.317759500000000116e+05 -1.288142999999999994e+01
2.317760249999999942e+05 -1.222772999999999932e+01
2.317761000000000058e+05 -1.257474999999999987e+01
2.317761749999999884e+05 -1.219890000000000008e+01
2.317762500000000000e+05 -1.201219999999999999e+01
2.317763250000000116e+05 -1.161865000000000059e+01
2.317763999999999942e+05 -1.157212999999999958e+01
2.317764750000000058e+05 -1.126927000000000056e+01
2.317765499999999884e+05 -1.097099000000000046e+01
2.317766250000000000e+05 -1.085036999999999985e+01
2.317767000000000116e+05 -1.109322000000000052e+01
2.317767749999999942e+05 -1.063625000000000043e+01
2.317768500000000058e+05 -1.061283000000000065e+01
2.317769249999999884e+05 -1.018801999999999985e+01
2.317770000000000000e+05 -9.985516000000000503e+00
2.317770750000000116e+05 -1.017004000000000019e+01
2.317771499999999942e+05 -9.927671000000000134e+00
2.317772250000000058e+05 -9.867464000000000013e+00
2.317772999999999884e+05 -9.623974999999999724e+00
2.317773750000000000e+05 -9.510123999999999356e+00
2.317774500000000116e+05 -9.647769999999999513e+00
2.317775249999999942e+05 -9.428008000000000166e+00
2.317776000000000058e+05 -9.133485999999999549e+00
2.317776749999999884e+05 -9.492934999999999235e+00
2.317777500000000000e+05 -9.327695999999999543e+00
2.317778250000000116e+05 -9.579556000000000182e+00
2.317778999999999942e+05 -9.707216000000000733e+00
2.317779750000000058e+05 -9.957841999999999416e+00
2.317780499999999884e+05 -1.041208999999999918e+01
2.317781250000000000e+05 -1.104607000000000028e+01
2.317782000000000116e+05 -1.113147000000000020e+01
2.317782749999999942e+05 -1.166336000000000084e+01
2.317783500000000058e+05 -1.223052999999999990e+01
2.317784249999999884e+05 -1.276534999999999975e+01
2.317785000000000000e+05 -1.342694999999999972e+01
2.317785750000000116e+05 -1.435276999999999958e+01
2.317786499999999942e+05 -1.510350999999999999e+01
2.317787250000000058e+05 -1.629176999999999964e+01
2.317787999999999884e+05 -1.703609000000000151e+01
2.317788750000000000e+05 -1.748451999999999984e+01
2.317789500000000116e+05 -1.824975999999999843e+01
2.317790249999999942e+05 -1.904054000000000002e+01
2.317791000000000058e+05 -1.989285999999999888e+01
2.317791749999999884e+05 -2.139023999999999859e+01
2.317792500000000000e+05 -2.032807999999999993e+01
2.317793250000000116e+05 -2.276188000000000144e+01
2.317793999999999942e+05 -2.191788000000000025e+01
2.317794750000000058e+05 -2.173488000000000042e+01
2.317795499999999884e+05 -2.362966000000000122e+01
2.317796250000000000e+05 -2.498208999999999946e+01
2.317797000000000116e+05 -2.532409000000000177e+01
2.317797749999999942e+05 -2.633654999999999902e+01
2.317798500000000058e+05 -2.540717000000000070e+01
2.317799249999999884e+05 -2.802664000000000044e+01
2.317800000000000000e+05 -2.627457000000000065e+01
2.317800750000000116e+05 -2.913541000000000025e+01
2.317801499999999942e+05 -2.718497999999999948e+01
2.317802250000000058e+05 -3.279800000000000182e+01
2.317802999999999884e+05 -3.150475000000000136e+01
2.317803750000000000e+05 -2.961823000000000050e+01
2.317804500000000116e+05 -3.106726000000000099e+01
2.317805249999999942e+05 -3.175114999999999910e+01
2.317806000000000058e+05 -3.253781000000000034e+01
2.317806749999999884e+05 -3.095374999999999943e+01
2.317807500000000000e+05 -3.376818000000000097e+01
2.317808250000000116e+05 -3.504120000000000346e+01
2.317808999999999942e+05 -3.670978999999999814e+01
2.317809750000000058e+05 -3.815926000000000329e+01
2.317810499999999884e+05 -4.548875000000000313e+01
2.317811250000000000e+05 -3.360687000000000069e+01
2.317812000000000116e+05 -3.490952000000000055e+01
2.317812749999999942e+05 -3.638823000000000008e+01
2.317813500000000058e+05 -3.530935999999999808e+01
2.317814249999999884e+05 -4.533661000000000030e+01
2.317815000000000000e+05 -3.970687000000000211e+01
2.317815750000000116e+05 -4.352812000000000126e+01
2.317816499999999942e+05 -3.395331999999999795e+01
2.317817250000000058e+05 -3.229471000000000203e+01
2.317817999999999884e+05 -3.964661999999999864e+01
2.317818750000000000e+05 -3.429480000000000217e+01
2.317819500000000116e+05 -3.562682999999999822e+01
2.317820249999999942e+05 -3.245481000000000193e+01
2.317821000000000058e+05 -3.985764000000000351e+01
2.317821749999999884e+05 -3.630456999999999823e+01
2.317822500000000000e+05 -3.754283999999999821e+01
2.317823250000000116e+05 -3.568215000000000003e+01
2.317823999999999942e+05 -3.319299000000000177e+01
2.317824750000000058e+05 -3.427897999999999712e+01
2.317825499999999884e+05 -3.146670999999999907e+01
2.317826250000000000e+05 -3.507815000000000083e+01
2.317827000000000116e+05 -3.075281999999999982e+01
2.317827749999999942e+05 -3.179028999999999883e+01
2.317828500000000058e+05 -3.104207999999999856e+01
2.317829249999999884e+05 -3.146378999999999948e+01
2.317830000000000000e+05 -3.068421000000000021e+01
2.317830750000000116e+05 -3.232730999999999710e+01
2.317831499999999942e+05 -3.058239999999999981e+01
2.317832250000000058e+05 -3.041627000000000081e+01
2.317832999999999884e+05 -2.975553000000000026e+01
2.317833750000000000e+05 -3.161946000000000012e+01
2.317834500000000116e+05 -3.192753000000000085e+01
2.317835249999999942e+05 -3.177880000000000038e+01
2.317836000000000058e+05 -2.947672000000000025e+01
2.317836749999999884e+05 -2.963254999999999839e+01
2.317837500000000000e+05 -2.819271000000000171e+01
2.317838250000000116e+05 -2.913131999999999877e+01
2.317838999999999942e+05 -2.862913999999999959e+01
2.317839750000000058e+05 -2.861589000000000027e+01
2.317840499999999884e+05 -2.893587000000000131e+01
2.317841250000000000e+05 -2.992740999999999829e+01
2.317842000000000116e+05 -2.931659000000000148e+01
2.317842749999999942e+05 -2.952176000000000045e+01
2.317843500000000058e+05 -2.856765000000000043e+01
2.317844249999999884e+05 -2.816857999999999862e+01
2.317845000000000000e+05 -2.690690999999999988e+01
2.317845750000000116e+05 -3.032735999999999876e+01
2.317846499999999942e+05 -2.826304999999999978e+01
2.317847250000000058e+05 -2.807864999999999966e+01
2.317847999999999884e+05 -2.670646999999999949e+01
2.317848750000000000e+05 -2.707213000000000136e+01
2.317849500000000116e+05 -2.759777000000000058e+01
2.317850249999999942e+05 -2.672541000000000011e+01
2.317851000000000058e+05 -2.742398999999999987e+01
2.317851749999999884e+05 -2.791009000000000029e+01
2.317852500000000000e+05 -2.526845000000000141e+01
2.317853250000000116e+05 -2.614824000000000126e+01
2.317853999999999942e+05 -2.766291000000000011e+01
2.317854750000000058e+05 -2.842826000000000164e+01
2.317855499999999884e+05 -2.602111000000000018e+01
2.317856250000000000e+05 -2.712903000000000020e+01
2.317857000000000116e+05 -2.667186999999999841e+01
2.317857749999999942e+05 -2.662108999999999881e+01
2.317858500000000058e+05 -2.569961999999999946e+01
2.317859249999999884e+05 -2.814883999999999986e+01
2.317860000000000000e+05 -2.776792999999999978e+01
2.317860750000000116e+05 -2.493577000000000155e+01
2.317861499999999942e+05 -2.505011999999999972e+01
2.317862250000000058e+05 -2.812302999999999997e+01
2.317862999999999884e+05 -2.546127999999999858e+01
2.317863750000000000e+05 -2.534468000000000032e+01
2.317864500000000116e+05 -2.484286000000000172e+01
2.317865249999999942e+05 -2.721409999999999840e+01
2.317866000000000058e+05 -2.601745999999999981e+01
2.317866749999999884e+05 -2.600196000000000041e+01
2.317867500000000000e+05 -2.616863000000000028e+01
2.317868250000000116e+05 -2.569461000000000084e+01
2.317868999999999942e+05 -2.469370999999999938e+01
2.317869750000000058e+05 -2.629457000000000022e+01
2.317870499999999884e+05 -2.656046999999999869e+01
2.317871250000000000e+05 -2.745142999999999844e+01
2.317872000000000116e+05 -2.525998999999999839e+01
2.317872749999999942e+05 -2.490979000000000099e+01
2.317873500000000058e+05 -2.540671999999999997e+01
2.317874249999999884e+05 -2.641566999999999865e+01
2.317875000000000000e+05 -2.525720000000000098e+01
2.317875750000000116e+05 -2.529938999999999893e+01
2.317876499999999942e+05 -2.592082999999999871e+01
2.317877250000000058e+05 -2.548750000000000071e+01
2.317877999999999884e+05 -2.422964999999999947e+01
2.317878750000000000e+05 -2.524363999999999919e+01
