# Temperature: None K
2.317964500000000116e+05 -2.165587999999999980e+01
2.317965250000000233e+05 -2.037255000000000038e+01
2.317966000000000058e+05 -1.936748000000000047e+01
2.317966750000000175e+05 -1.675599000000000061e+01
2.317967500000000000e+05 -2.042593000000000103e+01
2.317968250000000116e+05 -2.053556999999999988e+01
2.317969000000000233e+05 -2.390881999999999863e+01
2.317969750000000058e+05 -2.094697000000000031e+01
2.317970500000000175e+05 -1.740362999999999971e+01
2.317971250000000000e+05 -1.823661999999999850e+01
2.317972000000000116e+05 -2.021630000000000038e+01
2.317972750000000233e+05 -2.184139000000000053e+01
2.317973500000000058e+05 -1.813992999999999967e+01
2.317974250000000175e+05 -1.861927000000000021e+01
2.317975000000000000e+05 -2.007751000000000019e+01
2.317975750000000116e+05 -2.024020000000000152e+01
2.317976500000000233e+05 -1.957771999999999935e+01
2.317977250000000058e+05 -1.715284000000000120e+01
2.317978000000000175e+05 -2.037245000000000061e+01
2.317978750000000000e+05 -2.704777999999999949e+01
2.317979500000000116e+05 -1.763969000000000165e+01
2.317980250000000233e+05 -1.825377999999999901e+01
2.317981000000000058e+05 -1.928494999999999848e+01
2.317981750000000175e+05 -1.855885999999999925e+01
2.317982500000000000e+05 -1.786461999999999861e+01
2.317983250000000116e+05 -1.877702999999999989e+01
2.317984000000000233e+05 -2.435161000000000087e+01
2.317984750000000058e+05 -2.010895000000000010e+01
2.317985500000000175e+05 -1.770155000000000101e+01
2.317986250000000000e+05 -2.143023000000000167e+01
2.317987000000000116e+05 -2.094876999999999967e+01
2.317987750000000233e+05 -1.949018999999999835e+01
2.317988500000000058e+05 -1.924816999999999823e+01
2.317989250000000175e+05 -1.982412000000000063e+01
2.317990000000000000e+05 -1.832865999999999929e+01
2.317990750000000116e+05 -2.193851000000000084e+01
2.317991500000000233e+05 -1.864198999999999984e+01
2.317992250000000058e+05 -1.846797000000000111e+01
2.317993000000000175e+05 -1.912580000000000169e+01
2.317993750000000000e+05 -2.004549000000000092e+01
2.317994500000000116e+05 -2.048226999999999975e+01
2.317995250000000233e+05 -1.948100000000000165e+01
2.317996000000000058e+05 -1.815528000000000119e+01
2.317996750000000175e+05 -1.850940999999999903e+01
2.317997500000000000e+05 -1.953550999999999860e+01
2.317998250000000116e+05 -2.006017999999999901e+01
2.317999000000000233e+05 -1.855356000000000094e+01
2.317999750000000058e+05 -2.189448000000000150e+01
2.318000500000000175e+05 -1.978706999999999994e+01
2.318001250000000000e+05 -1.959012999999999849e+01
2.318002000000000116e+05 -2.224283000000000143e+01
2.318002750000000233e+05 -1.983623000000000047e+01
2.318003500000000058e+05 -2.180070999999999870e+01
2.318004250000000175e+05 -2.006518000000000157e+01
2.318005000000000000e+05 -1.941532000000000124e+01
2.318005750000000116e+05 -1.869397999999999982e+01
2.318006500000000233e+05 -1.667616999999999905e+01
2.318007250000000058e+05 -1.798095999999999961e+01
2.318008000000000175e+05 -1.994337000000000160e+01
2.318008750000000000e+05 -1.948325000000000173e+01
2.318009500000000116e+05 -1.868665999999999983e+01
2.318010250000000233e+05 -2.008082999999999885e+01
2.318011000000000058e+05 -1.995442999999999856e+01
2.318011750000000175e+05 -1.667922000000000082e+01
2.318012500000000000e+05 -2.127539000000000158e+01
2.318013250000000116e+05 -1.915247000000000099e+01
2.318014000000000233e+05 -1.877712000000000003e+01
2.318014750000000058e+05 -1.769670999999999950e+01
2.318015500000000175e+05 -1.642764999999999986e+01
2.318016250000000000e+05 -1.845568000000000097e+01
2.318017000000000116e+05 -1.742596999999999952e+01
2.318017750000000233e+05 -1.796374000000000137e+01
2.318018500000000058e+05 -1.842612000000000094e+01
2.318019250000000175e+05 -1.841156000000000148e+01
2.318020000000000000e+05 -1.854017999999999944e+01
2.318020750000000116e+05 -1.791739000000000104e+01
2.318021500000000233e+05 -1.943571999999999989e+01
2.318022250000000058e+05 -1.813815999999999917e+01
2.318023000000000175e+05 -2.098508999999999958e+01
2.318023750000000000e+05 -1.830264999999999986e+01
2.318024500000000116e+05 -1.798177000000000092e+01
2.318025250000000233e+05 -1.842510000000000048e+01
2.318026000000000058e+05 -1.801499000000000095e+01
2.318026750000000175e+05 -1.817098999999999975e+01
2.318027500000000000e+05 -1.839563000000000059e+01
2.318028250000000116e+05 -1.723537999999999926e+01
2.318029000000000233e+05 -1.699354999999999905e+01
2.318029750000000058e+05 -1.910584000000000060e+01
2.318030500000000175e+05 -1.744369999999999976e+01
2.318031250000000000e+05 -1.969134000000000029e+01
2.318032000000000116e+05 -1.854802000000000106e+01
2.318032750000000233e+05 -1.751441000000000159e+01
2.318033500000000058e+05 -1.886570000000000036e+01
2.318034250000000175e+05 -1.512293999999999983e+01
2.318035000000000000e+05 -1.716880000000000095e+01
2.318035750000000116e+05 -2.053178000000000125e+01
2.318036500000000233e+05 -1.872397000000000133e+01
2.318037250000000058e+05 -1.846037000000000106e+01
2.318038000000000175e+05 -1.721328000000000102e+01
2.318038750000000000e+05 -1.907817000000000007e+01
2.318039500000000116e+05 -1.666958999999999946e+01
2.318040250000000233e+05 -1.901873000000000147e+01
2.318041000000000058e+05 -1.733304000000000045e+01
2.318041750000000175e+05 -1.998874999999999957e+01
2.318042500000000000e+05 -1.847126000000000090e+01
2.318043250000000116e+05 -1.989527999999999963e+01
2.318044000000000233e+05 -1.749140999999999835e+01
2.318044750000000058e+05 -1.623755999999999844e+01
2.318045500000000175e+05 -1.968460999999999927e+01
2.318046250000000000e+05 -1.646133999999999986e+01
2.318047000000000116e+05 -1.921132000000000062e+01
2.318047750000000233e+05 -1.683142000000000138e+01
2.318048500000000058e+05 -1.685848999999999975e+01
2.318049250000000175e+05 -1.841923999999999850e+01
2.318050000000000000e+05 -1.674747999999999948e+01
2.318050750000000116e+05 -1.622560000000000002e+01
2.318051500000000233e+05 -1.858166999999999902e+01
2.318052250000000058e+05 -1.981865000000000165e+01
2.318053000000000175e+05 -2.030284999999999940e+01
2.318053750000000000e+05 -1.771664000000000172e+01
2.318054500000000116e+05 -1.845052000000000092e+01
2.318055250000000233e+05 -1.740213999999999928e+01
2.318056000000000058e+05 -1.807510999999999868e+01
2.318056750000000175e+05 -1.823868999999999829e+01
2.318057500000000000e+05 -1.868628000000000000e+01
2.318058250000000116e+05 -1.640480000000000160e+01
2.318059000000000233e+05 -1.642933999999999983e+01
2.318059750000000058e+05 -1.590760000000000041e+01
2.318060500000000175e+05 -1.656373999999999924e+01
2.318061250000000000e+05 -1.640519000000000105e+01
2.318062000000000116e+05 -1.665587000000000018e+01
2.318062750000000233e+05 -1.564127000000000045e+01
2.318063500000000058e+05 -1.502887999999999913e+01
2.318064250000000175e+05 -1.622017999999999915e+01
2.318065000000000000e+05 -1.692443000000000097e+01
2.318065750000000116e+05 -1.526885000000000048e+01
2.318066500000000233e+05 -1.574488000000000021e+01
2.318067250000000058e+05 -1.700326000000000093e+01
2.318068000000000175e+05 -1.647587000000000046e+01
2.318068750000000000e+05 -1.684744999999999848e+01
2.318069500000000116e+05 -1.501308000000000042e+01
2.318070250000000233e+05 -1.824765000000000015e+01
2.318071000000000058e+05 -1.509421999999999997e+01
2.318071750000000175e+05 -1.627403999999999940e+01
2.318072500000000000e+05 -1.452782000000000018e+01
2.318073250000000116e+05 -1.530711999999999939e+01
2.318074000000000233e+05 -1.492528000000000077e+01
2.318074750000000058e+05 -1.541000000000000014e+01
2.318075500000000175e+05 -1.437354000000000021e+01
2.318076250000000000e+05 -1.608811000000000035e+01
2.318077000000000116e+05 -1.528670999999999935e+01
2.318077750000000233e+05 -1.354840000000000089e+01
2.318078500000000058e+05 -1.431235999999999997e+01
2.318079250000000175e+05 -1.261162000000000027e+01
2.318080000000000000e+05 -1.531395999999999979e+01
2.318080750000000116e+05 -1.401690999999999931e+01
2.318081500000000233e+05 -1.471232999999999969e+01
2.318082250000000058e+05 -1.363962000000000074e+01
2.318083000000000175e+05 -1.401317000000000057e+01
2.318083750000000000e+05 -1.403442000000000078e+01
2.318084500000000116e+05 -1.349815000000000076e+01
2.318085250000000233e+05 -1.091372999999999927e+01
2.318086000000000058e+05 -1.293407999999999980e+01
2.318086750000000175e+05 -1.316309000000000040e+01
2.318087500000000000e+05 -1.296631000000000000e+01
2.318088250000000116e+05 -1.224854000000000021e+01
2.318089000000000233e+05 -1.314581000000000088e+01
2.318089750000000058e+05 -1.239842999999999940e+01
2.318090500000000175e+05 -1.145026000000000010e+01
2.318091250000000000e+05 -1.112637999999999927e+01
2.318092000000000116e+05 -1.112942999999999927e+01
2.318092750000000233e+05 -1.205649000000000015e+01
2.318093500000000058e+05 -1.123404000000000025e+01
2.318094250000000175e+05 -9.804793999999999343e+00
2.318095000000000000e+05 -9.428774999999999906e+00
2.318095750000000116e+05 -1.009506000000000014e+01
2.318096500000000233e+05 -9.592093000000000202e+00
2.318097250000000058e+05 -8.012610000000000454e+00
2.318098000000000175e+05 -7.839148999999999923e+00
2.318098750000000000e+05 -8.674765999999999977e+00
2.318099500000000116e+05 -7.223828000000000138e+00
2.318100250000000233e+05 -6.235089000000000325e+00
2.318101000000000058e+05 -6.885909999999999975e+00
2.318101750000000175e+05 -6.124310000000000365e+00
2.318102500000000000e+05 -5.775019000000000347e+00
2.318103250000000116e+05 -5.032157999999999909e+00
2.318104000000000233e+05 -4.323947999999999681e+00
2.318104750000000058e+05 -4.027922000000000224e+00
2.318105500000000175e+05 -3.319709000000000021e+00
2.318106250000000000e+05 -2.482860000000000067e+00
2.318107000000000116e+05 -1.992521999999999904e+00
2.318107750000000233e+05 -1.109344000000000108e+00
2.318108500000000058e+05 -7.091104000000000296e-01
2.318109250000000175e+05 -1.458438999999999985e-01
2.318110000000000000e+05 2.506548000000000109e-01
2.318110750000000116e+05 5.321010000000000462e-01
2.318111500000000233e+05 9.358528000000000402e-01
2.318112250000000058e+05 1.555258000000000029e+00
2.318113000000000175e+05 1.623879999999999990e+00
2.318113750000000000e+05 1.540931999999999968e+00
2.318114500000000116e+05 1.528238999999999903e+00
2.318115250000000233e+05 1.631950999999999929e+00
2.318116000000000058e+05 1.491301999999999905e+00
2.318116750000000175e+05 9.278066999999999842e-01
2.318117500000000000e+05 5.992520000000000069e-01
2.318118250000000116e+05 -7.211992000000000402e-01
2.318119000000000233e+05 -1.570739000000000107e+00
2.318119750000000058e+05 -2.253096999999999905e+00
2.318120500000000175e+05 -3.000753000000000004e+00
2.318121250000000000e+05 -3.330169000000000157e+00
2.318122000000000116e+05 -3.008713000000000193e+00
2.318122750000000233e+05 -2.692953999999999848e+00
2.318123500000000058e+05 -2.623679000000000094e+00
2.318124250000000175e+05 -2.342680999999999791e+00
2.318125000000000000e+05 -2.231924999999999937e+00
2.318125750000000116e+05 -3.116862999999999939e+00
2.318126500000000233e+05 -3.733388999999999847e+00
2.318127250000000058e+05 -4.604003999999999763e+00
2.318128000000000175e+05 -4.743897999999999726e+00
2.318128750000000000e+05 -4.431714000000000375e+00
2.318129500000000116e+05 -4.474904999999999688e+00
2.318130250000000233e+05 -4.693586999999999954e+00
2.318131000000000058e+05 -4.033228000000000257e+00
2.318131750000000175e+05 -5.532588999999999757e+00
2.318132500000000000e+05 -6.017934000000000339e+00
2.318133250000000116e+05 -6.655178000000000260e+00
2.318134000000000233e+05 -6.768880000000000230e+00
2.318134750000000058e+05 -6.165288999999999575e+00
2.318135500000000175e+05 -6.222799000000000191e+00
2.318136250000000000e+05 -6.873422999999999838e+00
2.318137000000000116e+05 -7.427184999999999704e+00
2.318137750000000233e+05 -7.580797999999999703e+00
2.318138500000000058e+05 -7.804607999999999990e+00
2.318139250000000175e+05 -7.718346000000000373e+00
2.318140000000000000e+05 -8.594272999999999385e+00
2.318140750000000116e+05 -9.119782000000000721e+00
2.318141500000000233e+05 -8.924025999999999570e+00
2.318142250000000058e+05 -9.963312999999999420e+00
2.318143000000000175e+05 -1.002215999999999951e+01
2.318143750000000000e+05 -1.003758999999999979e+01
2.318144500000000116e+05 -9.028726999999999947e+00
2.318145250000000233e+05 -1.025061999999999962e+01
2.318146000000000058e+05 -1.133220000000000027e+01
2.318146750000000175e+05 -1.040417000000000058e+01
2.318147500000000000e+05 -1.020457000000000036e+01
2.318148250000000116e+05 -1.136331000000000024e+01
2.318149000000000233e+05 -1.218990999999999936e+01
2.318149750000000058e+05 -1.199693000000000076e+01
2.318150500000000175e+05 -1.130186999999999919e+01
2.318151250000000000e+05 -1.170986000000000082e+01
2.318152000000000116e+05 -1.368579000000000079e+01
2.318152750000000233e+05 -1.318937000000000026e+01
2.318153500000000058e+05 -1.262725000000000009e+01
2.318154250000000175e+05 -1.154261999999999944e+01
2.318155000000000000e+05 -1.492727999999999966e+01
2.318155750000000116e+05 -1.296875000000000000e+01
2.318156500000000233e+05 -1.314150000000000063e+01
2.318157250000000058e+05 -1.586524000000000001e+01
2.318158000000000175e+05 -1.642249999999999943e+01
2.318158750000000000e+05 -1.536265999999999998e+01
2.318159500000000116e+05 -1.505968999999999980e+01
2.318160250000000233e+05 -1.635321000000000069e+01
2.318161000000000058e+05 -1.414504999999999946e+01
2.318161750000000175e+05 -1.595468999999999937e+01
2.318162500000000000e+05 -1.786229000000000156e+01
2.318163250000000116e+05 -1.597967000000000048e+01
2.318164000000000233e+05 -1.508698000000000050e+01
2.318164750000000058e+05 -2.012998999999999938e+01
2.318165500000000175e+05 -1.638128000000000029e+01
2.318166250000000000e+05 -1.754441999999999879e+01
2.318167000000000116e+05 -2.226870999999999867e+01
2.318167750000000233e+05 -1.557408000000000037e+01
2.318168500000000058e+05 -1.804881999999999920e+01
2.318169250000000175e+05 -2.095977999999999852e+01
2.318170000000000000e+05 -1.435575000000000045e+01
2.318170750000000116e+05 -2.198884999999999934e+01
2.318171500000000233e+05 -1.789638000000000062e+01
2.318172250000000058e+05 -1.759950999999999866e+01
2.318173000000000175e+05 -2.724622000000000099e+01
2.318173750000000000e+05 -1.861550000000000082e+01
2.318174500000000116e+05 -1.905009000000000086e+01
2.318175250000000233e+05 -2.027058999999999855e+01
2.318176000000000058e+05 -1.787479000000000084e+01
2.318176750000000175e+05 -2.521087999999999951e+01
2.318177500000000000e+05 -1.858157999999999888e+01
2.318178250000000116e+05 -2.260885000000000034e+01
2.318179000000000233e+05 -1.884517999999999915e+01
2.318179750000000058e+05 -2.212750000000000128e+01
2.318180500000000175e+05 -3.165699000000000041e+01
2.318181250000000000e+05 -1.855631999999999948e+01
2.318182000000000116e+05 -2.618306000000000111e+01
2.318182750000000233e+05 -2.237062999999999846e+01
2.318183500000000058e+05 -2.626113000000000142e+01
2.318184250000000175e+05 -2.159984999999999999e+01
2.318185000000000000e+05 -2.182741000000000042e+01
2.318185750000000116e+05 -2.378593000000000046e+01
2.318186500000000233e+05 -2.407665000000000077e+01
2.318187250000000058e+05 -2.874899999999999878e+01
2.318188000000000175e+05 -1.984144999999999825e+01
2.318188750000000000e+05 -3.197550000000000026e+01
2.318189500000000116e+05 -2.053733000000000075e+01
2.318190250000000233e+05 -3.009151999999999916e+01
2.318191000000000058e+05 -1.896819999999999951e+01
2.318191750000000175e+05 -2.865315999999999974e+01
2.318192500000000000e+05 -1.973614999999999853e+01
2.318193250000000116e+05 -3.243493000000000137e+01
2.318194000000000233e+05 -2.576586999999999961e+01
2.318194750000000058e+05 -3.675063000000000102e+01
2.318195500000000175e+05 -2.187770000000000081e+01
2.318196250000000000e+05 -3.081375999999999848e+01
2.318197000000000116e+05 -2.255378999999999934e+01
2.318197750000000233e+05 -2.760446999999999917e+01
2.318198500000000058e+05 -2.385372999999999877e+01
2.318199250000000175e+05 -2.400880000000000081e+01
2.318200000000000000e+05 -2.756364999999999910e+01
2.318200750000000116e+05 -2.347783000000000087e+01
2.318201500000000233e+05 -2.880114000000000019e+01
2.318202250000000058e+05 -2.074803999999999959e+01
2.318203000000000175e+05 -2.536267000000000138e+01
2.318203750000000000e+05 -2.047472000000000136e+01
2.318204500000000116e+05 -2.637893000000000043e+01
2.318205250000000233e+05 -2.494810000000000016e+01
2.318206000000000058e+05 -2.382947000000000060e+01
2.318206750000000175e+05 -2.066831000000000174e+01
2.318207500000000000e+05 -2.448683000000000121e+01
2.318208250000000116e+05 -2.437151000000000067e+01
2.318209000000000233e+05 -2.264461000000000013e+01
2.318209750000000058e+05 -2.299716000000000093e+01
2.318210500000000175e+05 -2.622315000000000040e+01
2.318211250000000000e+05 -2.040768999999999878e+01
2.318212000000000116e+05 -3.083538000000000068e+01
2.318212750000000233e+05 -2.463082999999999956e+01
2.318213500000000058e+05 -2.506118000000000023e+01
2.318214250000000175e+05 -2.559965000000000046e+01
2.318215000000000000e+05 -2.576500000000000057e+01
2.318215750000000116e+05 -2.224675999999999831e+01
2.318216500000000233e+05 -2.781778999999999868e+01
2.318217250000000058e+05 -2.736400000000000077e+01
2.318218000000000175e+05 -3.051602000000000103e+01
2.318218750000000000e+05 -2.369085000000000107e+01
2.318219500000000116e+05 -1.945626000000000033e+01
2.318220250000000233e+05 -2.538610999999999862e+01
2.318221000000000058e+05 -2.790065999999999846e+01
2.318221750000000175e+05 -2.472113999999999834e+01
2.318222500000000000e+05 -2.653775999999999868e+01
2.318223250000000116e+05 -2.321594999999999942e+01
2.318224000000000233e+05 -2.200429000000000102e+01
2.318224750000000058e+05 -2.489423999999999992e+01
2.318225500000000175e+05 -2.117866000000000071e+01
2.318226250000000000e+05 -2.337058000000000035e+01
2.318227000000000116e+05 -2.568550000000000111e+01
2.318227750000000233e+05 -2.463190000000000168e+01
2.318228500000000058e+05 -2.457412000000000063e+01
2.318229250000000175e+05 -2.436695999999999884e+01
2.318230000000000000e+05 -2.241339999999999932e+01
2.318230750000000116e+05 -2.440107000000000070e+01
2.318231500000000233e+05 -2.303575999999999979e+01
2.318232250000000058e+05 -2.730859999999999843e+01
2.318233000000000175e+05 -2.488101999999999947e+01
2.318233750000000000e+05 -2.451838000000000051e+01
2.318234500000000116e+05 -2.195266000000000162e+01
2.318235250000000233e+05 -2.357366999999999990e+01
2.318236000000000058e+05 -2.519412000000000162e+01
2.318236750000000175e+05 -1.996959999999999980e+01
2.318237500000000000e+05 -2.443593999999999866e+01
2.318238250000000116e+05 -2.347218000000000160e+01
2.318239000000000233e+05 -2.360608999999999824e+01
2.318239750000000058e+05 -2.792807000000000173e+01
2.318240500000000175e+05 -2.325853000000000037e+01
2.318241250000000000e+05 -2.070727000000000118e+01
2.318242000000000116e+05 -2.408625999999999934e+01
2.318242750000000233e+05 -2.894735999999999976e+01
2.318243500000000058e+05 -2.577758000000000038e+01
2.318244250000000175e+05 -2.355387999999999948e+01
2.318245000000000000e+05 -2.601784999999999926e+01
2.318245750000000116e+05 -2.566452999999999918e+01
2.318246500000000233e+05 -2.407764999999999844e+01
2.318247250000000058e+05 -2.461899999999999977e+01
2.318248000000000175e+05 -2.074130999999999858e+01
2.318248750000000000e+05 -2.352473000000000170e+01
2.318249500000000116e+05 -2.988046999999999898e+01
2.318250250000000233e+05 -2.492470000000000141e+01
2.318251000000000058e+05 -2.305651999999999902e+01
2.318251750000000175e+05 -2.097927999999999926e+01
2.318252500000000000e+05 -2.232195000000000107e+01
2.318253250000000116e+05 -2.527083999999999975e+01
2.318254000000000233e+05 -2.479635000000000034e+01
2.318254750000000058e+05 -2.626807000000000158e+01
2.318255500000000175e+05 -2.834972000000000136e+01
2.318256250000000000e+05 -2.388464000000000098e+01
2.318257000000000116e+05 -2.777368999999999843e+01
2.318257750000000233e+05 -2.053513999999999839e+01
2.318258500000000058e+05 -2.078160000000000096e+01
2.318259250000000175e+05 -2.207012999999999892e+01
2.318260000000000000e+05 -2.333569999999999922e+01
2.318260750000000116e+05 -2.657092000000000098e+01
2.318261500000000233e+05 -2.320676999999999879e+01
2.318262250000000058e+05 -2.336734999999999829e+01
2.318263000000000175e+05 -2.515957999999999828e+01
2.318263750000000000e+05 -2.161656999999999940e+01
2.318264500000000116e+05 -2.945918999999999954e+01
