# Temperature: None K
2.317968999999999942e+05 -1.969302000000000064e+01
2.317969750000000058e+05 -1.955646000000000129e+01
2.317970499999999884e+05 -1.723161999999999949e+01
2.317971250000000000e+05 -1.910494999999999877e+01
2.317971999999999825e+05 -1.882086999999999932e+01
2.317972749999999942e+05 -1.741054000000000102e+01
2.317973500000000058e+05 -1.986937999999999960e+01
2.317974249999999884e+05 -2.092326999999999870e+01
2.317975000000000000e+05 -1.882636000000000109e+01
2.317975749999999825e+05 -1.666031999999999869e+01
2.317976499999999942e+05 -2.038506999999999891e+01
2.317977250000000058e+05 -1.888352000000000075e+01
2.317977999999999884e+05 -2.108345999999999876e+01
2.317978750000000000e+05 -1.765745000000000076e+01
2.317979499999999825e+05 -2.041281999999999996e+01
2.317980249999999942e+05 -2.097077000000000169e+01
2.317981000000000058e+05 -2.136618999999999957e+01
2.317981749999999884e+05 -1.880260000000000176e+01
2.317982500000000000e+05 -1.746104000000000056e+01
2.317983249999999825e+05 -2.135357000000000127e+01
2.317983999999999942e+05 -2.076452000000000098e+01
2.317984750000000058e+05 -1.874878000000000000e+01
2.317985499999999884e+05 -1.673703000000000074e+01
2.317986250000000000e+05 -1.953968000000000060e+01
2.317986999999999825e+05 -2.179025999999999996e+01
2.317987749999999942e+05 -1.824846000000000146e+01
2.317988500000000058e+05 -1.837970999999999933e+01
2.317989249999999884e+05 -2.007012999999999892e+01
2.317990000000000000e+05 -1.718496999999999986e+01
2.317990749999999825e+05 -1.746325999999999823e+01
2.317991499999999942e+05 -2.082707999999999871e+01
2.317992250000000058e+05 -1.851050000000000040e+01
2.317992999999999884e+05 -1.792996000000000123e+01
2.317993750000000000e+05 -1.849746999999999986e+01
2.317994499999999825e+05 -1.962465999999999866e+01
2.317995249999999942e+05 -2.117857000000000056e+01
2.317996000000000058e+05 -1.761939999999999884e+01
2.317996749999999884e+05 -2.170333000000000112e+01
2.317997500000000000e+05 -1.920251999999999981e+01
2.317998249999999825e+05 -1.837959999999999994e+01
2.317998999999999942e+05 -2.038025999999999982e+01
2.317999750000000058e+05 -2.091178000000000026e+01
2.318000499999999884e+05 -1.833389999999999986e+01
2.318001250000000000e+05 -1.953422000000000125e+01
2.318001999999999825e+05 -1.766904999999999859e+01
2.318002749999999942e+05 -2.051880999999999844e+01
2.318003500000000058e+05 -2.100048999999999921e+01
2.318004249999999884e+05 -1.837850999999999857e+01
2.318005000000000000e+05 -2.056587000000000032e+01
2.318005749999999825e+05 -1.838617999999999952e+01
2.318006499999999942e+05 -1.870790999999999826e+01
2.318007250000000058e+05 -2.128538999999999959e+01
2.318007999999999884e+05 -1.877777000000000029e+01
2.318008750000000000e+05 -1.886384999999999934e+01
2.318009499999999825e+05 -1.917667000000000144e+01
2.318010249999999942e+05 -1.819295999999999935e+01
2.318011000000000058e+05 -1.933971000000000018e+01
2.318011749999999884e+05 -1.773762999999999934e+01
2.318012500000000000e+05 -2.009425999999999846e+01
2.318013249999999825e+05 -1.869346000000000174e+01
2.318013999999999942e+05 -1.966994000000000042e+01
2.318014750000000058e+05 -1.913575000000000159e+01
2.318015499999999884e+05 -1.812181999999999960e+01
2.318016250000000000e+05 -1.983574000000000126e+01
2.318016999999999825e+05 -1.729324000000000083e+01
2.318017749999999942e+05 -1.845486999999999966e+01
2.318018500000000058e+05 -1.898811999999999856e+01
2.318019249999999884e+05 -1.977560000000000073e+01
2.318020000000000000e+05 -1.907514000000000109e+01
2.318020749999999825e+05 -1.839833000000000141e+01
2.318021499999999942e+05 -1.970752999999999844e+01
2.318022250000000058e+05 -1.893565999999999860e+01
2.318022999999999884e+05 -1.737314999999999898e+01
2.318023750000000000e+05 -1.734036000000000044e+01
2.318024499999999825e+05 -1.934857999999999834e+01
2.318025249999999942e+05 -1.979441999999999879e+01
2.318026000000000058e+05 -1.866972000000000165e+01
2.318026749999999884e+05 -1.896704000000000079e+01
2.318027500000000000e+05 -1.794677000000000078e+01
2.318028249999999825e+05 -2.133105000000000118e+01
2.318028999999999942e+05 -1.799831999999999965e+01
2.318029750000000058e+05 -2.031735000000000113e+01
2.318030499999999884e+05 -1.820254999999999868e+01
2.318031250000000000e+05 -1.932647000000000048e+01
2.318031999999999825e+05 -1.693472999999999828e+01
2.318032749999999942e+05 -1.828725999999999985e+01
2.318033500000000058e+05 -1.919123000000000090e+01
2.318034249999999884e+05 -1.746790999999999983e+01
2.318035000000000000e+05 -1.939133999999999958e+01
2.318035749999999825e+05 -1.754139999999999944e+01
2.318036499999999942e+05 -1.944499000000000066e+01
2.318037250000000058e+05 -2.074024000000000001e+01
2.318037999999999884e+05 -1.866031999999999869e+01
2.318038750000000000e+05 -1.710412000000000177e+01
2.318039499999999825e+05 -1.827937999999999974e+01
2.318040249999999942e+05 -1.950641999999999854e+01
2.318041000000000058e+05 -1.768366999999999933e+01
2.318041749999999884e+05 -1.763942000000000121e+01
2.318042500000000000e+05 -1.719351999999999947e+01
2.318043249999999825e+05 -1.980508000000000024e+01
2.318043999999999942e+05 -1.714626000000000161e+01
2.318044750000000058e+05 -1.790671999999999997e+01
2.318045499999999884e+05 -1.818637000000000015e+01
2.318046250000000000e+05 -1.944426999999999950e+01
2.318046999999999825e+05 -1.672982000000000014e+01
2.318047749999999942e+05 -1.784894999999999854e+01
2.318048500000000058e+05 -1.907078999999999880e+01
2.318049249999999884e+05 -2.000138000000000105e+01
2.318050000000000000e+05 -1.816400000000000148e+01
2.318050749999999825e+05 -1.940632000000000090e+01
2.318051499999999942e+05 -1.889335000000000164e+01
2.318052250000000058e+05 -1.732989999999999853e+01
2.318052999999999884e+05 -1.738975999999999900e+01
2.318053750000000000e+05 -1.727250000000000085e+01
2.318054499999999825e+05 -1.920917999999999992e+01
2.318055249999999942e+05 -1.901378000000000057e+01
2.318056000000000058e+05 -1.745168999999999926e+01
2.318056749999999884e+05 -1.797263999999999839e+01
2.318057500000000000e+05 -1.840961000000000070e+01
2.318058249999999825e+05 -1.760897999999999897e+01
2.318058999999999942e+05 -1.670786999999999978e+01
2.318059750000000058e+05 -1.607384000000000057e+01
2.318060499999999884e+05 -1.735156999999999883e+01
2.318061250000000000e+05 -1.695112999999999914e+01
2.318061999999999825e+05 -1.746522999999999826e+01
2.318062749999999942e+05 -1.921413000000000082e+01
2.318063500000000058e+05 -1.582388000000000083e+01
2.318064249999999884e+05 -1.934215000000000018e+01
2.318065000000000000e+05 -1.582512999999999970e+01
2.318065749999999825e+05 -1.782951999999999870e+01
2.318066499999999942e+05 -1.705930999999999997e+01
2.318067250000000058e+05 -1.627734999999999843e+01
2.318067999999999884e+05 -1.596528999999999954e+01
2.318068750000000000e+05 -1.762502999999999886e+01
2.318069499999999825e+05 -1.646143000000000001e+01
2.318070249999999942e+05 -1.754473000000000127e+01
2.318071000000000058e+05 -1.982725999999999900e+01
2.318071749999999884e+05 -1.719136999999999915e+01
2.318072500000000000e+05 -1.633961000000000041e+01
2.318073249999999825e+05 -1.457859999999999978e+01
2.318073999999999942e+05 -1.765127000000000024e+01
2.318074750000000058e+05 -1.603575999999999979e+01
2.318075499999999884e+05 -1.613241000000000014e+01
2.318076250000000000e+05 -1.556756999999999991e+01
2.318076999999999825e+05 -1.498366000000000042e+01
2.318077749999999942e+05 -1.615801000000000087e+01
2.318078500000000058e+05 -1.647457999999999956e+01
2.318079249999999884e+05 -1.566286999999999985e+01
2.318080000000000000e+05 -1.678086000000000055e+01
2.318080749999999825e+05 -1.547977999999999987e+01
2.318081499999999942e+05 -1.618045000000000044e+01
2.318082250000000058e+05 -1.519469999999999921e+01
2.318082999999999884e+05 -1.607569000000000159e+01
2.318083750000000000e+05 -1.456331999999999915e+01
2.318084499999999825e+05 -1.326919999999999966e+01
2.318085249999999942e+05 -1.420993999999999957e+01
2.318086000000000058e+05 -1.382868999999999993e+01
2.318086749999999884e+05 -1.298338999999999999e+01
2.318087500000000000e+05 -1.399426000000000059e+01
2.318088249999999825e+05 -1.299740000000000073e+01
2.318088999999999942e+05 -1.433229000000000042e+01
2.318089750000000058e+05 -1.579813000000000045e+01
2.318090499999999884e+05 -1.365718000000000032e+01
2.318091250000000000e+05 -1.369449000000000005e+01
2.318091999999999825e+05 -1.194378000000000029e+01
2.318092749999999942e+05 -1.226875000000000071e+01
2.318093500000000058e+05 -1.267971999999999966e+01
2.318094249999999884e+05 -1.428330000000000055e+01
2.318095000000000000e+05 -1.167004000000000019e+01
2.318095749999999825e+05 -1.213531000000000049e+01
2.318096499999999942e+05 -1.131348999999999982e+01
2.318097250000000058e+05 -1.134881000000000029e+01
2.318097999999999884e+05 -1.142787000000000042e+01
2.318098750000000000e+05 -1.114545999999999992e+01
2.318099499999999825e+05 -9.785788999999999405e+00
2.318100249999999942e+05 -1.065282000000000018e+01
2.318101000000000058e+05 -9.764611999999999625e+00
2.318101749999999884e+05 -9.542972999999999928e+00
2.318102500000000000e+05 -9.373150000000000759e+00
2.318103249999999825e+05 -8.552758000000000749e+00
2.318103999999999942e+05 -9.152872000000000341e+00
2.318104750000000058e+05 -7.831090999999999802e+00
2.318105499999999884e+05 -7.206501000000000268e+00
2.318106250000000000e+05 -7.359134000000000064e+00
2.318106999999999825e+05 -6.184674000000000227e+00
2.318107749999999942e+05 -5.921179000000000414e+00
2.318108500000000058e+05 -5.364240999999999815e+00
2.318109249999999884e+05 -5.264727999999999852e+00
2.318110000000000000e+05 -4.794049000000000227e+00
2.318110749999999825e+05 -3.291119000000000128e+00
2.318111499999999942e+05 -3.107025999999999843e+00
2.318112250000000058e+05 -2.551753999999999856e+00
2.318112999999999884e+05 -1.738928999999999947e+00
2.318113750000000000e+05 -1.236749000000000098e+00
2.318114499999999825e+05 -4.592521999999999993e-01
2.318115249999999942e+05 -8.716575000000000017e-02
2.318116000000000058e+05 1.765210999999999864e-01
2.318116749999999884e+05 6.417336000000000151e-01
2.318117500000000000e+05 1.213581999999999939e+00
2.318118249999999825e+05 1.700321999999999889e+00
2.318118999999999942e+05 1.916350999999999916e+00
2.318119750000000058e+05 1.839345000000000008e+00
2.318120499999999884e+05 1.886031000000000013e+00
2.318121250000000000e+05 1.691840000000000011e+00
2.318121999999999825e+05 1.337285999999999975e+00
2.318122749999999942e+05 7.819964000000000359e-01
2.318123500000000058e+05 3.157253999999999894e-01
2.318124249999999884e+05 -6.841694999999999860e-01
2.318125000000000000e+05 -1.625882999999999967e+00
2.318125749999999825e+05 -2.420151000000000163e+00
2.318126499999999942e+05 -2.820842999999999989e+00
2.318127250000000058e+05 -2.994086999999999943e+00
2.318127999999999884e+05 -2.662344000000000044e+00
2.318128750000000000e+05 -2.642751000000000072e+00
2.318129499999999825e+05 -2.026632000000000211e+00
2.318130249999999942e+05 -2.214951999999999810e+00
2.318131000000000058e+05 -2.898686999999999792e+00
2.318131749999999884e+05 -2.852285000000000181e+00
2.318132500000000000e+05 -4.107069000000000081e+00
2.318133249999999825e+05 -4.585115000000000052e+00
2.318133999999999942e+05 -4.631225999999999843e+00
2.318134750000000058e+05 -5.680458999999999925e+00
2.318135499999999884e+05 -4.437109000000000414e+00
2.318136250000000000e+05 -4.710649000000000086e+00
2.318136999999999825e+05 -4.721932999999999936e+00
2.318137749999999942e+05 -5.513781999999999961e+00
2.318138500000000058e+05 -5.977114000000000260e+00
2.318139249999999884e+05 -6.547958000000000389e+00
2.318140000000000000e+05 -6.795230000000000103e+00
2.318140749999999825e+05 -6.785670999999999786e+00
2.318141499999999942e+05 -5.823312999999999739e+00
2.318142250000000058e+05 -6.156938000000000244e+00
2.318142999999999884e+05 -8.293521999999999395e+00
2.318143750000000000e+05 -7.851068999999999853e+00
2.318144499999999825e+05 -7.976046000000000191e+00
2.318145249999999942e+05 -7.863044999999999618e+00
2.318146000000000058e+05 -7.928245000000000431e+00
2.318146749999999884e+05 -9.007752999999999233e+00
2.318147500000000000e+05 -8.380625000000000213e+00
2.318148249999999825e+05 -9.370589999999999975e+00
2.318148999999999942e+05 -1.013954999999999984e+01
2.318149750000000058e+05 -9.788755999999999347e+00
2.318150499999999884e+05 -9.606493000000000393e+00
2.318151250000000000e+05 -1.054049999999999976e+01
2.318151999999999825e+05 -1.210491000000000028e+01
2.318152749999999942e+05 -1.120866000000000007e+01
2.318153500000000058e+05 -1.081297999999999959e+01
2.318154249999999884e+05 -1.187049999999999983e+01
2.318155000000000000e+05 -1.343017000000000039e+01
2.318155749999999825e+05 -1.126811999999999969e+01
2.318156499999999942e+05 -1.163172999999999924e+01
2.318157250000000058e+05 -1.254864000000000068e+01
2.318157999999999884e+05 -1.429782999999999937e+01
2.318158750000000000e+05 -1.355058000000000007e+01
2.318159499999999825e+05 -1.310506999999999955e+01
2.318160249999999942e+05 -1.408525000000000027e+01
2.318161000000000058e+05 -1.515358999999999945e+01
2.318161749999999884e+05 -1.263475000000000037e+01
2.318162500000000000e+05 -1.440875999999999912e+01
2.318163249999999825e+05 -1.414338000000000051e+01
2.318163999999999942e+05 -1.439429999999999943e+01
2.318164750000000058e+05 -1.299116000000000071e+01
2.318165499999999884e+05 -1.661465000000000103e+01
2.318166250000000000e+05 -1.648375000000000057e+01
2.318166999999999825e+05 -1.492088000000000036e+01
2.318167749999999942e+05 -1.543385999999999925e+01
2.318168500000000058e+05 -1.788359000000000165e+01
2.318169249999999884e+05 -1.508531999999999940e+01
2.318170000000000000e+05 -1.571669999999999945e+01
2.318170749999999825e+05 -1.954591999999999885e+01
2.318171499999999942e+05 -1.506272000000000055e+01
2.318172250000000058e+05 -1.676619000000000170e+01
2.318172999999999884e+05 -1.972763000000000133e+01
2.318173750000000000e+05 -1.404458999999999946e+01
2.318174499999999825e+05 -1.939649000000000001e+01
2.318175249999999942e+05 -1.865381999999999962e+01
2.318176000000000058e+05 -1.575646000000000058e+01
2.318176749999999884e+05 -2.503461000000000070e+01
2.318177500000000000e+05 -1.783825999999999823e+01
2.318178249999999825e+05 -1.876222999999999885e+01
2.318178999999999942e+05 -2.306831999999999994e+01
2.318179750000000058e+05 -1.649102999999999852e+01
2.318180499999999884e+05 -1.943318999999999974e+01
2.318181250000000000e+05 -1.990634999999999977e+01
2.318181999999999825e+05 -1.898639000000000010e+01
2.318182749999999942e+05 -2.602091000000000065e+01
2.318183500000000058e+05 -1.721676000000000073e+01
2.318184249999999884e+05 -2.477076999999999884e+01
2.318185000000000000e+05 -2.002637000000000000e+01
2.318185749999999825e+05 -2.155553000000000097e+01
2.318186499999999942e+05 -2.969395000000000095e+01
2.318187250000000058e+05 -1.561134999999999984e+01
2.318187999999999884e+05 -3.908008000000000237e+01
2.318188750000000000e+05 -1.967379000000000033e+01
2.318189499999999825e+05 -3.112538999999999945e+01
2.318190249999999942e+05 -2.219726999999999961e+01
2.318191000000000058e+05 -3.285857000000000028e+01
2.318191749999999884e+05 -2.125756000000000157e+01
2.318192500000000000e+05 -2.464180999999999955e+01
2.318193249999999825e+05 -2.438748000000000005e+01
2.318193999999999942e+05 -1.895407000000000153e+01
2.318194750000000058e+05 -2.704794000000000054e+01
2.318195499999999884e+05 -2.036962000000000117e+01
2.318196250000000000e+05 -2.471058999999999983e+01
2.318196999999999825e+05 -2.135925999999999902e+01
2.318197749999999942e+05 -2.584769999999999968e+01
2.318198500000000058e+05 -2.087115000000000009e+01
2.318199249999999884e+05 -3.284107000000000198e+01
2.318200000000000000e+05 -2.047810000000000130e+01
2.318200749999999825e+05 -3.160184999999999889e+01
2.318201499999999942e+05 -2.340231999999999957e+01
2.318202250000000058e+05 -2.458445000000000036e+01
2.318202999999999884e+05 -2.268384000000000000e+01
2.318203750000000000e+05 -2.330140000000000100e+01
2.318204499999999825e+05 -2.919254000000000104e+01
2.318205249999999942e+05 -2.062660999999999945e+01
2.318206000000000058e+05 -2.275093999999999994e+01
2.318206749999999884e+05 -2.362314999999999898e+01
2.318207500000000000e+05 -2.770314000000000121e+01
2.318208249999999825e+05 -1.899757999999999925e+01
2.318208999999999942e+05 -3.185981999999999914e+01
2.318209750000000058e+05 -2.497992999999999952e+01
2.318210499999999884e+05 -2.470899000000000001e+01
2.318211250000000000e+05 -2.390523999999999916e+01
2.318211999999999825e+05 -2.278913000000000011e+01
2.318212749999999942e+05 -2.573472999999999900e+01
2.318213500000000058e+05 -2.652777000000000029e+01
2.318214249999999884e+05 -2.428685000000000116e+01
2.318215000000000000e+05 -2.381776999999999944e+01
2.318215749999999825e+05 -2.473365000000000080e+01
2.318216499999999942e+05 -2.877312999999999832e+01
2.318217250000000058e+05 -2.379872999999999905e+01
2.318217999999999884e+05 -2.605650999999999939e+01
2.318218750000000000e+05 -2.115615999999999985e+01
2.318219499999999825e+05 -2.225731999999999999e+01
2.318220249999999942e+05 -3.637012000000000000e+01
2.318221000000000058e+05 -2.253178000000000125e+01
2.318221749999999884e+05 -2.287994000000000128e+01
2.318222500000000000e+05 -3.262465000000000259e+01
2.318223249999999825e+05 -2.461749000000000009e+01
2.318223999999999942e+05 -2.447277000000000058e+01
2.318224750000000058e+05 -2.403750000000000142e+01
2.318225499999999884e+05 -2.699719999999999942e+01
2.318226250000000000e+05 -2.748189999999999955e+01
2.318226999999999825e+05 -3.053552000000000177e+01
2.318227749999999942e+05 -1.948266999999999882e+01
2.318228500000000058e+05 -2.576821999999999946e+01
2.318229249999999884e+05 -2.403638000000000119e+01
2.318230000000000000e+05 -2.321936000000000178e+01
2.318230749999999825e+05 -2.445604000000000156e+01
2.318231499999999942e+05 -2.412174999999999869e+01
2.318232250000000058e+05 -2.700790999999999897e+01
2.318232999999999884e+05 -2.097101999999999933e+01
2.318233750000000000e+05 -2.262826000000000093e+01
2.318234499999999825e+05 -2.555421000000000120e+01
2.318235249999999942e+05 -2.460922000000000054e+01
2.318236000000000058e+05 -2.425926000000000116e+01
2.318236749999999884e+05 -2.486675999999999931e+01
2.318237500000000000e+05 -2.426884000000000086e+01
2.318238249999999825e+05 -2.326032000000000011e+01
2.318238999999999942e+05 -2.622695999999999827e+01
2.318239750000000058e+05 -2.251329000000000136e+01
2.318240499999999884e+05 -2.749811000000000050e+01
2.318241250000000000e+05 -2.354177999999999926e+01
2.318241999999999825e+05 -2.231544999999999845e+01
2.318242749999999942e+05 -2.238335999999999970e+01
2.318243500000000058e+05 -2.494660000000000011e+01
2.318244249999999884e+05 -2.658402999999999849e+01
2.318245000000000000e+05 -2.984723999999999933e+01
2.318245749999999825e+05 -2.365005000000000024e+01
2.318246499999999942e+05 -2.077469999999999928e+01
2.318247250000000058e+05 -2.213883999999999830e+01
2.318247999999999884e+05 -2.559778000000000020e+01
2.318248750000000000e+05 -2.670257000000000147e+01
2.318249499999999825e+05 -2.244605999999999923e+01
2.318250249999999942e+05 -2.282103999999999999e+01
2.318251000000000058e+05 -3.163265000000000171e+01
2.318251749999999884e+05 -2.610729999999999862e+01
2.318252500000000000e+05 -2.283232999999999890e+01
2.318253249999999825e+05 -2.409465000000000146e+01
2.318253999999999942e+05 -2.608931000000000111e+01
2.318254750000000058e+05 -2.199054999999999893e+01
2.318255499999999884e+05 -2.534294999999999831e+01
2.318256250000000000e+05 -2.722659000000000162e+01
2.318256999999999825e+05 -2.282519999999999882e+01
2.318257749999999942e+05 -1.994977000000000089e+01
2.318258500000000058e+05 -2.260003999999999991e+01
2.318259249999999884e+05 -2.139144999999999897e+01
2.318260000000000000e+05 -2.230886999999999887e+01
2.318260749999999825e+05 -2.214513000000000176e+01
2.318261499999999942e+05 -2.476917999999999864e+01
2.318262250000000058e+05 -2.833503999999999934e+01
2.318262999999999884e+05 -3.167617999999999867e+01
2.318263750000000000e+05 -3.088382000000000005e+01
2.318264499999999825e+05 -2.822163000000000110e+01
2.318265249999999942e+05 -2.089609000000000094e+01
2.318266000000000058e+05 -2.232325000000000159e+01
2.318266749999999884e+05 -2.497502000000000066e+01
2.318267500000000000e+05 -2.597212000000000032e+01
2.318268249999999825e+05 -2.090007999999999910e+01
2.318268999999999942e+05 -2.465816999999999837e+01
