# Temperature: None K
2.317969750000000058e+05 -2.450009000000000015e+01
2.317970500000000175e+05 -2.386380000000000123e+01
2.317971250000000000e+05 -1.805949000000000026e+01
2.317972000000000116e+05 -1.835332999999999970e+01
2.317972749999999942e+05 -1.667423000000000144e+01
2.317973500000000058e+05 -1.980949000000000026e+01
2.317974250000000175e+05 -2.260904999999999987e+01
2.317975000000000000e+05 -1.785803999999999903e+01
2.317975750000000116e+05 -1.821255999999999986e+01
2.317976499999999942e+05 -1.732184000000000168e+01
2.317977250000000058e+05 -2.094202999999999903e+01
2.317978000000000175e+05 -2.532065000000000055e+01
2.317978750000000000e+05 -1.630665000000000120e+01
2.317979500000000116e+05 -1.690837000000000145e+01
2.317980249999999942e+05 -2.007288000000000139e+01
2.317981000000000058e+05 -2.211471999999999838e+01
2.317981750000000175e+05 -1.837171000000000021e+01
2.317982500000000000e+05 -1.876032999999999973e+01
2.317983250000000116e+05 -1.940859000000000023e+01
2.317983999999999942e+05 -2.021777000000000157e+01
2.317984750000000058e+05 -1.956154000000000082e+01
2.317985500000000175e+05 -1.883465999999999951e+01
2.317986250000000000e+05 -1.989283000000000001e+01
2.317987000000000116e+05 -2.112694000000000116e+01
2.317987749999999942e+05 -2.036909999999999954e+01
2.317988500000000058e+05 -2.028475999999999857e+01
2.317989250000000175e+05 -2.310969000000000051e+01
2.317990000000000000e+05 -2.196058000000000021e+01
2.317990750000000116e+05 -1.926729999999999876e+01
2.317991499999999942e+05 -1.952123999999999882e+01
2.317992250000000058e+05 -2.101085000000000136e+01
2.317993000000000175e+05 -1.932732999999999990e+01
2.317993750000000000e+05 -1.975386999999999915e+01
2.317994500000000116e+05 -2.004007999999999967e+01
2.317995249999999942e+05 -1.800213000000000108e+01
2.317996000000000058e+05 -1.893686999999999898e+01
2.317996750000000175e+05 -1.837740000000000151e+01
2.317997500000000000e+05 -1.913740999999999914e+01
2.317998250000000116e+05 -1.828087000000000018e+01
2.317998999999999942e+05 -1.826148999999999845e+01
2.317999750000000058e+05 -2.004448999999999970e+01
2.318000500000000175e+05 -1.634012999999999849e+01
2.318001250000000000e+05 -1.747559000000000040e+01
2.318002000000000116e+05 -1.829908000000000001e+01
2.318002749999999942e+05 -1.904598000000000013e+01
2.318003500000000058e+05 -2.032482999999999862e+01
2.318004250000000175e+05 -1.812126999999999910e+01
2.318005000000000000e+05 -1.995252999999999943e+01
2.318005750000000116e+05 -1.735101999999999833e+01
2.318006499999999942e+05 -2.072291999999999845e+01
2.318007250000000058e+05 -2.097054999999999936e+01
2.318008000000000175e+05 -1.694779000000000124e+01
2.318008750000000000e+05 -1.911023000000000138e+01
2.318009500000000116e+05 -1.926098999999999961e+01
2.318010249999999942e+05 -1.987486000000000175e+01
2.318011000000000058e+05 -1.976218000000000075e+01
2.318011750000000175e+05 -1.758963999999999928e+01
2.318012500000000000e+05 -2.029833999999999961e+01
2.318013250000000116e+05 -1.938044000000000011e+01
2.318013999999999942e+05 -1.831605000000000061e+01
2.318014750000000058e+05 -2.214827000000000012e+01
2.318015500000000175e+05 -1.612529999999999930e+01
2.318016250000000000e+05 -1.817876000000000047e+01
2.318017000000000116e+05 -1.582280000000000086e+01
2.318017749999999942e+05 -1.966100000000000136e+01
2.318018500000000058e+05 -1.955628000000000100e+01
2.318019250000000175e+05 -2.129266000000000147e+01
2.318020000000000000e+05 -1.979253999999999891e+01
2.318020750000000116e+05 -2.010791000000000039e+01
2.318021499999999942e+05 -1.767415000000000092e+01
2.318022250000000058e+05 -1.847888000000000019e+01
2.318023000000000175e+05 -1.842001000000000133e+01
2.318023750000000000e+05 -1.869168000000000163e+01
2.318024500000000116e+05 -1.771225000000000094e+01
2.318025249999999942e+05 -1.877345000000000041e+01
2.318026000000000058e+05 -1.811204999999999998e+01
2.318026750000000175e+05 -2.000302999999999898e+01
2.318027500000000000e+05 -1.878389999999999915e+01
2.318028250000000116e+05 -1.699271999999999849e+01
2.318028999999999942e+05 -1.872494000000000014e+01
2.318029750000000058e+05 -1.623576999999999870e+01
2.318030500000000175e+05 -1.873910000000000053e+01
2.318031250000000000e+05 -1.800159999999999982e+01
2.318032000000000116e+05 -1.955504000000000175e+01
2.318032749999999942e+05 -1.888121999999999900e+01
2.318033500000000058e+05 -1.761156000000000077e+01
2.318034250000000175e+05 -2.042869999999999919e+01
2.318035000000000000e+05 -1.774053999999999931e+01
2.318035750000000116e+05 -2.211918000000000006e+01
2.318036499999999942e+05 -1.557723999999999975e+01
2.318037250000000058e+05 -1.889961999999999875e+01
2.318038000000000175e+05 -1.703520999999999930e+01
2.318038750000000000e+05 -1.527161000000000080e+01
2.318039500000000116e+05 -1.873777000000000115e+01
2.318040249999999942e+05 -1.648122000000000043e+01
2.318041000000000058e+05 -1.838225999999999871e+01
2.318041750000000175e+05 -1.813347999999999871e+01
2.318042500000000000e+05 -1.636754000000000175e+01
2.318043250000000116e+05 -1.910563000000000144e+01
2.318043999999999942e+05 -1.711221000000000103e+01
2.318044750000000058e+05 -1.804521000000000086e+01
2.318045500000000175e+05 -1.596395000000000053e+01
2.318046250000000000e+05 -2.101461000000000112e+01
2.318047000000000116e+05 -1.859239000000000175e+01
2.318047749999999942e+05 -2.127719000000000094e+01
2.318048500000000058e+05 -1.835116999999999976e+01
2.318049250000000175e+05 -1.816088999999999842e+01
2.318050000000000000e+05 -1.591986999999999952e+01
2.318050750000000116e+05 -1.746961999999999904e+01
2.318051499999999942e+05 -1.708984999999999843e+01
2.318052250000000058e+05 -1.683511000000000024e+01
2.318053000000000175e+05 -1.791842000000000112e+01
2.318053750000000000e+05 -1.819576999999999956e+01
2.318054500000000116e+05 -1.873999999999999844e+01
2.318055249999999942e+05 -1.707685999999999993e+01
2.318056000000000058e+05 -1.700168999999999997e+01
2.318056750000000175e+05 -1.787546000000000035e+01
2.318057500000000000e+05 -1.773006000000000171e+01
2.318058250000000116e+05 -1.714961999999999875e+01
2.318058999999999942e+05 -1.935412000000000177e+01
2.318059750000000058e+05 -1.596960999999999942e+01
2.318060500000000175e+05 -1.478478999999999921e+01
2.318061250000000000e+05 -1.651066000000000145e+01
2.318062000000000116e+05 -1.719378000000000029e+01
2.318062749999999942e+05 -1.934713999999999956e+01
2.318063500000000058e+05 -1.656050000000000111e+01
2.318064250000000175e+05 -1.713729000000000013e+01
2.318065000000000000e+05 -1.610970999999999975e+01
2.318065750000000116e+05 -1.745532000000000039e+01
2.318066499999999942e+05 -1.677289000000000030e+01
2.318067250000000058e+05 -1.697881999999999891e+01
2.318068000000000175e+05 -1.609365999999999985e+01
2.318068750000000000e+05 -1.676739999999999853e+01
2.318069500000000116e+05 -1.664799999999999969e+01
2.318070249999999942e+05 -1.705239999999999867e+01
2.318071000000000058e+05 -1.541993000000000080e+01
2.318071750000000175e+05 -1.874262999999999835e+01
2.318072500000000000e+05 -1.550951000000000057e+01
2.318073250000000116e+05 -1.613168999999999897e+01
2.318073999999999942e+05 -1.742146999999999935e+01
2.318074750000000058e+05 -1.608874000000000137e+01
2.318075500000000175e+05 -1.666247999999999863e+01
2.318076250000000000e+05 -1.697699000000000069e+01
2.318077000000000116e+05 -1.787666000000000111e+01
2.318077749999999942e+05 -1.542540999999999940e+01
2.318078500000000058e+05 -1.523817000000000021e+01
2.318079250000000175e+05 -1.554477999999999938e+01
2.318080000000000000e+05 -1.493537000000000070e+01
2.318080750000000116e+05 -1.481473000000000084e+01
2.318081499999999942e+05 -1.415249999999999986e+01
2.318082250000000058e+05 -1.474302999999999919e+01
2.318083000000000175e+05 -1.406290000000000084e+01
2.318083750000000000e+05 -1.541488000000000014e+01
2.318084500000000116e+05 -1.622955999999999932e+01
2.318085249999999942e+05 -1.478162999999999982e+01
2.318086000000000058e+05 -1.430462999999999951e+01
2.318086750000000175e+05 -1.422527000000000008e+01
2.318087500000000000e+05 -1.387637999999999927e+01
2.318088250000000116e+05 -1.369488999999999912e+01
2.318088999999999942e+05 -1.398695000000000022e+01
2.318089750000000058e+05 -1.307263000000000019e+01
2.318090500000000175e+05 -1.243019999999999925e+01
2.318091250000000000e+05 -1.336192999999999920e+01
2.318092000000000116e+05 -1.281628000000000078e+01
2.318092749999999942e+05 -1.302060999999999957e+01
2.318093500000000058e+05 -1.237784000000000084e+01
2.318094250000000175e+05 -1.266047999999999973e+01
2.318095000000000000e+05 -1.233746999999999971e+01
2.318095750000000116e+05 -1.169406999999999996e+01
2.318096499999999942e+05 -1.135920999999999914e+01
2.318097250000000058e+05 -1.173226999999999975e+01
2.318098000000000175e+05 -1.121563000000000088e+01
2.318098750000000000e+05 -1.035776000000000074e+01
2.318099500000000116e+05 -1.039251999999999931e+01
2.318100249999999942e+05 -9.714574000000000709e+00
2.318101000000000058e+05 -9.449711999999999890e+00
2.318101750000000175e+05 -9.998732999999999649e+00
2.318102500000000000e+05 -9.543288000000000437e+00
2.318103250000000116e+05 -8.585202999999999918e+00
2.318103999999999942e+05 -8.824493999999999616e+00
2.318104750000000058e+05 -7.484162000000000425e+00
2.318105500000000175e+05 -7.375276999999999639e+00
2.318106250000000000e+05 -6.404287000000000063e+00
2.318107000000000116e+05 -6.007628000000000412e+00
2.318107749999999942e+05 -5.359532999999999880e+00
2.318108500000000058e+05 -5.130561000000000149e+00
2.318109250000000175e+05 -4.426300999999999597e+00
2.318110000000000000e+05 -3.940405999999999853e+00
2.318110750000000116e+05 -3.438584999999999781e+00
2.318111499999999942e+05 -2.821657000000000082e+00
2.318112250000000058e+05 -2.405012999999999845e+00
2.318113000000000175e+05 -1.320502999999999982e+00
2.318113750000000000e+05 -8.198585999999999929e-01
2.318114500000000116e+05 -3.098050999999999999e-01
2.318115249999999942e+05 1.459735000000000060e-01
2.318116000000000058e+05 6.584392000000000023e-01
2.318116750000000175e+05 1.049917999999999907e+00
2.318117500000000000e+05 1.438819000000000070e+00
2.318118250000000116e+05 1.679081999999999963e+00
2.318118999999999942e+05 1.723505999999999982e+00
2.318119750000000058e+05 2.147165000000000212e+00
2.318120500000000175e+05 1.706156000000000006e+00
2.318121250000000000e+05 1.648871999999999893e+00
2.318122000000000116e+05 1.082848999999999950e+00
2.318122749999999942e+05 5.803776000000000490e-01
2.318123500000000058e+05 -3.438313999999999954e-02
2.318124250000000175e+05 -8.356297999999999782e-01
2.318125000000000000e+05 -1.785234999999999905e+00
2.318125750000000116e+05 -2.379758999999999958e+00
2.318126499999999942e+05 -3.018829000000000207e+00
2.318127250000000058e+05 -2.760330000000000172e+00
2.318128000000000175e+05 -3.040694999999999926e+00
2.318128750000000000e+05 -2.059048999999999907e+00
2.318129500000000116e+05 -2.379561999999999955e+00
2.318130249999999942e+05 -2.379964999999999886e+00
2.318131000000000058e+05 -3.103552999999999784e+00
2.318131750000000175e+05 -3.821203000000000127e+00
2.318132500000000000e+05 -4.447472999999999566e+00
2.318133250000000116e+05 -4.905116999999999727e+00
2.318133999999999942e+05 -4.879312999999999789e+00
2.318134750000000058e+05 -4.514370000000000438e+00
2.318135500000000175e+05 -4.556286000000000058e+00
2.318136250000000000e+05 -4.564969999999999750e+00
2.318137000000000116e+05 -4.300169999999999604e+00
2.318137749999999942e+05 -6.238817000000000057e+00
2.318138500000000058e+05 -6.382048000000000165e+00
2.318139250000000175e+05 -6.802971000000000323e+00
2.318140000000000000e+05 -6.098719000000000001e+00
2.318140750000000116e+05 -6.358310999999999602e+00
2.318141499999999942e+05 -6.785605000000000331e+00
2.318142250000000058e+05 -7.152830999999999939e+00
2.318143000000000175e+05 -7.887148999999999965e+00
2.318143750000000000e+05 -7.942226999999999926e+00
2.318144500000000116e+05 -7.874537000000000120e+00
2.318145249999999942e+05 -8.500956000000000401e+00
2.318146000000000058e+05 -8.045082999999999984e+00
2.318146750000000175e+05 -8.483157000000000281e+00
2.318147500000000000e+05 -9.492931999999999704e+00
2.318148250000000116e+05 -9.766417999999999822e+00
2.318148999999999942e+05 -9.719435000000000713e+00
2.318149750000000058e+05 -9.960993999999999460e+00
2.318150500000000175e+05 -9.580714999999999648e+00
2.318151250000000000e+05 -1.072977999999999987e+01
2.318152000000000116e+05 -1.038479000000000063e+01
2.318152749999999942e+05 -1.054382000000000019e+01
2.318153500000000058e+05 -1.031464000000000070e+01
2.318154250000000175e+05 -1.221224999999999916e+01
2.318155000000000000e+05 -1.274216999999999977e+01
2.318155750000000116e+05 -1.031263000000000041e+01
2.318156499999999942e+05 -1.188142000000000031e+01
2.318157250000000058e+05 -1.365127000000000024e+01
2.318158000000000175e+05 -1.244124000000000052e+01
2.318158750000000000e+05 -1.221284999999999954e+01
2.318159500000000116e+05 -1.273775999999999975e+01
2.318160249999999942e+05 -1.480194000000000010e+01
2.318161000000000058e+05 -1.446958000000000055e+01
2.318161750000000175e+05 -1.301407000000000025e+01
2.318162500000000000e+05 -1.315920999999999985e+01
2.318163250000000116e+05 -1.527276999999999951e+01
2.318163999999999942e+05 -1.388574000000000019e+01
2.318164750000000058e+05 -1.483155000000000001e+01
2.318165500000000175e+05 -1.705658000000000030e+01
2.318166250000000000e+05 -1.385628999999999955e+01
2.318167000000000116e+05 -1.378013999999999939e+01
2.318167749999999942e+05 -1.681606999999999985e+01
2.318168500000000058e+05 -1.564714999999999989e+01
2.318169250000000175e+05 -1.578288000000000046e+01
2.318170000000000000e+05 -1.991454999999999842e+01
2.318170750000000116e+05 -1.606459999999999866e+01
2.318171499999999942e+05 -1.696592000000000056e+01
2.318172250000000058e+05 -2.036489999999999867e+01
2.318173000000000175e+05 -1.627843000000000018e+01
2.318173750000000000e+05 -1.689673000000000158e+01
2.318174500000000116e+05 -2.005190999999999946e+01
2.318175249999999942e+05 -1.598572000000000060e+01
2.318176000000000058e+05 -1.904092999999999947e+01
2.318176750000000175e+05 -2.146449000000000140e+01
2.318177500000000000e+05 -1.846741000000000099e+01
2.318178250000000116e+05 -2.648877999999999844e+01
2.318178999999999942e+05 -2.080182999999999893e+01
2.318179750000000058e+05 -1.855161000000000016e+01
2.318180500000000175e+05 -2.875625000000000142e+01
2.318181250000000000e+05 -1.784403000000000006e+01
2.318182000000000116e+05 -2.452638999999999925e+01
2.318182749999999942e+05 -1.828061999999999898e+01
2.318183500000000058e+05 -1.911189999999999856e+01
2.318184250000000175e+05 -2.211456000000000088e+01
2.318185000000000000e+05 -1.954482000000000141e+01
2.318185750000000116e+05 -3.135406000000000049e+01
2.318186499999999942e+05 -2.043025000000000091e+01
2.318187250000000058e+05 -2.557130000000000081e+01
2.318188000000000175e+05 -2.044406999999999996e+01
2.318188750000000000e+05 -2.038615000000000066e+01
2.318189500000000116e+05 -2.263522000000000034e+01
2.318190249999999942e+05 -2.231356999999999857e+01
2.318191000000000058e+05 -3.359994999999999976e+01
2.318191750000000175e+05 -1.936882999999999910e+01
2.318192500000000000e+05 -3.522496000000000294e+01
2.318193250000000116e+05 -2.168462999999999852e+01
2.318193999999999942e+05 -2.974490000000000123e+01
2.318194750000000058e+05 -1.909262999999999977e+01
2.318195500000000175e+05 -3.442484000000000322e+01
2.318196250000000000e+05 -1.888960000000000150e+01
2.318197000000000116e+05 -2.763738000000000028e+01
2.318197749999999942e+05 -2.302010999999999896e+01
2.318198500000000058e+05 -2.743318000000000012e+01
2.318199250000000175e+05 -1.963871999999999929e+01
2.318200000000000000e+05 -3.044551999999999836e+01
2.318200750000000116e+05 -2.049444000000000088e+01
2.318201499999999942e+05 -3.389419999999999789e+01
2.318202250000000058e+05 -1.992409999999999926e+01
2.318203000000000175e+05 -2.932732999999999990e+01
2.318203750000000000e+05 -2.318459000000000003e+01
2.318204500000000116e+05 -3.451885999999999655e+01
2.318205249999999942e+05 -2.378454999999999941e+01
2.318206000000000058e+05 -2.515362000000000009e+01
2.318206750000000175e+05 -1.984149000000000029e+01
2.318207500000000000e+05 -2.372830000000000084e+01
2.318208250000000116e+05 -2.396331999999999951e+01
2.318208999999999942e+05 -2.283466999999999913e+01
2.318209750000000058e+05 -3.623581000000000074e+01
2.318210500000000175e+05 -2.214948000000000050e+01
2.318211250000000000e+05 -3.356369000000000113e+01
2.318212000000000116e+05 -2.054664000000000001e+01
2.318212749999999942e+05 -2.557292999999999950e+01
2.318213500000000058e+05 -2.509440000000000026e+01
2.318214250000000175e+05 -2.164927000000000135e+01
2.318215000000000000e+05 -3.122391000000000005e+01
2.318215750000000116e+05 -2.080622999999999934e+01
2.318216499999999942e+05 -2.834217999999999904e+01
2.318217250000000058e+05 -2.392904000000000053e+01
2.318218000000000175e+05 -2.152509999999999835e+01
2.318218750000000000e+05 -2.291976999999999975e+01
2.318219500000000116e+05 -2.613538000000000139e+01
2.318220249999999942e+05 -2.082413999999999987e+01
2.318221000000000058e+05 -3.215044000000000324e+01
2.318221750000000175e+05 -2.335748999999999853e+01
2.318222500000000000e+05 -2.264686999999999983e+01
2.318223250000000116e+05 -2.415020000000000167e+01
2.318223999999999942e+05 -2.094244000000000128e+01
2.318224750000000058e+05 -2.087760000000000105e+01
2.318225500000000175e+05 -2.788027999999999906e+01
2.318226250000000000e+05 -2.330024999999999835e+01
2.318227000000000116e+05 -2.145328999999999908e+01
2.318227749999999942e+05 -2.341975000000000051e+01
2.318228500000000058e+05 -2.221343999999999852e+01
2.318229250000000175e+05 -2.629223999999999961e+01
2.318230000000000000e+05 -2.423049999999999926e+01
2.318230750000000116e+05 -2.269288999999999845e+01
2.318231499999999942e+05 -2.741159000000000034e+01
2.318232250000000058e+05 -3.044516000000000133e+01
2.318233000000000175e+05 -1.972868000000000066e+01
2.318233750000000000e+05 -2.593101000000000056e+01
2.318234500000000116e+05 -2.368891999999999953e+01
2.318235249999999942e+05 -2.855642999999999887e+01
2.318236000000000058e+05 -2.143618999999999986e+01
2.318236750000000175e+05 -2.392213999999999885e+01
2.318237500000000000e+05 -2.313737000000000066e+01
2.318238250000000116e+05 -2.275082000000000093e+01
2.318238999999999942e+05 -1.965192000000000050e+01
2.318239750000000058e+05 -2.508521000000000001e+01
2.318240500000000175e+05 -2.306598999999999933e+01
2.318241250000000000e+05 -2.520226999999999862e+01
2.318242000000000116e+05 -2.309415999999999869e+01
2.318242749999999942e+05 -2.939421000000000106e+01
2.318243500000000058e+05 -2.345551999999999992e+01
2.318244250000000175e+05 -2.732527999999999935e+01
2.318245000000000000e+05 -2.292017999999999844e+01
2.318245750000000116e+05 -2.370982000000000056e+01
2.318246499999999942e+05 -2.523385999999999996e+01
2.318247250000000058e+05 -2.454569000000000045e+01
2.318248000000000175e+05 -2.434203000000000117e+01
2.318248750000000000e+05 -2.177336000000000027e+01
2.318249500000000116e+05 -2.267465999999999937e+01
2.318250249999999942e+05 -2.031906999999999996e+01
2.318251000000000058e+05 -1.965138999999999925e+01
2.318251750000000175e+05 -2.277265999999999835e+01
2.318252500000000000e+05 -1.930459000000000103e+01
2.318253250000000116e+05 -2.336516999999999911e+01
2.318253999999999942e+05 -2.716129000000000104e+01
2.318254750000000058e+05 -2.826802999999999955e+01
2.318255500000000175e+05 -2.673945000000000149e+01
2.318256250000000000e+05 -2.051360999999999990e+01
2.318257000000000116e+05 -2.155114999999999981e+01
2.318257749999999942e+05 -2.356971000000000060e+01
2.318258500000000058e+05 -2.322586000000000084e+01
2.318259250000000175e+05 -2.617042000000000002e+01
2.318260000000000000e+05 -2.255965000000000131e+01
2.318260750000000116e+05 -2.575777000000000072e+01
2.318261499999999942e+05 -2.314994000000000085e+01
2.318262250000000058e+05 -2.053658000000000072e+01
2.318263000000000175e+05 -2.364052999999999827e+01
2.318263750000000000e+05 -2.310885000000000034e+01
2.318264500000000116e+05 -2.220641000000000176e+01
2.318265249999999942e+05 -2.369393000000000171e+01
2.318266000000000058e+05 -2.249161000000000143e+01
2.318266750000000175e+05 -2.517468999999999824e+01
2.318267500000000000e+05 -2.344341999999999970e+01
2.318268250000000116e+05 -2.101917999999999864e+01
2.318268999999999942e+05 -2.242560999999999893e+01
2.318269750000000058e+05 -2.577246999999999844e+01
