# Temperature: None K
2.318636499999999942e+05 -1.944793999999999912e+01
2.318637250000000058e+05 -2.540170000000000172e+01
2.318637999999999884e+05 -2.328424000000000049e+01
2.318638750000000000e+05 -1.974858000000000047e+01
2.318639499999999825e+05 -1.824896000000000029e+01
2.318640249999999942e+05 -1.620573999999999870e+01
2.318641000000000058e+05 -2.087400999999999840e+01
2.318641749999999884e+05 -2.228342999999999918e+01
2.318642500000000000e+05 -1.969381999999999877e+01
2.318643249999999825e+05 -1.865665999999999869e+01
2.318643999999999942e+05 -1.645571999999999946e+01
2.318644750000000058e+05 -1.681284000000000134e+01
2.318645499999999884e+05 -2.630035000000000167e+01
2.318646250000000000e+05 -2.077094999999999914e+01
2.318646999999999825e+05 -1.900334000000000145e+01
2.318647749999999942e+05 -1.763937999999999917e+01
2.318648500000000058e+05 -1.969510999999999967e+01
2.318649249999999884e+05 -2.224003000000000085e+01
2.318650000000000000e+05 -1.959885999999999839e+01
2.318650749999999825e+05 -1.923350999999999900e+01
2.318651499999999942e+05 -1.620862999999999943e+01
2.318652250000000058e+05 -1.960146999999999906e+01
2.318652999999999884e+05 -2.088917000000000002e+01
2.318653750000000000e+05 -1.738465000000000060e+01
2.318654499999999825e+05 -1.948045000000000115e+01
2.318655249999999942e+05 -2.104749999999999943e+01
2.318656000000000058e+05 -2.229998000000000147e+01
2.318656749999999884e+05 -1.669305999999999912e+01
2.318657500000000000e+05 -2.015791000000000111e+01
2.318658249999999825e+05 -1.950131000000000014e+01
2.318658999999999942e+05 -1.769267999999999930e+01
2.318659750000000058e+05 -1.853557999999999950e+01
2.318660499999999884e+05 -2.199924000000000035e+01
2.318661250000000000e+05 -2.272710000000000008e+01
2.318661999999999825e+05 -2.101307999999999865e+01
2.318662749999999942e+05 -1.953159000000000134e+01
2.318663500000000058e+05 -2.036938999999999922e+01
2.318664249999999884e+05 -1.746497000000000099e+01
2.318665000000000000e+05 -1.838926000000000016e+01
2.318665749999999825e+05 -2.093743999999999872e+01
2.318666499999999942e+05 -1.845278000000000063e+01
2.318667250000000058e+05 -1.771114000000000033e+01
2.318667999999999884e+05 -2.341567999999999827e+01
2.318668750000000000e+05 -1.722251999999999938e+01
2.318669499999999825e+05 -1.847024000000000044e+01
2.318670249999999942e+05 -2.407984000000000080e+01
2.318671000000000058e+05 -1.701924999999999955e+01
2.318671749999999884e+05 -1.680346000000000117e+01
2.318672500000000000e+05 -1.899072999999999922e+01
2.318673249999999825e+05 -1.861104999999999876e+01
2.318673999999999942e+05 -1.938511000000000095e+01
2.318674750000000058e+05 -1.662053999999999832e+01
2.318675499999999884e+05 -1.593695999999999913e+01
2.318676250000000000e+05 -1.952039999999999864e+01
2.318676999999999825e+05 -1.824305999999999983e+01
2.318677749999999942e+05 -1.817688000000000059e+01
2.318678500000000058e+05 -1.887149000000000143e+01
2.318679249999999884e+05 -1.706860999999999962e+01
2.318680000000000000e+05 -1.738231000000000037e+01
2.318680749999999825e+05 -1.722998000000000118e+01
2.318681499999999942e+05 -2.011299999999999955e+01
2.318682250000000058e+05 -1.787612999999999985e+01
2.318682999999999884e+05 -1.712921000000000049e+01
2.318683750000000000e+05 -1.900009000000000015e+01
2.318684499999999825e+05 -1.717304999999999993e+01
2.318685249999999942e+05 -1.807423999999999964e+01
2.318686000000000058e+05 -1.945695999999999870e+01
2.318686749999999884e+05 -1.864893999999999963e+01
2.318687500000000000e+05 -1.996139000000000152e+01
2.318688249999999825e+05 -1.705496000000000123e+01
2.318688999999999942e+05 -1.921577999999999875e+01
2.318689750000000058e+05 -1.692042999999999964e+01
2.318690499999999884e+05 -1.865728999999999971e+01
2.318691250000000000e+05 -1.979333000000000098e+01
2.318691999999999825e+05 -2.061505000000000010e+01
2.318692749999999942e+05 -1.781727000000000061e+01
2.318693500000000058e+05 -1.882130000000000081e+01
2.318694249999999884e+05 -1.788501000000000118e+01
2.318695000000000000e+05 -1.758699000000000012e+01
2.318695749999999825e+05 -1.636446000000000112e+01
2.318696499999999942e+05 -2.112648000000000081e+01
2.318697250000000058e+05 -1.909044000000000096e+01
2.318697999999999884e+05 -2.006439999999999912e+01
2.318698750000000000e+05 -1.833337999999999823e+01
2.318699499999999825e+05 -1.951798000000000144e+01
2.318700249999999942e+05 -1.933293000000000106e+01
2.318701000000000058e+05 -1.867849000000000004e+01
2.318701749999999884e+05 -1.883487999999999829e+01
2.318702500000000000e+05 -2.234927000000000064e+01
2.318703249999999825e+05 -1.751049000000000078e+01
2.318703999999999942e+05 -1.910645999999999844e+01
2.318704750000000058e+05 -1.765315000000000012e+01
2.318705499999999884e+05 -1.878201999999999927e+01
2.318706250000000000e+05 -2.079666999999999888e+01
2.318706999999999825e+05 -1.710152000000000072e+01
2.318707749999999942e+05 -1.783149999999999835e+01
2.318708500000000058e+05 -1.687321999999999989e+01
2.318709249999999884e+05 -1.902365999999999957e+01
2.318710000000000000e+05 -2.003913999999999973e+01
2.318710749999999825e+05 -1.696351999999999904e+01
2.318711499999999942e+05 -1.815304000000000073e+01
2.318712250000000058e+05 -1.788409000000000049e+01
2.318712999999999884e+05 -1.932357999999999976e+01
2.318713750000000000e+05 -1.783625999999999934e+01
2.318714499999999825e+05 -1.974816999999999823e+01
2.318715249999999942e+05 -1.774540999999999968e+01
2.318716000000000058e+05 -1.762987000000000037e+01
2.318716749999999884e+05 -1.878416999999999959e+01
2.318717500000000000e+05 -1.668902999999999892e+01
2.318718249999999825e+05 -1.817287999999999926e+01
2.318718999999999942e+05 -1.950250000000000128e+01
2.318719750000000058e+05 -1.804788999999999888e+01
2.318720499999999884e+05 -1.961139000000000010e+01
2.318721250000000000e+05 -1.737233000000000160e+01
2.318721999999999825e+05 -1.717118999999999929e+01
2.318722749999999942e+05 -1.865300999999999831e+01
2.318723500000000058e+05 -1.742742000000000147e+01
2.318724249999999884e+05 -1.687676000000000087e+01
2.318725000000000000e+05 -1.691278000000000148e+01
2.318725749999999825e+05 -1.544397999999999982e+01
2.318726499999999942e+05 -1.667389000000000010e+01
2.318727250000000058e+05 -1.885495999999999839e+01
2.318727999999999884e+05 -1.588854000000000077e+01
2.318728750000000000e+05 -1.676159000000000177e+01
2.318729499999999825e+05 -1.690493000000000023e+01
2.318730249999999942e+05 -1.776105000000000089e+01
2.318731000000000058e+05 -1.708305999999999969e+01
2.318731749999999884e+05 -1.677537999999999840e+01
2.318732500000000000e+05 -1.701208000000000098e+01
2.318733249999999825e+05 -1.787952999999999903e+01
2.318733999999999942e+05 -1.611438000000000059e+01
2.318734750000000058e+05 -1.636807999999999907e+01
2.318735499999999884e+05 -1.823783999999999850e+01
2.318736250000000000e+05 -1.542412000000000027e+01
2.318736999999999825e+05 -1.691273999999999944e+01
2.318737749999999942e+05 -1.713549000000000078e+01
2.318738500000000058e+05 -1.610241999999999862e+01
2.318739249999999884e+05 -1.586281999999999925e+01
2.318740000000000000e+05 -1.523135000000000083e+01
2.318740749999999825e+05 -1.676549999999999940e+01
2.318741499999999942e+05 -1.788070000000000093e+01
2.318742250000000058e+05 -1.474081999999999937e+01
2.318742999999999884e+05 -1.553631000000000029e+01
2.318743750000000000e+05 -1.580345999999999940e+01
2.318744499999999825e+05 -1.497813000000000017e+01
2.318745249999999942e+05 -1.763163000000000125e+01
2.318746000000000058e+05 -1.433336000000000077e+01
2.318746749999999884e+05 -1.697533999999999921e+01
2.318747500000000000e+05 -1.483849999999999980e+01
2.318748249999999825e+05 -1.502570000000000050e+01
2.318748999999999942e+05 -1.539082999999999934e+01
2.318749750000000058e+05 -1.579124000000000017e+01
2.318750499999999884e+05 -1.484831999999999930e+01
2.318751250000000000e+05 -1.654430999999999941e+01
2.318751999999999825e+05 -1.470292000000000066e+01
2.318752749999999942e+05 -1.629585000000000150e+01
2.318753500000000058e+05 -1.423812000000000033e+01
2.318754249999999884e+05 -1.435751999999999917e+01
2.318755000000000000e+05 -1.555110999999999954e+01
2.318755749999999825e+05 -1.436838000000000015e+01
2.318756499999999942e+05 -1.534486000000000061e+01
2.318757250000000058e+05 -1.442126999999999981e+01
2.318757999999999884e+05 -1.437402999999999942e+01
2.318758750000000000e+05 -1.431628000000000078e+01
2.318759499999999825e+05 -1.415618000000000087e+01
2.318760249999999942e+05 -1.434474999999999945e+01
2.318761000000000058e+05 -1.451163000000000025e+01
2.318761749999999884e+05 -1.438513000000000019e+01
2.318762500000000000e+05 -1.248554999999999993e+01
2.318763249999999825e+05 -1.462772999999999968e+01
2.318763999999999942e+05 -1.246508000000000038e+01
2.318764750000000058e+05 -1.198376999999999981e+01
2.318765499999999884e+05 -1.223753999999999920e+01
2.318766250000000000e+05 -1.229815999999999931e+01
2.318766999999999825e+05 -1.147580999999999918e+01
2.318767749999999942e+05 -1.087968000000000046e+01
2.318768500000000058e+05 -1.102171000000000056e+01
2.318769249999999884e+05 -1.281021999999999927e+01
2.318770000000000000e+05 -1.009745000000000026e+01
2.318770749999999825e+05 -1.015226999999999968e+01
2.318771499999999942e+05 -9.379168999999999201e+00
2.318772250000000058e+05 -9.598463999999999885e+00
2.318772999999999884e+05 -8.886314000000000490e+00
2.318773750000000000e+05 -8.430078999999999212e+00
2.318774499999999825e+05 -8.742962999999999596e+00
2.318775249999999942e+05 -8.122413999999999135e+00
2.318776000000000058e+05 -7.740533000000000108e+00
2.318776749999999884e+05 -7.283345999999999876e+00
2.318777500000000000e+05 -6.371978999999999616e+00
2.318778249999999825e+05 -6.392179999999999751e+00
2.318778999999999942e+05 -5.077638999999999569e+00
2.318779750000000058e+05 -4.867753000000000441e+00
2.318780499999999884e+05 -3.985853000000000090e+00
2.318781250000000000e+05 -3.627019999999999911e+00
2.318781999999999825e+05 -2.947293999999999858e+00
2.318782749999999942e+05 -2.003798000000000190e+00
2.318783500000000058e+05 -1.179138000000000019e+00
2.318784249999999884e+05 -5.715845000000000509e-01
2.318785000000000000e+05 -2.393506999999999996e-01
2.318785749999999825e+05 1.937327000000000146e-02
2.318786499999999942e+05 4.729902000000000273e-01
2.318787250000000058e+05 1.136144999999999960e+00
2.318787999999999884e+05 1.728690000000000060e+00
2.318788750000000000e+05 2.085461000000000009e+00
2.318789499999999825e+05 2.458492999999999817e+00
2.318790249999999942e+05 2.539979999999999905e+00
2.318791000000000058e+05 2.468411000000000133e+00
2.318791749999999884e+05 2.422572000000000170e+00
2.318792500000000000e+05 2.350353999999999832e+00
2.318793249999999825e+05 1.801768000000000036e+00
2.318793999999999942e+05 1.480547000000000057e+00
2.318794750000000058e+05 7.284939999999999749e-01
2.318795499999999884e+05 2.389472000000000124e-02
2.318796250000000000e+05 -4.166565999999999881e-01
2.318796999999999825e+05 -7.996712999999999738e-01
2.318797749999999942e+05 -9.757639999999999647e-01
2.318798500000000058e+05 -1.050861999999999963e+00
2.318799249999999884e+05 -4.895786999999999778e-01
2.318800000000000000e+05 -5.050670999999999911e-01
2.318800749999999825e+05 -6.894309999999999328e-02
2.318801499999999942e+05 -4.888294999999999724e-01
2.318802250000000058e+05 -1.112694999999999990e+00
2.318802999999999884e+05 -1.462358999999999964e+00
2.318803750000000000e+05 -2.070861999999999981e+00
2.318804499999999825e+05 -2.337165000000000159e+00
2.318805249999999942e+05 -1.910368999999999984e+00
2.318806000000000058e+05 -2.255968000000000195e+00
2.318806749999999884e+05 -2.139470999999999901e+00
2.318807500000000000e+05 -2.338324000000000069e+00
2.318808249999999825e+05 -2.698728000000000016e+00
2.318808999999999942e+05 -2.841037000000000035e+00
2.318809750000000058e+05 -3.417225999999999875e+00
2.318810499999999884e+05 -3.462565999999999811e+00
2.318811250000000000e+05 -3.411289000000000016e+00
2.318811999999999825e+05 -3.444500999999999813e+00
2.318812749999999942e+05 -3.771072000000000202e+00
2.318813500000000058e+05 -3.958480000000000221e+00
2.318814249999999884e+05 -4.001655000000000406e+00
2.318815000000000000e+05 -4.066491000000000078e+00
2.318815749999999825e+05 -4.298995999999999817e+00
2.318816499999999942e+05 -4.154855999999999661e+00
2.318817250000000058e+05 -4.711908000000000207e+00
2.318817999999999884e+05 -4.922970000000000290e+00
2.318818750000000000e+05 -5.315587999999999980e+00
2.318819499999999825e+05 -5.516423999999999772e+00
2.318820249999999942e+05 -5.509848999999999997e+00
2.318821000000000058e+05 -5.857501000000000069e+00
2.318821749999999884e+05 -6.133499999999999730e+00
2.318822500000000000e+05 -6.960644000000000275e+00
2.318823249999999825e+05 -5.912927999999999962e+00
2.318823999999999942e+05 -5.685839999999999783e+00
2.318824750000000058e+05 -6.503389000000000308e+00
2.318825499999999884e+05 -6.842431999999999626e+00
2.318826250000000000e+05 -6.529503000000000057e+00
2.318826999999999825e+05 -6.262420999999999793e+00
2.318827749999999942e+05 -6.999399000000000370e+00
2.318828500000000058e+05 -7.637551000000000201e+00
2.318829249999999884e+05 -8.131719999999999615e+00
2.318830000000000000e+05 -7.034061000000000341e+00
2.318830749999999825e+05 -7.516422000000000381e+00
2.318831499999999942e+05 -8.471005999999999148e+00
2.318832250000000058e+05 -7.957793999999999812e+00
2.318832999999999884e+05 -8.406375999999999848e+00
2.318833750000000000e+05 -9.163099000000000771e+00
2.318834499999999825e+05 -8.734588000000000463e+00
2.318835249999999942e+05 -8.523115000000000663e+00
2.318836000000000058e+05 -8.798374000000000805e+00
2.318836749999999884e+05 -9.670151999999999859e+00
2.318837500000000000e+05 -9.212144999999999584e+00
2.318838249999999825e+05 -1.018817999999999913e+01
2.318838999999999942e+05 -1.072697999999999929e+01
2.318839750000000058e+05 -9.030018000000000100e+00
2.318840499999999884e+05 -1.015726000000000084e+01
2.318841250000000000e+05 -1.107846999999999937e+01
2.318841999999999825e+05 -9.863657999999999149e+00
2.318842749999999942e+05 -1.042999999999999972e+01
2.318843500000000058e+05 -1.131345999999999918e+01
2.318844249999999884e+05 -1.070537999999999990e+01
2.318845000000000000e+05 -1.135098999999999947e+01
2.318845749999999825e+05 -1.173128999999999955e+01
2.318846499999999942e+05 -1.026582999999999934e+01
2.318847250000000058e+05 -1.342356000000000016e+01
2.318847999999999884e+05 -1.185289999999999999e+01
2.318848750000000000e+05 -1.132914000000000065e+01
2.318849499999999825e+05 -1.353494000000000064e+01
2.318850249999999942e+05 -1.087249000000000088e+01
2.318851000000000058e+05 -1.399574999999999925e+01
2.318851749999999884e+05 -1.211363000000000056e+01
2.318852500000000000e+05 -1.322639000000000031e+01
2.318853249999999825e+05 -1.661992000000000047e+01
2.318853999999999942e+05 -1.140704999999999991e+01
2.318854750000000058e+05 -1.437110999999999983e+01
2.318855499999999884e+05 -1.271729999999999983e+01
2.318856250000000000e+05 -1.234821999999999953e+01
2.318856999999999825e+05 -1.379757999999999996e+01
2.318857749999999942e+05 -1.263756000000000057e+01
2.318858500000000058e+05 -1.847391999999999967e+01
2.318859249999999884e+05 -1.348404999999999987e+01
2.318860000000000000e+05 -1.508183000000000007e+01
2.318860749999999825e+05 -1.476688000000000045e+01
2.318861499999999942e+05 -1.586534999999999940e+01
2.318862250000000058e+05 -1.474975000000000058e+01
2.318862999999999884e+05 -1.366991999999999940e+01
2.318863750000000000e+05 -1.718843000000000032e+01
2.318864499999999825e+05 -1.508046000000000042e+01
2.318865249999999942e+05 -1.775399000000000171e+01
2.318866000000000058e+05 -1.489192000000000071e+01
2.318866749999999884e+05 -1.945026000000000010e+01
2.318867500000000000e+05 -1.500625999999999927e+01
2.318868249999999825e+05 -1.958239000000000019e+01
2.318868999999999942e+05 -1.556291000000000047e+01
2.318869750000000058e+05 -2.116970999999999847e+01
2.318870499999999884e+05 -1.486411000000000016e+01
2.318871250000000000e+05 -2.040440999999999860e+01
2.318871999999999825e+05 -1.513014000000000081e+01
2.318872749999999942e+05 -1.896330999999999989e+01
2.318873500000000058e+05 -1.618486000000000047e+01
2.318874249999999884e+05 -1.930752000000000024e+01
2.318875000000000000e+05 -1.561946999999999974e+01
2.318875749999999825e+05 -1.633970000000000056e+01
2.318876499999999942e+05 -1.935575000000000045e+01
2.318877250000000058e+05 -1.530594999999999928e+01
2.318877999999999884e+05 -2.039938000000000073e+01
2.318878750000000000e+05 -1.709901999999999944e+01
2.318879499999999825e+05 -2.365486999999999895e+01
2.318880249999999942e+05 -1.564034000000000013e+01
2.318881000000000058e+05 -1.875180999999999898e+01
2.318881749999999884e+05 -1.669425999999999988e+01
2.318882500000000000e+05 -2.143928000000000011e+01
2.318883249999999825e+05 -2.073064000000000107e+01
2.318883999999999942e+05 -1.708736000000000033e+01
2.318884750000000058e+05 -2.256694999999999851e+01
2.318885499999999884e+05 -1.755602000000000018e+01
2.318886250000000000e+05 -1.977599999999999980e+01
2.318886999999999825e+05 -2.254602999999999824e+01
2.318887749999999942e+05 -1.946425999999999945e+01
2.318888500000000058e+05 -2.636899999999999977e+01
2.318889249999999884e+05 -1.845777000000000001e+01
2.318890000000000000e+05 -1.704961000000000126e+01
2.318890749999999825e+05 -2.959752999999999901e+01
2.318891499999999942e+05 -1.720970000000000155e+01
2.318892250000000058e+05 -2.408611000000000146e+01
2.318892999999999884e+05 -2.266844999999999999e+01
2.318893750000000000e+05 -1.718362000000000123e+01
2.318894499999999825e+05 -2.552255999999999858e+01
2.318895249999999942e+05 -2.056531000000000020e+01
2.318896000000000058e+05 -1.676073999999999842e+01
2.318896749999999884e+05 -3.598689000000000249e+01
2.318897500000000000e+05 -1.873814000000000135e+01
2.318898249999999825e+05 -1.743325000000000102e+01
2.318898999999999942e+05 -3.162282000000000082e+01
2.318899750000000058e+05 -1.920664999999999978e+01
2.318900499999999884e+05 -1.868996999999999886e+01
2.318901250000000000e+05 -2.849696000000000140e+01
2.318901999999999825e+05 -2.333654999999999902e+01
2.318902749999999942e+05 -2.077747000000000099e+01
2.318903500000000058e+05 -2.328687000000000040e+01
2.318904249999999884e+05 -3.112081999999999837e+01
2.318905000000000000e+05 -1.918508999999999887e+01
2.318905749999999825e+05 -1.991329999999999956e+01
2.318906499999999942e+05 -3.492014000000000351e+01
2.318907250000000058e+05 -2.105115999999999943e+01
2.318907999999999884e+05 -2.029318999999999917e+01
2.318908750000000000e+05 -2.520890999999999948e+01
2.318909499999999825e+05 -3.161598000000000042e+01
2.318910249999999942e+05 -2.408364999999999867e+01
2.318911000000000058e+05 -2.072886000000000095e+01
2.318911749999999884e+05 -2.864300000000000068e+01
2.318912500000000000e+05 -2.487273000000000067e+01
2.318913249999999825e+05 -1.801087000000000060e+01
2.318913999999999942e+05 -2.188123999999999825e+01
2.318914750000000058e+05 -2.839068999999999932e+01
2.318915499999999884e+05 -3.277074999999999960e+01
2.318916250000000000e+05 -2.111659999999999826e+01
2.318916999999999825e+05 -1.764647000000000077e+01
2.318917749999999942e+05 -2.219119999999999848e+01
2.318918500000000058e+05 -3.450249999999999773e+01
2.318919249999999884e+05 -2.309981000000000151e+01
2.318920000000000000e+05 -1.934228999999999843e+01
2.318920749999999825e+05 -1.888324000000000069e+01
2.318921499999999942e+05 -2.416256999999999877e+01
2.318922250000000058e+05 -2.907914999999999850e+01
2.318922999999999884e+05 -2.721285999999999916e+01
2.318923750000000000e+05 -2.070249000000000095e+01
2.318924499999999825e+05 -2.045522000000000062e+01
2.318925249999999942e+05 -1.785960000000000036e+01
2.318926000000000058e+05 -2.381897000000000020e+01
2.318926749999999884e+05 -2.705915999999999855e+01
2.318927500000000000e+05 -2.691027000000000058e+01
2.318928249999999825e+05 -1.946425999999999945e+01
2.318928999999999942e+05 -2.180905999999999878e+01
2.318929750000000058e+05 -2.248951999999999884e+01
2.318930499999999884e+05 -3.188261999999999929e+01
2.318931250000000000e+05 -2.926895999999999987e+01
2.318931999999999825e+05 -2.592606999999999928e+01
2.318932749999999942e+05 -2.295892999999999873e+01
2.318933500000000058e+05 -2.215381000000000000e+01
2.318934249999999884e+05 -1.937199999999999989e+01
2.318935000000000000e+05 -2.255007000000000161e+01
2.318935749999999825e+05 -2.527645000000000053e+01
2.318936499999999942e+05 -2.321252000000000137e+01
