# Temperature: None K
2.318380750000000116e+05 -2.179711999999999961e+01
2.318381500000000233e+05 -1.850918000000000063e+01
2.318382250000000058e+05 -1.851035999999999859e+01
2.318383000000000175e+05 -1.748677999999999955e+01
2.318383750000000000e+05 -1.817002000000000095e+01
2.318384500000000116e+05 -1.969049000000000049e+01
2.318385250000000233e+05 -1.784737000000000151e+01
2.318386000000000058e+05 -1.840715000000000146e+01
2.318386750000000175e+05 -2.128310000000000102e+01
2.318387500000000000e+05 -1.909669999999999845e+01
2.318388250000000116e+05 -1.911732999999999905e+01
2.318389000000000233e+05 -1.805830999999999875e+01
2.318389750000000058e+05 -2.011280000000000001e+01
2.318390500000000175e+05 -1.873021999999999920e+01
2.318391250000000000e+05 -2.061186000000000007e+01
2.318392000000000116e+05 -1.931239000000000061e+01
2.318392750000000233e+05 -1.943995999999999924e+01
2.318393500000000058e+05 -2.054139999999999944e+01
2.318394250000000175e+05 -1.810438999999999865e+01
2.318395000000000000e+05 -1.975187000000000026e+01
2.318395750000000116e+05 -1.945476999999999990e+01
2.318396500000000233e+05 -1.852264999999999873e+01
2.318397250000000058e+05 -2.121227000000000018e+01
2.318398000000000175e+05 -2.000986999999999938e+01
2.318398750000000000e+05 -1.800441000000000003e+01
2.318399500000000116e+05 -1.819798000000000116e+01
2.318400250000000233e+05 -1.701191000000000031e+01
2.318401000000000058e+05 -2.097375999999999863e+01
2.318401750000000175e+05 -1.819559999999999889e+01
2.318402500000000000e+05 -2.022322000000000131e+01
2.318403250000000116e+05 -1.943109000000000108e+01
2.318404000000000233e+05 -1.771922999999999959e+01
2.318404750000000058e+05 -1.889481999999999928e+01
2.318405500000000175e+05 -2.204167999999999950e+01
2.318406250000000000e+05 -1.879303000000000168e+01
2.318407000000000116e+05 -2.028078000000000003e+01
2.318407750000000233e+05 -1.839754999999999896e+01
2.318408500000000058e+05 -1.888597999999999999e+01
2.318409250000000175e+05 -1.798532000000000153e+01
2.318410000000000000e+05 -1.835240999999999900e+01
2.318410750000000116e+05 -1.805309000000000097e+01
2.318411500000000233e+05 -1.796735999999999933e+01
2.318412250000000058e+05 -1.888279999999999959e+01
2.318413000000000175e+05 -1.781504999999999939e+01
2.318413750000000000e+05 -1.916269000000000133e+01
2.318414500000000116e+05 -1.976057000000000130e+01
2.318415250000000233e+05 -1.796799999999999997e+01
2.318416000000000058e+05 -2.110522999999999882e+01
2.318416750000000175e+05 -1.683329000000000164e+01
2.318417500000000000e+05 -2.001718999999999937e+01
2.318418250000000116e+05 -1.861327999999999960e+01
2.318419000000000233e+05 -1.863683999999999941e+01
2.318419750000000058e+05 -1.847608999999999924e+01
2.318420500000000175e+05 -1.748432999999999993e+01
2.318421250000000000e+05 -1.796602000000000032e+01
2.318422000000000116e+05 -1.795841000000000065e+01
2.318422750000000233e+05 -1.842967000000000155e+01
2.318423500000000058e+05 -1.740660000000000096e+01
2.318424250000000175e+05 -2.034406999999999854e+01
2.318425000000000000e+05 -2.035967000000000127e+01
2.318425750000000116e+05 -1.941083000000000069e+01
2.318426500000000233e+05 -1.908629000000000175e+01
2.318427250000000058e+05 -1.800422999999999973e+01
2.318428000000000175e+05 -1.940261999999999887e+01
2.318428750000000000e+05 -1.702227999999999852e+01
2.318429500000000116e+05 -1.802428000000000097e+01
2.318430250000000233e+05 -1.934130000000000038e+01
2.318431000000000058e+05 -1.759232000000000085e+01
2.318431750000000175e+05 -1.946049000000000007e+01
2.318432500000000000e+05 -1.911757000000000062e+01
2.318433250000000116e+05 -1.683313000000000059e+01
2.318434000000000233e+05 -2.084178999999999959e+01
2.318434750000000058e+05 -2.156807999999999836e+01
2.318435500000000175e+05 -1.771221999999999852e+01
2.318436250000000000e+05 -2.060638000000000147e+01
2.318437000000000116e+05 -1.752136000000000138e+01
2.318437750000000233e+05 -1.795469999999999899e+01
2.318438500000000058e+05 -1.870167000000000002e+01
2.318439250000000175e+05 -2.131037999999999855e+01
2.318440000000000000e+05 -1.735970999999999975e+01
2.318440750000000116e+05 -2.094574000000000069e+01
2.318441500000000233e+05 -1.764057000000000031e+01
2.318442250000000058e+05 -1.809688999999999837e+01
2.318443000000000175e+05 -1.780366000000000071e+01
2.318443750000000000e+05 -1.882060999999999851e+01
2.318444500000000116e+05 -1.960013000000000005e+01
2.318445250000000233e+05 -1.909150999999999954e+01
2.318446000000000058e+05 -1.711471999999999838e+01
2.318446750000000175e+05 -1.818095999999999890e+01
2.318447500000000000e+05 -1.754853999999999914e+01
2.318448250000000116e+05 -2.035954999999999870e+01
2.318449000000000233e+05 -1.811244999999999905e+01
2.318449750000000058e+05 -1.803984000000000165e+01
2.318450500000000175e+05 -1.689202999999999832e+01
2.318451250000000000e+05 -1.836496999999999957e+01
2.318452000000000116e+05 -1.916300000000000026e+01
2.318452750000000233e+05 -1.865143000000000129e+01
2.318453500000000058e+05 -1.745967999999999876e+01
2.318454250000000175e+05 -1.809320999999999913e+01
2.318455000000000000e+05 -1.826193999999999917e+01
2.318455750000000116e+05 -1.702552999999999983e+01
2.318456500000000233e+05 -1.734348999999999918e+01
2.318457250000000058e+05 -1.640603000000000122e+01
2.318458000000000175e+05 -1.611546999999999841e+01
2.318458750000000000e+05 -1.929031000000000162e+01
2.318459500000000116e+05 -1.761273999999999873e+01
2.318460250000000233e+05 -1.766979999999999862e+01
2.318461000000000058e+05 -1.883002000000000109e+01
2.318461750000000175e+05 -1.709613999999999834e+01
2.318462500000000000e+05 -1.863883999999999830e+01
2.318463250000000116e+05 -1.577779999999999916e+01
2.318464000000000233e+05 -1.740654999999999930e+01
2.318464750000000058e+05 -1.728706999999999994e+01
2.318465500000000175e+05 -1.776782000000000039e+01
2.318466250000000000e+05 -1.719527000000000072e+01
2.318467000000000116e+05 -1.688812000000000069e+01
2.318467750000000233e+05 -1.662496000000000151e+01
2.318468500000000058e+05 -1.763748000000000005e+01
2.318469250000000175e+05 -1.791730000000000089e+01
2.318470000000000000e+05 -1.930351999999999890e+01
2.318470750000000116e+05 -1.776521999999999935e+01
2.318471500000000233e+05 -1.940480000000000160e+01
2.318472250000000058e+05 -1.989465999999999823e+01
2.318473000000000175e+05 -1.540258000000000038e+01
2.318473750000000000e+05 -1.793667999999999907e+01
2.318474500000000116e+05 -1.786664999999999992e+01
2.318475250000000233e+05 -1.787192999999999898e+01
2.318476000000000058e+05 -1.695038999999999874e+01
2.318476750000000175e+05 -1.717427999999999955e+01
2.318477500000000000e+05 -1.595933999999999919e+01
2.318478250000000116e+05 -1.659864999999999924e+01
2.318479000000000233e+05 -1.640322000000000102e+01
2.318479750000000058e+05 -1.879695999999999856e+01
2.318480500000000175e+05 -1.846233000000000146e+01
2.318481250000000000e+05 -1.587804000000000038e+01
2.318482000000000116e+05 -1.694831999999999894e+01
2.318482750000000233e+05 -1.676221999999999923e+01
2.318483500000000058e+05 -1.450028000000000006e+01
2.318484250000000175e+05 -1.600422000000000011e+01
2.318485000000000000e+05 -1.499742999999999959e+01
2.318485750000000116e+05 -1.472498000000000040e+01
2.318486500000000233e+05 -1.725228999999999857e+01
2.318487250000000058e+05 -1.642794999999999916e+01
2.318488000000000175e+05 -1.722428000000000026e+01
2.318488750000000000e+05 -1.540041000000000082e+01
2.318489500000000116e+05 -1.451788999999999952e+01
2.318490250000000233e+05 -1.491629000000000005e+01
2.318491000000000058e+05 -1.498328000000000060e+01
2.318491750000000175e+05 -1.579137000000000057e+01
2.318492500000000000e+05 -1.547513000000000005e+01
2.318493250000000116e+05 -1.393013000000000012e+01
2.318494000000000233e+05 -1.481827999999999967e+01
2.318494750000000058e+05 -1.374662000000000006e+01
2.318495500000000175e+05 -1.524620999999999960e+01
2.318496250000000000e+05 -1.572592999999999996e+01
2.318497000000000116e+05 -1.436107999999999940e+01
2.318497750000000233e+05 -1.443055000000000021e+01
2.318498500000000058e+05 -1.447720999999999947e+01
2.318499250000000175e+05 -1.395636000000000010e+01
2.318500000000000000e+05 -1.423546999999999940e+01
2.318500750000000116e+05 -1.453340999999999994e+01
2.318501500000000233e+05 -1.315512999999999977e+01
2.318502250000000058e+05 -1.355728000000000044e+01
2.318503000000000175e+05 -1.260066999999999915e+01
2.318503750000000000e+05 -1.181431000000000076e+01
2.318504500000000116e+05 -1.365502000000000038e+01
2.318505250000000233e+05 -1.296376000000000062e+01
2.318506000000000058e+05 -1.331320999999999977e+01
2.318506750000000175e+05 -1.262470000000000070e+01
2.318507500000000000e+05 -1.227788999999999930e+01
2.318508250000000116e+05 -1.184542000000000073e+01
2.318509000000000233e+05 -1.151655000000000051e+01
2.318509750000000058e+05 -1.187055999999999933e+01
2.318510500000000175e+05 -1.161487999999999943e+01
2.318511250000000000e+05 -1.142121999999999993e+01
2.318512000000000116e+05 -1.060063000000000066e+01
2.318512750000000233e+05 -1.072603999999999935e+01
2.318513500000000058e+05 -9.282643000000000200e+00
2.318514250000000175e+05 -1.013172999999999924e+01
2.318515000000000000e+05 -9.812400000000000233e+00
2.318515750000000116e+05 -9.930289999999999395e+00
2.318516500000000233e+05 -9.772392999999999219e+00
2.318517250000000058e+05 -8.125565999999999178e+00
2.318518000000000175e+05 -8.752772999999999470e+00
2.318518750000000000e+05 -8.485172999999999632e+00
2.318519500000000116e+05 -8.042516000000000886e+00
2.318520250000000233e+05 -8.252079999999999416e+00
2.318521000000000058e+05 -7.891421000000000241e+00
2.318521750000000175e+05 -7.201465999999999923e+00
2.318522500000000000e+05 -7.711269999999999847e+00
2.318523250000000116e+05 -7.401163000000000380e+00
2.318524000000000233e+05 -6.774353999999999765e+00
2.318524750000000058e+05 -7.700281000000000375e+00
2.318525500000000175e+05 -8.058303999999999689e+00
2.318526250000000000e+05 -7.238973999999999798e+00
2.318527000000000116e+05 -7.171210999999999558e+00
2.318527750000000233e+05 -7.187039999999999651e+00
2.318528500000000058e+05 -7.831592999999999805e+00
2.318529250000000175e+05 -8.558581000000000216e+00
2.318530000000000000e+05 -9.172302000000000177e+00
2.318530750000000116e+05 -9.272334999999999994e+00
2.318531500000000233e+05 -1.095391000000000048e+01
2.318532250000000058e+05 -1.168122999999999934e+01
2.318533000000000175e+05 -1.315459000000000067e+01
2.318533750000000000e+05 -1.467492000000000019e+01
2.318534500000000116e+05 -1.607764999999999844e+01
2.318535250000000233e+05 -1.832816000000000045e+01
2.318536000000000058e+05 -1.990325999999999951e+01
2.318536750000000175e+05 -2.188774000000000086e+01
2.318537500000000000e+05 -2.163395999999999830e+01
2.318538250000000116e+05 -2.076700999999999908e+01
2.318539000000000233e+05 -2.382497000000000043e+01
2.318539750000000058e+05 -2.054690000000000083e+01
2.318540500000000175e+05 -2.263520000000000110e+01
2.318541250000000000e+05 -2.676580999999999833e+01
2.318542000000000116e+05 -2.232742999999999967e+01
2.318542750000000233e+05 -2.391124999999999901e+01
2.318543500000000058e+05 -2.598423999999999978e+01
2.318544250000000175e+05 -2.679498999999999853e+01
2.318545000000000000e+05 -2.369921000000000078e+01
2.318545750000000116e+05 -3.337631999999999977e+01
2.318546500000000233e+05 -2.942886000000000024e+01
2.318547250000000058e+05 -3.510305000000000319e+01
2.318548000000000175e+05 -3.777289999999999992e+01
2.318548750000000000e+05 -4.145092000000000354e+01
2.318549500000000116e+05 -3.039705999999999975e+01
2.318550250000000233e+05 -3.834114000000000289e+01
2.318551000000000058e+05 -2.800020999999999916e+01
2.318551750000000175e+05 -3.374331000000000103e+01
2.318552500000000000e+05 -4.013956000000000301e+01
2.318553250000000116e+05 -3.205181000000000324e+01
2.318554000000000233e+05 -3.011563999999999908e+01
2.318554750000000058e+05 -3.324143000000000114e+01
2.318555500000000175e+05 -3.188468999999999909e+01
2.318556250000000000e+05 -3.222279000000000337e+01
2.318557000000000116e+05 -4.330118000000000222e+01
2.318557750000000233e+05 -3.316308999999999685e+01
2.318558500000000058e+05 -5.534167999999999665e+01
2.318559250000000175e+05 -3.701595999999999975e+01
2.318560000000000000e+05 -3.568023000000000167e+01
2.318560750000000116e+05 -2.537879999999999825e+01
2.318561500000000233e+05 -2.811452999999999847e+01
2.318562250000000058e+05 -3.056208000000000169e+01
2.318563000000000175e+05 -2.822187999999999874e+01
2.318563750000000000e+05 -2.955295999999999879e+01
2.318564500000000116e+05 -2.854713999999999885e+01
2.318565250000000233e+05 -2.932979999999999876e+01
2.318566000000000058e+05 -2.859099000000000146e+01
2.318566750000000175e+05 -3.025449000000000055e+01
2.318567500000000000e+05 -3.898046999999999684e+01
2.318568250000000116e+05 -3.009681000000000139e+01
2.318569000000000233e+05 -2.754860000000000042e+01
2.318569750000000058e+05 -2.657353000000000165e+01
2.318570500000000175e+05 -2.758780000000000143e+01
2.318571250000000000e+05 -2.497512000000000043e+01
2.318572000000000116e+05 -2.710198000000000107e+01
2.318572750000000233e+05 -3.529798999999999864e+01
2.318573500000000058e+05 -3.713790000000000191e+01
2.318574250000000175e+05 -2.784121000000000024e+01
2.318575000000000000e+05 -4.039372000000000185e+01
2.318575750000000116e+05 -2.419427999999999912e+01
2.318576500000000233e+05 -2.469549999999999912e+01
2.318577250000000058e+05 -2.662507000000000090e+01
2.318578000000000175e+05 -2.697646999999999906e+01
2.318578750000000000e+05 -2.518104999999999905e+01
2.318579500000000116e+05 -2.635115000000000052e+01
2.318580250000000233e+05 -2.686816999999999922e+01
2.318581000000000058e+05 -2.414767000000000152e+01
2.318581750000000175e+05 -2.695844999999999914e+01
2.318582500000000000e+05 -2.917126000000000019e+01
2.318583250000000116e+05 -2.742163000000000039e+01
2.318584000000000233e+05 -2.447325999999999979e+01
2.318584750000000058e+05 -2.615999000000000052e+01
2.318585500000000175e+05 -2.477766000000000091e+01
2.318586250000000000e+05 -2.626788000000000167e+01
2.318587000000000116e+05 -2.586337999999999937e+01
2.318587750000000233e+05 -2.425813000000000130e+01
2.318588500000000058e+05 -2.083283000000000129e+01
2.318589250000000175e+05 -2.948019000000000034e+01
2.318590000000000000e+05 -2.389045000000000130e+01
2.318590750000000116e+05 -3.002673000000000059e+01
2.318591500000000233e+05 -2.685033999999999921e+01
2.318592250000000058e+05 -2.433232999999999890e+01
2.318593000000000175e+05 -2.653154999999999930e+01
2.318593750000000000e+05 -3.499669999999999703e+01
2.318594500000000116e+05 -2.223392000000000124e+01
2.318595250000000233e+05 -2.307856999999999914e+01
2.318596000000000058e+05 -2.566860000000000142e+01
2.318596750000000175e+05 -2.463755000000000095e+01
2.318597500000000000e+05 -2.578258999999999901e+01
2.318598250000000116e+05 -2.414163999999999888e+01
2.318599000000000233e+05 -2.337668999999999997e+01
2.318599750000000058e+05 -2.370000999999999891e+01
2.318600500000000175e+05 -2.627121999999999957e+01
2.318601250000000000e+05 -2.526401999999999859e+01
2.318602000000000116e+05 -3.908220000000000027e+01
2.318602750000000233e+05 -2.370512000000000086e+01
2.318603500000000058e+05 -2.667727999999999966e+01
2.318604250000000175e+05 -2.639799999999999969e+01
2.318605000000000000e+05 -2.690822000000000003e+01
2.318605750000000116e+05 -2.736984999999999957e+01
2.318606500000000233e+05 -2.459095999999999904e+01
2.318607250000000058e+05 -2.113215999999999894e+01
2.318608000000000175e+05 -2.374463000000000079e+01
2.318608750000000000e+05 -2.442022000000000048e+01
2.318609500000000116e+05 -2.231869000000000014e+01
2.318610250000000233e+05 -2.366376999999999953e+01
2.318611000000000058e+05 -2.607241000000000142e+01
2.318611750000000175e+05 -2.416716999999999871e+01
2.318612500000000000e+05 -2.754027999999999921e+01
2.318613250000000116e+05 -2.530676000000000059e+01
2.318614000000000233e+05 -2.393730000000000047e+01
2.318614750000000058e+05 -2.209240000000000137e+01
2.318615500000000175e+05 -2.929317999999999955e+01
2.318616250000000000e+05 -2.286427000000000120e+01
2.318617000000000116e+05 -2.920681000000000083e+01
2.318617750000000233e+05 -2.099570999999999898e+01
2.318618500000000058e+05 -2.322811000000000092e+01
2.318619250000000175e+05 -2.515290999999999855e+01
2.318620000000000000e+05 -2.559770999999999930e+01
2.318620750000000116e+05 -2.319553000000000154e+01
2.318621500000000233e+05 -2.223592000000000013e+01
2.318622250000000058e+05 -2.799200000000000088e+01
2.318623000000000175e+05 -2.315465999999999980e+01
2.318623750000000000e+05 -2.260071999999999903e+01
2.318624500000000116e+05 -2.470242000000000004e+01
2.318625250000000233e+05 -2.220035999999999987e+01
2.318626000000000058e+05 -2.324199000000000126e+01
2.318626750000000175e+05 -2.156985999999999848e+01
2.318627500000000000e+05 -2.741027000000000058e+01
2.318628250000000116e+05 -2.708574000000000126e+01
2.318629000000000233e+05 -2.781738999999999962e+01
2.318629750000000058e+05 -3.001405000000000101e+01
2.318630500000000175e+05 -2.121623999999999910e+01
2.318631250000000000e+05 -2.526792000000000016e+01
2.318632000000000116e+05 -1.941085999999999956e+01
2.318632750000000233e+05 -2.378361999999999910e+01
2.318633500000000058e+05 -2.624476999999999904e+01
2.318634250000000175e+05 -3.594115000000000038e+01
2.318635000000000000e+05 -2.709899000000000058e+01
2.318635750000000116e+05 -2.257150000000000034e+01
2.318636500000000233e+05 -2.346424999999999983e+01
2.318637250000000058e+05 -2.325215000000000032e+01
2.318638000000000175e+05 -2.353447999999999851e+01
2.318638750000000000e+05 -2.210660000000000025e+01
2.318639500000000116e+05 -2.520512000000000086e+01
2.318640250000000233e+05 -2.271331999999999951e+01
2.318641000000000058e+05 -2.234354000000000084e+01
2.318641750000000175e+05 -2.279883999999999844e+01
2.318642500000000000e+05 -2.338229000000000113e+01
2.318643250000000116e+05 -2.485877999999999943e+01
2.318644000000000233e+05 -2.617346999999999824e+01
2.318644750000000058e+05 -2.367885000000000062e+01
2.318645500000000175e+05 -2.166659999999999897e+01
2.318646250000000000e+05 -2.199575000000000102e+01
2.318647000000000116e+05 -3.432777000000000100e+01
2.318647750000000233e+05 -2.040720999999999918e+01
2.318648500000000058e+05 -2.681672000000000011e+01
2.318649250000000175e+05 -2.419579999999999842e+01
2.318650000000000000e+05 -2.503705000000000069e+01
2.318650750000000116e+05 -2.469855000000000089e+01
2.318651500000000233e+05 -2.527412999999999954e+01
2.318652250000000058e+05 -2.322469999999999857e+01
2.318653000000000175e+05 -2.273885999999999896e+01
2.318653750000000000e+05 -2.511655999999999977e+01
2.318654500000000116e+05 -2.271530999999999878e+01
2.318655250000000233e+05 -2.175048999999999921e+01
2.318656000000000058e+05 -2.624502000000000024e+01
2.318656750000000175e+05 -2.277814000000000050e+01
2.318657500000000000e+05 -2.161946999999999974e+01
2.318658250000000116e+05 -2.556638999999999839e+01
2.318659000000000233e+05 -2.077451999999999899e+01
2.318659750000000058e+05 -2.699024999999999963e+01
2.318660500000000175e+05 -2.656932000000000116e+01
2.318661250000000000e+05 -2.317764000000000024e+01
2.318662000000000116e+05 -2.417455999999999960e+01
2.318662750000000233e+05 -2.249107000000000056e+01
2.318663500000000058e+05 -2.255005999999999844e+01
2.318664250000000175e+05 -2.187046000000000134e+01
2.318665000000000000e+05 -1.925613999999999848e+01
2.318665750000000116e+05 -2.096669999999999945e+01
2.318666500000000233e+05 -2.071650999999999954e+01
2.318667250000000058e+05 -2.609265999999999863e+01
2.318668000000000175e+05 -2.099457999999999913e+01
2.318668750000000000e+05 -2.620375999999999905e+01
2.318669500000000116e+05 -2.163166999999999973e+01
2.318670250000000233e+05 -2.235510000000000019e+01
2.318671000000000058e+05 -2.439683000000000135e+01
2.318671750000000175e+05 -2.286927000000000021e+01
2.318672500000000000e+05 -2.659050999999999831e+01
2.318673250000000116e+05 -2.511242999999999981e+01
2.318674000000000233e+05 -2.128806000000000154e+01
2.318674750000000058e+05 -2.322513999999999967e+01
2.318675500000000175e+05 -1.980576999999999899e+01
2.318676250000000000e+05 -2.094569999999999865e+01
2.318677000000000116e+05 -1.964498999999999995e+01
2.318677750000000233e+05 -2.214153999999999911e+01
2.318678500000000058e+05 -2.269863000000000142e+01
2.318679250000000175e+05 -2.843479999999999919e+01
2.318680000000000000e+05 -2.135197000000000145e+01
2.318680750000000116e+05 -2.432932999999999879e+01
