# Temperature: None K
2.319175750000000116e+05 -2.394398999999999944e+01
2.319176500000000233e+05 -2.344254000000000104e+01
2.319177250000000058e+05 -1.814427999999999841e+01
2.319178000000000175e+05 -1.809406999999999854e+01
2.319178750000000000e+05 -1.827741999999999933e+01
2.319179500000000116e+05 -1.975479999999999947e+01
2.319180250000000233e+05 -2.238700000000000045e+01
2.319181000000000058e+05 -1.982642999999999844e+01
2.319181750000000175e+05 -1.759737000000000151e+01
2.319182500000000000e+05 -1.765145000000000053e+01
2.319183250000000116e+05 -2.221289000000000158e+01
2.319184000000000233e+05 -2.149528000000000105e+01
2.319184750000000058e+05 -1.912066000000000088e+01
2.319185500000000175e+05 -1.806276000000000082e+01
2.319186250000000000e+05 -1.830292000000000030e+01
2.319187000000000116e+05 -2.028296999999999883e+01
2.319187750000000233e+05 -2.007011999999999929e+01
2.319188500000000058e+05 -1.821077999999999975e+01
2.319189250000000175e+05 -1.775730000000000075e+01
2.319190000000000000e+05 -2.040022000000000091e+01
2.319190750000000116e+05 -2.333547000000000082e+01
2.319191500000000233e+05 -1.667398999999999987e+01
2.319192250000000058e+05 -2.053780000000000072e+01
2.319193000000000175e+05 -2.327877000000000152e+01
2.319193750000000000e+05 -2.081572999999999851e+01
2.319194500000000116e+05 -2.060780000000000101e+01
2.319195250000000233e+05 -1.985278999999999883e+01
2.319196000000000058e+05 -2.193055000000000021e+01
2.319196750000000175e+05 -2.017697000000000074e+01
2.319197500000000000e+05 -1.841458000000000084e+01
2.319198250000000116e+05 -1.981766999999999967e+01
2.319199000000000233e+05 -1.943374000000000024e+01
2.319199750000000058e+05 -1.974286999999999992e+01
2.319200500000000175e+05 -1.840278999999999954e+01
2.319201250000000000e+05 -2.022607999999999961e+01
2.319202000000000116e+05 -1.860259999999999891e+01
2.319202750000000233e+05 -1.895176000000000016e+01
2.319203500000000058e+05 -1.887650000000000006e+01
2.319204250000000175e+05 -1.865664999999999907e+01
2.319205000000000000e+05 -2.138363999999999976e+01
2.319205750000000116e+05 -2.019607999999999848e+01
2.319206500000000233e+05 -2.093913999999999831e+01
2.319207250000000058e+05 -2.041084000000000032e+01
2.319208000000000175e+05 -1.790009999999999835e+01
2.319208750000000000e+05 -1.808002000000000109e+01
2.319209500000000116e+05 -1.973195000000000121e+01
2.319210250000000233e+05 -2.056167999999999907e+01
2.319211000000000058e+05 -2.094691999999999865e+01
2.319211750000000175e+05 -1.933088000000000051e+01
2.319212500000000000e+05 -1.901725000000000065e+01
2.319213250000000116e+05 -2.029327999999999932e+01
2.319214000000000233e+05 -1.954711999999999961e+01
2.319214750000000058e+05 -1.867129999999999868e+01
2.319215500000000175e+05 -2.094663999999999859e+01
2.319216250000000000e+05 -1.855921999999999983e+01
2.319217000000000116e+05 -1.679937999999999931e+01
2.319217750000000233e+05 -1.907241000000000142e+01
2.319218500000000058e+05 -1.915182000000000073e+01
2.319219250000000175e+05 -2.043962000000000145e+01
2.319220000000000000e+05 -1.720957999999999899e+01
2.319220750000000116e+05 -1.732041999999999859e+01
2.319221500000000233e+05 -1.709434999999999860e+01
2.319222250000000058e+05 -2.006519000000000119e+01
2.319223000000000175e+05 -1.820536999999999850e+01
2.319223750000000000e+05 -1.989855000000000018e+01
2.319224500000000116e+05 -1.883667000000000158e+01
2.319225250000000233e+05 -2.006656999999999869e+01
2.319226000000000058e+05 -1.998286999999999836e+01
2.319226750000000175e+05 -1.704083999999999932e+01
2.319227500000000000e+05 -1.957676999999999978e+01
2.319228250000000116e+05 -2.014107999999999876e+01
2.319229000000000233e+05 -1.823808000000000007e+01
2.319229750000000058e+05 -2.001414000000000115e+01
2.319230500000000175e+05 -1.817387000000000086e+01
2.319231250000000000e+05 -1.728331000000000017e+01
2.319232000000000116e+05 -1.657357000000000014e+01
2.319232750000000233e+05 -1.925910999999999973e+01
2.319233500000000058e+05 -1.841733999999999938e+01
2.319234250000000175e+05 -1.767496999999999829e+01
2.319235000000000000e+05 -1.925384999999999991e+01
2.319235750000000116e+05 -1.581734999999999935e+01
2.319236500000000233e+05 -1.891290000000000049e+01
2.319237250000000058e+05 -1.794562000000000168e+01
2.319238000000000175e+05 -1.786844999999999928e+01
2.319238750000000000e+05 -1.792719999999999914e+01
2.319239500000000116e+05 -1.784059999999999846e+01
2.319240250000000233e+05 -1.783620000000000161e+01
2.319241000000000058e+05 -1.905914999999999893e+01
2.319241750000000175e+05 -1.842354999999999876e+01
2.319242500000000000e+05 -1.893268000000000129e+01
2.319243250000000116e+05 -1.665014000000000038e+01
2.319244000000000233e+05 -1.627741999999999933e+01
2.319244750000000058e+05 -1.760801999999999978e+01
2.319245500000000175e+05 -1.840621000000000151e+01
2.319246250000000000e+05 -1.829697000000000173e+01
2.319247000000000116e+05 -1.970895000000000152e+01
2.319247750000000233e+05 -2.382025000000000148e+01
2.319248500000000058e+05 -1.709729000000000099e+01
2.319249250000000175e+05 -1.689236000000000004e+01
2.319250000000000000e+05 -1.791848999999999847e+01
2.319250750000000116e+05 -1.784653000000000134e+01
2.319251500000000233e+05 -1.879018999999999906e+01
2.319252250000000058e+05 -1.768872000000000000e+01
2.319253000000000175e+05 -1.818064000000000036e+01
2.319253750000000000e+05 -1.997688000000000130e+01
2.319254500000000116e+05 -1.692119999999999891e+01
2.319255250000000233e+05 -1.815199000000000140e+01
2.319256000000000058e+05 -1.767207000000000150e+01
2.319256750000000175e+05 -1.892583000000000126e+01
2.319257500000000000e+05 -1.731066999999999823e+01
2.319258250000000116e+05 -1.590629000000000026e+01
2.319259000000000233e+05 -1.816148000000000096e+01
2.319259750000000058e+05 -1.884871000000000052e+01
2.319260500000000175e+05 -1.852514000000000038e+01
2.319261250000000000e+05 -1.811165000000000092e+01
2.319262000000000116e+05 -2.004943000000000097e+01
2.319262750000000233e+05 -1.665364999999999895e+01
2.319263500000000058e+05 -1.762565999999999988e+01
2.319264250000000175e+05 -1.720132999999999868e+01
2.319265000000000000e+05 -1.735021000000000058e+01
2.319265750000000116e+05 -1.936506999999999934e+01
2.319266500000000233e+05 -1.805621000000000009e+01
2.319267250000000058e+05 -1.624499000000000137e+01
2.319268000000000175e+05 -1.741880000000000095e+01
2.319268750000000000e+05 -1.740099000000000018e+01
2.319269500000000116e+05 -1.667714000000000141e+01
2.319270250000000233e+05 -1.822890999999999906e+01
2.319271000000000058e+05 -1.665529000000000082e+01
2.319271750000000175e+05 -1.726784999999999926e+01
2.319272500000000000e+05 -1.631484999999999985e+01
2.319273250000000116e+05 -1.644444000000000017e+01
2.319274000000000233e+05 -1.653472999999999971e+01
2.319274750000000058e+05 -1.782458000000000098e+01
2.319275500000000175e+05 -1.747860000000000014e+01
2.319276250000000000e+05 -1.733586999999999989e+01
2.319277000000000116e+05 -1.700050999999999846e+01
2.319277750000000233e+05 -1.684742999999999924e+01
2.319278500000000058e+05 -1.370801999999999943e+01
2.319279250000000175e+05 -1.647456999999999994e+01
2.319280000000000000e+05 -1.490305999999999997e+01
2.319280750000000116e+05 -1.618430000000000035e+01
2.319281500000000233e+05 -1.662592000000000070e+01
2.319282250000000058e+05 -1.630536000000000030e+01
2.319283000000000175e+05 -1.580538999999999916e+01
2.319283750000000000e+05 -1.603300000000000125e+01
2.319284500000000116e+05 -1.508470999999999940e+01
2.319285250000000233e+05 -1.545547999999999966e+01
2.319286000000000058e+05 -1.487313999999999936e+01
2.319286750000000175e+05 -1.496648000000000067e+01
2.319287500000000000e+05 -1.427449999999999974e+01
2.319288250000000116e+05 -1.567680999999999969e+01
2.319289000000000233e+05 -1.457108000000000025e+01
2.319289750000000058e+05 -1.595650999999999975e+01
2.319290500000000175e+05 -1.529574999999999996e+01
2.319291250000000000e+05 -1.487617000000000012e+01
2.319292000000000116e+05 -1.478644000000000069e+01
2.319292750000000233e+05 -1.493535999999999930e+01
2.319293500000000058e+05 -1.454100999999999999e+01
2.319294250000000175e+05 -1.338198000000000043e+01
2.319295000000000000e+05 -1.348569999999999958e+01
2.319295750000000116e+05 -1.370529999999999937e+01
2.319296500000000233e+05 -1.389859000000000044e+01
2.319297250000000058e+05 -1.353528999999999982e+01
2.319298000000000175e+05 -1.191291999999999973e+01
2.319298750000000000e+05 -1.223864000000000019e+01
2.319299500000000116e+05 -1.236753999999999998e+01
2.319300250000000233e+05 -1.230057000000000045e+01
2.319301000000000058e+05 -1.132718999999999987e+01
2.319301750000000175e+05 -1.197598999999999947e+01
2.319302500000000000e+05 -1.178832000000000058e+01
2.319303250000000116e+05 -1.154978000000000016e+01
2.319304000000000233e+05 -1.151134000000000057e+01
2.319304750000000058e+05 -1.188002000000000002e+01
2.319305500000000175e+05 -9.988581999999999184e+00
2.319306250000000000e+05 -9.517652999999999253e+00
2.319307000000000116e+05 -1.039850999999999992e+01
2.319307750000000233e+05 -1.075718999999999959e+01
2.319308500000000058e+05 -9.391398999999999830e+00
2.319309250000000175e+05 -9.036580000000000723e+00
2.319310000000000000e+05 -8.307183000000000206e+00
2.319310750000000116e+05 -8.464190999999999576e+00
2.319311500000000233e+05 -8.145538000000000167e+00
2.319312250000000058e+05 -7.328452999999999662e+00
2.319313000000000175e+05 -6.715666999999999831e+00
2.319313750000000000e+05 -6.232839000000000240e+00
2.319314500000000116e+05 -5.371629999999999683e+00
2.319315250000000233e+05 -5.165765000000000384e+00
2.319316000000000058e+05 -4.945820000000000327e+00
2.319316750000000175e+05 -4.289583000000000368e+00
2.319317500000000000e+05 -3.448926000000000158e+00
2.319318250000000116e+05 -3.002768999999999799e+00
2.319319000000000233e+05 -2.462499999999999911e+00
2.319319750000000058e+05 -1.951478999999999964e+00
2.319320500000000175e+05 -1.273438000000000070e+00
2.319321250000000000e+05 -9.742707000000000450e-01
2.319322000000000116e+05 -4.069327999999999834e-01
2.319322750000000233e+05 -1.101672000000000068e-01
2.319323500000000058e+05 2.368930999999999953e-01
2.319324250000000175e+05 2.990701000000000054e-01
2.319325000000000000e+05 4.671040000000000192e-01
2.319325750000000116e+05 7.870789999999999731e-01
2.319326500000000233e+05 4.542963999999999891e-01
2.319327250000000058e+05 1.945604999999999973e-01
2.319328000000000175e+05 -2.049701999999999913e-01
2.319328750000000000e+05 -8.038840000000000430e-01
2.319329500000000116e+05 -1.841666999999999943e+00
2.319330250000000233e+05 -2.692009000000000096e+00
2.319331000000000058e+05 -3.897549999999999848e+00
2.319331750000000175e+05 -5.467055000000000220e+00
2.319332500000000000e+05 -6.023550000000000182e+00
2.319333250000000116e+05 -6.825689999999999813e+00
2.319334000000000233e+05 -6.693107999999999613e+00
2.319334750000000058e+05 -5.795492000000000310e+00
2.319335500000000175e+05 -5.509043000000000134e+00
2.319336250000000000e+05 -5.467368999999999701e+00
2.319337000000000116e+05 -6.351467999999999670e+00
2.319337750000000233e+05 -6.589087000000000138e+00
2.319338500000000058e+05 -8.945797000000000665e+00
2.319339250000000175e+05 -8.748020000000000351e+00
2.319340000000000000e+05 -1.051852000000000054e+01
2.319340750000000116e+05 -9.873573999999999629e+00
2.319341500000000233e+05 -1.009402000000000044e+01
2.319342250000000058e+05 -9.064111000000000473e+00
2.319343000000000175e+05 -9.237740999999999758e+00
2.319343750000000000e+05 -1.045068000000000019e+01
2.319344500000000116e+05 -1.154373999999999967e+01
2.319345250000000233e+05 -1.282449000000000083e+01
2.319346000000000058e+05 -1.240157999999999916e+01
2.319346750000000175e+05 -1.309900999999999982e+01
2.319347500000000000e+05 -1.224480999999999931e+01
2.319348250000000116e+05 -1.274142999999999937e+01
2.319349000000000233e+05 -1.310060999999999964e+01
2.319349750000000058e+05 -1.454209999999999958e+01
2.319350500000000175e+05 -1.573288999999999938e+01
2.319351250000000000e+05 -1.410063000000000066e+01
2.319352000000000116e+05 -1.447081999999999979e+01
2.319352750000000233e+05 -1.447905000000000086e+01
2.319353500000000058e+05 -1.533927000000000085e+01
2.319354250000000175e+05 -1.889180999999999955e+01
2.319355000000000000e+05 -1.746830999999999889e+01
2.319355750000000116e+05 -1.704329999999999856e+01
2.319356500000000233e+05 -1.552618000000000009e+01
2.319357250000000058e+05 -1.654891999999999896e+01
2.319358000000000175e+05 -1.785088999999999970e+01
2.319358750000000000e+05 -1.858483999999999980e+01
2.319359500000000116e+05 -1.736618999999999957e+01
2.319360250000000233e+05 -1.940384999999999849e+01
2.319361000000000058e+05 -2.223188000000000031e+01
2.319361750000000175e+05 -2.329226999999999848e+01
2.319362500000000000e+05 -1.914171999999999940e+01
2.319363250000000116e+05 -2.141825000000000045e+01
2.319364000000000233e+05 -2.361784000000000106e+01
2.319364750000000058e+05 -2.681799000000000177e+01
2.319365500000000175e+05 -1.822016999999999953e+01
2.319366250000000000e+05 -2.318699000000000154e+01
2.319367000000000116e+05 -2.982970999999999862e+01
2.319367750000000233e+05 -2.432614999999999839e+01
2.319368500000000058e+05 -2.047974999999999923e+01
2.319369250000000175e+05 -2.535294999999999987e+01
2.319370000000000000e+05 -3.186503000000000085e+01
2.319370750000000116e+05 -2.006231000000000009e+01
2.319371500000000233e+05 -2.511251999999999995e+01
2.319372250000000058e+05 -2.922216999999999842e+01
2.319373000000000175e+05 -2.143851000000000084e+01
2.319373750000000000e+05 -3.340406999999999726e+01
2.319374500000000116e+05 -2.982329000000000008e+01
2.319375250000000233e+05 -2.339463999999999899e+01
2.319376000000000058e+05 -3.067636999999999858e+01
2.319376750000000175e+05 -3.758250999999999920e+01
2.319377500000000000e+05 -2.450713000000000008e+01
2.319378250000000116e+05 -2.934333000000000169e+01
2.319379000000000233e+05 -3.791463000000000250e+01
2.319379750000000058e+05 -2.330418999999999841e+01
2.319380500000000175e+05 -2.394397999999999982e+01
2.319381250000000000e+05 -3.528412999999999755e+01
2.319382000000000116e+05 -2.505969999999999942e+01
2.319382750000000233e+05 -4.432549999999999812e+01
2.319383500000000058e+05 -2.500379999999999825e+01
2.319384250000000175e+05 -3.324034999999999940e+01
2.319385000000000000e+05 -3.676594000000000051e+01
2.319385750000000116e+05 -2.410608999999999824e+01
2.319386500000000233e+05 -2.656428000000000011e+01
2.319387250000000058e+05 -2.866754999999999853e+01
2.319388000000000175e+05 -2.101425000000000054e+01
2.319388750000000000e+05 -2.727184000000000097e+01
2.319389500000000116e+05 -2.252195000000000036e+01
2.319390250000000233e+05 -2.742508000000000123e+01
2.319391000000000058e+05 -2.210506000000000171e+01
2.319391750000000175e+05 -2.133040000000000092e+01
2.319392500000000000e+05 -2.448945000000000149e+01
2.319393250000000116e+05 -2.736414999999999864e+01
2.319394000000000233e+05 -2.409046999999999983e+01
2.319394750000000058e+05 -2.634890000000000043e+01
2.319395500000000175e+05 -4.209011000000000280e+01
2.319396250000000000e+05 -2.321454999999999913e+01
2.319397000000000116e+05 -2.778937000000000168e+01
2.319397750000000233e+05 -2.677368999999999843e+01
2.319398500000000058e+05 -2.445234999999999914e+01
2.319399250000000175e+05 -2.505130000000000123e+01
2.319400000000000000e+05 -2.641573999999999955e+01
2.319400750000000116e+05 -3.090232999999999919e+01
2.319401500000000233e+05 -2.523010999999999981e+01
2.319402250000000058e+05 -2.032908000000000115e+01
2.319403000000000175e+05 -2.185551999999999850e+01
2.319403750000000000e+05 -2.754526999999999859e+01
2.319404500000000116e+05 -3.060652999999999935e+01
2.319405250000000233e+05 -3.952499000000000251e+01
2.319406000000000058e+05 -2.736843999999999966e+01
2.319406750000000175e+05 -2.346627000000000152e+01
2.319407500000000000e+05 -3.013563999999999865e+01
2.319408250000000116e+05 -2.484493000000000151e+01
2.319409000000000233e+05 -2.300082000000000093e+01
2.319409750000000058e+05 -2.361398000000000152e+01
2.319410500000000175e+05 -2.547767999999999944e+01
2.319411250000000000e+05 -2.592010000000000147e+01
2.319412000000000116e+05 -2.343220000000000169e+01
2.319412750000000233e+05 -2.038197999999999865e+01
2.319413500000000058e+05 -2.488700000000000045e+01
2.319414250000000175e+05 -2.243924000000000163e+01
2.319415000000000000e+05 -2.493009999999999948e+01
2.319415750000000116e+05 -2.527920999999999907e+01
2.319416500000000233e+05 -2.234991000000000128e+01
2.319417250000000058e+05 -2.177692000000000050e+01
2.319418000000000175e+05 -3.147928999999999888e+01
2.319418750000000000e+05 -2.113290999999999897e+01
2.319419500000000116e+05 -2.710241999999999862e+01
2.319420250000000233e+05 -2.508419999999999916e+01
2.319421000000000058e+05 -2.485306999999999888e+01
2.319421750000000175e+05 -2.328765999999999892e+01
2.319422500000000000e+05 -2.378074000000000154e+01
2.319423250000000116e+05 -2.535189000000000092e+01
2.319424000000000233e+05 -2.427633000000000152e+01
2.319424750000000058e+05 -2.584703000000000017e+01
2.319425500000000175e+05 -2.681322000000000116e+01
2.319426250000000000e+05 -2.048932999999999893e+01
2.319427000000000116e+05 -2.833617999999999881e+01
2.319427750000000233e+05 -2.403245000000000076e+01
2.319428500000000058e+05 -2.102202000000000126e+01
2.319429250000000175e+05 -2.460785999999999873e+01
2.319430000000000000e+05 -2.560108999999999924e+01
2.319430750000000116e+05 -2.524055999999999855e+01
2.319431500000000233e+05 -2.384600000000000009e+01
2.319432250000000058e+05 -2.659659999999999869e+01
2.319433000000000175e+05 -2.125394000000000005e+01
2.319433750000000000e+05 -2.410534000000000177e+01
2.319434500000000116e+05 -2.627618999999999971e+01
2.319435250000000233e+05 -2.791291999999999973e+01
2.319436000000000058e+05 -2.769906999999999897e+01
2.319436750000000175e+05 -2.674921000000000149e+01
2.319437500000000000e+05 -2.390566000000000102e+01
2.319438250000000116e+05 -2.349411999999999878e+01
2.319439000000000233e+05 -2.561029999999999873e+01
2.319439750000000058e+05 -2.546887999999999863e+01
2.319440500000000175e+05 -2.742511000000000010e+01
2.319441250000000000e+05 -2.242173000000000016e+01
2.319442000000000116e+05 -2.256851999999999947e+01
2.319442750000000233e+05 -2.556796999999999898e+01
2.319443500000000058e+05 -2.211008999999999958e+01
2.319444250000000175e+05 -2.388756000000000057e+01
2.319445000000000000e+05 -2.151493999999999929e+01
2.319445750000000116e+05 -2.539915999999999840e+01
2.319446500000000233e+05 -2.195491000000000170e+01
2.319447250000000058e+05 -2.312282000000000082e+01
2.319448000000000175e+05 -2.625101000000000084e+01
2.319448750000000000e+05 -2.606153000000000119e+01
2.319449500000000116e+05 -2.607602999999999938e+01
2.319450250000000233e+05 -2.505275999999999925e+01
2.319451000000000058e+05 -2.350103000000000009e+01
2.319451750000000175e+05 -2.236047999999999902e+01
2.319452500000000000e+05 -2.423017000000000110e+01
2.319453250000000116e+05 -2.366927000000000092e+01
2.319454000000000233e+05 -2.503181999999999974e+01
2.319454750000000058e+05 -2.484218999999999866e+01
2.319455500000000175e+05 -2.060097000000000023e+01
2.319456250000000000e+05 -2.663592999999999833e+01
2.319457000000000116e+05 -2.499495999999999896e+01
2.319457750000000233e+05 -2.347532999999999959e+01
2.319458500000000058e+05 -2.296430000000000149e+01
2.319459250000000175e+05 -2.111213000000000051e+01
2.319460000000000000e+05 -2.195449999999999946e+01
2.319460750000000116e+05 -2.712819000000000003e+01
2.319461500000000233e+05 -2.313575000000000159e+01
2.319462250000000058e+05 -2.783332000000000050e+01
2.319463000000000175e+05 -2.347165000000000035e+01
2.319463750000000000e+05 -2.385417999999999950e+01
2.319464500000000116e+05 -2.288027999999999906e+01
2.319465250000000233e+05 -2.445526999999999873e+01
2.319466000000000058e+05 -2.369610000000000127e+01
2.319466750000000175e+05 -1.960776999999999859e+01
2.319467500000000000e+05 -2.222785999999999973e+01
2.319468250000000116e+05 -2.697678000000000154e+01
2.319469000000000233e+05 -2.598844000000000065e+01
2.319469750000000058e+05 -2.084545999999999921e+01
2.319470500000000175e+05 -2.577807999999999922e+01
2.319471250000000000e+05 -2.776035999999999859e+01
2.319472000000000116e+05 -2.047661000000000087e+01
2.319472750000000233e+05 -2.746300000000000097e+01
2.319473500000000058e+05 -2.437041999999999931e+01
2.319474250000000175e+05 -2.089465999999999823e+01
2.319475000000000000e+05 -2.448301999999999978e+01
2.319475750000000116e+05 -2.690981000000000023e+01
