# Temperature: None K
2.318897500000000000e+05 -2.067323000000000022e+01
2.318898250000000116e+05 -2.060657000000000139e+01
2.318898999999999942e+05 -2.199486999999999881e+01
2.318899750000000058e+05 -1.613616000000000028e+01
2.318900499999999884e+05 -1.860856000000000066e+01
2.318901250000000000e+05 -1.660786999999999836e+01
2.318902000000000116e+05 -1.852616000000000085e+01
2.318902749999999942e+05 -1.973524000000000100e+01
2.318903500000000058e+05 -2.188556000000000168e+01
2.318904249999999884e+05 -1.856616000000000000e+01
2.318905000000000000e+05 -1.882405999999999935e+01
2.318905750000000116e+05 -1.807504000000000133e+01
2.318906499999999942e+05 -1.985405000000000086e+01
2.318907250000000058e+05 -1.916524000000000072e+01
2.318907999999999884e+05 -2.293694999999999951e+01
2.318908750000000000e+05 -1.691913999999999874e+01
2.318909500000000116e+05 -2.031066999999999823e+01
2.318910249999999942e+05 -2.168831000000000131e+01
2.318911000000000058e+05 -2.074784999999999968e+01
2.318911749999999884e+05 -2.007704999999999984e+01
2.318912500000000000e+05 -2.106294000000000111e+01
2.318913250000000116e+05 -1.959565999999999875e+01
2.318913999999999942e+05 -1.822205999999999904e+01
2.318914750000000058e+05 -1.870739000000000019e+01
2.318915499999999884e+05 -1.968926000000000087e+01
2.318916250000000000e+05 -2.071742000000000061e+01
2.318917000000000116e+05 -1.739745999999999881e+01
2.318917749999999942e+05 -2.132448000000000121e+01
2.318918500000000058e+05 -1.726922000000000068e+01
2.318919249999999884e+05 -1.787631999999999977e+01
2.318920000000000000e+05 -1.869569999999999865e+01
2.318920750000000116e+05 -1.825978999999999886e+01
2.318921499999999942e+05 -1.786743999999999843e+01
2.318922250000000058e+05 -1.956119999999999948e+01
2.318922999999999884e+05 -1.951067000000000107e+01
2.318923750000000000e+05 -1.844030000000000058e+01
2.318924500000000116e+05 -1.780292999999999992e+01
2.318925249999999942e+05 -1.909137000000000128e+01
2.318926000000000058e+05 -1.866195000000000093e+01
2.318926749999999884e+05 -2.025050999999999846e+01
2.318927500000000000e+05 -1.853359000000000023e+01
2.318928250000000116e+05 -2.000184000000000140e+01
2.318928999999999942e+05 -1.926160000000000139e+01
2.318929750000000058e+05 -2.045975999999999928e+01
2.318930499999999884e+05 -2.046567999999999898e+01
2.318931250000000000e+05 -1.784747000000000128e+01
2.318932000000000116e+05 -1.886694999999999922e+01
2.318932749999999942e+05 -1.747278000000000020e+01
2.318933500000000058e+05 -2.013792000000000115e+01
2.318934249999999884e+05 -2.034050999999999831e+01
2.318935000000000000e+05 -1.805418999999999841e+01
2.318935750000000116e+05 -1.814829999999999899e+01
2.318936499999999942e+05 -2.241589000000000098e+01
2.318937250000000058e+05 -1.800403999999999982e+01
2.318937999999999884e+05 -1.725271000000000043e+01
2.318938750000000000e+05 -1.912415000000000020e+01
2.318939500000000116e+05 -1.783499000000000123e+01
2.318940249999999942e+05 -1.888206999999999880e+01
2.318941000000000058e+05 -1.883198000000000150e+01
2.318941749999999884e+05 -1.874890999999999863e+01
2.318942500000000000e+05 -1.984244999999999948e+01
2.318943250000000116e+05 -1.878885999999999967e+01
2.318943999999999942e+05 -1.867360000000000042e+01
2.318944750000000058e+05 -1.929749999999999943e+01
2.318945499999999884e+05 -1.973388999999999882e+01
2.318946250000000000e+05 -1.777872999999999948e+01
2.318947000000000116e+05 -1.987012999999999963e+01
2.318947749999999942e+05 -1.911888000000000076e+01
2.318948500000000058e+05 -1.708565000000000111e+01
2.318949249999999884e+05 -1.994621000000000066e+01
2.318950000000000000e+05 -1.922928999999999888e+01
2.318950750000000116e+05 -1.902071000000000112e+01
2.318951499999999942e+05 -1.955708999999999875e+01
2.318952250000000058e+05 -2.116020999999999930e+01
2.318952999999999884e+05 -1.721182999999999907e+01
2.318953750000000000e+05 -2.164335000000000164e+01
2.318954500000000116e+05 -1.994063999999999837e+01
2.318955249999999942e+05 -1.907631999999999906e+01
2.318956000000000058e+05 -1.590982999999999947e+01
2.318956749999999884e+05 -2.069422000000000139e+01
2.318957500000000000e+05 -1.903764999999999930e+01
2.318958250000000116e+05 -1.843159999999999954e+01
2.318958999999999942e+05 -1.776139999999999830e+01
2.318959750000000058e+05 -1.852496999999999971e+01
2.318960499999999884e+05 -1.791243000000000052e+01
2.318961250000000000e+05 -1.941058999999999912e+01
2.318962000000000116e+05 -1.735986000000000118e+01
2.318962749999999942e+05 -1.857459000000000060e+01
2.318963500000000058e+05 -1.996135999999999910e+01
2.318964249999999884e+05 -1.943571000000000026e+01
2.318965000000000000e+05 -2.018334000000000117e+01
2.318965750000000116e+05 -1.898549999999999827e+01
2.318966499999999942e+05 -1.648533000000000115e+01
2.318967250000000058e+05 -1.731402999999999892e+01
2.318967999999999884e+05 -1.648601000000000028e+01
2.318968750000000000e+05 -1.775672000000000139e+01
2.318969500000000116e+05 -1.687905999999999906e+01
2.318970249999999942e+05 -2.091165000000000163e+01
2.318971000000000058e+05 -1.730910000000000082e+01
2.318971749999999884e+05 -1.788521000000000072e+01
2.318972500000000000e+05 -1.830453999999999937e+01
2.318973250000000116e+05 -1.629051000000000116e+01
2.318973999999999942e+05 -1.562623999999999924e+01
2.318974750000000058e+05 -1.637932999999999950e+01
2.318975499999999884e+05 -1.669442000000000093e+01
2.318976250000000000e+05 -1.806999000000000066e+01
2.318977000000000116e+05 -1.857730000000000103e+01
2.318977749999999942e+05 -1.689598000000000155e+01
2.318978500000000058e+05 -1.776422000000000168e+01
2.318979249999999884e+05 -1.689814000000000149e+01
2.318980000000000000e+05 -1.784776000000000096e+01
2.318980750000000116e+05 -1.991472999999999871e+01
2.318981499999999942e+05 -1.898376000000000019e+01
2.318982250000000058e+05 -1.818164000000000158e+01
2.318982999999999884e+05 -1.742205999999999833e+01
2.318983750000000000e+05 -1.632507000000000019e+01
2.318984500000000116e+05 -1.680948000000000064e+01
2.318985249999999942e+05 -1.530997999999999948e+01
2.318986000000000058e+05 -1.738625000000000043e+01
2.318986749999999884e+05 -1.835441000000000145e+01
2.318987500000000000e+05 -1.769622999999999990e+01
2.318988250000000116e+05 -1.634181999999999846e+01
2.318988999999999942e+05 -1.760096000000000060e+01
2.318989750000000058e+05 -1.848087999999999909e+01
2.318990499999999884e+05 -1.673030999999999935e+01
2.318991250000000000e+05 -1.721887999999999863e+01
2.318992000000000116e+05 -1.768315000000000126e+01
2.318992749999999942e+05 -1.713836999999999833e+01
2.318993500000000058e+05 -1.658426000000000045e+01
2.318994249999999884e+05 -1.677794000000000096e+01
2.318995000000000000e+05 -1.576537000000000077e+01
2.318995750000000116e+05 -1.602621999999999858e+01
2.318996499999999942e+05 -1.507371000000000016e+01
2.318997250000000058e+05 -1.497916999999999987e+01
2.318997999999999884e+05 -1.652002999999999844e+01
2.318998750000000000e+05 -1.605838999999999928e+01
2.318999500000000116e+05 -1.590968999999999944e+01
2.319000249999999942e+05 -1.696892000000000067e+01
2.319001000000000058e+05 -1.727179999999999893e+01
2.319001749999999884e+05 -1.631144000000000105e+01
2.319002500000000000e+05 -1.753265000000000029e+01
2.319003250000000116e+05 -1.614422000000000068e+01
2.319003999999999942e+05 -1.500024999999999942e+01
2.319004750000000058e+05 -1.630758000000000152e+01
2.319005499999999884e+05 -1.598066000000000031e+01
2.319006250000000000e+05 -1.518892999999999915e+01
2.319007000000000116e+05 -1.561815999999999960e+01
2.319007749999999942e+05 -1.521097999999999928e+01
2.319008500000000058e+05 -1.500656000000000034e+01
2.319009249999999884e+05 -1.583370000000000033e+01
2.319010000000000000e+05 -1.561161000000000065e+01
2.319010750000000116e+05 -1.518546000000000085e+01
2.319011499999999942e+05 -1.507630999999999943e+01
2.319012250000000058e+05 -1.526078000000000046e+01
2.319012999999999884e+05 -1.385191999999999979e+01
2.319013750000000000e+05 -1.363237999999999950e+01
2.319014500000000116e+05 -1.452041999999999966e+01
2.319015249999999942e+05 -1.420578000000000074e+01
2.319016000000000058e+05 -1.384801000000000037e+01
2.319016749999999884e+05 -1.459675999999999974e+01
2.319017500000000000e+05 -1.301376999999999917e+01
2.319018250000000116e+05 -1.254946999999999946e+01
2.319018999999999942e+05 -1.237598999999999982e+01
2.319019750000000058e+05 -1.377805000000000035e+01
2.319020499999999884e+05 -1.291277999999999970e+01
2.319021250000000000e+05 -1.335337999999999958e+01
2.319022000000000116e+05 -1.271099000000000068e+01
2.319022749999999942e+05 -1.107121000000000066e+01
2.319023500000000058e+05 -1.293918999999999997e+01
2.319024249999999884e+05 -1.132642000000000060e+01
2.319025000000000000e+05 -1.170109000000000066e+01
2.319025750000000116e+05 -1.209009000000000000e+01
2.319026499999999942e+05 -1.124304000000000059e+01
2.319027250000000058e+05 -1.124166999999999916e+01
2.319027999999999884e+05 -1.077055999999999969e+01
2.319028750000000000e+05 -9.875344999999999374e+00
2.319029500000000116e+05 -1.054287000000000063e+01
2.319030249999999942e+05 -9.793723999999999208e+00
2.319031000000000058e+05 -9.366289999999999338e+00
2.319031749999999884e+05 -9.297005999999999659e+00
2.319032500000000000e+05 -9.173246000000000677e+00
2.319033250000000116e+05 -8.981733999999999440e+00
2.319033999999999942e+05 -7.896245999999999654e+00
2.319034750000000058e+05 -7.939390999999999643e+00
2.319035499999999884e+05 -7.209603999999999679e+00
2.319036250000000000e+05 -7.127404000000000295e+00
2.319037000000000116e+05 -6.148634999999999629e+00
2.319037749999999942e+05 -5.914424999999999599e+00
2.319038500000000058e+05 -5.376443000000000083e+00
2.319039249999999884e+05 -5.732412000000000063e+00
2.319040000000000000e+05 -5.461311000000000249e+00
2.319040750000000116e+05 -5.178490000000000038e+00
2.319041499999999942e+05 -4.663827000000000389e+00
2.319042250000000058e+05 -4.276271999999999629e+00
2.319042999999999884e+05 -4.290731000000000073e+00
2.319043750000000000e+05 -4.566187000000000218e+00
2.319044500000000116e+05 -4.060407999999999795e+00
2.319045249999999942e+05 -4.110255999999999688e+00
2.319046000000000058e+05 -4.528880000000000017e+00
2.319046749999999884e+05 -4.536613000000000007e+00
2.319047500000000000e+05 -4.955614999999999881e+00
2.319048250000000116e+05 -5.563047000000000075e+00
2.319048999999999942e+05 -6.569924000000000319e+00
2.319049750000000058e+05 -7.485907000000000089e+00
2.319050499999999884e+05 -9.177421999999999969e+00
2.319051250000000000e+05 -1.103223000000000020e+01
2.319052000000000116e+05 -1.337030999999999992e+01
2.319052749999999942e+05 -1.646712000000000131e+01
2.319053500000000058e+05 -1.865956999999999866e+01
2.319054249999999884e+05 -3.340588000000000335e+01
2.319055000000000000e+05 -2.530946000000000140e+01
2.319055750000000116e+05 -1.993241000000000085e+01
2.319056499999999942e+05 -2.150453999999999866e+01
2.319057250000000058e+05 -1.683518000000000114e+01
2.319057999999999884e+05 -1.907283999999999935e+01
2.319058750000000000e+05 -1.791064000000000078e+01
2.319059500000000116e+05 -2.058078000000000074e+01
2.319060249999999942e+05 -2.809009000000000000e+01
2.319061000000000058e+05 -3.397297999999999973e+01
2.319061749999999884e+05 -2.821105999999999980e+01
2.319062500000000000e+05 -2.600750999999999991e+01
2.319063250000000116e+05 -2.585052999999999912e+01
2.319063999999999942e+05 -2.431662000000000035e+01
2.319064750000000058e+05 -3.131033000000000044e+01
2.319065499999999884e+05 -2.736919999999999931e+01
2.319066250000000000e+05 -3.994975999999999772e+01
2.319067000000000116e+05 -4.881092000000000297e+01
2.319067749999999942e+05 -3.870454999999999757e+01
2.319068500000000058e+05 -3.365196000000000254e+01
2.319069249999999884e+05 -3.406627000000000294e+01
2.319070000000000000e+05 -2.652112999999999943e+01
2.319070750000000116e+05 -2.710745999999999967e+01
2.319071499999999942e+05 -3.818236999999999881e+01
2.319072250000000058e+05 -3.189926000000000172e+01
2.319072999999999884e+05 -3.151838000000000051e+01
2.319073750000000000e+05 -3.396838999999999942e+01
2.319074500000000116e+05 -3.237422999999999718e+01
2.319075249999999942e+05 -3.738521000000000072e+01
2.319076000000000058e+05 -3.337771999999999650e+01
2.319076749999999884e+05 -2.947626999999999953e+01
2.319077500000000000e+05 -3.193507999999999925e+01
2.319078250000000116e+05 -3.574721000000000259e+01
2.319078999999999942e+05 -3.168364000000000047e+01
2.319079750000000058e+05 -2.900053000000000125e+01
2.319080499999999884e+05 -2.605911000000000044e+01
2.319081250000000000e+05 -4.068285999999999802e+01
2.319082000000000116e+05 -3.512624000000000279e+01
2.319082749999999942e+05 -3.770844000000000307e+01
2.319083500000000058e+05 -2.917127999999999943e+01
2.319084249999999884e+05 -3.098772999999999911e+01
2.319085000000000000e+05 -3.002118000000000109e+01
2.319085750000000116e+05 -2.478877999999999915e+01
2.319086499999999942e+05 -3.624557000000000073e+01
2.319087250000000058e+05 -2.807539999999999836e+01
2.319087999999999884e+05 -2.975390000000000157e+01
2.319088750000000000e+05 -3.135356000000000165e+01
2.319089500000000116e+05 -2.734700000000000131e+01
2.319090249999999942e+05 -3.005734999999999957e+01
2.319091000000000058e+05 -2.685388000000000019e+01
2.319091749999999884e+05 -2.701679999999999993e+01
2.319092500000000000e+05 -2.863876000000000133e+01
2.319093250000000116e+05 -2.836910999999999916e+01
2.319093999999999942e+05 -2.701818000000000097e+01
2.319094750000000058e+05 -2.847606000000000037e+01
2.319095499999999884e+05 -3.195840000000000103e+01
2.319096250000000000e+05 -2.878513999999999839e+01
2.319097000000000116e+05 -2.970502000000000109e+01
2.319097749999999942e+05 -3.232903999999999911e+01
2.319098500000000058e+05 -2.742535000000000167e+01
2.319099249999999884e+05 -2.950853000000000037e+01
2.319100000000000000e+05 -3.419639000000000095e+01
2.319100750000000116e+05 -2.163185000000000002e+01
2.319101499999999942e+05 -3.011032000000000153e+01
2.319102250000000058e+05 -2.724281999999999826e+01
2.319102999999999884e+05 -2.301774999999999949e+01
2.319103750000000000e+05 -2.401031000000000049e+01
2.319104500000000116e+05 -2.816381000000000157e+01
2.319105249999999942e+05 -2.638691000000000031e+01
2.319106000000000058e+05 -2.756190000000000140e+01
2.319106749999999884e+05 -3.039535000000000053e+01
2.319107500000000000e+05 -2.914966000000000079e+01
2.319108250000000116e+05 -2.887696000000000041e+01
2.319108999999999942e+05 -2.423251000000000133e+01
2.319109750000000058e+05 -2.747230000000000061e+01
2.319110499999999884e+05 -2.200363000000000113e+01
2.319111250000000000e+05 -2.692895000000000039e+01
2.319112000000000116e+05 -2.302743999999999858e+01
2.319112749999999942e+05 -2.278985000000000127e+01
2.319113500000000058e+05 -2.428619000000000128e+01
2.319114249999999884e+05 -2.795457999999999998e+01
2.319115000000000000e+05 -2.631163000000000096e+01
2.319115750000000116e+05 -2.518581999999999965e+01
2.319116499999999942e+05 -2.949858000000000047e+01
2.319117250000000058e+05 -2.337676000000000087e+01
2.319117999999999884e+05 -2.549726000000000070e+01
2.319118750000000000e+05 -2.338770999999999844e+01
2.319119500000000116e+05 -2.764020000000000010e+01
2.319120249999999942e+05 -2.538588000000000022e+01
2.319121000000000058e+05 -2.579570000000000007e+01
2.319121749999999884e+05 -2.455734999999999957e+01
2.319122500000000000e+05 -2.260588999999999871e+01
2.319123250000000116e+05 -2.714581000000000088e+01
2.319123999999999942e+05 -2.084081000000000117e+01
2.319124750000000058e+05 -2.516770999999999958e+01
2.319125499999999884e+05 -2.347562999999999889e+01
2.319126250000000000e+05 -2.635159000000000162e+01
2.319127000000000116e+05 -3.189959999999999951e+01
2.319127749999999942e+05 -2.804757999999999996e+01
2.319128500000000058e+05 -2.801807000000000158e+01
2.319129249999999884e+05 -2.519386000000000081e+01
2.319130000000000000e+05 -2.423304999999999865e+01
2.319130750000000116e+05 -2.599570999999999898e+01
2.319131499999999942e+05 -2.960029000000000110e+01
2.319132250000000058e+05 -2.343694999999999951e+01
2.319132999999999884e+05 -2.474064999999999870e+01
2.319133750000000000e+05 -2.449065999999999832e+01
2.319134500000000116e+05 -2.836005000000000109e+01
2.319135249999999942e+05 -2.263813999999999993e+01
2.319136000000000058e+05 -2.488063000000000002e+01
2.319136749999999884e+05 -2.236959999999999837e+01
2.319137500000000000e+05 -2.919689999999999941e+01
2.319138250000000116e+05 -2.533031000000000077e+01
2.319138999999999942e+05 -3.591734999999999900e+01
2.319139750000000058e+05 -2.397278999999999982e+01
2.319140499999999884e+05 -2.569716000000000022e+01
2.319141250000000000e+05 -2.538531000000000049e+01
2.319142000000000116e+05 -3.220007999999999981e+01
2.319142749999999942e+05 -2.506046999999999869e+01
2.319143500000000058e+05 -2.773506000000000071e+01
2.319144249999999884e+05 -2.173352999999999824e+01
2.319145000000000000e+05 -2.597334999999999994e+01
2.319145750000000116e+05 -2.404894000000000176e+01
2.319146499999999942e+05 -2.500465000000000160e+01
2.319147250000000058e+05 -2.202021999999999835e+01
2.319147999999999884e+05 -2.948179999999999978e+01
2.319148750000000000e+05 -2.275150999999999968e+01
2.319149500000000116e+05 -2.527494000000000085e+01
2.319150249999999942e+05 -2.224686000000000163e+01
2.319151000000000058e+05 -2.730773999999999901e+01
2.319151749999999884e+05 -2.123036000000000101e+01
2.319152500000000000e+05 -2.435699999999999932e+01
2.319153250000000116e+05 -2.616265999999999892e+01
2.319153999999999942e+05 -2.415215999999999852e+01
2.319154750000000058e+05 -2.838489999999999824e+01
2.319155499999999884e+05 -2.277331999999999823e+01
2.319156250000000000e+05 -2.301481000000000066e+01
2.319157000000000116e+05 -2.403800999999999988e+01
2.319157749999999942e+05 -2.669474999999999909e+01
2.319158500000000058e+05 -2.113679000000000130e+01
2.319159249999999884e+05 -2.615501000000000076e+01
2.319160000000000000e+05 -2.411023000000000138e+01
2.319160750000000116e+05 -2.357459000000000060e+01
2.319161499999999942e+05 -2.435300000000000153e+01
2.319162250000000058e+05 -2.293640999999999863e+01
2.319162999999999884e+05 -2.085041000000000011e+01
2.319163750000000000e+05 -2.481288999999999945e+01
2.319164500000000116e+05 -2.625620999999999938e+01
2.319165249999999942e+05 -2.245120999999999967e+01
2.319166000000000058e+05 -2.205149000000000115e+01
2.319166749999999884e+05 -3.043563999999999936e+01
2.319167500000000000e+05 -2.563635000000000019e+01
2.319168250000000116e+05 -2.485169000000000139e+01
2.319168999999999942e+05 -2.294941999999999993e+01
2.319169750000000058e+05 -2.125668999999999897e+01
2.319170499999999884e+05 -2.308324999999999960e+01
2.319171250000000000e+05 -2.307334000000000174e+01
2.319172000000000116e+05 -2.343303999999999832e+01
2.319172749999999942e+05 -3.186682000000000059e+01
2.319173500000000058e+05 -2.251993999999999829e+01
2.319174249999999884e+05 -2.202168999999999954e+01
2.319175000000000000e+05 -2.378197000000000116e+01
2.319175750000000116e+05 -2.608108999999999966e+01
2.319176499999999942e+05 -2.286833000000000027e+01
2.319177250000000058e+05 -2.150569000000000131e+01
2.319177999999999884e+05 -2.317265000000000086e+01
2.319178750000000000e+05 -2.344182999999999950e+01
2.319179500000000116e+05 -2.558273000000000152e+01
2.319180249999999942e+05 -2.232760000000000034e+01
2.319181000000000058e+05 -2.310754999999999981e+01
2.319181749999999884e+05 -2.194934999999999903e+01
2.319182500000000000e+05 -2.072837000000000174e+01
2.319183250000000116e+05 -2.045497999999999905e+01
2.319183999999999942e+05 -2.279819000000000173e+01
2.319184750000000058e+05 -2.250645000000000095e+01
2.319185499999999884e+05 -2.494548999999999950e+01
2.319186250000000000e+05 -2.482905999999999835e+01
2.319187000000000116e+05 -2.783874000000000137e+01
2.319187749999999942e+05 -2.559030999999999878e+01
2.319188500000000058e+05 -2.603095000000000070e+01
2.319189249999999884e+05 -2.245086999999999833e+01
2.319190000000000000e+05 -2.370383999999999958e+01
2.319190750000000116e+05 -2.518815000000000026e+01
2.319191499999999942e+05 -2.232487000000000066e+01
2.319192250000000058e+05 -2.443657999999999930e+01
2.319192999999999884e+05 -2.188438000000000017e+01
2.319193750000000000e+05 -2.427056999999999931e+01
2.319194500000000116e+05 -2.273103000000000051e+01
2.319195249999999942e+05 -3.093024000000000129e+01
2.319196000000000058e+05 -2.165980000000000061e+01
2.319196749999999884e+05 -2.148068999999999917e+01
2.319197500000000000e+05 -2.095247000000000170e+01
