# Temperature: None K
2.317966000000000058e+05 -2.459525999999999968e+01
2.317966750000000175e+05 -2.342013000000000034e+01
2.317967500000000000e+05 -2.001427999999999940e+01
2.317968250000000116e+05 -1.771226000000000056e+01
2.317968999999999942e+05 -1.931512000000000029e+01
2.317969750000000058e+05 -2.160182999999999964e+01
2.317970500000000175e+05 -2.281494000000000000e+01
2.317971250000000000e+05 -1.965754000000000090e+01
2.317972000000000116e+05 -1.940686000000000178e+01
2.317972749999999942e+05 -1.976302000000000092e+01
2.317973500000000058e+05 -2.236955000000000027e+01
2.317974250000000175e+05 -2.090231999999999957e+01
2.317975000000000000e+05 -1.978409999999999869e+01
2.317975750000000116e+05 -1.887461000000000055e+01
2.317976499999999942e+05 -2.451141000000000147e+01
2.317977250000000058e+05 -1.991713999999999984e+01
2.317978000000000175e+05 -1.985733000000000104e+01
2.317978750000000000e+05 -1.800090000000000146e+01
2.317979500000000116e+05 -1.902202000000000126e+01
2.317980249999999942e+05 -2.342840999999999951e+01
2.317981000000000058e+05 -2.008059000000000083e+01
2.317981750000000175e+05 -2.063148999999999944e+01
2.317982500000000000e+05 -1.936482000000000170e+01
2.317983250000000116e+05 -2.146756999999999849e+01
2.317983999999999942e+05 -2.033725000000000094e+01
2.317984750000000058e+05 -2.055984000000000123e+01
2.317985500000000175e+05 -2.250695999999999941e+01
2.317986250000000000e+05 -1.959840000000000160e+01
2.317987000000000116e+05 -1.889901000000000053e+01
2.317987749999999942e+05 -2.004016999999999982e+01
2.317988500000000058e+05 -1.976990999999999943e+01
2.317989250000000175e+05 -1.831147999999999954e+01
2.317990000000000000e+05 -2.197837000000000174e+01
2.317990750000000116e+05 -1.762703000000000131e+01
2.317991499999999942e+05 -1.679072000000000031e+01
2.317992250000000058e+05 -1.825668999999999897e+01
2.317993000000000175e+05 -1.950073000000000079e+01
2.317993750000000000e+05 -2.227215999999999951e+01
2.317994500000000116e+05 -1.896968000000000032e+01
2.317995249999999942e+05 -1.710692999999999842e+01
2.317996000000000058e+05 -1.614983000000000146e+01
2.317996750000000175e+05 -1.882495000000000118e+01
2.317997500000000000e+05 -1.869516000000000133e+01
2.317998250000000116e+05 -1.772578000000000031e+01
2.317998999999999942e+05 -1.976898999999999873e+01
2.317999750000000058e+05 -1.727805000000000035e+01
2.318000500000000175e+05 -1.790706000000000131e+01
2.318001250000000000e+05 -1.898780000000000001e+01
2.318002000000000116e+05 -1.910052999999999912e+01
2.318002749999999942e+05 -1.971102000000000132e+01
2.318003500000000058e+05 -1.597735999999999912e+01
2.318004250000000175e+05 -1.794006999999999863e+01
2.318005000000000000e+05 -1.995338999999999885e+01
2.318005750000000116e+05 -1.764960999999999913e+01
2.318006499999999942e+05 -2.038091999999999970e+01
2.318007250000000058e+05 -1.835298999999999836e+01
2.318008000000000175e+05 -2.211055999999999955e+01
2.318008750000000000e+05 -1.853409999999999869e+01
2.318009500000000116e+05 -1.868990000000000151e+01
2.318010249999999942e+05 -1.828556000000000026e+01
2.318011000000000058e+05 -1.955339999999999989e+01
2.318011750000000175e+05 -1.889687999999999946e+01
2.318012500000000000e+05 -1.863754000000000133e+01
2.318013250000000116e+05 -1.801854000000000156e+01
2.318013999999999942e+05 -1.906097000000000108e+01
2.318014750000000058e+05 -1.956815999999999889e+01
2.318015500000000175e+05 -1.862265000000000015e+01
2.318016250000000000e+05 -2.240073999999999899e+01
2.318017000000000116e+05 -1.954480999999999824e+01
2.318017749999999942e+05 -1.844076000000000093e+01
2.318018500000000058e+05 -1.812078999999999951e+01
2.318019250000000175e+05 -1.889258999999999844e+01
2.318020000000000000e+05 -1.749832999999999927e+01
2.318020750000000116e+05 -1.866598000000000113e+01
2.318021499999999942e+05 -1.954699000000000098e+01
2.318022250000000058e+05 -1.920026000000000010e+01
2.318023000000000175e+05 -1.834396999999999878e+01
2.318023750000000000e+05 -1.898970999999999876e+01
2.318024500000000116e+05 -2.049177999999999855e+01
2.318025249999999942e+05 -2.082488999999999990e+01
2.318026000000000058e+05 -1.611034000000000077e+01
2.318026750000000175e+05 -1.718139000000000038e+01
2.318027500000000000e+05 -1.721988999999999947e+01
2.318028250000000116e+05 -1.901030000000000086e+01
2.318028999999999942e+05 -1.863407000000000124e+01
2.318029750000000058e+05 -1.831088000000000093e+01
2.318030500000000175e+05 -1.813655999999999935e+01
2.318031250000000000e+05 -1.774227000000000132e+01
2.318032000000000116e+05 -2.083720999999999890e+01
2.318032749999999942e+05 -1.813709000000000060e+01
2.318033500000000058e+05 -1.894072999999999851e+01
2.318034250000000175e+05 -1.886495999999999995e+01
2.318035000000000000e+05 -2.082508999999999943e+01
2.318035750000000116e+05 -1.546250000000000036e+01
2.318036499999999942e+05 -1.794072999999999851e+01
2.318037250000000058e+05 -1.803286999999999907e+01
2.318038000000000175e+05 -1.857795000000000130e+01
2.318038750000000000e+05 -1.760921000000000092e+01
2.318039500000000116e+05 -1.659602999999999895e+01
2.318040249999999942e+05 -1.677636000000000038e+01
2.318041000000000058e+05 -1.940880999999999901e+01
2.318041750000000175e+05 -1.922571999999999903e+01
2.318042500000000000e+05 -1.788900999999999897e+01
2.318043250000000116e+05 -1.841691000000000145e+01
2.318043999999999942e+05 -2.182233000000000089e+01
2.318044750000000058e+05 -1.633904000000000067e+01
2.318045500000000175e+05 -1.705805000000000149e+01
2.318046250000000000e+05 -2.116075999999999979e+01
2.318047000000000116e+05 -1.865585000000000093e+01
2.318047749999999942e+05 -1.849343999999999966e+01
2.318048500000000058e+05 -2.025649999999999906e+01
2.318049250000000175e+05 -1.801443000000000083e+01
2.318050000000000000e+05 -1.659452999999999889e+01
2.318050750000000116e+05 -1.762215000000000131e+01
2.318051499999999942e+05 -1.719269999999999854e+01
2.318052250000000058e+05 -1.623158000000000101e+01
2.318053000000000175e+05 -1.883025999999999911e+01
2.318053750000000000e+05 -1.523071000000000019e+01
2.318054500000000116e+05 -1.823129000000000133e+01
2.318055249999999942e+05 -1.789126999999999867e+01
2.318056000000000058e+05 -1.762145999999999901e+01
2.318056750000000175e+05 -1.888772000000000162e+01
2.318057500000000000e+05 -1.666631999999999891e+01
2.318058250000000116e+05 -1.766195000000000093e+01
2.318058999999999942e+05 -1.760810000000000031e+01
2.318059750000000058e+05 -1.841862000000000066e+01
2.318060500000000175e+05 -1.906946999999999903e+01
2.318061250000000000e+05 -1.808527000000000129e+01
2.318062000000000116e+05 -1.881071000000000026e+01
2.318062749999999942e+05 -1.665396000000000143e+01
2.318063500000000058e+05 -1.735210000000000008e+01
2.318064250000000175e+05 -1.682666000000000039e+01
2.318065000000000000e+05 -1.591099999999999959e+01
2.318065750000000116e+05 -1.520679999999999943e+01
2.318066499999999942e+05 -1.535232000000000063e+01
2.318067250000000058e+05 -1.747041000000000111e+01
2.318068000000000175e+05 -1.557577000000000034e+01
2.318068750000000000e+05 -1.486672000000000082e+01
2.318069500000000116e+05 -1.676899999999999835e+01
2.318070249999999942e+05 -1.540919000000000061e+01
2.318071000000000058e+05 -1.498481999999999914e+01
2.318071750000000175e+05 -1.524471999999999916e+01
2.318072500000000000e+05 -1.483910999999999980e+01
2.318073250000000116e+05 -1.785222999999999871e+01
2.318073999999999942e+05 -1.563701999999999970e+01
2.318074750000000058e+05 -1.680885999999999925e+01
2.318075500000000175e+05 -1.495266999999999946e+01
2.318076250000000000e+05 -1.614211999999999847e+01
2.318077000000000116e+05 -1.493881999999999977e+01
2.318077749999999942e+05 -1.460629999999999917e+01
2.318078500000000058e+05 -1.557178000000000040e+01
2.318079250000000175e+05 -1.596451000000000064e+01
2.318080000000000000e+05 -1.419973000000000063e+01
2.318080750000000116e+05 -1.359477000000000046e+01
2.318081499999999942e+05 -1.276945000000000086e+01
2.318082250000000058e+05 -1.609067999999999898e+01
2.318083000000000175e+05 -1.294195999999999991e+01
2.318083750000000000e+05 -1.460566000000000031e+01
2.318084500000000116e+05 -1.417915999999999954e+01
2.318085249999999942e+05 -1.343576999999999977e+01
2.318086000000000058e+05 -1.264653000000000027e+01
2.318086750000000175e+05 -1.332227999999999923e+01
2.318087500000000000e+05 -1.356494999999999962e+01
2.318088250000000116e+05 -1.400515000000000043e+01
2.318088999999999942e+05 -1.304226000000000063e+01
2.318089750000000058e+05 -1.277328999999999937e+01
2.318090500000000175e+05 -1.187401000000000018e+01
2.318091250000000000e+05 -1.126558999999999955e+01
2.318092000000000116e+05 -1.180219999999999914e+01
2.318092749999999942e+05 -1.176074999999999982e+01
2.318093500000000058e+05 -1.145262999999999920e+01
2.318094250000000175e+05 -9.801907999999999177e+00
2.318095000000000000e+05 -1.135966999999999949e+01
2.318095750000000116e+05 -1.025939999999999941e+01
2.318096499999999942e+05 -9.038876999999999384e+00
2.318097250000000058e+05 -9.354604999999999393e+00
2.318098000000000175e+05 -8.984835000000000349e+00
2.318098750000000000e+05 -8.491353000000000151e+00
2.318099500000000116e+05 -8.128477000000000174e+00
2.318100249999999942e+05 -7.258862999999999843e+00
2.318101000000000058e+05 -7.045677000000000412e+00
2.318101750000000175e+05 -6.683790000000000120e+00
2.318102500000000000e+05 -6.460987000000000258e+00
2.318103250000000116e+05 -4.911158000000000357e+00
2.318103999999999942e+05 -4.964056000000000246e+00
2.318104750000000058e+05 -4.010438999999999865e+00
2.318105500000000175e+05 -3.983020999999999923e+00
2.318106250000000000e+05 -2.871462000000000181e+00
2.318107000000000116e+05 -2.223993000000000109e+00
2.318107749999999942e+05 -1.755792999999999937e+00
2.318108500000000058e+05 -9.556272999999999573e-01
2.318109250000000175e+05 -6.837615999999999694e-01
2.318110000000000000e+05 -2.174861999999999976e-02
2.318110750000000116e+05 2.678415000000000101e-01
2.318111499999999942e+05 7.689696000000000309e-01
2.318112250000000058e+05 1.551558999999999910e+00
2.318113000000000175e+05 1.633513999999999911e+00
2.318113750000000000e+05 1.711370999999999976e+00
2.318114500000000116e+05 1.892989000000000033e+00
2.318115249999999942e+05 1.809830000000000050e+00
2.318116000000000058e+05 1.489433999999999925e+00
2.318116750000000175e+05 1.466358000000000050e+00
2.318117500000000000e+05 1.118333000000000022e+00
2.318118250000000116e+05 2.327784999999999924e-02
2.318118999999999942e+05 -5.591525000000000523e-01
2.318119750000000058e+05 -1.272991999999999901e+00
2.318120500000000175e+05 -2.305587000000000053e+00
2.318121250000000000e+05 -3.088156000000000123e+00
2.318122000000000116e+05 -2.957716000000000012e+00
2.318122749999999942e+05 -2.457088000000000161e+00
2.318123500000000058e+05 -2.636654000000000053e+00
2.318124250000000175e+05 -2.239344000000000001e+00
2.318125000000000000e+05 -2.149312000000000111e+00
2.318125750000000116e+05 -2.766013000000000055e+00
2.318126499999999942e+05 -3.276826999999999934e+00
2.318127250000000058e+05 -3.920134000000000007e+00
2.318128000000000175e+05 -4.856155000000000221e+00
2.318128750000000000e+05 -4.614722999999999686e+00
2.318129500000000116e+05 -4.933538000000000423e+00
2.318130249999999942e+05 -4.516720000000000290e+00
2.318131000000000058e+05 -5.064807000000000059e+00
2.318131750000000175e+05 -4.780921000000000198e+00
2.318132500000000000e+05 -5.874467000000000105e+00
2.318133250000000116e+05 -6.463498999999999661e+00
2.318133999999999942e+05 -6.615318000000000254e+00
2.318134750000000058e+05 -6.627375999999999934e+00
2.318135500000000175e+05 -6.377693999999999974e+00
2.318136250000000000e+05 -6.581720999999999933e+00
2.318137000000000116e+05 -6.790567000000000242e+00
2.318137749999999942e+05 -7.738231999999999999e+00
2.318138500000000058e+05 -8.169321999999999306e+00
2.318139250000000175e+05 -8.367501000000000744e+00
2.318140000000000000e+05 -8.620846999999999483e+00
2.318140750000000116e+05 -7.919019999999999726e+00
2.318141499999999942e+05 -8.190754999999999342e+00
2.318142250000000058e+05 -9.679804999999999993e+00
2.318143000000000175e+05 -9.224050999999999334e+00
2.318143750000000000e+05 -1.002848000000000006e+01
2.318144500000000116e+05 -1.034866000000000064e+01
2.318145249999999942e+05 -9.709267000000000536e+00
2.318146000000000058e+05 -9.843425999999999121e+00
2.318146750000000175e+05 -1.224094000000000015e+01
2.318147500000000000e+05 -1.106850000000000023e+01
2.318148250000000116e+05 -1.140426000000000073e+01
2.318148999999999942e+05 -1.145698999999999934e+01
2.318149750000000058e+05 -1.238963000000000036e+01
2.318150500000000175e+05 -1.246958000000000055e+01
2.318151250000000000e+05 -1.175947000000000031e+01
2.318152000000000116e+05 -1.271522000000000041e+01
2.318152749999999942e+05 -1.272464000000000084e+01
2.318153500000000058e+05 -1.378515999999999941e+01
2.318154250000000175e+05 -1.405137999999999998e+01
2.318155000000000000e+05 -1.463372000000000028e+01
2.318155750000000116e+05 -1.420078999999999958e+01
2.318156499999999942e+05 -1.436220999999999925e+01
2.318157250000000058e+05 -1.250178000000000011e+01
2.318158000000000175e+05 -1.621249999999999858e+01
2.318158750000000000e+05 -1.559148000000000067e+01
2.318159500000000116e+05 -1.362528000000000006e+01
2.318160249999999942e+05 -1.587917000000000023e+01
2.318161000000000058e+05 -1.650479999999999947e+01
2.318161750000000175e+05 -1.398859999999999992e+01
2.318162500000000000e+05 -1.606976999999999833e+01
2.318163250000000116e+05 -1.723807000000000045e+01
2.318163999999999942e+05 -1.343008000000000024e+01
2.318164750000000058e+05 -1.809699000000000169e+01
2.318165500000000175e+05 -1.965978000000000137e+01
2.318166250000000000e+05 -1.607855999999999952e+01
2.318167000000000116e+05 -1.819108999999999909e+01
2.318167749999999942e+05 -2.121397999999999939e+01
2.318168500000000058e+05 -1.488785000000000025e+01
2.318169250000000175e+05 -1.791009999999999991e+01
2.318170000000000000e+05 -1.855573000000000050e+01
2.318170750000000116e+05 -1.605730000000000146e+01
2.318171499999999942e+05 -2.389199999999999946e+01
2.318172250000000058e+05 -1.759900000000000020e+01
2.318173000000000175e+05 -2.026781000000000077e+01
2.318173750000000000e+05 -2.026790000000000092e+01
2.318174500000000116e+05 -1.677696999999999861e+01
2.318175249999999942e+05 -2.294170000000000087e+01
2.318176000000000058e+05 -1.979168999999999912e+01
2.318176750000000175e+05 -2.194021000000000043e+01
2.318177500000000000e+05 -2.017276000000000025e+01
2.318178250000000116e+05 -1.831174999999999997e+01
2.318178999999999942e+05 -2.165815999999999875e+01
2.318179750000000058e+05 -2.054091000000000022e+01
2.318180500000000175e+05 -2.365096000000000132e+01
2.318181250000000000e+05 -2.546031999999999940e+01
2.318182000000000116e+05 -2.264495000000000147e+01
2.318182749999999942e+05 -3.181627999999999901e+01
2.318183500000000058e+05 -1.917700999999999922e+01
2.318184250000000175e+05 -3.437868000000000279e+01
2.318185000000000000e+05 -2.167451000000000150e+01
2.318185750000000116e+05 -2.907200999999999880e+01
2.318186499999999942e+05 -1.899809000000000125e+01
2.318187250000000058e+05 -2.304210000000000136e+01
2.318188000000000175e+05 -2.488213999999999970e+01
2.318188750000000000e+05 -2.296742000000000061e+01
2.318189500000000116e+05 -2.091457000000000122e+01
2.318190249999999942e+05 -2.065252999999999872e+01
2.318191000000000058e+05 -2.567385000000000161e+01
2.318191750000000175e+05 -2.216559000000000168e+01
2.318192500000000000e+05 -2.511028999999999911e+01
2.318193250000000116e+05 -2.127628999999999948e+01
2.318193999999999942e+05 -2.686357999999999890e+01
2.318194750000000058e+05 -2.026099999999999923e+01
2.318195500000000175e+05 -2.597182000000000102e+01
2.318196250000000000e+05 -2.188617999999999952e+01
2.318197000000000116e+05 -2.194762000000000057e+01
2.318197749999999942e+05 -2.140737999999999985e+01
2.318198500000000058e+05 -2.343322999999999823e+01
2.318199250000000175e+05 -2.722303000000000139e+01
2.318200000000000000e+05 -2.033455000000000013e+01
2.318200750000000116e+05 -3.453415999999999997e+01
2.318201499999999942e+05 -2.094940000000000069e+01
2.318202250000000058e+05 -2.863251999999999953e+01
2.318203000000000175e+05 -2.370711999999999975e+01
2.318203750000000000e+05 -3.321949000000000041e+01
2.318204500000000116e+05 -2.373594999999999899e+01
2.318205249999999942e+05 -2.530408999999999864e+01
2.318206000000000058e+05 -2.587725999999999971e+01
2.318206750000000175e+05 -2.283611000000000146e+01
2.318207500000000000e+05 -2.630424000000000007e+01
2.318208250000000116e+05 -2.286737000000000108e+01
2.318208999999999942e+05 -2.398404999999999987e+01
2.318209750000000058e+05 -2.442961000000000027e+01
2.318210500000000175e+05 -2.095654000000000039e+01
2.318211250000000000e+05 -3.149002000000000123e+01
2.318212000000000116e+05 -2.208301000000000158e+01
2.318212749999999942e+05 -2.737358000000000047e+01
2.318213500000000058e+05 -3.015492000000000061e+01
2.318214250000000175e+05 -2.379658999999999835e+01
2.318215000000000000e+05 -2.393299999999999983e+01
2.318215750000000116e+05 -2.446380999999999872e+01
2.318216499999999942e+05 -2.170897000000000077e+01
2.318217250000000058e+05 -2.523345000000000127e+01
2.318218000000000175e+05 -2.324006999999999934e+01
2.318218750000000000e+05 -2.792727000000000004e+01
2.318219500000000116e+05 -2.924905000000000044e+01
2.318220249999999942e+05 -2.186102999999999952e+01
2.318221000000000058e+05 -2.366495000000000104e+01
2.318221750000000175e+05 -3.167416000000000054e+01
2.318222500000000000e+05 -2.408943999999999974e+01
2.318223250000000116e+05 -2.613453000000000159e+01
2.318223999999999942e+05 -2.150059999999999860e+01
2.318224750000000058e+05 -2.242997000000000085e+01
2.318225500000000175e+05 -2.108943999999999974e+01
2.318226250000000000e+05 -2.676176999999999850e+01
2.318227000000000116e+05 -2.793483000000000160e+01
2.318227749999999942e+05 -2.601100999999999885e+01
2.318228500000000058e+05 -2.733242999999999867e+01
2.318229250000000175e+05 -2.045688000000000173e+01
2.318230000000000000e+05 -2.045074999999999932e+01
2.318230750000000116e+05 -2.316808999999999941e+01
2.318231499999999942e+05 -2.660431000000000168e+01
2.318232250000000058e+05 -2.472101999999999933e+01
2.318233000000000175e+05 -2.178284999999999982e+01
2.318233750000000000e+05 -2.316450000000000031e+01
2.318234500000000116e+05 -2.888345999999999947e+01
2.318235249999999942e+05 -2.339624999999999844e+01
2.318236000000000058e+05 -2.599721999999999866e+01
2.318236750000000175e+05 -2.778652999999999906e+01
2.318237500000000000e+05 -2.679844999999999899e+01
2.318238250000000116e+05 -2.380872000000000099e+01
2.318238999999999942e+05 -2.284401000000000082e+01
2.318239750000000058e+05 -2.084680000000000177e+01
2.318240500000000175e+05 -2.507736999999999838e+01
2.318241250000000000e+05 -2.237096999999999980e+01
2.318242000000000116e+05 -2.306306000000000012e+01
2.318242749999999942e+05 -2.495785000000000053e+01
2.318243500000000058e+05 -1.982043000000000177e+01
2.318244250000000175e+05 -2.489613999999999905e+01
2.318245000000000000e+05 -2.152355000000000018e+01
2.318245750000000116e+05 -2.182531000000000176e+01
2.318246499999999942e+05 -2.701488000000000156e+01
2.318247250000000058e+05 -2.251174999999999926e+01
2.318248000000000175e+05 -2.329651000000000138e+01
2.318248750000000000e+05 -2.175879000000000119e+01
2.318249500000000116e+05 -2.331669000000000125e+01
2.318250249999999942e+05 -2.666664000000000101e+01
2.318251000000000058e+05 -2.039021999999999935e+01
2.318251750000000175e+05 -2.684478000000000009e+01
2.318252500000000000e+05 -2.181373999999999924e+01
2.318253250000000116e+05 -2.249529000000000067e+01
2.318253999999999942e+05 -2.597797999999999874e+01
2.318254750000000058e+05 -2.282413000000000025e+01
2.318255500000000175e+05 -2.407413999999999987e+01
2.318256250000000000e+05 -2.283680000000000021e+01
2.318257000000000116e+05 -2.229263999999999868e+01
2.318257749999999942e+05 -2.417352999999999952e+01
2.318258500000000058e+05 -2.211854999999999905e+01
2.318259250000000175e+05 -1.957834000000000074e+01
2.318260000000000000e+05 -2.425775000000000148e+01
2.318260750000000116e+05 -2.229513999999999996e+01
2.318261499999999942e+05 -2.654782000000000153e+01
2.318262250000000058e+05 -2.825121000000000038e+01
2.318263000000000175e+05 -2.392635999999999896e+01
2.318263750000000000e+05 -2.972856000000000165e+01
2.318264500000000116e+05 -2.672581999999999880e+01
2.318265249999999942e+05 -2.417813999999999908e+01
2.318266000000000058e+05 -2.177741999999999933e+01
