# Temperature: None K
2.318124249999999884e+05 -2.012320000000000064e+01
2.318125000000000000e+05 -2.587137999999999849e+01
2.318125749999999825e+05 -1.840656999999999854e+01
2.318126499999999942e+05 -1.871061999999999870e+01
2.318127249999999767e+05 -1.682796000000000092e+01
2.318127999999999884e+05 -1.887451000000000079e+01
2.318128750000000000e+05 -2.039284999999999926e+01
2.318129499999999825e+05 -2.505154999999999887e+01
2.318130249999999942e+05 -1.791709000000000174e+01
2.318130999999999767e+05 -1.863356999999999886e+01
2.318131749999999884e+05 -1.863500000000000156e+01
2.318132500000000000e+05 -2.142252999999999830e+01
2.318133249999999825e+05 -2.056421999999999883e+01
2.318133999999999942e+05 -2.072791000000000139e+01
2.318134749999999767e+05 -1.821228999999999942e+01
2.318135499999999884e+05 -1.864495000000000147e+01
2.318136250000000000e+05 -1.951172000000000040e+01
2.318136999999999825e+05 -2.330964000000000169e+01
2.318137749999999942e+05 -1.830315999999999832e+01
2.318138499999999767e+05 -1.719231999999999871e+01
2.318139249999999884e+05 -2.028623999999999938e+01
2.318140000000000000e+05 -1.855517000000000039e+01
2.318140749999999825e+05 -1.928271000000000157e+01
2.318141499999999942e+05 -1.884016000000000091e+01
2.318142249999999767e+05 -2.468796999999999997e+01
2.318142999999999884e+05 -1.959213000000000093e+01
2.318143750000000000e+05 -1.932188000000000017e+01
2.318144499999999825e+05 -2.090735000000000099e+01
2.318145249999999942e+05 -2.066217999999999932e+01
2.318145999999999767e+05 -2.153715000000000046e+01
2.318146749999999884e+05 -1.709197999999999951e+01
2.318147500000000000e+05 -1.954020999999999830e+01
2.318148249999999825e+05 -1.883978000000000108e+01
2.318148999999999942e+05 -1.896077999999999975e+01
2.318149749999999767e+05 -2.076783999999999963e+01
2.318150499999999884e+05 -2.189318000000000097e+01
2.318151250000000000e+05 -1.704973000000000027e+01
2.318151999999999825e+05 -1.710617999999999839e+01
2.318152749999999942e+05 -2.202455000000000140e+01
2.318153499999999767e+05 -2.026912000000000091e+01
2.318154249999999884e+05 -1.821709999999999852e+01
2.318155000000000000e+05 -2.093200999999999823e+01
2.318155749999999825e+05 -2.189638000000000062e+01
2.318156499999999942e+05 -1.960527000000000086e+01
2.318157249999999767e+05 -1.938068000000000168e+01
2.318157999999999884e+05 -2.044378000000000029e+01
2.318158750000000000e+05 -2.006488999999999834e+01
2.318159499999999825e+05 -2.154663000000000039e+01
2.318160249999999942e+05 -1.715393999999999863e+01
2.318160999999999767e+05 -1.950283999999999907e+01
2.318161749999999884e+05 -1.878714000000000084e+01
2.318162500000000000e+05 -1.738654999999999973e+01
2.318163249999999825e+05 -1.906129999999999924e+01
2.318163999999999942e+05 -1.729378000000000171e+01
2.318164749999999767e+05 -2.048451000000000022e+01
2.318165499999999884e+05 -1.837267999999999901e+01
2.318166250000000000e+05 -1.888590999999999909e+01
2.318166999999999825e+05 -1.941520999999999830e+01
2.318167749999999942e+05 -1.955033999999999850e+01
2.318168499999999767e+05 -1.965016999999999925e+01
2.318169249999999884e+05 -1.835394000000000148e+01
2.318170000000000000e+05 -1.976939000000000135e+01
2.318170749999999825e+05 -2.348594999999999899e+01
2.318171499999999942e+05 -1.951430999999999827e+01
2.318172249999999767e+05 -2.019684000000000168e+01
2.318172999999999884e+05 -1.931287999999999982e+01
2.318173750000000000e+05 -2.087019000000000091e+01
2.318174499999999825e+05 -2.028882000000000119e+01
2.318175249999999942e+05 -1.816056000000000026e+01
2.318175999999999767e+05 -1.834902999999999906e+01
2.318176749999999884e+05 -1.687184999999999846e+01
2.318177500000000000e+05 -1.816668999999999912e+01
2.318178249999999825e+05 -2.123209999999999908e+01
2.318178999999999942e+05 -1.689523000000000152e+01
2.318179749999999767e+05 -1.780351999999999890e+01
2.318180499999999884e+05 -1.891040999999999883e+01
2.318181250000000000e+05 -1.774560999999999922e+01
2.318181999999999825e+05 -1.723310000000000031e+01
2.318182749999999942e+05 -1.940544999999999831e+01
2.318183499999999767e+05 -1.890964999999999918e+01
2.318184249999999884e+05 -1.839754999999999896e+01
2.318185000000000000e+05 -1.873229999999999862e+01
2.318185749999999825e+05 -1.981487999999999872e+01
2.318186499999999942e+05 -1.734083000000000041e+01
2.318187249999999767e+05 -2.023044000000000153e+01
2.318187999999999884e+05 -2.104558000000000106e+01
2.318188750000000000e+05 -1.786762999999999835e+01
2.318189499999999825e+05 -1.805001000000000033e+01
2.318190249999999942e+05 -1.714207999999999998e+01
2.318190999999999767e+05 -1.705417999999999878e+01
2.318191749999999884e+05 -1.823918000000000106e+01
2.318192500000000000e+05 -1.662190000000000012e+01
2.318193249999999825e+05 -2.117043999999999926e+01
2.318193999999999942e+05 -1.955260000000000176e+01
2.318194749999999767e+05 -1.687633999999999901e+01
2.318195499999999884e+05 -1.761750999999999934e+01
2.318196250000000000e+05 -1.755020999999999987e+01
2.318196999999999825e+05 -1.681333000000000055e+01
2.318197749999999942e+05 -2.067380999999999958e+01
2.318198499999999767e+05 -1.743712000000000018e+01
2.318199249999999884e+05 -2.004647999999999897e+01
2.318200000000000000e+05 -2.057189999999999941e+01
2.318200749999999825e+05 -1.796125999999999934e+01
2.318201499999999942e+05 -1.697833999999999932e+01
2.318202249999999767e+05 -1.892058000000000106e+01
2.318202999999999884e+05 -2.250722000000000023e+01
2.318203750000000000e+05 -1.774886000000000053e+01
2.318204499999999825e+05 -1.758054999999999879e+01
2.318205249999999942e+05 -1.832047000000000025e+01
2.318205999999999767e+05 -1.794697000000000031e+01
2.318206749999999884e+05 -1.644369000000000014e+01
2.318207500000000000e+05 -1.772881999999999891e+01
2.318208249999999825e+05 -1.904266000000000147e+01
2.318208999999999942e+05 -1.755202999999999847e+01
2.318209749999999767e+05 -1.796242000000000161e+01
2.318210499999999884e+05 -1.667186999999999841e+01
2.318211250000000000e+05 -1.668541000000000096e+01
2.318211999999999825e+05 -1.624868999999999986e+01
2.318212749999999942e+05 -1.874912000000000134e+01
2.318213499999999767e+05 -1.604370000000000118e+01
2.318214249999999884e+05 -1.648879000000000161e+01
2.318215000000000000e+05 -1.792360000000000042e+01
2.318215749999999825e+05 -1.706494999999999962e+01
2.318216499999999942e+05 -1.755680999999999869e+01
2.318217249999999767e+05 -1.874180000000000135e+01
2.318217999999999884e+05 -1.638231000000000037e+01
2.318218750000000000e+05 -1.892972999999999928e+01
2.318219499999999825e+05 -1.641182999999999836e+01
2.318220249999999942e+05 -1.554499999999999993e+01
2.318220999999999767e+05 -1.927090000000000103e+01
2.318221749999999884e+05 -1.690064999999999884e+01
2.318222500000000000e+05 -1.670036999999999949e+01
2.318223249999999825e+05 -1.633841999999999928e+01
2.318223999999999942e+05 -1.681819000000000131e+01
2.318224749999999767e+05 -1.705453999999999937e+01
2.318225499999999884e+05 -1.561406999999999989e+01
2.318226250000000000e+05 -1.643492000000000175e+01
2.318226999999999825e+05 -1.772427000000000064e+01
2.318227749999999942e+05 -1.708043999999999940e+01
2.318228499999999767e+05 -1.745107000000000141e+01
2.318229249999999884e+05 -1.665240000000000009e+01
2.318230000000000000e+05 -1.587161000000000044e+01
2.318230749999999825e+05 -1.572844000000000086e+01
2.318231499999999942e+05 -1.687530999999999892e+01
2.318232249999999767e+05 -1.564559999999999995e+01
2.318232999999999884e+05 -1.755810999999999922e+01
2.318233750000000000e+05 -1.590478000000000058e+01
2.318234499999999825e+05 -1.683728999999999942e+01
2.318235249999999942e+05 -1.550336000000000070e+01
2.318235999999999767e+05 -1.593530999999999942e+01
2.318236749999999884e+05 -1.399272999999999989e+01
2.318237500000000000e+05 -1.654890999999999934e+01
2.318238249999999825e+05 -1.372415999999999947e+01
2.318238999999999942e+05 -1.428134000000000015e+01
2.318239749999999767e+05 -1.682131000000000043e+01
2.318240499999999884e+05 -1.504479000000000077e+01
2.318241250000000000e+05 -1.519426999999999950e+01
2.318241999999999825e+05 -1.483386999999999922e+01
2.318242749999999942e+05 -1.507263000000000019e+01
2.318243499999999767e+05 -1.612865000000000038e+01
2.318244249999999884e+05 -1.366478999999999999e+01
2.318245000000000000e+05 -1.398263000000000034e+01
2.318245749999999825e+05 -1.348546999999999940e+01
2.318246499999999942e+05 -1.491464999999999996e+01
2.318247249999999767e+05 -1.387046999999999919e+01
2.318247999999999884e+05 -1.314878000000000036e+01
2.318248750000000000e+05 -1.244375999999999927e+01
2.318249499999999825e+05 -1.250929000000000002e+01
2.318250249999999942e+05 -1.275366999999999962e+01
2.318250999999999767e+05 -1.128670999999999935e+01
2.318251749999999884e+05 -1.289742999999999995e+01
2.318252500000000000e+05 -1.491183999999999976e+01
2.318253249999999825e+05 -1.165404000000000018e+01
2.318253999999999942e+05 -1.160636000000000045e+01
2.318254749999999767e+05 -1.192112000000000016e+01
2.318255499999999884e+05 -1.105494999999999983e+01
2.318256250000000000e+05 -1.118129000000000062e+01
2.318256999999999825e+05 -1.013503000000000043e+01
2.318257749999999942e+05 -1.023654999999999937e+01
2.318258499999999767e+05 -1.033130000000000059e+01
2.318259249999999884e+05 -9.553010000000000446e+00
2.318260000000000000e+05 -9.332879999999999399e+00
2.318260749999999825e+05 -8.857136999999999816e+00
2.318261499999999942e+05 -8.351286999999999239e+00
2.318262249999999767e+05 -7.951596000000000330e+00
2.318262999999999884e+05 -7.939854000000000411e+00
2.318263750000000000e+05 -7.014389000000000429e+00
2.318264499999999825e+05 -6.486549000000000120e+00
2.318265249999999942e+05 -6.030540000000000234e+00
2.318265999999999767e+05 -5.329098000000000113e+00
2.318266749999999884e+05 -5.142763000000000417e+00
2.318267500000000000e+05 -4.625359000000000442e+00
2.318268249999999825e+05 -3.984951999999999828e+00
2.318268999999999942e+05 -3.114746999999999932e+00
2.318269749999999767e+05 -2.148956999999999784e+00
2.318270499999999884e+05 -1.590006000000000030e+00
2.318271250000000000e+05 -1.339436000000000071e+00
2.318271999999999825e+05 -9.049304999999999710e-01
2.318272749999999942e+05 -3.328761000000000081e-01
2.318273499999999767e+05 2.552190999999999765e-01
2.318274249999999884e+05 6.147960000000000091e-01
2.318275000000000000e+05 1.281679000000000013e+00
2.318275749999999825e+05 1.552623000000000086e+00
2.318276499999999942e+05 1.724711000000000105e+00
2.318277249999999767e+05 1.784307000000000087e+00
2.318277999999999884e+05 1.864243000000000094e+00
2.318278750000000000e+05 1.820343999999999962e+00
2.318279499999999825e+05 1.664366000000000012e+00
2.318280249999999942e+05 1.113453999999999944e+00
2.318280999999999767e+05 7.770532999999999468e-01
2.318281749999999884e+05 -6.228663000000000255e-02
2.318282500000000000e+05 -1.101952999999999960e+00
2.318283249999999825e+05 -1.312797999999999909e+00
2.318283999999999942e+05 -2.531906999999999908e+00
2.318284749999999767e+05 -2.656861000000000139e+00
2.318285499999999884e+05 -2.679727999999999888e+00
2.318286250000000000e+05 -2.179104999999999848e+00
2.318286999999999825e+05 -2.106498000000000204e+00
2.318287749999999942e+05 -2.037291000000000185e+00
2.318288499999999767e+05 -1.876011000000000095e+00
2.318289249999999884e+05 -2.038318999999999992e+00
2.318290000000000000e+05 -3.037259999999999849e+00
2.318290749999999825e+05 -3.765035000000000132e+00
2.318291499999999942e+05 -4.141592000000000162e+00
2.318292249999999767e+05 -4.418483000000000160e+00
2.318292999999999884e+05 -4.652251999999999832e+00
2.318293750000000000e+05 -4.729093999999999909e+00
2.318294499999999825e+05 -4.236943000000000126e+00
2.318295249999999942e+05 -5.074924000000000213e+00
2.318295999999999767e+05 -5.388433000000000028e+00
2.318296749999999884e+05 -5.363812000000000246e+00
2.318297500000000000e+05 -6.105884999999999785e+00
2.318298249999999825e+05 -6.340866000000000113e+00
2.318298999999999942e+05 -5.867365999999999637e+00
2.318299749999999767e+05 -6.261758999999999631e+00
2.318300499999999884e+05 -6.426588999999999885e+00
2.318301250000000000e+05 -7.228763999999999967e+00
2.318301999999999825e+05 -7.652110999999999663e+00
2.318302749999999942e+05 -7.382575000000000109e+00
2.318303499999999767e+05 -7.576208000000000276e+00
2.318304249999999884e+05 -7.206077999999999761e+00
2.318305000000000000e+05 -8.018160999999999206e+00
2.318305749999999825e+05 -8.426792000000000726e+00
2.318306499999999942e+05 -9.077446999999999377e+00
2.318307249999999767e+05 -8.620927000000000007e+00
2.318307999999999884e+05 -8.470178000000000651e+00
2.318308750000000000e+05 -8.688511000000000095e+00
2.318309499999999825e+05 -9.900843000000000060e+00
2.318310249999999942e+05 -1.050566000000000066e+01
2.318310999999999767e+05 -1.011280000000000001e+01
2.318311749999999884e+05 -1.009909999999999997e+01
2.318312500000000000e+05 -1.079025999999999996e+01
2.318313249999999825e+05 -1.192841999999999913e+01
2.318313999999999942e+05 -9.901173999999999253e+00
2.318314749999999767e+05 -1.030714000000000041e+01
2.318315499999999884e+05 -1.172985000000000078e+01
2.318316250000000000e+05 -1.197718000000000060e+01
2.318316999999999825e+05 -1.205071000000000048e+01
2.318317749999999942e+05 -1.126205000000000034e+01
2.318318499999999767e+05 -1.361022999999999961e+01
2.318319249999999884e+05 -1.264283999999999963e+01
2.318320000000000000e+05 -1.278825999999999929e+01
2.318320749999999825e+05 -1.220024000000000086e+01
2.318321499999999942e+05 -1.832676999999999978e+01
2.318322249999999767e+05 -1.285787999999999975e+01
2.318322999999999884e+05 -1.340862000000000087e+01
2.318323750000000000e+05 -1.406146000000000029e+01
2.318324499999999825e+05 -1.365230000000000032e+01
2.318325249999999942e+05 -1.440610999999999997e+01
2.318325999999999767e+05 -1.806032000000000082e+01
2.318326749999999884e+05 -1.460074000000000005e+01
2.318327500000000000e+05 -1.296937999999999924e+01
2.318328249999999825e+05 -1.655763999999999925e+01
2.318328999999999942e+05 -1.655129000000000161e+01
2.318329749999999767e+05 -1.428345999999999982e+01
2.318330499999999884e+05 -1.838774000000000086e+01
2.318331250000000000e+05 -1.483827999999999925e+01
2.318331999999999825e+05 -1.378692999999999991e+01
2.318332749999999942e+05 -2.092805999999999855e+01
2.318333499999999767e+05 -1.480406999999999940e+01
2.318334249999999884e+05 -1.663609999999999900e+01
2.318335000000000000e+05 -2.199476999999999904e+01
2.318335749999999825e+05 -1.684160999999999930e+01
2.318336499999999942e+05 -1.907133999999999929e+01
2.318337249999999767e+05 -1.750300999999999974e+01
2.318337999999999884e+05 -1.826325999999999894e+01
2.318338750000000000e+05 -2.411476000000000042e+01
2.318339499999999825e+05 -2.046764999999999901e+01
2.318340249999999942e+05 -2.162997000000000014e+01
2.318340999999999767e+05 -2.065678000000000125e+01
2.318341749999999884e+05 -2.089236999999999966e+01
2.318342500000000000e+05 -2.402596000000000132e+01
2.318343249999999825e+05 -1.676688000000000045e+01
2.318343999999999942e+05 -2.748583999999999961e+01
2.318344749999999767e+05 -2.001692999999999856e+01
2.318345499999999884e+05 -2.402426000000000172e+01
2.318346250000000000e+05 -1.925309999999999988e+01
2.318346999999999825e+05 -1.986301999999999879e+01
2.318347749999999942e+05 -2.445544999999999902e+01
2.318348499999999767e+05 -1.772363000000000000e+01
2.318349249999999884e+05 -2.819227000000000061e+01
2.318350000000000000e+05 -2.115298999999999907e+01
2.318350749999999825e+05 -3.198387999999999920e+01
2.318351499999999942e+05 -1.859366999999999948e+01
2.318352249999999767e+05 -2.522747999999999990e+01
2.318352999999999884e+05 -1.916777000000000086e+01
2.318353750000000000e+05 -2.829639999999999844e+01
2.318354499999999825e+05 -1.810276999999999958e+01
2.318355249999999942e+05 -2.845054000000000016e+01
2.318355999999999767e+05 -1.905590000000000117e+01
2.318356749999999884e+05 -2.559381000000000128e+01
2.318357500000000000e+05 -1.917222999999999900e+01
2.318358249999999825e+05 -2.643508999999999887e+01
2.318358999999999942e+05 -1.839737999999999829e+01
2.318359749999999767e+05 -2.784224000000000032e+01
2.318360499999999884e+05 -2.061193000000000097e+01
2.318361250000000000e+05 -4.278558000000000305e+01
2.318361999999999825e+05 -1.801333999999999946e+01
2.318362749999999942e+05 -2.856317999999999913e+01
2.318363499999999767e+05 -1.825441999999999965e+01
2.318364249999999884e+05 -3.758500000000000085e+01
2.318365000000000000e+05 -2.030437999999999832e+01
2.318365749999999825e+05 -2.517042999999999964e+01
2.318366499999999942e+05 -3.329881000000000313e+01
2.318367249999999767e+05 -2.065583000000000169e+01
2.318367999999999884e+05 -2.719551999999999836e+01
2.318368750000000000e+05 -1.864048000000000016e+01
2.318369499999999825e+05 -3.073868999999999829e+01
2.318370249999999942e+05 -2.716799999999999926e+01
2.318370999999999767e+05 -2.203744000000000014e+01
2.318371749999999884e+05 -2.940183000000000035e+01
2.318372500000000000e+05 -2.327513000000000076e+01
2.318373249999999825e+05 -3.384369999999999834e+01
2.318373999999999942e+05 -1.778650000000000020e+01
2.318374749999999767e+05 -2.490384999999999849e+01
2.318375499999999884e+05 -2.417782000000000053e+01
2.318376250000000000e+05 -2.108198000000000150e+01
2.318376999999999825e+05 -2.908219000000000065e+01
2.318377749999999942e+05 -2.075615000000000165e+01
2.318378499999999767e+05 -2.961633000000000138e+01
2.318379249999999884e+05 -2.784155000000000157e+01
2.318380000000000000e+05 -2.156704999999999828e+01
2.318380749999999825e+05 -2.703937000000000168e+01
2.318381499999999942e+05 -2.609729000000000099e+01
2.318382249999999767e+05 -2.134509999999999863e+01
2.318382999999999884e+05 -2.535498000000000118e+01
2.318383750000000000e+05 -2.446031999999999940e+01
2.318384499999999825e+05 -2.067448999999999870e+01
2.318385249999999942e+05 -2.418440999999999974e+01
2.318385999999999767e+05 -2.529716000000000165e+01
2.318386749999999884e+05 -2.298853000000000080e+01
2.318387500000000000e+05 -2.346412000000000120e+01
2.318388249999999825e+05 -2.937106999999999957e+01
2.318388999999999942e+05 -2.337839999999999918e+01
2.318389749999999767e+05 -2.783924999999999983e+01
2.318390499999999884e+05 -3.188477999999999923e+01
2.318391250000000000e+05 -2.332563999999999993e+01
2.318391999999999825e+05 -2.363966999999999885e+01
2.318392749999999942e+05 -2.259307000000000087e+01
2.318393499999999767e+05 -2.613491000000000142e+01
2.318394249999999884e+05 -2.275840000000000174e+01
2.318395000000000000e+05 -2.776214999999999833e+01
2.318395749999999825e+05 -2.376796999999999827e+01
2.318396499999999942e+05 -2.453854000000000113e+01
2.318397249999999767e+05 -2.208649000000000129e+01
2.318397999999999884e+05 -2.516926000000000130e+01
2.318398750000000000e+05 -2.308031000000000077e+01
2.318399499999999825e+05 -1.945328999999999908e+01
2.318400249999999942e+05 -2.610775999999999897e+01
2.318400999999999767e+05 -2.431102999999999881e+01
2.318401749999999884e+05 -2.524502999999999986e+01
2.318402500000000000e+05 -2.157156000000000162e+01
2.318403249999999825e+05 -1.915774000000000044e+01
2.318403999999999942e+05 -2.596939000000000064e+01
2.318404749999999767e+05 -3.089773999999999887e+01
2.318405499999999884e+05 -2.440452000000000155e+01
2.318406250000000000e+05 -2.353097999999999956e+01
2.318406999999999825e+05 -3.034077999999999875e+01
2.318407749999999942e+05 -2.947230000000000061e+01
2.318408499999999767e+05 -2.359311999999999898e+01
2.318409249999999884e+05 -2.614853000000000094e+01
2.318410000000000000e+05 -2.427484000000000108e+01
2.318410749999999825e+05 -2.194710999999999856e+01
2.318411499999999942e+05 -2.394000000000000128e+01
2.318412249999999767e+05 -2.410115000000000052e+01
2.318412999999999884e+05 -2.627464000000000155e+01
2.318413750000000000e+05 -2.569454999999999956e+01
2.318414499999999825e+05 -2.049824999999999875e+01
2.318415249999999942e+05 -2.536222000000000065e+01
2.318415999999999767e+05 -2.257205000000000084e+01
2.318416749999999884e+05 -2.610324999999999918e+01
2.318417500000000000e+05 -2.546987000000000023e+01
2.318418249999999825e+05 -2.196882000000000090e+01
2.318418999999999942e+05 -2.222158999999999907e+01
2.318419749999999767e+05 -2.293402999999999992e+01
2.318420499999999884e+05 -2.174758999999999887e+01
2.318421250000000000e+05 -2.277205999999999975e+01
2.318421999999999825e+05 -2.371755999999999887e+01
2.318422749999999942e+05 -2.459929999999999950e+01
2.318423499999999767e+05 -2.720024000000000086e+01
2.318424249999999884e+05 -2.351090999999999909e+01
