# Temperature: None K
2.317969750000000058e+05 -2.212319000000000102e+01
2.317970500000000175e+05 -2.077965999999999980e+01
2.317971250000000000e+05 -1.898073000000000121e+01
2.317972000000000116e+05 -2.041393000000000058e+01
2.317972749999999942e+05 -1.844165999999999883e+01
2.317973500000000058e+05 -2.028297999999999845e+01
2.317974250000000175e+05 -2.235338000000000136e+01
2.317975000000000000e+05 -2.311470999999999876e+01
2.317975750000000116e+05 -1.827252000000000010e+01
2.317976499999999942e+05 -1.928654999999999831e+01
2.317977250000000058e+05 -2.324184999999999945e+01
2.317978000000000175e+05 -2.225885999999999854e+01
2.317978750000000000e+05 -1.991169000000000011e+01
2.317979500000000116e+05 -1.848300000000000054e+01
2.317980249999999942e+05 -2.279025999999999996e+01
2.317981000000000058e+05 -2.196993000000000151e+01
2.317981750000000175e+05 -2.061007999999999996e+01
2.317982500000000000e+05 -1.751091999999999871e+01
2.317983250000000116e+05 -2.046068999999999960e+01
2.317983999999999942e+05 -2.309105999999999881e+01
2.317984750000000058e+05 -1.896234000000000108e+01
2.317985500000000175e+05 -1.684941999999999851e+01
2.317986250000000000e+05 -2.028904999999999959e+01
2.317987000000000116e+05 -2.068739000000000061e+01
2.317987749999999942e+05 -1.967209000000000074e+01
2.317988500000000058e+05 -1.753689999999999927e+01
2.317989250000000175e+05 -2.165969000000000122e+01
2.317990000000000000e+05 -1.893381000000000114e+01
2.317990750000000116e+05 -1.848560000000000159e+01
2.317991499999999942e+05 -2.068177000000000021e+01
2.317992250000000058e+05 -2.042285000000000039e+01
2.317993000000000175e+05 -1.853575000000000017e+01
2.317993750000000000e+05 -2.107323999999999842e+01
2.317994500000000116e+05 -2.138270999999999944e+01
2.317995249999999942e+05 -1.746801999999999921e+01
2.317996000000000058e+05 -2.127207999999999899e+01
2.317996750000000175e+05 -2.108842999999999890e+01
2.317997500000000000e+05 -1.859675000000000011e+01
2.317998250000000116e+05 -2.039130000000000109e+01
2.317998999999999942e+05 -1.959495000000000076e+01
2.317999750000000058e+05 -2.053030000000000044e+01
2.318000500000000175e+05 -2.137264000000000053e+01
2.318001250000000000e+05 -2.350808999999999926e+01
2.318002000000000116e+05 -1.964911000000000030e+01
2.318002749999999942e+05 -1.973677999999999955e+01
2.318003500000000058e+05 -1.877730999999999995e+01
2.318004250000000175e+05 -1.961305000000000121e+01
2.318005000000000000e+05 -2.174136000000000024e+01
2.318005750000000116e+05 -2.148227999999999938e+01
2.318006499999999942e+05 -1.940162000000000120e+01
2.318007250000000058e+05 -1.962389999999999901e+01
2.318008000000000175e+05 -1.916832000000000136e+01
2.318008750000000000e+05 -1.974720999999999904e+01
2.318009500000000116e+05 -1.757363000000000142e+01
2.318010249999999942e+05 -2.034432999999999936e+01
2.318011000000000058e+05 -1.866953000000000173e+01
2.318011750000000175e+05 -1.773242000000000118e+01
2.318012500000000000e+05 -2.057874999999999943e+01
2.318013250000000116e+05 -2.056462000000000145e+01
2.318013999999999942e+05 -1.706405000000000172e+01
2.318014750000000058e+05 -1.689882000000000062e+01
2.318015500000000175e+05 -1.729772000000000176e+01
2.318016250000000000e+05 -1.807758000000000109e+01
2.318017000000000116e+05 -1.707130000000000081e+01
2.318017749999999942e+05 -2.014218999999999937e+01
2.318018500000000058e+05 -1.902374000000000009e+01
2.318019250000000175e+05 -2.078068999999999988e+01
2.318020000000000000e+05 -1.842833999999999861e+01
2.318020750000000116e+05 -2.109390000000000143e+01
2.318021499999999942e+05 -1.931362000000000023e+01
2.318022250000000058e+05 -1.930558999999999870e+01
2.318023000000000175e+05 -1.831725000000000136e+01
2.318023750000000000e+05 -1.898453999999999908e+01
2.318024500000000116e+05 -1.788201000000000107e+01
2.318025249999999942e+05 -2.064911000000000030e+01
2.318026000000000058e+05 -1.754185999999999979e+01
2.318026750000000175e+05 -1.793731999999999971e+01
2.318027500000000000e+05 -2.060569999999999879e+01
2.318028250000000116e+05 -1.725956000000000046e+01
2.318028999999999942e+05 -1.654588999999999999e+01
2.318029750000000058e+05 -2.106153000000000119e+01
2.318030500000000175e+05 -1.793443999999999861e+01
2.318031250000000000e+05 -1.951040000000000063e+01
2.318032000000000116e+05 -1.757006000000000157e+01
2.318032749999999942e+05 -1.895335000000000036e+01
2.318033500000000058e+05 -2.389376999999999995e+01
2.318034250000000175e+05 -1.849943999999999988e+01
2.318035000000000000e+05 -1.773601000000000028e+01
2.318035750000000116e+05 -1.987406999999999968e+01
2.318036499999999942e+05 -1.827308999999999983e+01
2.318037250000000058e+05 -1.824659000000000120e+01
2.318038000000000175e+05 -1.995910999999999902e+01
2.318038750000000000e+05 -1.760482999999999976e+01
2.318039500000000116e+05 -1.874521999999999977e+01
2.318040249999999942e+05 -1.849049000000000120e+01
2.318041000000000058e+05 -1.632970999999999862e+01
2.318041750000000175e+05 -1.924804999999999922e+01
2.318042500000000000e+05 -1.894457999999999842e+01
2.318043250000000116e+05 -1.666131999999999991e+01
2.318043999999999942e+05 -1.864365000000000094e+01
2.318044750000000058e+05 -1.749558999999999997e+01
2.318045500000000175e+05 -1.993055999999999983e+01
2.318046250000000000e+05 -1.792083999999999833e+01
2.318047000000000116e+05 -1.802941999999999823e+01
2.318047749999999942e+05 -1.793563999999999936e+01
2.318048500000000058e+05 -1.762687000000000026e+01
2.318049250000000175e+05 -1.922736000000000089e+01
2.318050000000000000e+05 -1.795849000000000117e+01
2.318050750000000116e+05 -1.806155000000000044e+01
2.318051499999999942e+05 -1.761116000000000170e+01
2.318052250000000058e+05 -1.817080999999999946e+01
2.318053000000000175e+05 -1.839693000000000112e+01
2.318053750000000000e+05 -1.850158000000000058e+01
2.318054500000000116e+05 -1.803933999999999926e+01
2.318055249999999942e+05 -1.792727999999999966e+01
2.318056000000000058e+05 -1.559246000000000087e+01
2.318056750000000175e+05 -1.600837999999999894e+01
2.318057500000000000e+05 -2.005424999999999969e+01
2.318058250000000116e+05 -1.815860999999999947e+01
2.318058999999999942e+05 -1.695990000000000109e+01
2.318059750000000058e+05 -1.708248999999999995e+01
2.318060500000000175e+05 -1.623813000000000173e+01
2.318061250000000000e+05 -1.709131999999999962e+01
2.318062000000000116e+05 -1.767387000000000086e+01
2.318062749999999942e+05 -1.744847999999999999e+01
2.318063500000000058e+05 -1.682050999999999874e+01
2.318064250000000175e+05 -1.657147000000000148e+01
2.318065000000000000e+05 -1.601512999999999920e+01
2.318065750000000116e+05 -1.785255000000000081e+01
2.318066499999999942e+05 -1.695110999999999990e+01
2.318067250000000058e+05 -1.752578000000000102e+01
2.318068000000000175e+05 -1.532185999999999915e+01
2.318068750000000000e+05 -1.549671000000000021e+01
2.318069500000000116e+05 -1.688156000000000034e+01
2.318070249999999942e+05 -1.642001000000000133e+01
2.318071000000000058e+05 -1.604264999999999830e+01
2.318071750000000175e+05 -1.582967000000000013e+01
2.318072500000000000e+05 -1.796353999999999829e+01
2.318073250000000116e+05 -1.735117999999999938e+01
2.318073999999999942e+05 -1.599155000000000015e+01
2.318074750000000058e+05 -1.642340000000000089e+01
2.318075500000000175e+05 -1.415902999999999956e+01
2.318076250000000000e+05 -1.591539000000000037e+01
2.318077000000000116e+05 -1.486916000000000082e+01
2.318077749999999942e+05 -1.557136999999999993e+01
2.318078500000000058e+05 -1.604635000000000034e+01
2.318079250000000175e+05 -1.437223000000000006e+01
2.318080000000000000e+05 -1.547649999999999970e+01
2.318080750000000116e+05 -1.707701000000000136e+01
2.318081499999999942e+05 -1.519026999999999994e+01
2.318082250000000058e+05 -1.614194000000000173e+01
2.318083000000000175e+05 -1.500526999999999944e+01
2.318083750000000000e+05 -1.460452000000000083e+01
2.318084500000000116e+05 -1.409084000000000003e+01
2.318085249999999942e+05 -1.354709000000000074e+01
2.318086000000000058e+05 -1.500677999999999912e+01
2.318086750000000175e+05 -1.394332999999999956e+01
2.318087500000000000e+05 -1.305084000000000088e+01
2.318088250000000116e+05 -1.382535999999999987e+01
2.318088999999999942e+05 -1.312170000000000059e+01
2.318089750000000058e+05 -1.221695000000000064e+01
2.318090500000000175e+05 -1.421021999999999963e+01
2.318091250000000000e+05 -1.267259999999999920e+01
2.318092000000000116e+05 -1.266768000000000072e+01
2.318092749999999942e+05 -1.341529000000000060e+01
2.318093500000000058e+05 -1.229161000000000037e+01
2.318094250000000175e+05 -1.318858999999999959e+01
2.318095000000000000e+05 -1.143735000000000035e+01
2.318095750000000116e+05 -1.129752000000000045e+01
2.318096499999999942e+05 -1.227345000000000041e+01
2.318097250000000058e+05 -1.153987000000000052e+01
2.318098000000000175e+05 -1.047509999999999941e+01
2.318098750000000000e+05 -1.043906999999999918e+01
2.318099500000000116e+05 -1.012077000000000027e+01
2.318100249999999942e+05 -9.651699999999999946e+00
2.318101000000000058e+05 -8.841984999999999317e+00
2.318101750000000175e+05 -9.355226999999999293e+00
2.318102500000000000e+05 -8.100073999999999330e+00
2.318103250000000116e+05 -8.381467999999999918e+00
2.318103999999999942e+05 -7.399956999999999674e+00
2.318104750000000058e+05 -8.171692999999999429e+00
2.318105500000000175e+05 -6.710697999999999830e+00
2.318106250000000000e+05 -6.192142999999999731e+00
2.318107000000000116e+05 -5.778846999999999845e+00
2.318107749999999942e+05 -5.222444999999999560e+00
2.318108500000000058e+05 -4.716343000000000174e+00
2.318109250000000175e+05 -4.319674000000000014e+00
2.318110000000000000e+05 -3.268661999999999956e+00
2.318110750000000116e+05 -3.095979999999999954e+00
2.318111499999999942e+05 -2.299103999999999814e+00
2.318112250000000058e+05 -1.780964999999999909e+00
2.318113000000000175e+05 -1.153348000000000040e+00
2.318113750000000000e+05 -6.402335000000000109e-01
2.318114500000000116e+05 5.715945000000000054e-02
2.318115249999999942e+05 4.327841000000000049e-01
2.318116000000000058e+05 8.086773999999999907e-01
2.318116750000000175e+05 1.117356000000000016e+00
2.318117500000000000e+05 1.785530999999999979e+00
2.318118250000000116e+05 1.673937999999999926e+00
2.318118999999999942e+05 1.755959000000000048e+00
2.318119750000000058e+05 1.797120000000000051e+00
2.318120500000000175e+05 1.540191000000000088e+00
2.318121250000000000e+05 9.674909000000000425e-01
2.318122000000000116e+05 4.604541999999999802e-01
2.318122749999999942e+05 -5.896498000000000017e-02
2.318123500000000058e+05 -5.871608999999999856e-01
2.318124250000000175e+05 -1.713460999999999901e+00
2.318125000000000000e+05 -2.689042999999999850e+00
2.318125750000000116e+05 -3.371002999999999972e+00
2.318126499999999942e+05 -3.100245999999999835e+00
2.318127250000000058e+05 -3.123472000000000026e+00
2.318128000000000175e+05 -2.692308000000000145e+00
2.318128750000000000e+05 -2.087366999999999972e+00
2.318129500000000116e+05 -2.506583000000000006e+00
2.318130249999999942e+05 -3.107569999999999943e+00
2.318131000000000058e+05 -3.711536999999999864e+00
2.318131750000000175e+05 -4.347208000000000183e+00
2.318132500000000000e+05 -4.693261999999999823e+00
2.318133250000000116e+05 -5.057322000000000095e+00
2.318133999999999942e+05 -4.651829000000000214e+00
2.318134750000000058e+05 -4.314397999999999733e+00
2.318135500000000175e+05 -4.773297999999999597e+00
2.318136250000000000e+05 -4.902591000000000143e+00
2.318137000000000116e+05 -5.811552999999999969e+00
2.318137749999999942e+05 -6.077615999999999907e+00
2.318138500000000058e+05 -6.056384999999999685e+00
2.318139250000000175e+05 -6.383229000000000042e+00
2.318140000000000000e+05 -6.567059999999999675e+00
2.318140750000000116e+05 -6.676419000000000104e+00
2.318141499999999942e+05 -6.980531000000000041e+00
2.318142250000000058e+05 -7.776614999999999611e+00
2.318143000000000175e+05 -8.717517000000000849e+00
2.318143750000000000e+05 -8.370872999999999564e+00
2.318144500000000116e+05 -8.184404999999999930e+00
2.318145249999999942e+05 -8.231318999999999164e+00
2.318146000000000058e+05 -8.197957000000000605e+00
2.318146750000000175e+05 -8.896323999999999899e+00
2.318147500000000000e+05 -9.677732000000000667e+00
2.318148250000000116e+05 -9.436436999999999742e+00
2.318148999999999942e+05 -8.966312000000000282e+00
2.318149750000000058e+05 -1.043049000000000071e+01
2.318150500000000175e+05 -1.148314000000000057e+01
2.318151250000000000e+05 -1.164061000000000057e+01
2.318152000000000116e+05 -1.037359999999999971e+01
2.318152749999999942e+05 -1.087104000000000070e+01
2.318153500000000058e+05 -1.198610000000000042e+01
2.318154250000000175e+05 -1.178370999999999924e+01
2.318155000000000000e+05 -1.240302999999999933e+01
2.318155750000000116e+05 -1.131424999999999947e+01
2.318156499999999942e+05 -1.288754999999999917e+01
2.318157250000000058e+05 -1.406320000000000014e+01
2.318158000000000175e+05 -1.234713999999999956e+01
2.318158750000000000e+05 -1.175172000000000061e+01
2.318159500000000116e+05 -1.313513000000000019e+01
2.318160249999999942e+05 -1.525994999999999990e+01
2.318161000000000058e+05 -1.222808999999999990e+01
2.318161750000000175e+05 -1.436243999999999943e+01
2.318162500000000000e+05 -1.516189999999999927e+01
2.318163250000000116e+05 -1.321884000000000015e+01
2.318163999999999942e+05 -1.364817000000000036e+01
2.318164750000000058e+05 -1.695251999999999981e+01
2.318165500000000175e+05 -1.642805999999999855e+01
2.318166250000000000e+05 -1.360243000000000002e+01
2.318167000000000116e+05 -1.629702999999999946e+01
2.318167749999999942e+05 -1.724581999999999837e+01
2.318168500000000058e+05 -1.671121000000000123e+01
2.318169250000000175e+05 -2.000816000000000017e+01
2.318170000000000000e+05 -1.880289000000000144e+01
2.318170750000000116e+05 -1.613597999999999999e+01
2.318171499999999942e+05 -2.141338999999999970e+01
2.318172250000000058e+05 -1.619760000000000133e+01
2.318173000000000175e+05 -1.537388999999999939e+01
2.318173750000000000e+05 -2.001474999999999937e+01
2.318174500000000116e+05 -1.735810999999999993e+01
2.318175249999999942e+05 -1.722107000000000099e+01
2.318176000000000058e+05 -2.623826999999999998e+01
2.318176750000000175e+05 -1.762707999999999942e+01
2.318177500000000000e+05 -2.339217000000000013e+01
2.318178250000000116e+05 -2.159786000000000072e+01
2.318178999999999942e+05 -1.727019999999999911e+01
2.318179750000000058e+05 -2.274836000000000169e+01
2.318180500000000175e+05 -1.703666000000000125e+01
2.318181250000000000e+05 -2.079095999999999833e+01
2.318182000000000116e+05 -2.050613999999999848e+01
2.318182749999999942e+05 -1.870497999999999905e+01
2.318183500000000058e+05 -2.985727999999999938e+01
2.318184250000000175e+05 -1.857920000000000016e+01
2.318185000000000000e+05 -2.233479000000000170e+01
2.318185750000000116e+05 -1.862888999999999839e+01
2.318186499999999942e+05 -2.061915000000000120e+01
2.318187250000000058e+05 -2.132244999999999990e+01
2.318188000000000175e+05 -2.035907999999999873e+01
2.318188750000000000e+05 -2.640717000000000070e+01
2.318189500000000116e+05 -1.827424999999999855e+01
2.318190249999999942e+05 -4.384989000000000203e+01
2.318191000000000058e+05 -1.673558999999999841e+01
2.318191750000000175e+05 -4.040245000000000175e+01
2.318192500000000000e+05 -2.222572999999999865e+01
2.318193250000000116e+05 -2.536296000000000106e+01
2.318193999999999942e+05 -1.986298000000000030e+01
2.318194750000000058e+05 -2.299175999999999931e+01
2.318195500000000175e+05 -2.251427999999999940e+01
2.318196250000000000e+05 -2.468224999999999980e+01
2.318197000000000116e+05 -2.491722999999999999e+01
2.318197749999999942e+05 -2.293322999999999823e+01
2.318198500000000058e+05 -2.344970999999999961e+01
2.318199250000000175e+05 -2.550006000000000128e+01
2.318200000000000000e+05 -1.971995000000000076e+01
2.318200750000000116e+05 -2.663348999999999833e+01
2.318201499999999942e+05 -2.371921999999999997e+01
2.318202250000000058e+05 -2.527506999999999948e+01
2.318203000000000175e+05 -2.137112000000000123e+01
2.318203750000000000e+05 -3.048948000000000036e+01
2.318204500000000116e+05 -2.170420999999999978e+01
2.318205249999999942e+05 -2.844751000000000118e+01
2.318206000000000058e+05 -2.000966999999999985e+01
2.318206750000000175e+05 -2.671522999999999826e+01
2.318207500000000000e+05 -1.997801000000000116e+01
2.318208250000000116e+05 -2.902250000000000085e+01
2.318208999999999942e+05 -3.114819999999999922e+01
2.318209750000000058e+05 -2.442747999999999919e+01
2.318210500000000175e+05 -4.739079999999999870e+01
2.318211250000000000e+05 -2.248441000000000045e+01
2.318212000000000116e+05 -3.143624000000000152e+01
2.318212749999999942e+05 -3.120051000000000130e+01
2.318213500000000058e+05 -2.282494000000000156e+01
2.318214250000000175e+05 -2.665118000000000009e+01
2.318215000000000000e+05 -2.510544000000000153e+01
2.318215750000000116e+05 -3.021479000000000070e+01
2.318216499999999942e+05 -2.721040999999999954e+01
2.318217250000000058e+05 -2.165324000000000026e+01
2.318218000000000175e+05 -3.259557999999999822e+01
2.318218750000000000e+05 -2.268145000000000167e+01
2.318219500000000116e+05 -2.304206999999999894e+01
2.318220249999999942e+05 -2.238204999999999956e+01
2.318221000000000058e+05 -2.198030999999999935e+01
2.318221750000000175e+05 -2.722016999999999953e+01
2.318222500000000000e+05 -2.620861999999999981e+01
2.318223250000000116e+05 -2.594241999999999848e+01
2.318223999999999942e+05 -2.998244000000000042e+01
2.318224750000000058e+05 -2.007994000000000057e+01
2.318225500000000175e+05 -2.252291999999999916e+01
2.318226250000000000e+05 -2.607339999999999947e+01
2.318227000000000116e+05 -2.549463000000000079e+01
2.318227749999999942e+05 -2.609486000000000061e+01
2.318228500000000058e+05 -3.096509999999999962e+01
2.318229250000000175e+05 -2.613635999999999981e+01
2.318230000000000000e+05 -2.196791999999999945e+01
2.318230750000000116e+05 -2.251277999999999935e+01
2.318231499999999942e+05 -2.456880999999999915e+01
2.318232250000000058e+05 -2.285116000000000014e+01
2.318233000000000175e+05 -2.411011999999999844e+01
2.318233750000000000e+05 -2.795203000000000060e+01
2.318234500000000116e+05 -2.314264000000000010e+01
2.318235249999999942e+05 -2.063047999999999860e+01
2.318236000000000058e+05 -2.770007000000000019e+01
2.318236750000000175e+05 -2.310262000000000171e+01
2.318237500000000000e+05 -2.413860999999999990e+01
2.318238250000000116e+05 -2.565266000000000091e+01
2.318238999999999942e+05 -2.404022000000000148e+01
2.318239750000000058e+05 -2.397343000000000046e+01
2.318240500000000175e+05 -2.079053000000000040e+01
2.318241250000000000e+05 -2.520423999999999864e+01
2.318242000000000116e+05 -2.016301999999999950e+01
2.318242749999999942e+05 -2.486948999999999899e+01
2.318243500000000058e+05 -2.300187000000000026e+01
2.318244250000000175e+05 -2.684159999999999968e+01
2.318245000000000000e+05 -2.499830000000000041e+01
2.318245750000000116e+05 -2.532813000000000159e+01
2.318246499999999942e+05 -2.721170000000000044e+01
2.318247250000000058e+05 -2.251505999999999830e+01
2.318248000000000175e+05 -2.179023000000000110e+01
2.318248750000000000e+05 -2.347918999999999912e+01
2.318249500000000116e+05 -2.677419000000000082e+01
2.318250249999999942e+05 -2.257348999999999961e+01
2.318251000000000058e+05 -2.287214000000000169e+01
2.318251750000000175e+05 -2.238014000000000081e+01
2.318252500000000000e+05 -2.215352999999999994e+01
2.318253250000000116e+05 -2.487927000000000177e+01
2.318253999999999942e+05 -2.374742000000000175e+01
2.318254750000000058e+05 -2.386843000000000004e+01
2.318255500000000175e+05 -2.638439999999999941e+01
2.318256250000000000e+05 -2.498336000000000112e+01
2.318257000000000116e+05 -2.862409999999999854e+01
2.318257749999999942e+05 -2.293468999999999980e+01
2.318258500000000058e+05 -2.140785999999999945e+01
2.318259250000000175e+05 -2.312492999999999910e+01
2.318260000000000000e+05 -2.464106999999999914e+01
2.318260750000000116e+05 -2.465456999999999965e+01
2.318261499999999942e+05 -2.298404000000000025e+01
2.318262250000000058e+05 -2.676934999999999931e+01
2.318263000000000175e+05 -2.606082999999999927e+01
2.318263750000000000e+05 -2.369128999999999863e+01
2.318264500000000116e+05 -2.579363000000000028e+01
2.318265249999999942e+05 -2.216488000000000014e+01
2.318266000000000058e+05 -2.264600000000000080e+01
2.318266750000000175e+05 -2.628430000000000177e+01
2.318267500000000000e+05 -2.177495000000000047e+01
2.318268250000000116e+05 -2.299738999999999933e+01
2.318268999999999942e+05 -2.607500999999999891e+01
2.318269750000000058e+05 -3.069060999999999950e+01
