# Temperature: None K
2.319130499999999884e+05 -1.962640000000000029e+01
2.319131250000000000e+05 -1.988209000000000160e+01
2.319131999999999825e+05 -1.966332999999999842e+01
2.319132749999999942e+05 -1.933362999999999943e+01
2.319133499999999767e+05 -1.861950999999999823e+01
2.319134249999999884e+05 -2.262361999999999895e+01
2.319135000000000000e+05 -2.060579999999999856e+01
2.319135749999999825e+05 -2.062184999999999846e+01
2.319136499999999942e+05 -1.793750000000000000e+01
2.319137249999999767e+05 -2.053975000000000151e+01
2.319137999999999884e+05 -1.913672000000000040e+01
2.319138750000000000e+05 -1.643721999999999994e+01
2.319139499999999825e+05 -1.782951999999999870e+01
2.319140249999999942e+05 -1.904796999999999940e+01
2.319140999999999767e+05 -1.987190000000000012e+01
2.319141749999999884e+05 -1.803222999999999843e+01
2.319142500000000000e+05 -1.768018000000000001e+01
2.319143249999999825e+05 -1.948198000000000008e+01
2.319143999999999942e+05 -2.025545999999999935e+01
2.319144749999999767e+05 -1.699489000000000161e+01
2.319145499999999884e+05 -1.880772999999999939e+01
2.319146250000000000e+05 -2.201288999999999874e+01
2.319146999999999825e+05 -1.978049999999999997e+01
2.319147749999999942e+05 -1.943853999999999971e+01
2.319148499999999767e+05 -1.803228999999999971e+01
2.319149249999999884e+05 -1.851839999999999975e+01
2.319150000000000000e+05 -1.766744999999999877e+01
2.319150749999999825e+05 -1.819227000000000061e+01
2.319151499999999942e+05 -2.018972000000000122e+01
2.319152249999999767e+05 -2.034372000000000114e+01
2.319152999999999884e+05 -1.810989999999999966e+01
2.319153750000000000e+05 -1.994095000000000084e+01
2.319154499999999825e+05 -1.937546999999999997e+01
2.319155249999999942e+05 -2.143111999999999995e+01
2.319155999999999767e+05 -2.220885000000000176e+01
2.319156749999999884e+05 -1.852079000000000164e+01
2.319157500000000000e+05 -1.949295000000000044e+01
2.319158249999999825e+05 -1.891221000000000174e+01
2.319158999999999942e+05 -1.979379000000000133e+01
2.319159749999999767e+05 -2.031562999999999874e+01
2.319160499999999884e+05 -1.933611000000000146e+01
2.319161250000000000e+05 -2.248865999999999943e+01
2.319161999999999825e+05 -2.242821999999999960e+01
2.319162749999999942e+05 -1.787994000000000128e+01
2.319163499999999767e+05 -2.128472000000000008e+01
2.319164249999999884e+05 -2.120247000000000170e+01
2.319165000000000000e+05 -1.973075000000000045e+01
2.319165749999999825e+05 -2.070037999999999911e+01
2.319166499999999942e+05 -2.154130999999999929e+01
2.319167249999999767e+05 -1.958915000000000006e+01
2.319167999999999884e+05 -1.981886000000000081e+01
2.319168750000000000e+05 -1.801296999999999926e+01
2.319169499999999825e+05 -1.986546999999999841e+01
2.319170249999999942e+05 -1.853942999999999941e+01
2.319170999999999767e+05 -1.993669999999999831e+01
2.319171749999999884e+05 -1.841199999999999903e+01
2.319172500000000000e+05 -2.299030000000000129e+01
2.319173249999999825e+05 -1.829418000000000077e+01
2.319173999999999942e+05 -2.006871999999999900e+01
2.319174749999999767e+05 -1.904384999999999906e+01
2.319175499999999884e+05 -2.233116000000000057e+01
2.319176250000000000e+05 -1.855337000000000103e+01
2.319176999999999825e+05 -1.756225999999999843e+01
2.319177749999999942e+05 -2.018000999999999934e+01
2.319178499999999767e+05 -1.938906000000000063e+01
2.319179249999999884e+05 -2.068337000000000003e+01
2.319180000000000000e+05 -2.084983000000000075e+01
2.319180749999999825e+05 -1.971695000000000064e+01
2.319181499999999942e+05 -2.015575000000000117e+01
2.319182249999999767e+05 -1.971064000000000149e+01
2.319182999999999884e+05 -1.947383999999999915e+01
2.319183750000000000e+05 -1.794526000000000110e+01
2.319184499999999825e+05 -1.965522999999999954e+01
2.319185249999999942e+05 -1.996914999999999907e+01
2.319185999999999767e+05 -2.022813999999999979e+01
2.319186749999999884e+05 -1.949352000000000018e+01
2.319187500000000000e+05 -1.916234000000000037e+01
2.319188249999999825e+05 -2.084450000000000003e+01
2.319188999999999942e+05 -1.732792999999999850e+01
2.319189749999999767e+05 -2.108793999999999969e+01
2.319190499999999884e+05 -1.841045000000000087e+01
2.319191250000000000e+05 -1.829165000000000063e+01
2.319191999999999825e+05 -1.913714999999999833e+01
2.319192749999999942e+05 -1.627509999999999835e+01
2.319193499999999767e+05 -1.809514000000000067e+01
2.319194249999999884e+05 -1.725569000000000131e+01
2.319195000000000000e+05 -1.978134999999999977e+01
2.319195749999999825e+05 -1.946060999999999908e+01
2.319196499999999942e+05 -1.872671000000000063e+01
2.319197249999999767e+05 -1.779980000000000118e+01
2.319197999999999884e+05 -1.998313999999999879e+01
2.319198750000000000e+05 -1.780007000000000161e+01
2.319199499999999825e+05 -1.897162000000000148e+01
2.319200249999999942e+05 -1.961734999999999829e+01
2.319200999999999767e+05 -1.810182000000000002e+01
2.319201749999999884e+05 -1.701744000000000057e+01
2.319202500000000000e+05 -1.694028000000000134e+01
2.319203249999999825e+05 -1.975180999999999898e+01
2.319203999999999942e+05 -1.859729000000000099e+01
2.319204749999999767e+05 -1.843335000000000079e+01
2.319205499999999884e+05 -1.636390000000000100e+01
2.319206250000000000e+05 -1.818076999999999899e+01
2.319206999999999825e+05 -1.890064999999999884e+01
2.319207749999999942e+05 -1.650272000000000006e+01
2.319208499999999767e+05 -2.044610000000000127e+01
2.319209249999999884e+05 -1.893868000000000151e+01
2.319210000000000000e+05 -1.642896000000000001e+01
2.319210749999999825e+05 -1.623855000000000004e+01
2.319211499999999942e+05 -1.785075000000000145e+01
2.319212249999999767e+05 -1.620279999999999987e+01
2.319212999999999884e+05 -1.772228000000000137e+01
2.319213750000000000e+05 -2.004160999999999859e+01
2.319214499999999825e+05 -1.657398999999999845e+01
2.319215249999999942e+05 -1.851092999999999833e+01
2.319215999999999767e+05 -2.023227999999999938e+01
2.319216749999999884e+05 -1.965969000000000122e+01
2.319217500000000000e+05 -1.761465000000000103e+01
2.319218249999999825e+05 -1.779175000000000040e+01
2.319218999999999942e+05 -1.806768999999999892e+01
2.319219749999999767e+05 -1.679695999999999856e+01
2.319220499999999884e+05 -1.842522999999999911e+01
2.319221250000000000e+05 -1.603869999999999862e+01
2.319221999999999825e+05 -1.801071999999999917e+01
2.319222749999999942e+05 -1.745010999999999868e+01
2.319223499999999767e+05 -1.606766000000000005e+01
2.319224249999999884e+05 -1.683551999999999893e+01
2.319225000000000000e+05 -1.632942999999999856e+01
2.319225749999999825e+05 -1.697573999999999828e+01
2.319226499999999942e+05 -1.734744999999999848e+01
2.319227249999999767e+05 -1.653266999999999953e+01
2.319227999999999884e+05 -1.735367000000000104e+01
2.319228750000000000e+05 -1.562729999999999997e+01
2.319229499999999825e+05 -1.885501999999999967e+01
2.319230249999999942e+05 -1.690589999999999904e+01
2.319230999999999767e+05 -1.675262000000000029e+01
2.319231749999999884e+05 -1.668645000000000067e+01
2.319232500000000000e+05 -1.652067999999999870e+01
2.319233249999999825e+05 -1.800305000000000177e+01
2.319233999999999942e+05 -1.726999999999999957e+01
2.319234749999999767e+05 -1.873842000000000141e+01
2.319235499999999884e+05 -1.571174000000000071e+01
2.319236250000000000e+05 -1.625457000000000107e+01
2.319236999999999825e+05 -1.605001999999999995e+01
2.319237749999999942e+05 -1.618075999999999937e+01
2.319238499999999767e+05 -1.639893999999999963e+01
2.319239249999999884e+05 -1.751670999999999978e+01
2.319240000000000000e+05 -1.398086999999999946e+01
2.319240749999999825e+05 -1.559403000000000006e+01
2.319241499999999942e+05 -1.612139000000000166e+01
2.319242249999999767e+05 -1.502058000000000071e+01
2.319242999999999884e+05 -1.525366999999999962e+01
2.319243750000000000e+05 -1.535820000000000007e+01
2.319244499999999825e+05 -1.477675999999999945e+01
2.319245249999999942e+05 -1.500778000000000034e+01
2.319245999999999767e+05 -1.602652000000000143e+01
2.319246749999999884e+05 -1.435164999999999935e+01
2.319247500000000000e+05 -1.582150000000000034e+01
2.319248249999999825e+05 -1.346828999999999965e+01
2.319248999999999942e+05 -1.471834999999999916e+01
2.319249749999999767e+05 -1.434214000000000055e+01
2.319250499999999884e+05 -1.313147000000000020e+01
2.319251250000000000e+05 -1.299811000000000050e+01
2.319251999999999825e+05 -1.212006000000000050e+01
2.319252749999999942e+05 -1.348947000000000074e+01
2.319253499999999767e+05 -1.275916999999999923e+01
2.319254249999999884e+05 -1.205646999999999913e+01
2.319255000000000000e+05 -1.265933000000000064e+01
2.319255749999999825e+05 -1.205838999999999928e+01
2.319256499999999942e+05 -1.161909999999999954e+01
2.319257249999999767e+05 -1.064634999999999998e+01
2.319257999999999884e+05 -1.044956999999999958e+01
2.319258750000000000e+05 -1.096142000000000039e+01
2.319259499999999825e+05 -1.100144000000000055e+01
2.319260249999999942e+05 -9.345995999999999526e+00
2.319260999999999767e+05 -9.931644000000000361e+00
2.319261749999999884e+05 -8.942368999999999346e+00
2.319262500000000000e+05 -9.141408000000000200e+00
2.319263249999999825e+05 -8.202918000000000376e+00
2.319263999999999942e+05 -7.333133000000000123e+00
2.319264749999999767e+05 -7.062594999999999956e+00
2.319265499999999884e+05 -6.552138000000000240e+00
2.319266250000000000e+05 -5.741867000000000054e+00
2.319266999999999825e+05 -5.604782000000000153e+00
2.319267749999999942e+05 -5.193359000000000059e+00
2.319268499999999767e+05 -4.237622000000000000e+00
2.319269249999999884e+05 -3.869882000000000044e+00
2.319270000000000000e+05 -3.231069999999999887e+00
2.319270749999999825e+05 -2.868691000000000102e+00
2.319271499999999942e+05 -1.913990000000000080e+00
2.319272249999999767e+05 -1.848360000000000003e+00
2.319272999999999884e+05 -1.347128000000000103e+00
2.319273750000000000e+05 -5.535746000000000278e-01
2.319274499999999825e+05 -4.413237999999999883e-01
2.319275249999999942e+05 -9.964108000000000687e-02
2.319275999999999767e+05 -3.343086000000000113e-01
2.319276749999999884e+05 -2.792933000000000221e-01
2.319277500000000000e+05 -7.061742000000000019e-02
2.319278249999999825e+05 -7.445380000000000331e-01
2.319278999999999942e+05 -6.460922000000000054e-01
2.319279749999999767e+05 -1.423936000000000091e+00
2.319280499999999884e+05 -2.124134000000000189e+00
2.319281250000000000e+05 -2.717344999999999899e+00
2.319281999999999825e+05 -3.590288000000000146e+00
2.319282749999999942e+05 -4.210243000000000180e+00
2.319283499999999767e+05 -4.731634999999999813e+00
2.319284249999999884e+05 -4.730560999999999794e+00
2.319285000000000000e+05 -5.126478999999999786e+00
2.319285749999999825e+05 -3.955363999999999880e+00
2.319286499999999942e+05 -4.066994000000000220e+00
2.319287249999999767e+05 -4.677592999999999890e+00
2.319287999999999884e+05 -5.023334000000000188e+00
2.319288750000000000e+05 -4.944687000000000054e+00
2.319289499999999825e+05 -6.306773999999999880e+00
2.319290249999999942e+05 -6.727629000000000303e+00
2.319290999999999767e+05 -7.052571999999999619e+00
2.319291749999999884e+05 -6.717821999999999960e+00
2.319292500000000000e+05 -6.840715000000000323e+00
2.319293249999999825e+05 -7.661261999999999794e+00
2.319293999999999942e+05 -7.106012999999999913e+00
2.319294749999999767e+05 -7.595881000000000327e+00
2.319295499999999884e+05 -8.422029000000000210e+00
2.319296250000000000e+05 -7.939052000000000220e+00
2.319296999999999825e+05 -9.021079999999999544e+00
2.319297749999999942e+05 -8.467124999999999346e+00
2.319298499999999767e+05 -9.200442000000000675e+00
2.319299249999999884e+05 -9.842895999999999646e+00
2.319300000000000000e+05 -9.788767999999999248e+00
2.319300749999999825e+05 -1.058453000000000088e+01
2.319301499999999942e+05 -9.581077000000000510e+00
2.319302249999999767e+05 -1.150488000000000000e+01
2.319302999999999884e+05 -1.082933000000000057e+01
2.319303750000000000e+05 -1.056703000000000081e+01
2.319304499999999825e+05 -1.151898000000000089e+01
2.319305249999999942e+05 -1.159369000000000050e+01
2.319305999999999767e+05 -1.186893000000000065e+01
2.319306749999999884e+05 -1.205006999999999984e+01
2.319307500000000000e+05 -1.141482000000000063e+01
2.319308249999999825e+05 -1.285318999999999967e+01
2.319308999999999942e+05 -1.313066000000000066e+01
2.319309749999999767e+05 -1.160622000000000043e+01
2.319310499999999884e+05 -1.247104000000000035e+01
2.319311250000000000e+05 -1.419707999999999970e+01
2.319311999999999825e+05 -1.558713999999999977e+01
2.319312749999999942e+05 -1.355752000000000024e+01
2.319313499999999767e+05 -1.353555000000000064e+01
2.319314249999999884e+05 -1.618496000000000024e+01
2.319315000000000000e+05 -1.737466999999999828e+01
2.319315749999999825e+05 -1.370251000000000019e+01
2.319316499999999942e+05 -1.381487000000000087e+01
2.319317249999999767e+05 -1.693167000000000044e+01
2.319317999999999884e+05 -1.906000999999999834e+01
2.319318750000000000e+05 -1.570124999999999993e+01
2.319319499999999825e+05 -1.597380000000000067e+01
2.319320249999999942e+05 -1.962519999999999953e+01
2.319320999999999767e+05 -1.478284999999999982e+01
2.319321749999999884e+05 -1.568346999999999980e+01
2.319322500000000000e+05 -1.944642999999999944e+01
2.319323249999999825e+05 -1.875222000000000122e+01
2.319323999999999942e+05 -1.513793000000000077e+01
2.319324749999999767e+05 -2.543597000000000108e+01
2.319325499999999884e+05 -2.135678000000000054e+01
2.319326250000000000e+05 -1.449749000000000088e+01
2.319326999999999825e+05 -2.459065999999999974e+01
2.319327749999999942e+05 -1.941439000000000092e+01
2.319328499999999767e+05 -1.601076000000000121e+01
2.319329249999999884e+05 -2.614167000000000129e+01
2.319330000000000000e+05 -1.794660999999999973e+01
2.319330749999999825e+05 -1.781672000000000011e+01
2.319331499999999942e+05 -2.273876999999999882e+01
2.319332249999999767e+05 -1.832816000000000045e+01
2.319332999999999884e+05 -1.863918999999999926e+01
2.319333750000000000e+05 -2.508814999999999884e+01
2.319334499999999825e+05 -1.606837000000000160e+01
2.319335249999999942e+05 -2.549384999999999835e+01
2.319335999999999767e+05 -1.822155000000000058e+01
2.319336749999999884e+05 -2.113184000000000040e+01
2.319337500000000000e+05 -3.057440000000000069e+01
2.319338249999999825e+05 -1.961514000000000024e+01
2.319338999999999942e+05 -2.309453999999999851e+01
2.319339749999999767e+05 -2.229156000000000049e+01
2.319340499999999884e+05 -2.178595999999999933e+01
2.319341250000000000e+05 -2.937105999999999995e+01
2.319341999999999825e+05 -1.962247999999999948e+01
2.319342749999999942e+05 -3.268334999999999724e+01
2.319343499999999767e+05 -1.774549000000000021e+01
2.319344249999999884e+05 -3.030947000000000102e+01
2.319345000000000000e+05 -2.376282000000000139e+01
2.319345749999999825e+05 -2.176794999999999902e+01
2.319346499999999942e+05 -1.938864999999999839e+01
2.319347249999999767e+05 -2.137800999999999974e+01
2.319347999999999884e+05 -2.244564000000000092e+01
2.319348750000000000e+05 -2.360131000000000157e+01
2.319349499999999825e+05 -3.643966000000000349e+01
2.319350249999999942e+05 -2.311131999999999920e+01
2.319350999999999767e+05 -2.842551999999999879e+01
2.319351749999999884e+05 -2.049371000000000009e+01
2.319352500000000000e+05 -3.616308999999999685e+01
2.319353249999999825e+05 -1.929567000000000121e+01
2.319353999999999942e+05 -3.279173000000000116e+01
2.319354749999999767e+05 -2.053438999999999837e+01
2.319355499999999884e+05 -2.862012000000000000e+01
2.319356250000000000e+05 -2.248122000000000043e+01
2.319356999999999825e+05 -2.668370000000000175e+01
2.319357749999999942e+05 -2.123903999999999925e+01
2.319358499999999767e+05 -3.163166000000000011e+01
2.319359249999999884e+05 -2.007116999999999862e+01
2.319360000000000000e+05 -2.988701000000000008e+01
2.319360749999999825e+05 -2.754933000000000121e+01
2.319361499999999942e+05 -2.970752999999999844e+01
2.319362249999999767e+05 -2.360221999999999909e+01
2.319362999999999884e+05 -2.042875000000000085e+01
2.319363750000000000e+05 -2.987911000000000072e+01
2.319364499999999825e+05 -2.120752999999999844e+01
2.319365249999999942e+05 -2.761975999999999942e+01
2.319365999999999767e+05 -1.977213000000000065e+01
2.319366749999999884e+05 -3.437783999999999907e+01
2.319367500000000000e+05 -2.456576000000000093e+01
2.319368249999999825e+05 -2.322786999999999935e+01
2.319368999999999942e+05 -2.372428000000000026e+01
2.319369749999999767e+05 -2.185106000000000037e+01
2.319370499999999884e+05 -2.595805999999999969e+01
2.319371250000000000e+05 -2.260031000000000034e+01
2.319371999999999825e+05 -2.860858999999999952e+01
2.319372749999999942e+05 -2.227205000000000013e+01
2.319373499999999767e+05 -2.060503999999999891e+01
2.319374249999999884e+05 -2.531837000000000160e+01
2.319375000000000000e+05 -2.040289999999999893e+01
2.319375749999999825e+05 -2.360868999999999929e+01
2.319376499999999942e+05 -2.974608999999999881e+01
2.319377249999999767e+05 -2.464074000000000098e+01
2.319377999999999884e+05 -2.191269000000000133e+01
2.319378750000000000e+05 -2.382225999999999999e+01
2.319379499999999825e+05 -2.428631000000000029e+01
2.319380249999999942e+05 -2.539345000000000141e+01
2.319380999999999767e+05 -2.126636999999999844e+01
2.319381749999999884e+05 -2.283770000000000167e+01
2.319382500000000000e+05 -2.593386999999999887e+01
2.319383249999999825e+05 -2.411545999999999879e+01
2.319383999999999942e+05 -2.532480999999999938e+01
2.319384749999999767e+05 -2.800591000000000008e+01
2.319385499999999884e+05 -2.552411000000000030e+01
2.319386250000000000e+05 -2.139395000000000024e+01
2.319386999999999825e+05 -3.852725999999999829e+01
2.319387749999999942e+05 -2.462965000000000160e+01
2.319388499999999767e+05 -2.135962999999999923e+01
2.319389249999999884e+05 -2.470495000000000019e+01
2.319390000000000000e+05 -2.527105999999999852e+01
2.319390749999999825e+05 -2.431071000000000026e+01
2.319391499999999942e+05 -2.251522999999999897e+01
2.319392249999999767e+05 -2.279995999999999867e+01
2.319392999999999884e+05 -3.170615000000000094e+01
2.319393750000000000e+05 -2.423022999999999882e+01
2.319394499999999825e+05 -2.339676000000000045e+01
2.319395249999999942e+05 -2.273883000000000010e+01
2.319395999999999767e+05 -2.624623000000000062e+01
2.319396749999999884e+05 -2.411818999999999846e+01
2.319397500000000000e+05 -2.185086000000000084e+01
2.319398249999999825e+05 -2.425402000000000058e+01
2.319398999999999942e+05 -2.058139999999999858e+01
2.319399749999999767e+05 -2.413702999999999932e+01
2.319400499999999884e+05 -2.590719999999999956e+01
2.319401250000000000e+05 -2.283331000000000088e+01
2.319401999999999825e+05 -2.347108000000000061e+01
2.319402749999999942e+05 -2.203453000000000017e+01
2.319403499999999767e+05 -2.483659000000000106e+01
2.319404249999999884e+05 -2.079084999999999894e+01
2.319405000000000000e+05 -2.345054999999999978e+01
2.319405749999999825e+05 -2.597313000000000116e+01
2.319406499999999942e+05 -2.233996000000000137e+01
2.319407249999999767e+05 -2.049157999999999902e+01
2.319407999999999884e+05 -2.497579999999999956e+01
2.319408750000000000e+05 -2.327888000000000090e+01
2.319409499999999825e+05 -2.373924999999999841e+01
2.319410249999999942e+05 -1.953393000000000157e+01
2.319410999999999767e+05 -2.558485999999999905e+01
2.319411749999999884e+05 -2.591317000000000093e+01
2.319412500000000000e+05 -2.184966000000000008e+01
2.319413249999999825e+05 -2.803172999999999959e+01
2.319413999999999942e+05 -2.338477999999999923e+01
2.319414749999999767e+05 -2.531973999999999947e+01
2.319415499999999884e+05 -1.994219999999999970e+01
2.319416250000000000e+05 -2.239415999999999940e+01
2.319416999999999825e+05 -2.418965999999999994e+01
2.319417749999999942e+05 -2.036328999999999922e+01
2.319418499999999767e+05 -2.369912000000000063e+01
2.319419249999999884e+05 -2.520167000000000002e+01
2.319420000000000000e+05 -2.155076000000000036e+01
2.319420749999999825e+05 -2.182919000000000054e+01
2.319421499999999942e+05 -2.280323999999999884e+01
2.319422249999999767e+05 -2.275026000000000082e+01
2.319422999999999884e+05 -2.160152000000000072e+01
2.319423750000000000e+05 -2.225700000000000145e+01
2.319424499999999825e+05 -2.214433000000000007e+01
2.319425249999999942e+05 -2.363692999999999955e+01
2.319425999999999767e+05 -2.208849000000000018e+01
2.319426749999999884e+05 -2.161740999999999957e+01
2.319427500000000000e+05 -2.181060000000000088e+01
2.319428249999999825e+05 -2.172231999999999985e+01
2.319428999999999942e+05 -2.002676999999999907e+01
2.319429749999999767e+05 -2.350438000000000116e+01
2.319430499999999884e+05 -2.173766000000000176e+01
