# Time finished:
# 2015-06-02 02.11.08
# Temp volt start:
# 0.98399727
# Temp volt stop:
# 0.98399727
# Approx start T:
# 101.32550007
# Approx stop T:
# 101.295757251
# DC bias measured, messed up:
# 5.319189
# DC bias we asked for:
# 0
2.318371400000000140e+05 -1.209449000000000041e+01 8.857546999999999571e+01
2.318373400000000256e+05 -1.299695000000000000e+01 9.001733000000000118e+01
2.318375400000000081e+05 -1.465654999999999930e+01 9.896644999999999470e+01
2.318377400000000198e+05 -1.364307999999999943e+01 7.800982999999999379e+01
2.318379400000000023e+05 -1.681597999999999971e+01 1.344397999999999911e+02
2.318381400000000140e+05 -1.486482999999999954e+01 9.978776999999999475e+01
2.318383400000000256e+05 -2.167471000000000103e+01 1.101752000000000038e+02
2.318385400000000081e+05 -1.366216000000000008e+01 9.443886000000000536e+01
2.318387400000000198e+05 -1.392298000000000080e+01 7.770973999999999648e+01
2.318389400000000023e+05 -1.422536999999999985e+01 6.944553000000000509e+01
2.318391400000000140e+05 -1.656208000000000169e+01 9.175651999999999475e+01
2.318393400000000256e+05 -2.208849999999999980e+01 6.060732999999999748e+01
2.318395400000000081e+05 -1.489076999999999984e+01 1.120485999999999933e+02
2.318397400000000198e+05 -2.402149999999999963e+01 3.744803000000000281e+01
2.318399400000000023e+05 -1.174433999999999934e+01 9.067390000000000327e+01
2.318401400000000140e+05 -1.276186000000000043e+01 1.334270999999999958e+02
2.318403400000000256e+05 -1.471336999999999939e+01 9.957842999999999734e+01
2.318405400000000081e+05 -1.132654999999999923e+01 1.152596000000000060e+02
2.318407400000000198e+05 -1.347247999999999912e+01 1.056724999999999994e+02
2.318409400000000023e+05 -1.166886000000000045e+01 1.035284999999999940e+02
2.318411400000000140e+05 -2.283098999999999990e+01 1.353676000000000101e+02
2.318413400000000256e+05 -1.814462999999999937e+01 8.135728000000000293e+01
2.318415400000000081e+05 -1.424282000000000004e+01 1.127720999999999947e+02
2.318417400000000198e+05 -1.608464000000000027e+01 1.062609999999999957e+02
2.318419400000000023e+05 -1.587331999999999965e+01 1.358134000000000015e+02
2.318421400000000140e+05 -1.627974999999999994e+01 1.334337999999999909e+02
2.318423400000000256e+05 -1.521545000000000059e+01 9.646490000000000009e+01
2.318425400000000081e+05 -1.292163000000000039e+01 8.206382000000000687e+01
2.318427400000000198e+05 -1.475469000000000008e+01 1.060636999999999972e+02
2.318429400000000023e+05 -1.391594000000000086e+01 9.229886000000000479e+01
2.318431400000000140e+05 -1.689905999999999864e+01 6.365068000000000126e+01
2.318433400000000256e+05 -1.590602999999999945e+01 7.123135000000000616e+01
2.318435400000000081e+05 -1.468890999999999991e+01 9.798297999999999774e+01
2.318437400000000198e+05 -1.692802000000000007e+01 1.260525999999999982e+02
2.318439400000000023e+05 -1.378600999999999921e+01 7.788586999999999705e+01
2.318441400000000140e+05 -1.351012000000000057e+01 1.110544000000000011e+02
2.318443400000000256e+05 -1.719642999999999944e+01 8.529355999999999938e+01
2.318445400000000081e+05 -1.701905999999999963e+01 1.231316000000000059e+02
2.318447400000000198e+05 -1.539934000000000047e+01 1.012376000000000005e+02
2.318449400000000023e+05 -1.567669000000000068e+01 6.498301999999999623e+01
2.318451400000000140e+05 -1.800001999999999924e+01 7.916702999999999690e+01
2.318453400000000256e+05 -1.352314999999999934e+01 7.590653000000000361e+01
2.318455400000000081e+05 -1.904194999999999993e+01 3.926850999999999914e+01
2.318457400000000198e+05 -1.316816999999999993e+01 8.109038999999999930e+01
2.318459400000000023e+05 -1.748795000000000144e+01 1.001893000000000029e+02
2.318461400000000140e+05 -1.321965999999999930e+01 1.111311000000000035e+02
2.318463400000000256e+05 -1.288649000000000022e+01 7.112099999999999511e+01
2.318465400000000081e+05 -1.217165999999999926e+01 9.979492999999999370e+01
2.318467400000000198e+05 -1.757976000000000028e+01 1.078165000000000049e+02
2.318469400000000023e+05 -1.655120000000000147e+01 1.307857999999999947e+02
2.318471400000000140e+05 -1.913744000000000156e+01 1.013255999999999943e+02
2.318473400000000256e+05 -1.541572000000000031e+01 7.492999000000000365e+01
2.318475400000000081e+05 -1.417107999999999990e+01 9.439239999999999498e+01
2.318477400000000198e+05 -1.477380999999999922e+01 7.314964000000000510e+01
2.318479400000000023e+05 -1.755695000000000050e+01 1.306539999999999964e+02
2.318481400000000140e+05 -2.477366999999999919e+01 9.156337000000000614e+01
2.318483400000000256e+05 -1.498870999999999931e+01 9.569401999999999475e+01
2.318485400000000081e+05 -1.408868999999999971e+01 7.854873000000000616e+01
2.318487400000000198e+05 -1.347293999999999947e+01 8.709865000000000634e+01
2.318489400000000023e+05 -1.664920000000000044e+01 1.002368000000000023e+02
2.318491400000000140e+05 -1.688376999999999839e+01 9.593720999999999322e+01
2.318493400000000256e+05 -1.354546999999999990e+01 7.449998999999999683e+01
2.318495400000000081e+05 -1.352595999999999954e+01 9.024657000000000551e+01
2.318497400000000198e+05 -1.641614999999999824e+01 6.428609000000000151e+01
2.318499400000000023e+05 -1.589894999999999925e+01 1.325152999999999963e+02
2.318501400000000140e+05 -1.374355000000000082e+01 8.527673000000000059e+01
2.318503400000000256e+05 -1.599243000000000059e+01 9.679990999999999701e+01
2.318505400000000081e+05 -1.637798000000000087e+01 9.163096000000000174e+01
2.318507400000000198e+05 -1.525778000000000034e+01 8.828848000000000695e+01
2.318509400000000023e+05 -1.387378000000000000e+01 8.989457000000000164e+01
2.318511400000000140e+05 -1.275488000000000000e+01 8.423059000000000651e+01
2.318513400000000256e+05 -1.459379000000000026e+01 1.089270000000000067e+02
2.318515400000000081e+05 -1.641416999999999859e+01 1.542522999999999911e+02
2.318517400000000198e+05 -2.089385000000000048e+01 9.715022000000000446e+01
2.318519400000000023e+05 -1.434727999999999959e+01 9.258069999999999311e+01
2.318521400000000140e+05 -1.501148000000000060e+01 8.453136000000000649e+01
2.318523400000000256e+05 -1.351662999999999926e+01 1.048559000000000054e+02
2.318525400000000081e+05 -1.521585999999999927e+01 9.648578000000000543e+01
2.318527400000000198e+05 -1.356927999999999912e+01 9.570946000000000708e+01
2.318529400000000023e+05 -1.866122000000000014e+01 7.693158999999999992e+01
2.318531400000000140e+05 -1.349037000000000042e+01 9.291195999999999344e+01
2.318533400000000256e+05 -1.446707999999999927e+01 8.816943999999999448e+01
2.318535400000000081e+05 -2.145390000000000086e+01 1.107248000000000019e+02
2.318537400000000198e+05 -1.489617999999999931e+01 8.092547999999999320e+01
2.318539400000000023e+05 -1.602826999999999913e+01 8.306579000000000690e+01
2.318541400000000140e+05 -1.692266000000000048e+01 7.536975999999999942e+01
2.318543400000000256e+05 -1.498085000000000022e+01 1.094491000000000014e+02
2.318545400000000081e+05 -1.144270999999999994e+01 8.033923000000000059e+01
2.318547400000000198e+05 -1.554542000000000002e+01 9.685250999999999522e+01
2.318549400000000023e+05 -1.410430999999999990e+01 8.667050000000000409e+01
2.318551400000000140e+05 -1.634863000000000000e+01 7.294257000000000346e+01
2.318553400000000256e+05 -1.816667999999999950e+01 1.197201000000000022e+02
2.318555400000000081e+05 -1.517892999999999937e+01 8.773624999999999829e+01
2.318557400000000198e+05 -1.764281000000000077e+01 1.019239000000000033e+02
2.318559400000000023e+05 -1.451326000000000072e+01 1.044840999999999980e+02
2.318561400000000140e+05 -1.262102999999999930e+01 1.106800999999999959e+02
2.318563400000000256e+05 -1.765964999999999918e+01 1.041727999999999952e+02
2.318565400000000081e+05 -1.277361999999999931e+01 8.049850000000000705e+01
2.318567400000000198e+05 -1.512554000000000087e+01 8.019966999999999757e+01
2.318569400000000023e+05 -1.663213999999999970e+01 7.962478000000000122e+01
2.318571400000000140e+05 -1.569305999999999912e+01 1.047129999999999939e+02
