# Time finished:
# 2015-06-02 09.38.13
# Temp volt start:
# 1.0192758
# Temp volt stop:
# 1.0192758
# Approx start T:
# 81.7296526856
# Approx stop T:
# 81.7318659881
# DC bias measured, messed up:
# 4.932158
# DC bias we asked for:
# 0
2.317979599999999919e+05 -1.620721999999999952e+01 1.119010999999999996e+02
2.317981600000000035e+05 -1.380226000000000042e+01 1.195200999999999993e+02
2.317983599999999860e+05 -1.374596000000000018e+01 1.020467000000000013e+02
2.317985599999999977e+05 -1.382469999999999999e+01 1.017122999999999990e+02
2.317987599999999802e+05 -1.717699999999999960e+01 1.074321000000000055e+02
2.317989599999999919e+05 -1.708843999999999852e+01 7.412821999999999889e+01
2.317991600000000035e+05 -1.501214000000000048e+01 9.032984999999999332e+01
2.317993599999999860e+05 -1.419705000000000084e+01 7.840470999999999435e+01
2.317995599999999977e+05 -1.631369000000000113e+01 1.036270999999999987e+02
2.317997599999999802e+05 -1.699061999999999983e+01 6.582966000000000406e+01
2.317999599999999919e+05 -1.305274000000000001e+01 1.070725999999999942e+02
2.318001600000000035e+05 -1.415387999999999913e+01 8.380371999999999844e+01
2.318003599999999860e+05 -1.267816999999999972e+01 1.200223000000000013e+02
2.318005599999999977e+05 -1.408093000000000039e+01 1.021709000000000032e+02
2.318007599999999802e+05 -1.641920999999999964e+01 7.151069999999999993e+01
2.318009599999999919e+05 -1.386613999999999969e+01 9.871805000000000518e+01
2.318011600000000035e+05 -1.635742000000000118e+01 1.266851999999999947e+02
2.318013599999999860e+05 -2.070466000000000051e+01 8.169348999999999705e+01
2.318015599999999977e+05 -1.824368000000000123e+01 8.884077000000000623e+01
2.318017599999999802e+05 -1.462932999999999950e+01 1.061110999999999933e+02
2.318019599999999919e+05 -1.584116999999999997e+01 1.120212999999999965e+02
2.318021600000000035e+05 -1.681587000000000032e+01 1.027386999999999944e+02
2.318023599999999860e+05 -1.806407000000000096e+01 1.022908000000000044e+02
2.318025599999999977e+05 -1.513639000000000046e+01 1.144111999999999938e+02
2.318027599999999802e+05 -1.376276999999999973e+01 8.996034000000000219e+01
2.318029599999999919e+05 -1.280921999999999983e+01 1.101897000000000020e+02
2.318031600000000035e+05 -1.660510000000000019e+01 1.118276999999999930e+02
2.318033599999999860e+05 -1.283277000000000001e+01 8.394491999999999621e+01
2.318035599999999977e+05 -1.824881999999999849e+01 8.596716999999999587e+01
2.318037599999999802e+05 -1.679397000000000162e+01 1.008442000000000007e+02
2.318039599999999919e+05 -1.864020999999999972e+01 7.605061999999999500e+01
2.318041600000000035e+05 -1.978202999999999889e+01 9.772086000000000183e+01
2.318043599999999860e+05 -1.460449000000000019e+01 1.016668999999999983e+02
2.318045599999999977e+05 -1.427898000000000067e+01 7.876501000000000374e+01
2.318047599999999802e+05 -1.537749999999999950e+01 9.201242000000000587e+01
2.318049599999999919e+05 -1.414180999999999955e+01 1.069679000000000002e+02
2.318051600000000035e+05 -1.481395999999999979e+01 9.754501999999999384e+01
2.318053599999999860e+05 -1.778547000000000011e+01 1.011008999999999958e+02
2.318055599999999977e+05 -1.422321999999999953e+01 1.038425000000000011e+02
2.318057599999999802e+05 -1.570351999999999926e+01 9.111356000000000677e+01
2.318059599999999919e+05 -1.327600999999999942e+01 1.155734999999999957e+02
2.318061600000000035e+05 -1.260490000000000066e+01 9.488766999999999996e+01
2.318063599999999860e+05 -1.900234000000000023e+01 1.073048000000000002e+02
2.318065599999999977e+05 -1.615384999999999849e+01 1.069183000000000021e+02
2.318067599999999802e+05 -1.425393000000000043e+01 7.787645999999999447e+01
2.318069599999999919e+05 -1.820930999999999855e+01 9.815063000000000670e+01
2.318071600000000035e+05 -1.548288999999999938e+01 7.958270000000000266e+01
2.318073599999999860e+05 -1.210547000000000040e+01 1.098633999999999986e+02
2.318075599999999977e+05 -2.343728000000000122e+01 8.478936000000000206e+01
2.318077599999999802e+05 -1.491881000000000057e+01 1.233967999999999989e+02
2.318079599999999919e+05 -1.329745999999999917e+01 1.346762999999999977e+02
2.318081600000000035e+05 -1.332183999999999990e+01 9.024779999999999802e+01
2.318083599999999860e+05 -1.752605000000000146e+01 1.104261999999999944e+02
2.318085599999999977e+05 -1.731458999999999904e+01 7.835685999999999751e+01
2.318087599999999802e+05 -1.320604999999999940e+01 8.860965000000000202e+01
2.318089599999999919e+05 -1.497784000000000049e+01 7.300306999999999391e+01
2.318091600000000035e+05 -1.503975999999999935e+01 1.039369999999999976e+02
2.318093599999999860e+05 -1.344200999999999979e+01 9.482511999999999830e+01
2.318095599999999977e+05 -1.755189000000000021e+01 1.041607999999999947e+02
2.318097599999999802e+05 -1.712604999999999933e+01 7.013684000000000651e+01
2.318099599999999919e+05 -1.709823000000000093e+01 9.746211999999999875e+01
2.318101600000000035e+05 -1.700362000000000151e+01 1.070105999999999966e+02
2.318103599999999860e+05 -1.396078999999999937e+01 1.121878999999999991e+02
2.318105599999999977e+05 -1.766432999999999964e+01 1.016013999999999982e+02
2.318107599999999802e+05 -1.516874999999999929e+01 1.150814000000000021e+02
2.318109599999999919e+05 -1.134063000000000088e+01 9.845306999999999675e+01
2.318111600000000035e+05 -2.064198000000000022e+01 6.720342999999999734e+01
2.318113599999999860e+05 -1.372846999999999973e+01 9.636319000000000301e+01
2.318115599999999977e+05 -1.651244000000000156e+01 1.357309999999999945e+02
2.318117599999999802e+05 -1.395626000000000033e+01 1.019715000000000060e+02
2.318119599999999919e+05 -1.349840000000000018e+01 9.071886000000000649e+01
2.318121600000000035e+05 -1.383657000000000004e+01 9.432917999999999381e+01
2.318123599999999860e+05 -2.381384999999999863e+01 1.188328000000000060e+02
2.318125599999999977e+05 -1.718742999999999910e+01 1.422906000000000120e+02
2.318127599999999802e+05 -2.011123999999999867e+01 6.559756000000000142e+01
2.318129599999999919e+05 -1.644801999999999964e+01 1.199463999999999970e+02
2.318131600000000035e+05 -1.340701999999999927e+01 9.645421000000000333e+01
2.318133599999999860e+05 -1.194014999999999915e+01 1.020930000000000035e+02
2.318135599999999977e+05 -2.348088999999999871e+01 4.240140999999999849e+01
2.318137599999999802e+05 -1.428104000000000084e+01 9.192127000000000692e+01
2.318139599999999919e+05 -1.472674999999999912e+01 1.003923999999999950e+02
2.318141600000000035e+05 -1.753013999999999939e+01 6.439670999999999879e+01
2.318143599999999860e+05 -1.993399000000000143e+01 9.699666999999999462e+01
2.318145599999999977e+05 -1.322494999999999976e+01 9.302965000000000373e+01
2.318147599999999802e+05 -1.613184000000000040e+01 1.015463000000000022e+02
2.318149599999999919e+05 -1.688721999999999923e+01 1.054303000000000026e+02
2.318151600000000035e+05 -1.338718000000000075e+01 4.354744999999999777e+01
2.318153599999999860e+05 -1.758983999999999881e+01 9.739278000000000191e+01
2.318155599999999977e+05 -1.395781000000000027e+01 8.434668000000000632e+01
2.318157599999999802e+05 -1.178621000000000052e+01 1.004333000000000027e+02
2.318159599999999919e+05 -1.351027999999999984e+01 8.493522000000000105e+01
2.318161600000000035e+05 -1.326116000000000028e+01 8.494674000000000547e+01
2.318163599999999860e+05 -1.244950000000000045e+01 8.665643000000000029e+01
2.318165599999999977e+05 -1.398573999999999984e+01 9.663057999999999481e+01
2.318167599999999802e+05 -1.711602999999999852e+01 9.053216000000000463e+01
2.318169599999999919e+05 -1.991837999999999909e+01 8.564177999999999713e+01
2.318171600000000035e+05 -1.711204000000000036e+01 1.252853000000000065e+02
2.318173599999999860e+05 -1.507414999999999949e+01 9.889503000000000554e+01
2.318175599999999977e+05 -1.427463000000000015e+01 1.220824000000000069e+02
2.318177599999999802e+05 -1.911795000000000044e+01 1.199886000000000053e+02
2.318179599999999919e+05 -1.924421999999999855e+01 9.871013999999999555e+01
