# Time finished:
# 2015-06-04 09.04.22
# Temp volt start:
# 0.95366051
# Temp volt stop:
# 0.95366051
# Approx start T:
# 117.540262518
# Approx stop T:
# 117.57041293
# DC bias measured, messed up:
# 1.177121
# DC bias we asked for:
# 0
2.318793999999999942e+05 -1.545800000000000018e+01 9.405679000000000656e+01
2.318796000000000058e+05 -1.700282999999999944e+01 8.734496000000000038e+01
2.318797999999999884e+05 -1.604289999999999949e+01 8.783110000000000639e+01
2.318800000000000000e+05 -1.566652000000000022e+01 8.991904999999999859e+01
2.318801999999999825e+05 -1.650041999999999831e+01 8.767761000000000138e+01
2.318803999999999942e+05 -1.596576999999999913e+01 1.017459000000000060e+02
2.318806000000000058e+05 -1.581273999999999980e+01 9.396791000000000338e+01
2.318807999999999884e+05 -1.527874000000000088e+01 9.147243000000000279e+01
2.318810000000000000e+05 -1.632062000000000168e+01 8.940064999999999884e+01
2.318811999999999825e+05 -1.629732999999999876e+01 8.901626000000000261e+01
2.318813999999999942e+05 -1.620917000000000030e+01 9.022225000000000250e+01
2.318816000000000058e+05 -1.496184000000000047e+01 9.752132000000000289e+01
2.318817999999999884e+05 -1.544469999999999921e+01 9.227339000000000624e+01
2.318820000000000000e+05 -1.594824999999999982e+01 9.284232000000000085e+01
2.318821999999999825e+05 -1.620084999999999908e+01 8.775409999999999400e+01
2.318823999999999942e+05 -1.553232000000000035e+01 9.142327000000000226e+01
2.318826000000000058e+05 -1.488363000000000014e+01 9.210537999999999670e+01
2.318827999999999884e+05 -1.605058999999999969e+01 9.951193999999999562e+01
2.318830000000000000e+05 -1.541634999999999955e+01 8.846366000000000440e+01
2.318831999999999825e+05 -1.535059000000000040e+01 9.748560000000000514e+01
2.318833999999999942e+05 -1.531939999999999991e+01 9.263809000000000538e+01
2.318836000000000058e+05 -1.666545999999999950e+01 8.910742999999999370e+01
2.318837999999999884e+05 -1.547697999999999929e+01 8.903266000000000702e+01
2.318840000000000000e+05 -1.555527999999999977e+01 9.322850999999999999e+01
2.318841999999999825e+05 -1.597898999999999958e+01 8.865022000000000446e+01
2.318843999999999942e+05 -1.595363000000000042e+01 8.689167000000000485e+01
2.318846000000000058e+05 -1.540883999999999965e+01 9.417985000000000184e+01
2.318847999999999884e+05 -1.536322999999999972e+01 9.039445999999999515e+01
2.318850000000000000e+05 -1.636881999999999948e+01 9.017027000000000214e+01
2.318851999999999825e+05 -1.610974999999999824e+01 9.013788999999999874e+01
2.318853999999999942e+05 -1.594495000000000040e+01 8.638374000000000308e+01
2.318856000000000058e+05 -1.537475000000000058e+01 9.346384000000000469e+01
2.318857999999999884e+05 -1.615994999999999848e+01 9.452192999999999756e+01
2.318860000000000000e+05 -1.554775000000000063e+01 9.770131999999999550e+01
2.318861999999999825e+05 -1.493350000000000044e+01 9.153834999999999411e+01
2.318863999999999942e+05 -1.665295000000000059e+01 8.980195999999999401e+01
2.318866000000000058e+05 -1.561269000000000062e+01 9.956382999999999583e+01
2.318867999999999884e+05 -1.562865000000000038e+01 9.322983999999999583e+01
2.318870000000000000e+05 -1.517253999999999969e+01 9.102795999999999310e+01
2.318871999999999825e+05 -1.556470000000000020e+01 9.577389999999999759e+01
2.318873999999999942e+05 -1.546382000000000012e+01 9.311333000000000482e+01
2.318876000000000058e+05 -1.516080999999999968e+01 9.230983999999999412e+01
2.318877999999999884e+05 -1.543933000000000000e+01 8.749652000000000385e+01
2.318880000000000000e+05 -1.640985999999999834e+01 9.015583999999999776e+01
2.318881999999999825e+05 -1.516017000000000081e+01 8.686485000000000412e+01
2.318883999999999942e+05 -1.733134000000000086e+01 8.564140999999999337e+01
2.318886000000000058e+05 -1.494727999999999923e+01 9.120072999999999297e+01
2.318887999999999884e+05 -1.544073999999999991e+01 9.537445999999999913e+01
2.318890000000000000e+05 -1.465940999999999939e+01 9.759203999999999724e+01
2.318891999999999825e+05 -1.596843999999999930e+01 9.322799000000000547e+01
2.318893999999999942e+05 -1.521118000000000059e+01 9.474339999999999407e+01
2.318896000000000058e+05 -1.613312000000000168e+01 9.051570999999999856e+01
2.318897999999999884e+05 -1.555378999999999934e+01 9.177750000000000341e+01
2.318900000000000000e+05 -1.448822999999999972e+01 9.301534999999999798e+01
2.318901999999999825e+05 -1.636060000000000159e+01 9.375999000000000194e+01
2.318903999999999942e+05 -1.619003999999999976e+01 9.635021999999999309e+01
2.318906000000000058e+05 -1.604542999999999964e+01 9.322592000000000212e+01
2.318907999999999884e+05 -1.531724999999999959e+01 9.146990999999999872e+01
2.318910000000000000e+05 -1.642718999999999951e+01 9.965224000000000615e+01
2.318911999999999825e+05 -1.560778999999999961e+01 9.481171999999999400e+01
2.318913999999999942e+05 -1.517393999999999998e+01 9.519414999999999338e+01
2.318916000000000058e+05 -1.602402999999999977e+01 9.412908000000000186e+01
2.318917999999999884e+05 -1.595783999999999914e+01 9.044847000000000037e+01
2.318920000000000000e+05 -1.528611000000000075e+01 8.971593000000000018e+01
2.318921999999999825e+05 -1.488404000000000060e+01 9.188821000000000083e+01
2.318923999999999942e+05 -1.563311000000000028e+01 9.946146000000000242e+01
2.318926000000000058e+05 -1.647901999999999845e+01 9.512032999999999561e+01
2.318927999999999884e+05 -1.557329000000000008e+01 9.335172000000000025e+01
2.318930000000000000e+05 -1.555470000000000041e+01 9.697709999999999297e+01
2.318931999999999825e+05 -1.584146999999999927e+01 8.835396000000000072e+01
2.318933999999999942e+05 -1.562622999999999962e+01 9.493543999999999983e+01
2.318936000000000058e+05 -1.577106999999999992e+01 9.099679999999999325e+01
2.318937999999999884e+05 -1.490635999999999939e+01 9.637838999999999601e+01
2.318940000000000000e+05 -1.621236000000000033e+01 8.853046000000000504e+01
2.318941999999999825e+05 -1.540395999999999965e+01 9.536782999999999788e+01
2.318943999999999942e+05 -1.609204000000000079e+01 9.618841999999999359e+01
2.318946000000000058e+05 -1.536711000000000027e+01 8.754528000000000532e+01
2.318947999999999884e+05 -1.529765000000000086e+01 9.135254999999999370e+01
2.318950000000000000e+05 -1.523030999999999935e+01 9.416003000000000611e+01
2.318951999999999825e+05 -1.569134999999999991e+01 9.028422000000000480e+01
2.318953999999999942e+05 -1.541158000000000072e+01 8.691728000000000520e+01
2.318956000000000058e+05 -1.587259000000000064e+01 8.946151000000000408e+01
2.318957999999999884e+05 -1.592393000000000036e+01 9.764154000000000622e+01
2.318960000000000000e+05 -1.625617000000000090e+01 9.913837999999999795e+01
2.318961999999999825e+05 -1.535965999999999987e+01 9.653885999999999967e+01
2.318963999999999942e+05 -1.568149000000000015e+01 9.163392000000000337e+01
2.318966000000000058e+05 -1.566557000000000066e+01 9.421050999999999931e+01
2.318967999999999884e+05 -1.595997999999999983e+01 9.575825000000000387e+01
2.318970000000000000e+05 -1.467913000000000068e+01 9.125727000000000544e+01
2.318971999999999825e+05 -1.579457000000000022e+01 9.435350999999999999e+01
2.318973999999999942e+05 -1.427468999999999966e+01 9.520823000000000036e+01
2.318976000000000058e+05 -1.604967999999999861e+01 9.668408999999999764e+01
2.318977999999999884e+05 -1.576989000000000019e+01 9.780804000000000542e+01
2.318980000000000000e+05 -1.536556999999999995e+01 9.085895999999999617e+01
2.318981999999999825e+05 -1.543224000000000018e+01 9.632666999999999291e+01
2.318983999999999942e+05 -1.672725000000000151e+01 9.488979999999999393e+01
2.318986000000000058e+05 -1.610332000000000008e+01 8.936181999999999448e+01
2.318987999999999884e+05 -1.643948999999999927e+01 9.483687000000000467e+01
2.318990000000000000e+05 -1.621865999999999985e+01 9.179537999999999442e+01
2.318991999999999825e+05 -1.559390999999999927e+01 9.675876999999999839e+01
2.318993999999999942e+05 -1.559228000000000058e+01 9.298846000000000345e+01
