# Time finished:
# 2015-06-03 22.35.07
# Temp volt start:
# 1.0091862
# Temp volt stop:
# 1.0091862
# Approx start T:
# 87.4200038693
# Approx stop T:
# 87.4164167631
# DC bias measured, messed up:
# 1.376615
# DC bias we asked for:
# 0
2.318234500000000116e+05 -1.569885999999999981e+01 9.364700000000000557e+01
2.318236500000000233e+05 -1.586697000000000024e+01 1.029145000000000039e+02
2.318238500000000058e+05 -1.587546999999999997e+01 9.222558999999999685e+01
2.318240500000000175e+05 -1.788218000000000174e+01 8.690501000000000431e+01
2.318242500000000000e+05 -1.589861999999999931e+01 8.648001999999999612e+01
2.318244500000000116e+05 -1.637388999999999939e+01 9.038657000000000608e+01
2.318246500000000233e+05 -1.598450000000000060e+01 9.616415000000000646e+01
2.318248500000000058e+05 -1.516153000000000084e+01 8.954874999999999829e+01
2.318250500000000175e+05 -1.463823999999999970e+01 9.021009999999999707e+01
2.318252500000000000e+05 -1.661812000000000111e+01 9.357375000000000398e+01
2.318254500000000116e+05 -1.485640000000000072e+01 9.198725000000000307e+01
2.318256500000000233e+05 -1.696849999999999881e+01 9.298966000000000065e+01
2.318258500000000058e+05 -1.571283999999999992e+01 9.582236000000000331e+01
2.318260500000000175e+05 -1.560834000000000010e+01 9.276576000000000022e+01
2.318262500000000000e+05 -1.560682000000000080e+01 9.352382000000000062e+01
2.318264500000000116e+05 -1.532620999999999967e+01 9.265913000000000466e+01
2.318266500000000233e+05 -1.532511000000000045e+01 9.435899999999999466e+01
2.318268500000000058e+05 -1.691759000000000057e+01 8.845941999999999439e+01
2.318270500000000175e+05 -1.529074999999999918e+01 7.917058000000000106e+01
2.318272500000000000e+05 -1.561914999999999942e+01 9.566669000000000267e+01
2.318274500000000116e+05 -1.599671000000000021e+01 9.432372999999999763e+01
2.318276500000000233e+05 -1.458262000000000036e+01 1.003222999999999985e+02
2.318278500000000058e+05 -1.614048999999999978e+01 1.009290000000000020e+02
2.318280500000000175e+05 -1.605470000000000041e+01 9.473904000000000281e+01
2.318282500000000000e+05 -1.460548000000000002e+01 9.021721999999999753e+01
2.318284500000000116e+05 -1.555029000000000039e+01 9.264641000000000304e+01
2.318286500000000233e+05 -1.615630000000000166e+01 9.744208000000000425e+01
2.318288500000000058e+05 -1.567787000000000042e+01 9.073077999999999577e+01
2.318290500000000175e+05 -1.458539999999999992e+01 1.049826000000000050e+02
2.318292500000000000e+05 -1.509160999999999930e+01 8.420736999999999739e+01
2.318294500000000116e+05 -1.537670999999999921e+01 9.105987000000000364e+01
2.318296500000000233e+05 -1.577083999999999975e+01 8.697374999999999545e+01
2.318298500000000058e+05 -1.532704000000000022e+01 9.265045999999999538e+01
2.318300500000000175e+05 -1.507878999999999969e+01 9.017870999999999526e+01
2.318302500000000000e+05 -1.567997000000000085e+01 8.882435999999999865e+01
2.318304500000000116e+05 -1.571881999999999913e+01 8.624445000000000050e+01
2.318306500000000233e+05 -1.516158000000000072e+01 8.667468999999999824e+01
2.318308500000000058e+05 -1.500986999999999938e+01 8.737550000000000239e+01
2.318310500000000175e+05 -1.587245000000000061e+01 9.561275000000000546e+01
2.318312500000000000e+05 -1.561011000000000060e+01 8.390796000000000276e+01
2.318314500000000116e+05 -1.593685999999999936e+01 9.445125000000000171e+01
2.318316500000000233e+05 -1.537972000000000072e+01 8.921983000000000175e+01
2.318318500000000058e+05 -1.636272999999999911e+01 9.163159000000000276e+01
2.318320500000000175e+05 -1.648580000000000112e+01 8.867619999999999436e+01
2.318322500000000000e+05 -1.646958000000000055e+01 9.258337000000000216e+01
2.318324500000000116e+05 -1.510659000000000063e+01 9.385398000000000707e+01
2.318326500000000233e+05 -1.597913999999999923e+01 8.932819000000000642e+01
2.318328500000000058e+05 -1.600800999999999874e+01 9.024191999999999325e+01
2.318330500000000175e+05 -1.545670999999999928e+01 9.302176000000000045e+01
2.318332500000000000e+05 -1.568056999999999945e+01 9.123826999999999998e+01
2.318334500000000116e+05 -1.539977999999999980e+01 9.191911000000000342e+01
2.318336500000000233e+05 -1.556606000000000023e+01 9.151215000000000543e+01
2.318338500000000058e+05 -1.512965999999999944e+01 8.501610999999999763e+01
2.318340500000000175e+05 -1.512482999999999933e+01 9.183360999999999308e+01
2.318342500000000000e+05 -1.559897999999999918e+01 9.050212000000000501e+01
2.318344500000000116e+05 -1.624142000000000152e+01 9.219482000000000710e+01
2.318346500000000233e+05 -1.651666000000000167e+01 1.019844999999999970e+02
2.318348500000000058e+05 -1.603679999999999950e+01 9.433822999999999581e+01
2.318350500000000175e+05 -1.583731000000000044e+01 9.145986999999999512e+01
2.318352500000000000e+05 -1.712135999999999925e+01 9.524396000000000129e+01
2.318354500000000116e+05 -1.665117000000000047e+01 9.016487999999999658e+01
2.318356500000000233e+05 -1.534947000000000017e+01 8.812184999999999491e+01
2.318358500000000058e+05 -1.602793000000000134e+01 9.936584000000000572e+01
2.318360500000000175e+05 -1.559852000000000061e+01 1.028746000000000009e+02
2.318362500000000000e+05 -1.555053000000000019e+01 9.390049999999999386e+01
2.318364500000000116e+05 -1.515179999999999971e+01 8.620158000000000698e+01
2.318366500000000233e+05 -1.640803000000000011e+01 9.355653999999999826e+01
2.318368500000000058e+05 -1.574965000000000082e+01 8.994338999999999373e+01
2.318370500000000175e+05 -1.541949999999999932e+01 9.351722999999999786e+01
2.318372500000000000e+05 -1.570350000000000001e+01 8.919494000000000256e+01
2.318374500000000116e+05 -1.539807000000000059e+01 9.142423999999999751e+01
2.318376500000000233e+05 -1.543636000000000053e+01 9.437681999999999505e+01
2.318378500000000058e+05 -1.530652000000000079e+01 9.180961000000000638e+01
2.318380500000000175e+05 -1.605185000000000173e+01 9.527155999999999381e+01
2.318382500000000000e+05 -1.480490999999999957e+01 9.417731999999999459e+01
2.318384500000000116e+05 -1.492895000000000039e+01 8.952694999999999936e+01
2.318386500000000233e+05 -1.623504000000000147e+01 9.545422000000000651e+01
2.318388500000000058e+05 -1.556453999999999915e+01 9.101543999999999812e+01
2.318390500000000175e+05 -1.632413999999999987e+01 9.328615000000000634e+01
2.318392500000000000e+05 -1.501751999999999931e+01 9.397015000000000384e+01
2.318394500000000116e+05 -1.555206000000000088e+01 8.788638000000000261e+01
2.318396500000000233e+05 -1.512106999999999957e+01 8.646774000000000626e+01
2.318398500000000058e+05 -1.545673000000000030e+01 9.301918000000000575e+01
2.318400500000000175e+05 -1.562996000000000052e+01 9.681024999999999636e+01
2.318402500000000000e+05 -1.596432000000000073e+01 9.826493999999999573e+01
2.318404500000000116e+05 -1.547556999999999938e+01 9.339236999999999966e+01
2.318406500000000233e+05 -1.603875999999999991e+01 9.301627000000000578e+01
2.318408500000000058e+05 -1.557841999999999949e+01 9.038342000000000098e+01
2.318410500000000175e+05 -1.568980999999999959e+01 8.983330999999999733e+01
2.318412500000000000e+05 -1.580587000000000053e+01 8.238348000000000582e+01
2.318414500000000116e+05 -1.585678000000000054e+01 8.742280999999999835e+01
2.318416500000000233e+05 -1.623776000000000153e+01 9.896487000000000478e+01
2.318418500000000058e+05 -1.655495000000000161e+01 9.398344000000000165e+01
2.318420500000000175e+05 -1.571237999999999957e+01 9.019835000000000491e+01
2.318422500000000000e+05 -1.652409000000000106e+01 9.047928000000000281e+01
2.318424500000000116e+05 -1.555011000000000010e+01 8.926209000000000060e+01
2.318426500000000233e+05 -1.597836000000000034e+01 9.313833999999999946e+01
2.318428500000000058e+05 -1.592383000000000060e+01 9.654149999999999920e+01
2.318430500000000175e+05 -1.668378999999999834e+01 9.199848000000000070e+01
2.318432500000000000e+05 -1.530695000000000050e+01 9.704368999999999801e+01
2.318434500000000116e+05 -1.619415000000000049e+01 9.542888000000000659e+01
