# Time finished:
# 2015-06-04 02.50.42
# Temp volt start:
# 0.99781604
# Temp volt stop:
# 0.99781604
# Approx start T:
# 93.7488917238
# Approx stop T:
# 93.7409588953
# DC bias measured, messed up:
# 0.9782921
# DC bias we asked for:
# 0
2.318360000000000000e+05 -1.546949000000000041e+01 9.370395999999999503e+01
2.318362000000000116e+05 -1.553785000000000061e+01 8.750632000000000232e+01
2.318363999999999942e+05 -1.556175999999999959e+01 9.706982999999999606e+01
2.318366000000000058e+05 -1.549508999999999936e+01 9.941428999999999405e+01
2.318367999999999884e+05 -1.554251999999999967e+01 8.774528999999999712e+01
2.318370000000000000e+05 -1.574699999999999989e+01 9.361102999999999952e+01
2.318372000000000116e+05 -1.480536000000000030e+01 8.731502999999999304e+01
2.318373999999999942e+05 -1.501694999999999958e+01 9.145037999999999556e+01
2.318376000000000058e+05 -1.594758000000000031e+01 9.575034999999999741e+01
2.318377999999999884e+05 -1.538575999999999944e+01 9.336611000000000615e+01
2.318380000000000000e+05 -1.586524000000000001e+01 8.816844000000000392e+01
2.318382000000000116e+05 -1.615765999999999991e+01 9.056298999999999921e+01
2.318383999999999942e+05 -1.640456999999999965e+01 8.783606000000000336e+01
2.318386000000000058e+05 -1.524586000000000041e+01 9.290815999999999519e+01
2.318387999999999884e+05 -1.507412000000000063e+01 9.936428999999999689e+01
2.318390000000000000e+05 -1.576717000000000013e+01 9.227427000000000135e+01
2.318392000000000116e+05 -1.486677000000000071e+01 9.181919999999999504e+01
2.318393999999999942e+05 -1.558450000000000024e+01 9.325451999999999941e+01
2.318396000000000058e+05 -1.646311000000000035e+01 9.298242999999999370e+01
2.318397999999999884e+05 -1.556813999999999965e+01 8.966752999999999929e+01
2.318400000000000000e+05 -1.531460000000000043e+01 9.452818999999999505e+01
2.318402000000000116e+05 -1.591635999999999918e+01 9.449987000000000137e+01
2.318403999999999942e+05 -1.470456000000000074e+01 9.379497999999999536e+01
2.318406000000000058e+05 -1.554287000000000063e+01 9.110662000000000660e+01
2.318407999999999884e+05 -1.697579999999999956e+01 9.114243000000000450e+01
2.318410000000000000e+05 -1.498916000000000004e+01 8.978208999999999662e+01
2.318412000000000116e+05 -1.510736999999999952e+01 8.814522999999999797e+01
2.318413999999999942e+05 -1.647571999999999903e+01 1.004385000000000048e+02
2.318416000000000058e+05 -1.643545999999999907e+01 9.073895000000000266e+01
2.318417999999999884e+05 -1.568016000000000076e+01 8.985605999999999938e+01
2.318420000000000000e+05 -1.601400999999999897e+01 9.262619999999999720e+01
2.318422000000000116e+05 -1.638348999999999833e+01 9.246661000000000286e+01
2.318423999999999942e+05 -1.560260000000000069e+01 9.289293999999999585e+01
2.318426000000000058e+05 -1.608633999999999986e+01 9.516031999999999869e+01
2.318427999999999884e+05 -1.624377000000000137e+01 9.467664999999999509e+01
2.318430000000000000e+05 -1.505195999999999934e+01 8.930303000000000679e+01
2.318432000000000116e+05 -1.595537999999999990e+01 8.661123999999999512e+01
2.318433999999999942e+05 -1.546934000000000076e+01 9.088142000000000564e+01
2.318436000000000058e+05 -1.413301000000000052e+01 9.335805999999999472e+01
2.318437999999999884e+05 -1.406333000000000055e+01 9.073515999999999337e+01
2.318440000000000000e+05 -1.642417999999999978e+01 9.404479000000000610e+01
2.318442000000000116e+05 -1.594834999999999958e+01 1.076491999999999933e+02
2.318443999999999942e+05 -1.613165000000000049e+01 8.801595000000000368e+01
2.318446000000000058e+05 -1.568720000000000070e+01 9.908317999999999870e+01
2.318447999999999884e+05 -1.541951000000000072e+01 9.984838999999999487e+01
2.318450000000000000e+05 -1.511720000000000041e+01 9.075602000000000658e+01
2.318452000000000116e+05 -1.601182999999999979e+01 9.186740000000000350e+01
2.318453999999999942e+05 -1.599450000000000038e+01 9.300144000000000233e+01
2.318456000000000058e+05 -1.485263999999999918e+01 9.832966999999999302e+01
2.318457999999999884e+05 -1.608954999999999913e+01 9.287382999999999811e+01
2.318460000000000000e+05 -1.554914999999999914e+01 9.372208999999999435e+01
2.318462000000000116e+05 -1.554491999999999940e+01 9.492374999999999829e+01
2.318463999999999942e+05 -1.562156000000000056e+01 9.397319000000000244e+01
2.318466000000000058e+05 -1.689477000000000118e+01 9.743917000000000428e+01
2.318467999999999884e+05 -1.555059999999999931e+01 9.959447000000000116e+01
2.318470000000000000e+05 -1.498781999999999925e+01 9.235590999999999440e+01
2.318472000000000116e+05 -1.495152000000000037e+01 9.146801999999999566e+01
2.318473999999999942e+05 -1.620717000000000141e+01 9.363226000000000226e+01
2.318476000000000058e+05 -1.563774000000000086e+01 8.781389000000000067e+01
2.318477999999999884e+05 -1.595739999999999981e+01 9.325338000000000704e+01
2.318480000000000000e+05 -1.568956000000000017e+01 9.519798000000000116e+01
2.318482000000000116e+05 -1.573145000000000060e+01 8.946881000000000483e+01
2.318483999999999942e+05 -1.552382000000000062e+01 8.320856000000000563e+01
2.318486000000000058e+05 -1.536988000000000021e+01 9.395865999999999474e+01
2.318487999999999884e+05 -1.579678999999999967e+01 8.623210000000000264e+01
2.318490000000000000e+05 -1.492408000000000001e+01 9.003315000000000623e+01
2.318492000000000116e+05 -1.618547999999999831e+01 8.927248000000000161e+01
2.318493999999999942e+05 -1.437171000000000021e+01 8.866633000000000209e+01
2.318496000000000058e+05 -1.730301000000000045e+01 9.120918000000000347e+01
2.318497999999999884e+05 -1.560763000000000034e+01 9.661915000000000475e+01
2.318500000000000000e+05 -1.493554999999999922e+01 9.469418000000000291e+01
2.318502000000000116e+05 -1.519450999999999929e+01 9.302572999999999581e+01
2.318503999999999942e+05 -1.554119000000000028e+01 8.643962999999999397e+01
2.318506000000000058e+05 -1.482775999999999961e+01 8.886132000000000630e+01
2.318507999999999884e+05 -1.505936999999999948e+01 8.624090999999999951e+01
2.318510000000000000e+05 -1.633046999999999827e+01 8.815613999999999351e+01
2.318512000000000116e+05 -1.522390000000000043e+01 9.878024000000000626e+01
2.318513999999999942e+05 -1.599276000000000053e+01 9.200366999999999962e+01
2.318516000000000058e+05 -1.535759000000000007e+01 9.629417999999999722e+01
2.318517999999999884e+05 -1.587883000000000067e+01 9.871654999999999802e+01
2.318520000000000000e+05 -1.519401000000000046e+01 9.279474999999999341e+01
2.318522000000000116e+05 -1.683940000000000126e+01 8.979192000000000462e+01
2.318523999999999942e+05 -1.511532000000000053e+01 9.053094000000000108e+01
2.318526000000000058e+05 -1.490311999999999948e+01 8.948896000000000583e+01
2.318527999999999884e+05 -1.528139000000000003e+01 9.267144000000000403e+01
2.318530000000000000e+05 -1.504611000000000054e+01 9.788008999999999560e+01
2.318532000000000116e+05 -1.662152999999999992e+01 9.514587000000000216e+01
2.318533999999999942e+05 -1.630296999999999841e+01 8.921188999999999680e+01
2.318536000000000058e+05 -1.522505999999999915e+01 9.485586000000000695e+01
2.318537999999999884e+05 -1.600320999999999927e+01 1.029809000000000054e+02
2.318540000000000000e+05 -1.584323999999999977e+01 9.251515999999999451e+01
2.318542000000000116e+05 -1.488366000000000078e+01 9.148050000000000637e+01
2.318543999999999942e+05 -1.540494999999999948e+01 9.348591000000000406e+01
2.318546000000000058e+05 -1.545153999999999961e+01 8.638980999999999710e+01
2.318547999999999884e+05 -1.662666000000000111e+01 8.539005000000000223e+01
2.318550000000000000e+05 -1.534362999999999921e+01 9.057586999999999477e+01
2.318552000000000116e+05 -1.613159999999999883e+01 8.800598999999999705e+01
2.318553999999999942e+05 -1.602468000000000004e+01 8.858485000000000298e+01
2.318556000000000058e+05 -1.519452000000000069e+01 9.370874999999999488e+01
2.318557999999999884e+05 -1.563133000000000017e+01 8.867416000000000054e+01
2.318560000000000000e+05 -1.471859000000000073e+01 9.195135000000000502e+01
