# Time finished:
# 2015-06-03 09.00.39
# Temp volt start:
# 1.0114709
# Temp volt stop:
# 1.0114709
# Approx start T:
# 86.137671715
# Approx stop T:
# 86.1383461833
# DC bias measured, messed up:
# 1.203948
# DC bias we asked for:
# 0
2.318192999999999884e+05 -1.511722999999999928e+01 8.679999999999999716e+01
2.318195000000000000e+05 -1.590140000000000065e+01 8.593367999999999540e+01
2.318196999999999825e+05 -1.583853000000000044e+01 9.156592000000000553e+01
2.318198999999999942e+05 -1.527861000000000047e+01 9.456692999999999927e+01
2.318200999999999767e+05 -1.460388999999999982e+01 9.447856000000000165e+01
2.318202999999999884e+05 -1.674680999999999997e+01 8.904792999999999381e+01
2.318205000000000000e+05 -1.517456999999999923e+01 9.455576000000000647e+01
2.318206999999999825e+05 -1.626958000000000126e+01 9.849384000000000583e+01
2.318208999999999942e+05 -1.573160999999999987e+01 9.305688000000000670e+01
2.318210999999999767e+05 -1.551346000000000025e+01 8.961200999999999794e+01
2.318212999999999884e+05 -1.578633999999999915e+01 9.219883000000000095e+01
2.318215000000000000e+05 -1.519453999999999994e+01 9.261469999999999914e+01
2.318216999999999825e+05 -1.529635000000000034e+01 9.167700999999999567e+01
2.318218999999999942e+05 -1.619834000000000174e+01 8.866727000000000203e+01
2.318220999999999767e+05 -1.500628999999999991e+01 9.318702000000000396e+01
2.318222999999999884e+05 -1.601370999999999967e+01 9.242067000000000121e+01
2.318225000000000000e+05 -1.526169999999999938e+01 9.169134999999999991e+01
2.318226999999999825e+05 -1.469652999999999921e+01 9.059747000000000128e+01
2.318228999999999942e+05 -1.687584999999999980e+01 9.413475999999999999e+01
2.318230999999999767e+05 -1.480481999999999942e+01 9.275986000000000331e+01
2.318232999999999884e+05 -1.511814000000000036e+01 9.773336000000000467e+01
2.318235000000000000e+05 -1.556366000000000049e+01 9.151597999999999900e+01
2.318236999999999825e+05 -1.511110000000000042e+01 8.614432999999999652e+01
2.318238999999999942e+05 -1.511550000000000082e+01 8.863862000000000307e+01
2.318240999999999767e+05 -1.573310999999999993e+01 8.683097999999999672e+01
2.318242999999999884e+05 -1.554730999999999952e+01 9.473663000000000523e+01
2.318245000000000000e+05 -1.595481999999999978e+01 8.183822999999999581e+01
2.318246999999999825e+05 -1.616320999999999941e+01 9.138276999999999362e+01
2.318248999999999942e+05 -1.561816999999999922e+01 8.909189999999999543e+01
2.318250999999999767e+05 -1.609984999999999999e+01 9.942043999999999926e+01
2.318252999999999884e+05 -1.521911000000000058e+01 9.629421000000000674e+01
2.318255000000000000e+05 -1.535127999999999915e+01 9.482198999999999955e+01
2.318256999999999825e+05 -1.644207000000000107e+01 8.907232999999999379e+01
2.318258999999999942e+05 -1.503637999999999941e+01 9.735604999999999620e+01
2.318260999999999767e+05 -1.622636999999999929e+01 9.227231999999999346e+01
2.318262999999999884e+05 -1.499506000000000050e+01 9.028329999999999700e+01
2.318265000000000000e+05 -1.522255999999999965e+01 9.584171999999999514e+01
2.318266999999999825e+05 -1.538752999999999993e+01 9.858062999999999931e+01
2.318268999999999942e+05 -1.552649000000000079e+01 9.128273000000000081e+01
2.318270999999999767e+05 -1.575141999999999953e+01 9.245337999999999568e+01
2.318272999999999884e+05 -1.584107999999999983e+01 9.503154999999999575e+01
2.318275000000000000e+05 -1.558234000000000030e+01 8.911006999999999323e+01
2.318276999999999825e+05 -1.580199999999999960e+01 8.899612000000000478e+01
2.318278999999999942e+05 -1.530094000000000065e+01 9.284148000000000422e+01
2.318280999999999767e+05 -1.531783000000000072e+01 9.295466999999999302e+01
2.318282999999999884e+05 -1.495548999999999928e+01 9.419787999999999784e+01
2.318285000000000000e+05 -1.610190000000000055e+01 1.030174999999999983e+02
2.318286999999999825e+05 -1.542387000000000086e+01 8.953910000000000480e+01
2.318288999999999942e+05 -1.521604999999999919e+01 8.836502000000000123e+01
2.318290999999999767e+05 -1.620739999999999981e+01 9.214938999999999680e+01
2.318292999999999884e+05 -1.601070999999999955e+01 8.763309999999999889e+01
2.318295000000000000e+05 -1.651208000000000098e+01 9.664404000000000394e+01
2.318296999999999825e+05 -1.563268000000000058e+01 8.739522999999999797e+01
2.318298999999999942e+05 -1.602817999999999898e+01 9.911499000000000592e+01
2.318300999999999767e+05 -1.586163999999999952e+01 9.219831999999999539e+01
2.318302999999999884e+05 -1.606969000000000136e+01 9.203763999999999612e+01
2.318305000000000000e+05 -1.565586000000000055e+01 9.524188999999999794e+01
2.318306999999999825e+05 -1.621613999999999933e+01 8.710832000000000619e+01
2.318308999999999942e+05 -1.567249999999999943e+01 9.124721999999999866e+01
2.318310999999999767e+05 -1.541691999999999929e+01 8.753937000000000523e+01
2.318312999999999884e+05 -1.468900000000000006e+01 9.330642000000000280e+01
2.318315000000000000e+05 -1.558564999999999934e+01 9.234788000000000352e+01
2.318316999999999825e+05 -1.532995999999999981e+01 9.563160999999999490e+01
2.318318999999999942e+05 -1.531847999999999921e+01 9.855078000000000316e+01
2.318320999999999767e+05 -1.542422999999999966e+01 9.413173999999999353e+01
2.318322999999999884e+05 -1.639769000000000077e+01 9.580343999999999482e+01
2.318325000000000000e+05 -1.659687999999999874e+01 9.613164000000000442e+01
2.318326999999999825e+05 -1.517576000000000036e+01 8.941415000000000646e+01
2.318328999999999942e+05 -1.475196000000000041e+01 9.483444000000000074e+01
2.318330999999999767e+05 -1.645095999999999847e+01 8.814488000000000056e+01
2.318332999999999884e+05 -1.595583000000000062e+01 9.205732999999999322e+01
2.318335000000000000e+05 -1.628057000000000087e+01 8.745911999999999864e+01
2.318336999999999825e+05 -1.531860999999999962e+01 9.389069000000000642e+01
2.318338999999999942e+05 -1.534012000000000064e+01 9.645156000000000063e+01
2.318340999999999767e+05 -1.530755000000000088e+01 9.621760000000000446e+01
2.318342999999999884e+05 -1.534937000000000040e+01 9.155935999999999808e+01
2.318345000000000000e+05 -1.460078999999999994e+01 8.784002999999999872e+01
2.318346999999999825e+05 -1.529430999999999941e+01 9.563142000000000564e+01
2.318348999999999942e+05 -1.559792000000000023e+01 9.102567000000000519e+01
2.318350999999999767e+05 -1.650315000000000154e+01 9.517194999999999538e+01
2.318352999999999884e+05 -1.624641000000000091e+01 9.318380000000000507e+01
2.318355000000000000e+05 -1.611150999999999911e+01 9.357076999999999600e+01
2.318356999999999825e+05 -1.586332999999999949e+01 9.391948999999999614e+01
2.318358999999999942e+05 -1.533663999999999916e+01 9.260536000000000456e+01
2.318360999999999767e+05 -1.685066000000000130e+01 8.887326000000000192e+01
2.318362999999999884e+05 -1.591594000000000086e+01 9.529797999999999547e+01
2.318365000000000000e+05 -1.689023999999999859e+01 8.857171999999999912e+01
2.318366999999999825e+05 -1.547696000000000005e+01 8.940099999999999625e+01
2.318368999999999942e+05 -1.592003000000000057e+01 9.991724999999999568e+01
2.318370999999999767e+05 -1.519210999999999956e+01 9.170859000000000094e+01
2.318372999999999884e+05 -1.531807000000000052e+01 9.249200000000000443e+01
2.318375000000000000e+05 -1.576132999999999917e+01 9.061023000000000138e+01
2.318376999999999825e+05 -1.553181000000000012e+01 9.437623000000000673e+01
2.318378999999999942e+05 -1.565714000000000006e+01 9.185786000000000229e+01
2.318380999999999767e+05 -1.593926000000000087e+01 9.293210000000000548e+01
2.318382999999999884e+05 -1.637684000000000140e+01 8.513846999999999809e+01
2.318385000000000000e+05 -1.546724999999999994e+01 8.630771000000000015e+01
2.318386999999999825e+05 -1.586885000000000012e+01 9.008338000000000534e+01
2.318388999999999942e+05 -1.504049999999999976e+01 9.251366000000000156e+01
2.318390999999999767e+05 -1.522575999999999929e+01 9.883247000000000071e+01
2.318392999999999884e+05 -1.505263000000000062e+01 9.105321999999999605e+01
