# Time finished:
# 2015-06-03 07.25.43
# Temp volt start:
# 1.0136556
# Temp volt stop:
# 1.0136556
# Approx start T:
# 84.9080915705
# Approx stop T:
# 84.9774620854
# DC bias measured, messed up:
# 1.047088
# DC bias we asked for:
# 0
2.318170100000000093e+05 -1.514630999999999972e+01 9.504389999999999361e+01
2.318172100000000210e+05 -1.582396999999999920e+01 8.556882000000000232e+01
2.318174100000000035e+05 -1.473588999999999949e+01 9.750051999999999452e+01
2.318176100000000151e+05 -1.485824000000000034e+01 8.794469999999999743e+01
2.318178099999999977e+05 -1.514606999999999992e+01 9.066814999999999714e+01
2.318180100000000093e+05 -1.487744999999999962e+01 8.952044999999999675e+01
2.318182100000000210e+05 -1.609687999999999874e+01 9.255822000000000571e+01
2.318184100000000035e+05 -1.595270999999999972e+01 8.851726999999999634e+01
2.318186100000000151e+05 -1.550592999999999932e+01 9.561200999999999794e+01
2.318188099999999977e+05 -1.576980999999999966e+01 9.444661999999999580e+01
2.318190100000000093e+05 -1.502877999999999936e+01 9.127398999999999774e+01
2.318192100000000210e+05 -1.550589000000000084e+01 9.561459000000000685e+01
2.318194100000000035e+05 -1.567936000000000085e+01 8.793214999999999293e+01
2.318196100000000151e+05 -1.512801999999999936e+01 8.325361999999999796e+01
2.318198099999999977e+05 -1.662994000000000128e+01 8.302330999999999506e+01
2.318200100000000093e+05 -1.589864000000000033e+01 9.107074000000000069e+01
2.318202100000000210e+05 -1.577721999999999980e+01 9.656723999999999819e+01
2.318204100000000035e+05 -1.541080999999999968e+01 9.023820000000000618e+01
2.318206100000000151e+05 -1.578904999999999959e+01 9.184514000000000067e+01
2.318208099999999977e+05 -1.499451000000000001e+01 9.513443999999999789e+01
2.318210100000000093e+05 -1.590540999999999983e+01 9.358890999999999849e+01
2.318212100000000210e+05 -1.514052000000000042e+01 8.974311000000000149e+01
2.318214100000000035e+05 -1.624990000000000023e+01 9.767323000000000377e+01
2.318216100000000151e+05 -1.494468999999999959e+01 9.502087000000000216e+01
2.318218099999999977e+05 -1.577252000000000010e+01 9.705317999999999756e+01
2.318220100000000093e+05 -1.537787999999999933e+01 9.048184999999999434e+01
2.318222100000000210e+05 -1.527708999999999939e+01 9.168452999999999520e+01
2.318224100000000035e+05 -1.585638999999999932e+01 9.033341000000000065e+01
2.318226100000000151e+05 -1.626761000000000124e+01 8.861347000000000662e+01
2.318228099999999977e+05 -1.543155999999999928e+01 8.855576000000000647e+01
2.318230100000000093e+05 -1.587645999999999979e+01 8.515184000000000708e+01
2.318232100000000210e+05 -1.595748999999999995e+01 9.524230000000000018e+01
2.318234100000000035e+05 -1.555152000000000001e+01 8.679549000000000092e+01
2.318236100000000151e+05 -1.491449000000000069e+01 9.298591999999999302e+01
2.318238099999999977e+05 -1.522391000000000005e+01 9.158137999999999579e+01
2.318240100000000093e+05 -1.601204999999999856e+01 8.721605999999999881e+01
2.318242100000000210e+05 -1.575038999999999945e+01 8.764011000000000706e+01
2.318244100000000035e+05 -1.600654000000000110e+01 8.580568999999999846e+01
2.318246100000000151e+05 -1.585077000000000069e+01 8.568366000000000327e+01
2.318248099999999977e+05 -1.540049999999999919e+01 9.511056999999999562e+01
2.318250100000000093e+05 -1.533952000000000027e+01 8.849218999999999369e+01
2.318252100000000210e+05 -1.653205000000000169e+01 9.551846999999999355e+01
2.318254100000000035e+05 -1.571008999999999922e+01 8.742136000000000706e+01
2.318256100000000151e+05 -1.491405999999999921e+01 9.231273000000000195e+01
2.318258099999999977e+05 -1.544425000000000026e+01 9.823198999999999614e+01
2.318260100000000093e+05 -1.648366000000000042e+01 9.833807000000000187e+01
2.318262100000000210e+05 -1.529449999999999932e+01 9.156937000000000637e+01
2.318264100000000035e+05 -1.501374000000000031e+01 8.672441999999999496e+01
2.318266100000000151e+05 -1.502912000000000070e+01 8.910729000000000610e+01
2.318268099999999977e+05 -1.695787999999999940e+01 9.905149000000000115e+01
2.318270100000000093e+05 -1.669204999999999828e+01 9.638991000000000042e+01
2.318272100000000210e+05 -1.562383999999999951e+01 9.223604000000000269e+01
2.318274100000000035e+05 -1.543795000000000073e+01 9.488665000000000305e+01
2.318276100000000151e+05 -1.613954999999999984e+01 8.790689000000000419e+01
2.318278099999999977e+05 -1.605443999999999960e+01 9.102831000000000472e+01
2.318280100000000093e+05 -1.601549999999999940e+01 9.755328000000000088e+01
2.318282100000000210e+05 -1.695105999999999824e+01 9.051318000000000552e+01
2.318284100000000035e+05 -1.519441999999999915e+01 8.984599000000000046e+01
2.318286100000000151e+05 -1.597985000000000078e+01 9.155949999999999989e+01
2.318288099999999977e+05 -1.499785999999999930e+01 9.173904000000000281e+01
2.318290100000000093e+05 -1.587555000000000049e+01 8.426389000000000351e+01
2.318292100000000210e+05 -1.460933999999999955e+01 9.516841999999999757e+01
2.318294100000000035e+05 -1.579119000000000028e+01 9.259090999999999383e+01
2.318296100000000151e+05 -1.507574999999999932e+01 9.024080999999999619e+01
2.318298099999999977e+05 -1.476694999999999958e+01 9.011987000000000592e+01
2.318300100000000093e+05 -1.581073999999999913e+01 9.221343000000000245e+01
2.318302100000000210e+05 -1.589109000000000016e+01 9.660775999999999897e+01
2.318304100000000035e+05 -1.594430999999999976e+01 9.232594000000000278e+01
2.318306100000000151e+05 -1.542001999999999917e+01 9.499801999999999680e+01
2.318308099999999977e+05 -1.463050999999999924e+01 9.310757999999999868e+01
2.318310100000000093e+05 -1.687322999999999951e+01 9.420447000000000060e+01
2.318312100000000210e+05 -1.551343999999999923e+01 8.791611000000000331e+01
2.318314100000000035e+05 -1.465429999999999922e+01 1.007590000000000003e+02
2.318316100000000151e+05 -1.645449999999999946e+01 9.469535999999999376e+01
2.318318099999999977e+05 -1.527907000000000082e+01 9.426413999999999760e+01
2.318320100000000093e+05 -1.501234000000000002e+01 8.775898999999999717e+01
2.318322100000000210e+05 -1.575239000000000011e+01 9.185661000000000342e+01
2.318324100000000035e+05 -1.582455000000000034e+01 9.746634000000000242e+01
2.318326100000000151e+05 -1.506859999999999999e+01 8.806038999999999817e+01
2.318328099999999977e+05 -1.581007999999999925e+01 9.421308000000000504e+01
2.318330100000000093e+05 -1.560429000000000066e+01 9.711001000000000261e+01
2.318332100000000210e+05 -1.657994000000000057e+01 9.390015999999999963e+01
2.318334100000000035e+05 -1.599113000000000007e+01 9.601296999999999571e+01
2.318336100000000151e+05 -1.681703999999999866e+01 8.662703999999999382e+01
2.318338099999999977e+05 -1.447298999999999936e+01 9.759644000000000119e+01
2.318340100000000093e+05 -1.459296999999999933e+01 9.506052999999999997e+01
2.318342100000000210e+05 -1.504997000000000007e+01 9.435460999999999387e+01
2.318344100000000035e+05 -1.594349000000000061e+01 9.359578999999999382e+01
2.318346100000000151e+05 -1.533093000000000039e+01 9.439100999999999431e+01
2.318348099999999977e+05 -1.562161000000000044e+01 9.174957999999999458e+01
2.318350100000000093e+05 -1.555404000000000053e+01 9.647823999999999955e+01
2.318352100000000210e+05 -1.532690000000000019e+01 8.648087999999999909e+01
2.318354100000000035e+05 -1.528251000000000026e+01 8.816021999999999537e+01
2.318356100000000151e+05 -1.503495999999999988e+01 9.287102000000000146e+01
2.318358099999999977e+05 -1.566097000000000072e+01 9.419002999999999304e+01
2.318360100000000093e+05 -1.480940000000000012e+01 9.854703000000000657e+01
2.318362100000000210e+05 -1.580217999999999989e+01 9.595345000000000368e+01
2.318364100000000035e+05 -1.550957999999999970e+01 9.489587000000000216e+01
2.318366100000000151e+05 -1.592347000000000001e+01 8.930046000000000106e+01
2.318368099999999977e+05 -1.514406999999999925e+01 1.002818999999999932e+02
2.318370100000000093e+05 -1.440109999999999957e+01 9.204998999999999398e+01
