# Time finished:
# 2015-06-04 14.47.47
# Temp volt start:
# 0.88926661
# Temp volt stop:
# 0.88926661
# Approx start T:
# 150.276067872
# Approx stop T:
# 150.289891879
# DC bias measured, messed up:
# 1.247222
# DC bias we asked for:
# 0
2.319184599999999919e+05 -1.531527999999999956e+01 9.865600999999999487e+01
2.319186600000000035e+05 -1.562936999999999976e+01 9.162364999999999782e+01
2.319188599999999860e+05 -1.530414999999999992e+01 9.225039999999999907e+01
2.319190599999999977e+05 -1.523701999999999934e+01 9.381461000000000183e+01
2.319192599999999802e+05 -1.547574000000000005e+01 8.937427999999999884e+01
2.319194599999999919e+05 -1.586687000000000047e+01 9.385569999999999879e+01
2.319196600000000035e+05 -1.593133000000000088e+01 8.867864000000000146e+01
2.319198599999999860e+05 -1.640293000000000134e+01 1.002793999999999954e+02
2.319200599999999977e+05 -1.581381999999999977e+01 9.374106000000000449e+01
2.319202599999999802e+05 -1.559967999999999932e+01 9.280313999999999908e+01
2.319204599999999919e+05 -1.547883000000000031e+01 9.315230999999999995e+01
2.319206600000000035e+05 -1.695604000000000156e+01 9.653303999999999974e+01
2.319208599999999860e+05 -1.632075999999999993e+01 9.654609999999999559e+01
2.319210599999999977e+05 -1.645226999999999862e+01 9.697826000000000590e+01
2.319212599999999802e+05 -1.565127000000000024e+01 9.501740999999999815e+01
2.319214599999999919e+05 -1.527266999999999975e+01 9.270883999999999503e+01
2.319216600000000035e+05 -1.596017999999999937e+01 9.326848999999999990e+01
2.319218599999999860e+05 -1.561749999999999972e+01 9.454570999999999970e+01
2.319220599999999977e+05 -1.520025000000000048e+01 9.117152000000000100e+01
2.319222599999999802e+05 -1.537312000000000012e+01 9.180246999999999957e+01
2.319224599999999919e+05 -1.601570999999999856e+01 9.290919999999999845e+01
2.319226600000000035e+05 -1.536365999999999943e+01 8.852325999999999340e+01
2.319228599999999860e+05 -1.527203000000000088e+01 9.706692999999999927e+01
2.319230599999999977e+05 -1.565448999999999913e+01 9.408362999999999943e+01
2.319232599999999802e+05 -1.510496000000000016e+01 8.811445999999999401e+01
2.319234599999999919e+05 -1.491275000000000084e+01 9.648087999999999909e+01
2.319236600000000035e+05 -1.540360000000000085e+01 9.088975999999999544e+01
2.319238599999999860e+05 -1.520543999999999940e+01 1.004890999999999934e+02
2.319240599999999977e+05 -1.616484000000000165e+01 9.289764999999999873e+01
2.319242599999999802e+05 -1.622154000000000096e+01 9.302214999999999634e+01
2.319244599999999919e+05 -1.488959999999999972e+01 9.155526999999999305e+01
2.319246600000000035e+05 -1.629745000000000132e+01 9.402788999999999930e+01
2.319248599999999860e+05 -1.521842999999999968e+01 9.738778000000000645e+01
2.319250599999999977e+05 -1.535291999999999923e+01 9.744735000000000014e+01
2.319252599999999802e+05 -1.550783999999999985e+01 8.763607000000000369e+01
2.319254599999999919e+05 -1.616580000000000084e+01 9.860500000000000398e+01
2.319256600000000035e+05 -1.488972000000000051e+01 9.498304000000000258e+01
2.319258599999999860e+05 -1.477530999999999928e+01 9.727625999999999351e+01
2.319260599999999977e+05 -1.520738000000000056e+01 9.294074000000000524e+01
2.319262599999999802e+05 -1.592923000000000044e+01 9.651843999999999824e+01
2.319264599999999919e+05 -1.567320999999999920e+01 9.303770000000000095e+01
2.319266600000000035e+05 -1.510263999999999918e+01 9.513567999999999358e+01
2.319268599999999860e+05 -1.500506999999999991e+01 9.186399000000000115e+01
2.319270599999999977e+05 -1.568415000000000070e+01 9.080907999999999447e+01
2.319272599999999802e+05 -1.647135000000000105e+01 9.288705000000000211e+01
2.319274599999999919e+05 -1.632886999999999844e+01 9.099934000000000367e+01
2.319276600000000035e+05 -1.478129000000000026e+01 9.379422999999999888e+01
2.319278599999999860e+05 -1.576157000000000075e+01 9.409542999999999324e+01
2.319280599999999977e+05 -1.596185000000000009e+01 9.326775000000000659e+01
2.319282599999999802e+05 -1.646950000000000003e+01 9.417068000000000438e+01
2.319284599999999919e+05 -1.564832999999999963e+01 9.548825999999999681e+01
2.319286600000000035e+05 -1.588812000000000069e+01 9.375213999999999714e+01
2.319288599999999860e+05 -1.581046000000000085e+01 8.911307999999999652e+01
2.319290599999999977e+05 -1.525498999999999938e+01 8.936423999999999523e+01
2.319292599999999802e+05 -1.539522000000000013e+01 8.975570000000000448e+01
2.319294599999999919e+05 -1.612774999999999892e+01 9.364552000000000476e+01
2.319296600000000035e+05 -1.609973000000000098e+01 1.002873000000000019e+02
2.319298599999999860e+05 -1.535806999999999967e+01 9.439324000000000581e+01
2.319300599999999977e+05 -1.650923999999999836e+01 8.656714999999999804e+01
2.319302599999999802e+05 -1.484469999999999956e+01 9.380019000000000062e+01
2.319304599999999919e+05 -1.505287000000000042e+01 9.730290999999999713e+01
2.319306600000000035e+05 -1.585066999999999915e+01 9.446623999999999910e+01
2.319308599999999860e+05 -1.465320999999999962e+01 9.400148000000000081e+01
2.319310599999999977e+05 -1.625677999999999912e+01 9.151661000000000001e+01
2.319312599999999802e+05 -1.696983000000000175e+01 9.299859999999999616e+01
2.319314599999999919e+05 -1.563807000000000080e+01 9.280317999999999756e+01
2.319316600000000035e+05 -1.610489000000000104e+01 9.155388999999999555e+01
2.319318599999999860e+05 -1.635283000000000087e+01 8.922128999999999621e+01
2.319320599999999977e+05 -1.563410999999999973e+01 9.163814999999999600e+01
2.319322599999999802e+05 -1.556230000000000047e+01 9.511231999999999687e+01
2.319324599999999919e+05 -1.676713000000000164e+01 9.380461999999999989e+01
2.319326600000000035e+05 -1.566872000000000043e+01 9.491615000000000180e+01
2.319328599999999860e+05 -1.717409999999999926e+01 9.132113999999999976e+01
2.319330599999999977e+05 -1.705332999999999899e+01 8.929343000000000075e+01
2.319332599999999802e+05 -1.535097999999999985e+01 9.079201999999999373e+01
2.319334599999999919e+05 -1.586595999999999940e+01 8.920265000000000555e+01
2.319336600000000035e+05 -1.520425000000000004e+01 8.804706000000000188e+01
2.319338599999999860e+05 -1.681455000000000055e+01 8.578504999999999825e+01
2.319340599999999977e+05 -1.705304999999999893e+01 9.409140999999999622e+01
2.319342599999999802e+05 -1.571791999999999945e+01 8.750381000000000142e+01
2.319344599999999919e+05 -1.457224000000000075e+01 9.162548999999999921e+01
2.319346600000000035e+05 -1.605323999999999884e+01 9.265412999999999499e+01
2.319348599999999860e+05 -1.577763999999999989e+01 9.208158000000000243e+01
2.319350599999999977e+05 -1.596077000000000012e+01 9.254285000000000139e+01
2.319352599999999802e+05 -1.493628999999999962e+01 9.530853999999999360e+01
2.319354599999999919e+05 -1.650146000000000157e+01 9.571916000000000224e+01
2.319356600000000035e+05 -1.542520999999999987e+01 9.190613000000000454e+01
2.319358599999999860e+05 -1.612841999999999842e+01 8.796732000000000085e+01
2.319360599999999977e+05 -1.563400000000000034e+01 9.489383999999999730e+01
2.319362599999999802e+05 -1.578583000000000069e+01 9.800651999999999475e+01
2.319364599999999919e+05 -1.555470000000000041e+01 1.011324999999999932e+02
2.319366600000000035e+05 -1.583201000000000036e+01 9.433968000000000131e+01
2.319368599999999860e+05 -1.597850000000000037e+01 9.714341000000000292e+01
2.319370599999999977e+05 -1.468168000000000006e+01 9.170319000000000642e+01
2.319372599999999802e+05 -1.556131000000000064e+01 9.881497000000000241e+01
2.319374599999999919e+05 -1.559985999999999962e+01 9.187170000000000414e+01
2.319376600000000035e+05 -1.592022000000000048e+01 9.519957999999999743e+01
2.319378599999999860e+05 -1.622201000000000093e+01 9.327456999999999709e+01
2.319380599999999977e+05 -1.641272999999999982e+01 9.301775000000000659e+01
2.319382599999999802e+05 -1.538446000000000069e+01 9.598714999999999975e+01
2.319384599999999919e+05 -1.457498000000000005e+01 9.347665999999999542e+01
