# Time finished:
# 2015-06-04 00.25.07
# Temp volt start:
# 1.005938
# Temp volt stop:
# 1.005938
# Approx start T:
# 89.2369539757
# Approx stop T:
# 89.2476725032
# DC bias measured, messed up:
# 0.9804342
# DC bias we asked for:
# 0
2.318270599999999977e+05 -1.562781000000000020e+01 8.911141999999999541e+01
2.318272600000000093e+05 -1.600960999999999856e+01 9.086133999999999844e+01
2.318274599999999919e+05 -1.589856999999999942e+01 9.369786000000000570e+01
2.318276600000000035e+05 -1.587152999999999992e+01 8.427132000000000289e+01
2.318278599999999860e+05 -1.614607000000000170e+01 9.595092999999999961e+01
2.318280599999999977e+05 -1.586843000000000004e+01 8.491885999999999513e+01
2.318282600000000093e+05 -1.483754000000000062e+01 9.612680000000000291e+01
2.318284599999999919e+05 -1.541712000000000060e+01 8.994442999999999699e+01
2.318286600000000035e+05 -1.629583999999999833e+01 9.293654999999999688e+01
2.318288599999999860e+05 -1.617645999999999873e+01 9.293774999999999409e+01
2.318290599999999977e+05 -1.652654000000000067e+01 9.978810000000000002e+01
2.318292600000000093e+05 -1.592637000000000036e+01 8.680813999999999453e+01
2.318294599999999919e+05 -1.452458999999999989e+01 9.113003999999999394e+01
2.318296600000000035e+05 -1.692558000000000007e+01 9.233666999999999803e+01
2.318298599999999860e+05 -1.572095999999999982e+01 9.582214000000000453e+01
2.318300599999999977e+05 -1.477818000000000076e+01 9.477258000000000493e+01
2.318302600000000093e+05 -1.644089999999999918e+01 9.876906999999999925e+01
2.318304599999999919e+05 -1.550372999999999912e+01 9.454135999999999740e+01
2.318306600000000035e+05 -1.454263000000000083e+01 9.515680999999999301e+01
2.318308599999999860e+05 -1.638716000000000150e+01 9.010880000000000223e+01
2.318310599999999977e+05 -1.591916999999999938e+01 9.729349999999999454e+01
2.318312600000000093e+05 -1.651183999999999941e+01 9.033356000000000563e+01
2.318314599999999919e+05 -1.594018999999999942e+01 9.218240000000000123e+01
2.318316600000000035e+05 -1.537642999999999915e+01 9.716315000000000168e+01
2.318318599999999860e+05 -1.485812999999999917e+01 9.580102999999999724e+01
2.318320599999999977e+05 -1.481160000000000032e+01 9.117919000000000551e+01
2.318322600000000093e+05 -1.548873999999999995e+01 9.697243000000000279e+01
2.318324599999999919e+05 -1.569350999999999985e+01 8.947005000000000052e+01
2.318326600000000035e+05 -1.601388000000000034e+01 9.114424999999999955e+01
2.318328599999999860e+05 -1.582553000000000054e+01 8.928322000000000003e+01
2.318330599999999977e+05 -1.504027999999999921e+01 8.591903999999999542e+01
2.318332600000000093e+05 -1.521400000000000041e+01 9.190883999999999787e+01
2.318334599999999919e+05 -1.543150999999999939e+01 9.211851000000000056e+01
2.318336600000000035e+05 -1.696976000000000084e+01 8.743537000000000603e+01
2.318338599999999860e+05 -1.536884000000000050e+01 9.583771000000000129e+01
2.318340599999999977e+05 -1.605646000000000129e+01 9.164660000000000650e+01
2.318342600000000093e+05 -1.563658999999999999e+01 9.976851999999999521e+01
2.318344599999999919e+05 -1.470406000000000013e+01 9.032052000000000191e+01
2.318346600000000035e+05 -1.574810000000000088e+01 9.220270999999999617e+01
2.318348599999999860e+05 -1.544693000000000005e+01 9.151576000000000022e+01
2.318350599999999977e+05 -1.593725000000000058e+01 9.115845000000000198e+01
2.318352600000000093e+05 -1.554336999999999946e+01 9.283437000000000694e+01
2.318354599999999919e+05 -1.535544999999999938e+01 8.395547000000000537e+01
2.318356600000000035e+05 -1.615686000000000178e+01 9.412187000000000126e+01
2.318358599999999860e+05 -1.510941000000000045e+01 9.285813000000000272e+01
2.318360599999999977e+05 -1.619712000000000174e+01 9.386794000000000437e+01
2.318362600000000093e+05 -1.485036000000000023e+01 9.343914999999999793e+01
2.318364599999999919e+05 -1.563729999999999976e+01 9.295674999999999955e+01
2.318366600000000035e+05 -1.530310000000000059e+01 9.153883999999999332e+01
2.318368599999999860e+05 -1.559942999999999991e+01 9.615658999999999423e+01
2.318370599999999977e+05 -1.589420999999999928e+01 9.307929000000000030e+01
2.318372600000000093e+05 -1.610560999999999865e+01 9.451639000000000124e+01
2.318374599999999919e+05 -1.472959999999999958e+01 9.621170999999999651e+01
2.318376600000000035e+05 -1.505086999999999975e+01 9.355262999999999352e+01
2.318378599999999860e+05 -1.453135999999999939e+01 9.592316999999999894e+01
2.318380599999999977e+05 -1.603112000000000137e+01 8.945668999999999471e+01
2.318382600000000093e+05 -1.606852999999999909e+01 9.346799000000000035e+01
2.318384599999999919e+05 -1.452421000000000006e+01 9.385742000000000473e+01
2.318386600000000035e+05 -1.526197999999999944e+01 8.942576999999999998e+01
2.318388599999999860e+05 -1.571307000000000009e+01 8.859991999999999734e+01
2.318390599999999977e+05 -1.554878000000000071e+01 9.528476000000000568e+01
2.318392600000000093e+05 -1.492721000000000053e+01 9.695965999999999951e+01
2.318394599999999919e+05 -1.485384999999999955e+01 9.095065999999999917e+01
2.318396600000000035e+05 -1.610664999999999836e+01 9.190743000000000507e+01
2.318398599999999860e+05 -1.650797999999999988e+01 9.129981999999999687e+01
2.318400599999999977e+05 -1.640059000000000111e+01 9.064968000000000359e+01
2.318402600000000093e+05 -1.589301999999999992e+01 9.257658000000000698e+01
2.318404599999999919e+05 -1.574972999999999956e+01 9.596049999999999613e+01
2.318406600000000035e+05 -1.665605000000000047e+01 9.195516000000000645e+01
2.318408599999999860e+05 -1.621943999999999875e+01 8.859184000000000481e+01
2.318410599999999977e+05 -1.548080000000000034e+01 9.684391999999999712e+01
2.318412600000000093e+05 -1.544214000000000020e+01 9.188344999999999629e+01
2.318414599999999919e+05 -1.555364999999999931e+01 9.283951999999999316e+01
2.318416600000000035e+05 -1.649200000000000088e+01 8.638187000000000637e+01
2.318418599999999860e+05 -1.628716000000000008e+01 9.413970000000000482e+01
2.318420599999999977e+05 -1.551659000000000077e+01 9.235483999999999583e+01
2.318422600000000093e+05 -1.597443999999999953e+01 9.679684000000000310e+01
2.318424599999999919e+05 -1.529790000000000028e+01 9.262251000000000545e+01
2.318426600000000035e+05 -1.669602000000000075e+01 8.874295999999999651e+01
2.318428599999999860e+05 -1.517442999999999920e+01 9.296827999999999292e+01
2.318430599999999977e+05 -1.560230999999999923e+01 9.566723000000000354e+01
2.318432600000000093e+05 -1.622389000000000081e+01 9.136217000000000610e+01
2.318434599999999919e+05 -1.556696999999999953e+01 9.099935000000000684e+01
2.318436600000000035e+05 -1.632814000000000121e+01 9.360914999999999964e+01
2.318438599999999860e+05 -1.631326999999999927e+01 8.666115999999999531e+01
2.318440599999999977e+05 -1.586510999999999960e+01 8.851215000000000543e+01
2.318442600000000093e+05 -1.549810000000000088e+01 8.785299999999999443e+01
2.318444599999999919e+05 -1.571775000000000055e+01 9.121416999999999575e+01
2.318446600000000035e+05 -1.614610000000000056e+01 9.424799000000000149e+01
2.318448599999999860e+05 -1.558841999999999928e+01 9.184962000000000160e+01
2.318450599999999977e+05 -1.610879999999999868e+01 9.241698999999999842e+01
2.318452600000000093e+05 -1.641413999999999973e+01 8.969065999999999406e+01
2.318454599999999919e+05 -1.501324999999999932e+01 9.964208999999999605e+01
2.318456600000000035e+05 -1.504252999999999929e+01 8.881986000000000558e+01
2.318458599999999860e+05 -1.638431999999999888e+01 9.509029999999999916e+01
2.318460599999999977e+05 -1.591107000000000049e+01 9.472880999999999574e+01
2.318462600000000093e+05 -1.598471999999999937e+01 9.770037999999999556e+01
2.318464599999999919e+05 -1.590731000000000073e+01 9.549514000000000635e+01
2.318466600000000035e+05 -1.675415999999999883e+01 9.040228000000000463e+01
2.318468599999999860e+05 -1.597720999999999947e+01 9.654607000000000028e+01
2.318470599999999977e+05 -1.605902999999999992e+01 9.035444999999999993e+01
