# Time finished:
# 2015-06-02 21.51.50
# Temp volt start:
# 1.0687861
# Temp volt stop:
# 1.0687861
# Approx start T:
# 52.7242621486
# Approx stop T:
# 52.7816732166
# DC bias measured, messed up:
# 1.280513
# DC bias we asked for:
# 0
2.317573500000000058e+05 -1.640102999999999867e+01 9.518334000000000117e+01
2.317575500000000175e+05 -1.617951000000000050e+01 9.569570000000000221e+01
2.317577500000000000e+05 -1.646972999999999843e+01 9.534389000000000181e+01
2.317579500000000116e+05 -1.612597999999999843e+01 9.356467000000000667e+01
2.317581499999999942e+05 -1.468967999999999918e+01 8.966639000000000692e+01
2.317583500000000058e+05 -1.481589999999999918e+01 9.375643999999999778e+01
2.317585500000000175e+05 -1.549765000000000015e+01 8.839836999999999989e+01
2.317587500000000000e+05 -1.436086000000000062e+01 8.759208999999999889e+01
2.317589500000000116e+05 -1.546369999999999933e+01 9.458890999999999849e+01
2.317591499999999942e+05 -1.576919999999999966e+01 9.206171000000000504e+01
2.317593500000000058e+05 -1.623349999999999937e+01 9.199651000000000067e+01
2.317595500000000175e+05 -1.621340000000000003e+01 9.214735000000000298e+01
2.317597500000000000e+05 -1.462321000000000026e+01 9.791473000000000582e+01
2.317599500000000116e+05 -1.629779999999999873e+01 1.024227000000000061e+02
2.317601499999999942e+05 -1.589405000000000001e+01 9.398008000000000095e+01
2.317603500000000058e+05 -1.563679999999999914e+01 9.020654000000000394e+01
2.317605500000000175e+05 -1.464550000000000018e+01 9.554461000000000581e+01
2.317607500000000000e+05 -1.545501999999999931e+01 9.813715000000000543e+01
2.317609500000000116e+05 -1.619303000000000026e+01 9.372223999999999933e+01
2.317611499999999942e+05 -1.579386000000000045e+01 9.696429999999999438e+01
2.317613500000000058e+05 -1.620109000000000066e+01 8.987151000000000067e+01
2.317615500000000175e+05 -1.697482000000000113e+01 8.532895000000000607e+01
2.317617500000000000e+05 -1.532741000000000042e+01 8.629143999999999437e+01
2.317619500000000116e+05 -1.593089999999999939e+01 1.014787000000000035e+02
2.317621499999999942e+05 -1.484101000000000070e+01 9.644674000000000547e+01
2.317623500000000058e+05 -1.529152000000000022e+01 9.315439999999999543e+01
2.317625500000000175e+05 -1.591394999999999982e+01 9.163939000000000590e+01
2.317627500000000000e+05 -1.686204999999999998e+01 9.130620999999999299e+01
2.317629500000000116e+05 -1.551882999999999946e+01 9.051870999999999867e+01
2.317631499999999942e+05 -1.548529000000000089e+01 8.524443999999999733e+01
2.317633500000000058e+05 -1.560108999999999924e+01 8.849193999999999960e+01
2.317635500000000175e+05 -1.532055000000000078e+01 9.598949000000000353e+01
2.317637500000000000e+05 -1.630162999999999940e+01 9.387733000000000061e+01
2.317639500000000116e+05 -1.520717999999999925e+01 9.085805000000000575e+01
2.317641499999999942e+05 -1.502222000000000079e+01 9.365304999999999325e+01
2.317643500000000058e+05 -1.532305000000000028e+01 8.863354999999999961e+01
2.317645500000000175e+05 -1.634495000000000076e+01 9.243133000000000266e+01
2.317647500000000000e+05 -1.568068000000000062e+01 9.785832999999999515e+01
2.317649500000000116e+05 -1.600309000000000026e+01 9.860075999999999397e+01
2.317651499999999942e+05 -1.528898000000000046e+01 9.881534999999999513e+01
2.317653500000000058e+05 -1.566309000000000040e+01 9.088044999999999618e+01
2.317655500000000175e+05 -1.503317999999999977e+01 9.577222999999999331e+01
2.317657500000000000e+05 -1.515138999999999925e+01 9.100073000000000434e+01
2.317659500000000116e+05 -1.475746999999999964e+01 8.891965000000000430e+01
2.317661499999999942e+05 -1.678863000000000127e+01 9.055321999999999605e+01
2.317663500000000058e+05 -1.548516000000000048e+01 1.010623999999999967e+02
2.317665500000000175e+05 -1.594760999999999918e+01 9.814664999999999395e+01
2.317667500000000000e+05 -1.559281999999999968e+01 8.969424999999999670e+01
2.317669500000000116e+05 -1.526870000000000083e+01 9.148774000000000228e+01
2.317671499999999942e+05 -1.550165999999999933e+01 9.908370999999999640e+01
2.317673500000000058e+05 -1.608658000000000143e+01 9.245708000000000482e+01
2.317675500000000175e+05 -1.463222999999999985e+01 1.023636000000000053e+02
2.317677500000000000e+05 -1.503771000000000058e+01 9.128300000000000125e+01
2.317679500000000116e+05 -1.502097000000000016e+01 9.864495999999999754e+01
2.317681499999999942e+05 -1.508915000000000006e+01 9.039060999999999524e+01
2.317683500000000058e+05 -1.662706000000000017e+01 1.008122999999999934e+02
2.317685500000000175e+05 -1.511491000000000007e+01 9.151758999999999844e+01
2.317687500000000000e+05 -1.623216000000000037e+01 9.917808999999999742e+01
2.317689500000000116e+05 -1.546493000000000073e+01 9.734910999999999603e+01
2.317691499999999942e+05 -1.546598999999999968e+01 9.459532000000000096e+01
2.317693500000000058e+05 -1.555710000000000015e+01 9.023904000000000281e+01
2.317695500000000175e+05 -1.489819999999999922e+01 8.700300000000000011e+01
2.317697500000000000e+05 -1.513682000000000016e+01 8.924061000000000377e+01
2.317699500000000116e+05 -1.536566000000000010e+01 8.744307999999999481e+01
2.317701499999999942e+05 -1.619257999999999953e+01 8.901935000000000286e+01
2.317703500000000058e+05 -1.519518000000000058e+01 9.252007999999999299e+01
2.317705500000000175e+05 -1.615279999999999916e+01 8.932062000000000523e+01
2.317707500000000000e+05 -1.538855000000000040e+01 9.431736999999999682e+01
2.317709500000000116e+05 -1.580391999999999975e+01 9.042302999999999713e+01
2.317711499999999942e+05 -1.521779000000000082e+01 9.659516999999999598e+01
2.317713500000000058e+05 -1.583197000000000010e+01 9.192265999999999337e+01
2.317715500000000175e+05 -1.647903000000000162e+01 9.358705000000000496e+01
2.317717500000000000e+05 -1.489090999999999987e+01 8.923054000000000485e+01
2.317719500000000116e+05 -1.599276000000000053e+01 9.580255999999999972e+01
2.317721499999999942e+05 -1.665519000000000105e+01 9.932666000000000395e+01
2.317723500000000058e+05 -1.548422000000000054e+01 8.881431999999999505e+01
2.317725500000000175e+05 -1.527205000000000013e+01 8.647198000000000206e+01
2.317727500000000000e+05 -1.552435000000000009e+01 8.878749000000000535e+01
2.317729500000000116e+05 -1.536917000000000044e+01 9.237587999999999511e+01
2.317731499999999942e+05 -1.647879999999999967e+01 9.300657999999999959e+01
2.317733500000000058e+05 -1.459373000000000076e+01 9.516205999999999676e+01
2.317735500000000175e+05 -1.501952999999999960e+01 9.464580999999999733e+01
2.317737500000000000e+05 -1.579241999999999990e+01 9.410850999999999544e+01
2.317739500000000116e+05 -1.542814000000000085e+01 9.276151000000000124e+01
2.317741499999999942e+05 -1.452186000000000021e+01 8.548472999999999900e+01
2.317743500000000058e+05 -1.566399999999999970e+01 9.114110999999999763e+01
2.317745500000000175e+05 -1.558534000000000042e+01 9.887013000000000318e+01
2.317747500000000000e+05 -1.482972000000000001e+01 9.095959999999999468e+01
2.317749500000000116e+05 -1.706311000000000178e+01 8.952102999999999611e+01
2.317751499999999942e+05 -1.629660000000000153e+01 8.852728000000000463e+01
2.317753500000000058e+05 -1.463513999999999982e+01 9.398400999999999783e+01
2.317755500000000175e+05 -1.570829999999999949e+01 8.517656999999999812e+01
2.317757500000000000e+05 -1.579030000000000022e+01 9.464314000000000249e+01
2.317759500000000116e+05 -1.481447000000000003e+01 9.472814999999999941e+01
2.317761499999999942e+05 -1.490160000000000018e+01 8.859864000000000317e+01
2.317763500000000058e+05 -1.624971000000000032e+01 9.042010000000000502e+01
2.317765500000000175e+05 -1.517675000000000018e+01 8.781779000000000224e+01
2.317767500000000000e+05 -1.623271000000000086e+01 8.870609000000000322e+01
2.317769500000000116e+05 -1.532884999999999920e+01 9.211878000000000100e+01
2.317771499999999942e+05 -1.647201000000000093e+01 8.681149000000000626e+01
2.317773500000000058e+05 -1.581218999999999930e+01 9.369934999999999548e+01
