# Time finished:
# 2015-06-01 22.01.36
# Temp volt start:
# 0.87292987
# Temp volt stop:
# 0.87292987
# Approx start T:
# 158.266784893
# Approx stop T:
# 158.17824905
# DC bias measured, messed up:
# 5.241837
# DC bias we asked for:
# 0
2.319092699999999895e+05 -1.601176999999999850e+01 1.431202000000000112e+02
2.319094700000000012e+05 -1.533907999999999916e+01 9.537932999999999595e+01
2.319096699999999837e+05 -1.450502999999999965e+01 7.786509999999999820e+01
2.319098699999999953e+05 -1.749089999999999989e+01 1.082793999999999954e+02
2.319100699999999779e+05 -1.915468999999999866e+01 1.146653000000000020e+02
2.319102699999999895e+05 -1.201003000000000043e+01 9.354120000000000346e+01
2.319104700000000012e+05 -1.315569999999999951e+01 1.075580999999999960e+02
2.319106699999999837e+05 -2.559902999999999906e+01 7.928306999999999505e+01
2.319108699999999953e+05 -1.485706000000000060e+01 1.016907000000000068e+02
2.319110699999999779e+05 -1.535501000000000005e+01 1.137704999999999984e+02
2.319112699999999895e+05 -2.040326999999999913e+01 8.208020000000000493e+01
2.319114700000000012e+05 -1.488841000000000037e+01 1.112540000000000049e+02
2.319116699999999837e+05 -1.996629000000000076e+01 1.166291999999999973e+02
2.319118699999999953e+05 -1.367557000000000045e+01 1.097606999999999999e+02
2.319120699999999779e+05 -1.515151000000000003e+01 1.083042999999999978e+02
2.319122699999999895e+05 -1.569297000000000075e+01 1.114411999999999949e+02
2.319124700000000012e+05 -1.884048999999999907e+01 1.153118000000000052e+02
2.319126699999999837e+05 -1.465234000000000059e+01 1.032460999999999984e+02
2.319128699999999953e+05 -1.340324999999999989e+01 1.216644000000000005e+02
2.319130699999999779e+05 -1.448822000000000010e+01 9.785320000000000107e+01
2.319132699999999895e+05 -1.581389000000000067e+01 7.633234000000000208e+01
2.319134700000000012e+05 -1.362856000000000023e+01 7.964624000000000592e+01
2.319136699999999837e+05 -1.246343000000000067e+01 7.558071999999999946e+01
2.319138699999999953e+05 -1.598963000000000001e+01 1.048311999999999955e+02
2.319140699999999779e+05 -1.354177999999999926e+01 1.004701000000000022e+02
2.319142699999999895e+05 -1.765082999999999913e+01 7.434063999999999339e+01
2.319144700000000012e+05 -1.698387999999999920e+01 9.709749999999999659e+01
2.319146699999999837e+05 -1.395170000000000066e+01 1.015831000000000017e+02
2.319148699999999953e+05 -1.529559000000000069e+01 1.055447999999999951e+02
2.319150699999999779e+05 -1.773078999999999894e+01 9.797894999999999754e+01
2.319152699999999895e+05 -1.346500999999999948e+01 9.385721999999999809e+01
2.319154700000000012e+05 -1.605891000000000091e+01 5.867356999999999800e+01
2.319156699999999837e+05 -1.438298999999999950e+01 8.206202999999999292e+01
2.319158699999999953e+05 -2.224671999999999983e+01 8.742055999999999472e+01
2.319160699999999779e+05 -2.003992999999999824e+01 6.085450999999999766e+01
2.319162699999999895e+05 -1.770664999999999978e+01 1.116517999999999944e+02
2.319164700000000012e+05 -1.292681999999999931e+01 8.970085000000000264e+01
2.319166699999999837e+05 -1.495245000000000068e+01 9.893882999999999583e+01
2.319168699999999953e+05 -1.392928999999999995e+01 8.275930999999999926e+01
2.319170699999999779e+05 -1.480005000000000059e+01 8.182514000000000465e+01
2.319172699999999895e+05 -1.565832999999999942e+01 9.833053999999999917e+01
2.319174700000000012e+05 -1.596692999999999962e+01 9.600824000000000069e+01
2.319176699999999837e+05 -2.001883000000000123e+01 1.547100000000000080e+02
2.319178699999999953e+05 -1.278649000000000058e+01 7.700794999999999391e+01
2.319180699999999779e+05 -1.805893999999999977e+01 9.153031000000000006e+01
2.319182699999999895e+05 -1.455663999999999980e+01 8.927419000000000437e+01
2.319184700000000012e+05 -1.373745000000000083e+01 1.003401999999999958e+02
2.319186699999999837e+05 -1.727094999999999914e+01 7.490718999999999994e+01
2.319188699999999953e+05 -1.616573999999999955e+01 1.006841000000000008e+02
2.319190699999999779e+05 -1.846024999999999849e+01 7.667014000000000351e+01
2.319192699999999895e+05 -1.730976000000000070e+01 1.226530999999999949e+02
2.319194700000000012e+05 -1.511275000000000013e+01 9.569594999999999629e+01
2.319196699999999837e+05 -1.703576999999999941e+01 1.306930999999999869e+02
2.319198699999999953e+05 -1.524768000000000079e+01 1.049129999999999967e+02
2.319200699999999779e+05 -1.737967000000000084e+01 1.066509999999999962e+02
2.319202699999999895e+05 -1.239260999999999946e+01 8.212752999999999304e+01
2.319204700000000012e+05 -1.701748999999999867e+01 8.681383999999999901e+01
2.319206699999999837e+05 -1.621760000000000090e+01 8.962000000000000455e+01
2.319208699999999953e+05 -2.071337000000000117e+01 8.929995999999999867e+01
2.319210699999999779e+05 -1.250353999999999921e+01 9.789440000000000452e+01
2.319212699999999895e+05 -1.633953999999999951e+01 1.253067000000000064e+02
2.319214700000000012e+05 -1.383449000000000062e+01 8.786364000000000374e+01
2.319216699999999837e+05 -1.588344000000000023e+01 1.211188999999999965e+02
2.319218699999999953e+05 -1.387498000000000076e+01 1.018902999999999963e+02
2.319220699999999779e+05 -1.478382000000000041e+01 9.397253000000000611e+01
2.319222699999999895e+05 -1.756231000000000009e+01 1.070827000000000027e+02
2.319224700000000012e+05 -1.550497999999999976e+01 8.691109000000000151e+01
2.319226699999999837e+05 -1.558971999999999980e+01 6.865962000000000387e+01
2.319228699999999953e+05 -1.682800999999999902e+01 8.567355000000000587e+01
2.319230699999999779e+05 -1.593800000000000061e+01 7.778641000000000361e+01
2.319232699999999895e+05 -1.495749999999999957e+01 8.267450999999999794e+01
2.319234700000000012e+05 -1.372845000000000049e+01 1.140070000000000050e+02
2.319236699999999837e+05 -1.309647000000000006e+01 8.472902999999999452e+01
2.319238699999999953e+05 -2.034562000000000026e+01 7.855227999999999611e+01
2.319240699999999779e+05 -1.651292000000000115e+01 1.083984999999999985e+02
2.319242699999999895e+05 -1.385360000000000014e+01 1.040028999999999968e+02
2.319244700000000012e+05 -1.677231000000000094e+01 7.681977999999999440e+01
2.319246699999999837e+05 -1.673838999999999899e+01 6.899670000000000414e+01
2.319248699999999953e+05 -1.372986000000000040e+01 1.335954000000000121e+02
2.319250699999999779e+05 -1.403633999999999915e+01 1.126535999999999973e+02
2.319252699999999895e+05 -1.706661000000000072e+01 7.208820000000000050e+01
2.319254700000000012e+05 -1.935181000000000040e+01 9.937162999999999613e+01
2.319256699999999837e+05 -1.351338999999999935e+01 1.197659000000000020e+02
2.319258699999999953e+05 -1.393154999999999966e+01 8.273882000000000403e+01
2.319260699999999779e+05 -1.689385000000000048e+01 9.221441000000000088e+01
2.319262699999999895e+05 -1.532781999999999911e+01 7.593657000000000323e+01
2.319264700000000012e+05 -1.700101000000000084e+01 1.096741999999999990e+02
2.319266699999999837e+05 -1.636533999999999978e+01 9.698471000000000686e+01
2.319268699999999953e+05 -1.544758000000000031e+01 7.473944000000000187e+01
2.319270699999999779e+05 -1.212504999999999988e+01 1.099925999999999959e+02
2.319272699999999895e+05 -1.837421000000000149e+01 1.254435000000000002e+02
2.319274700000000012e+05 -1.389581000000000088e+01 8.659968999999999539e+01
2.319276699999999837e+05 -1.643139000000000038e+01 7.724227999999999383e+01
2.319278699999999953e+05 -1.879701000000000022e+01 1.143169999999999931e+02
2.319280699999999779e+05 -1.812978000000000023e+01 1.084643999999999977e+02
2.319282699999999895e+05 -1.674083999999999861e+01 8.859505000000000052e+01
2.319284700000000012e+05 -2.312657000000000096e+01 8.866205999999999676e+01
2.319286699999999837e+05 -1.422207000000000043e+01 1.075367999999999995e+02
2.319288699999999953e+05 -1.435022000000000020e+01 8.518010999999999910e+01
2.319290699999999779e+05 -1.612154999999999916e+01 1.017233999999999980e+02
2.319292699999999895e+05 -1.393247000000000035e+01 1.077351000000000028e+02
