# Time finished:
# 2015-06-03 17.15.07
# Temp volt start:
# 1.0119713
# Temp volt stop:
# 1.0119713
# Approx start T:
# 85.8563316021
# Approx stop T:
# 85.8498639151
# DC bias measured, messed up:
# 1.445005
# DC bias we asked for:
# 0
2.318201700000000128e+05 -1.563395000000000046e+01 8.799674000000000262e+01
2.318203700000000244e+05 -1.600824000000000069e+01 9.133513999999999555e+01
2.318205700000000070e+05 -1.508304000000000045e+01 9.348578999999999439e+01
2.318207700000000186e+05 -1.561297000000000068e+01 9.106358000000000175e+01
2.318209700000000012e+05 -1.484730000000000061e+01 8.859305999999999415e+01
2.318211700000000128e+05 -1.589338000000000051e+01 9.087139000000000522e+01
2.318213700000000244e+05 -1.684562000000000026e+01 9.240122999999999820e+01
2.318215700000000070e+05 -1.681653999999999982e+01 9.588707999999999743e+01
2.318217700000000186e+05 -1.600800999999999874e+01 9.083293000000000461e+01
2.318219700000000012e+05 -1.612414000000000058e+01 9.080679000000000656e+01
2.318221700000000128e+05 -1.575746000000000002e+01 9.648018000000000427e+01
2.318223700000000244e+05 -1.608693999999999846e+01 9.081725000000000136e+01
2.318225700000000070e+05 -1.549004000000000048e+01 9.997956999999999539e+01
2.318227700000000186e+05 -1.630839999999999890e+01 9.509421000000000390e+01
2.318229700000000012e+05 -1.475764999999999993e+01 8.930491999999999564e+01
2.318231700000000128e+05 -1.477199000000000062e+01 9.106521999999999650e+01
2.318233700000000244e+05 -1.494115000000000038e+01 9.102469999999999573e+01
2.318235700000000070e+05 -1.607602999999999938e+01 9.722905000000000086e+01
2.318237700000000186e+05 -1.474239000000000033e+01 9.195255000000000223e+01
2.318239700000000012e+05 -1.635246000000000066e+01 9.404201999999999373e+01
2.318241700000000128e+05 -1.623275999999999897e+01 9.273197999999999297e+01
2.318243700000000244e+05 -1.600008000000000052e+01 9.401869000000000653e+01
2.318245700000000070e+05 -1.645352000000000103e+01 9.338782000000000494e+01
2.318247700000000186e+05 -1.527338999999999913e+01 8.670574000000000581e+01
2.318249700000000012e+05 -1.552311000000000085e+01 9.578748000000000218e+01
2.318251700000000128e+05 -1.623487000000000080e+01 8.801733000000000118e+01
2.318253700000000244e+05 -1.538320000000000043e+01 9.196290999999999372e+01
2.318255700000000070e+05 -1.531436000000000064e+01 9.385308000000000561e+01
2.318257700000000186e+05 -1.507987999999999928e+01 9.121657999999999333e+01
2.318259700000000012e+05 -1.520895999999999937e+01 9.339010000000000389e+01
2.318261700000000128e+05 -1.609675000000000011e+01 8.797637000000000285e+01
2.318263700000000244e+05 -1.510463999999999984e+01 9.843107000000000539e+01
2.318265700000000070e+05 -1.563405999999999985e+01 8.556589999999999918e+01
2.318267700000000186e+05 -1.636867000000000161e+01 9.923308000000000106e+01
2.318269700000000012e+05 -1.570975999999999928e+01 9.141969000000000278e+01
2.318271700000000128e+05 -1.629082999999999970e+01 9.180858999999999526e+01
2.318273700000000244e+05 -1.501314999999999955e+01 9.508167000000000257e+01
2.318275700000000070e+05 -1.594078000000000017e+01 9.729797999999999547e+01
2.318277700000000186e+05 -1.526524000000000036e+01 8.624410000000000309e+01
2.318279700000000012e+05 -1.616833000000000098e+01 9.519671999999999912e+01
2.318281700000000128e+05 -1.527321000000000062e+01 8.281154999999999688e+01
2.318283700000000244e+05 -1.564343000000000039e+01 8.604789999999999850e+01
2.318285700000000070e+05 -1.546870000000000012e+01 9.112133000000000038e+01
2.318287700000000186e+05 -1.590310999999999986e+01 9.413706999999999425e+01
2.318289700000000012e+05 -1.578842999999999996e+01 9.239159999999999684e+01
2.318291700000000128e+05 -1.584642000000000017e+01 9.276550000000000296e+01
2.318293700000000244e+05 -1.540367999999999959e+01 9.279330000000000211e+01
2.318295700000000070e+05 -1.579341999999999935e+01 8.704610999999999876e+01
2.318297700000000186e+05 -1.484920999999999935e+01 8.635929000000000144e+01
2.318299700000000012e+05 -1.529504000000000019e+01 9.209387999999999863e+01
2.318301700000000128e+05 -1.554212000000000060e+01 9.109453000000000600e+01
2.318303700000000244e+05 -1.484229000000000021e+01 9.527966999999999587e+01
2.318305700000000070e+05 -1.618046000000000006e+01 8.334353000000000122e+01
2.318307700000000186e+05 -1.580851000000000006e+01 9.300825000000000387e+01
2.318309700000000012e+05 -1.620145000000000124e+01 9.026292999999999722e+01
2.318311700000000128e+05 -1.663901999999999859e+01 9.324993999999999517e+01
2.318313700000000244e+05 -1.616855999999999938e+01 9.131280999999999892e+01
2.318315700000000070e+05 -1.549165999999999954e+01 9.170978999999999814e+01
2.318317700000000186e+05 -1.603744999999999976e+01 9.274850000000000705e+01
2.318319700000000012e+05 -1.569674000000000014e+01 9.252346000000000004e+01
2.318321700000000128e+05 -1.614938000000000073e+01 9.144342000000000326e+01
2.318323700000000244e+05 -1.488982999999999990e+01 9.092583000000000482e+01
2.318325700000000070e+05 -1.557634999999999970e+01 8.548848999999999876e+01
2.318327700000000186e+05 -1.613560999999999979e+01 8.796397000000000332e+01
2.318329700000000012e+05 -1.560119000000000078e+01 8.937498999999999683e+01
2.318331700000000128e+05 -1.616365000000000052e+01 9.053755999999999915e+01
2.318333700000000244e+05 -1.630959999999999965e+01 9.167408000000000357e+01
2.318335700000000070e+05 -1.628277999999999892e+01 8.852312000000000580e+01
2.318337700000000186e+05 -1.543394999999999939e+01 9.540944000000000358e+01
2.318339700000000012e+05 -1.526586999999999961e+01 8.730769999999999698e+01
2.318341700000000128e+05 -1.567755000000000010e+01 8.958474999999999966e+01
2.318343700000000244e+05 -1.558022000000000062e+01 9.908393999999999835e+01
2.318345700000000070e+05 -1.547410999999999959e+01 9.207139999999999702e+01
2.318347700000000186e+05 -1.583350000000000080e+01 8.613728000000000407e+01
2.318349700000000012e+05 -1.602919999999999945e+01 8.738908000000000698e+01
2.318351700000000128e+05 -1.599638000000000027e+01 9.745609000000000322e+01
2.318353700000000244e+05 -1.607713999999999999e+01 9.325826000000000704e+01
2.318355700000000070e+05 -1.553364999999999974e+01 8.832271000000000072e+01
2.318357700000000186e+05 -1.577692000000000050e+01 8.854932999999999765e+01
2.318359700000000012e+05 -1.571743999999999986e+01 1.016585000000000036e+02
2.318361700000000128e+05 -1.580746000000000073e+01 9.451053000000000281e+01
2.318363700000000244e+05 -1.596083999999999925e+01 9.401942999999999984e+01
2.318365700000000070e+05 -1.544018999999999942e+01 9.302733000000000629e+01
2.318367700000000186e+05 -1.543638999999999939e+01 9.160410000000000252e+01
2.318369700000000012e+05 -1.607708999999999833e+01 9.326380000000000337e+01
2.318371700000000128e+05 -1.568619999999999948e+01 9.056991999999999621e+01
2.318373700000000244e+05 -1.607337000000000060e+01 9.197826000000000590e+01
2.318375700000000070e+05 -1.513659999999999961e+01 8.958451999999999771e+01
2.318377700000000186e+05 -1.546780000000000044e+01 8.884084000000000003e+01
2.318379700000000012e+05 -1.610297999999999874e+01 9.016128000000000497e+01
2.318381700000000128e+05 -1.631870999999999938e+01 8.823560000000000514e+01
2.318383700000000244e+05 -1.535077000000000069e+01 9.361745000000000516e+01
2.318385700000000070e+05 -1.586377000000000059e+01 9.387757999999999470e+01
2.318387700000000186e+05 -1.505214999999999925e+01 9.395202000000000453e+01
2.318389700000000012e+05 -1.553592000000000084e+01 8.722915000000000418e+01
2.318391700000000128e+05 -1.472844000000000086e+01 9.843529999999999802e+01
2.318393700000000244e+05 -1.633369000000000071e+01 9.338469000000000619e+01
2.318395700000000070e+05 -1.524280000000000079e+01 9.384923999999999467e+01
2.318397700000000186e+05 -1.524056999999999995e+01 9.478166000000000224e+01
2.318399700000000012e+05 -1.564093000000000089e+01 9.338389999999999702e+01
2.318401700000000128e+05 -1.580113000000000056e+01 9.102640999999999849e+01
