# Time finished:
# 2015-06-03 01.56.14
# Temp volt start:
# 1.0269844
# Temp volt stop:
# 1.0269844
# Approx start T:
# 77.3337439649
# Approx stop T:
# 77.3308215238
# DC bias measured, messed up:
# 1.018969
# DC bias we asked for:
# 0
2.318029400000000023e+05 -1.461501999999999946e+01 9.544938000000000500e+01
2.318031400000000140e+05 -1.622130999999999901e+01 9.523906999999999812e+01
2.318033399999999965e+05 -1.552092999999999989e+01 9.297279000000000337e+01
2.318035400000000081e+05 -1.604821000000000097e+01 9.558250999999999920e+01
2.318037399999999907e+05 -1.610433000000000092e+01 9.925803999999999405e+01
2.318039400000000023e+05 -1.558276000000000039e+01 8.859174000000000149e+01
2.318041400000000140e+05 -1.577595999999999954e+01 9.272820000000000107e+01
2.318043399999999965e+05 -1.462947999999999915e+01 9.641813999999999396e+01
2.318045400000000081e+05 -1.527486000000000033e+01 9.459051999999999794e+01
2.318047399999999907e+05 -1.550203999999999915e+01 9.874894999999999357e+01
2.318049400000000023e+05 -1.586766000000000076e+01 9.431592999999999449e+01
2.318051400000000140e+05 -1.573391999999999946e+01 9.563800999999999419e+01
2.318053399999999965e+05 -1.565029999999999966e+01 9.704139000000000692e+01
2.318055400000000081e+05 -1.563002000000000002e+01 9.227327999999999975e+01
2.318057399999999907e+05 -1.570321000000000033e+01 8.949581000000000586e+01
2.318059400000000023e+05 -1.477191000000000010e+01 9.841903999999999542e+01
2.318061400000000140e+05 -1.579538999999999938e+01 9.382573999999999614e+01
2.318063399999999965e+05 -1.548248000000000069e+01 9.135294000000000381e+01
2.318065400000000081e+05 -1.650212000000000145e+01 8.912354999999999450e+01
2.318067399999999907e+05 -1.503508000000000067e+01 9.501031000000000404e+01
2.318069400000000023e+05 -1.470852000000000004e+01 9.280661000000000627e+01
2.318071400000000140e+05 -1.576694999999999958e+01 8.630764999999999532e+01
2.318073399999999965e+05 -1.604560999999999993e+01 9.034659999999999513e+01
2.318075400000000081e+05 -1.519172000000000011e+01 9.401927999999999486e+01
2.318077399999999907e+05 -1.521452000000000027e+01 9.629340000000000543e+01
2.318079400000000023e+05 -1.661469999999999914e+01 8.853542000000000201e+01
2.318081400000000140e+05 -1.543474999999999930e+01 8.948896999999999480e+01
2.318083399999999965e+05 -1.498100999999999949e+01 8.780986000000000047e+01
2.318085400000000081e+05 -1.519011000000000067e+01 9.708427000000000362e+01
2.318087399999999907e+05 -1.580841000000000030e+01 1.001587999999999994e+02
2.318089400000000023e+05 -1.551155999999999935e+01 9.651819000000000415e+01
2.318091400000000140e+05 -1.649284000000000106e+01 9.031291000000000224e+01
2.318093399999999965e+05 -1.583961000000000041e+01 9.029362999999999317e+01
2.318095400000000081e+05 -1.646473999999999904e+01 9.294382000000000232e+01
2.318097399999999907e+05 -1.577483999999999931e+01 8.922191999999999723e+01
2.318099400000000023e+05 -1.487191999999999936e+01 9.257344999999999402e+01
2.318101400000000140e+05 -1.553658000000000072e+01 9.122189000000000192e+01
2.318103399999999965e+05 -1.630538999999999916e+01 9.192190999999999690e+01
2.318105400000000081e+05 -1.575592999999999932e+01 9.503238000000000341e+01
2.318107399999999907e+05 -1.571870000000000012e+01 8.913218000000000529e+01
2.318109400000000023e+05 -1.591409999999999947e+01 8.294328000000000145e+01
2.318111400000000140e+05 -1.589007999999999932e+01 9.702961000000000524e+01
2.318113399999999965e+05 -1.582784000000000013e+01 9.553645000000000209e+01
2.318115400000000081e+05 -1.710096000000000060e+01 9.164633999999999503e+01
2.318117399999999907e+05 -1.553814000000000028e+01 8.921403999999999712e+01
2.318119400000000023e+05 -1.640265000000000128e+01 8.643014999999999759e+01
2.318121400000000140e+05 -1.471884000000000015e+01 9.120154999999999745e+01
2.318123399999999965e+05 -1.615881999999999863e+01 9.029917000000000371e+01
2.318125400000000081e+05 -1.612455999999999889e+01 9.057352000000000203e+01
2.318127399999999907e+05 -1.480760000000000076e+01 8.987382999999999811e+01
2.318129400000000023e+05 -1.536001000000000083e+01 9.518961000000000183e+01
2.318131400000000140e+05 -1.561111000000000004e+01 9.477112999999999943e+01
2.318133399999999965e+05 -1.680421000000000120e+01 8.884905999999999437e+01
2.318135400000000081e+05 -1.584140000000000015e+01 9.053306000000000608e+01
2.318137399999999907e+05 -1.544280999999999970e+01 8.550355999999999312e+01
2.318139400000000023e+05 -1.532155999999999985e+01 9.081247999999999365e+01
2.318141400000000140e+05 -1.580935000000000024e+01 9.127590999999999610e+01
2.318143399999999965e+05 -1.558045000000000080e+01 9.832922000000000651e+01
2.318145400000000081e+05 -1.622750999999999877e+01 9.743102000000000373e+01
2.318147399999999907e+05 -1.588396999999999970e+01 9.150415999999999883e+01
2.318149400000000023e+05 -1.617776999999999887e+01 9.651582000000000505e+01
2.318151400000000140e+05 -1.553055999999999948e+01 9.640720000000000312e+01
2.318153399999999965e+05 -1.630676000000000059e+01 9.424558000000000391e+01
2.318155400000000081e+05 -1.632742999999999967e+01 9.282732000000000028e+01
2.318157399999999907e+05 -1.517308000000000057e+01 9.187568000000000268e+01
2.318159400000000023e+05 -1.540082999999999913e+01 9.310786000000000229e+01
2.318161400000000140e+05 -1.546686000000000050e+01 8.924537999999999727e+01
2.318163399999999965e+05 -1.555489000000000033e+01 8.909089000000000169e+01
2.318165400000000081e+05 -1.539953000000000038e+01 9.287812999999999874e+01
2.318167399999999907e+05 -1.669078999999999979e+01 8.673529000000000622e+01
2.318169400000000023e+05 -1.486989999999999945e+01 9.192753999999999337e+01
2.318171400000000140e+05 -1.473733000000000004e+01 9.173221999999999809e+01
2.318173399999999965e+05 -1.676013000000000019e+01 9.090024999999999977e+01
2.318175400000000081e+05 -1.486434999999999995e+01 9.084234999999999616e+01
2.318177399999999907e+05 -1.465357999999999983e+01 9.750545999999999935e+01
2.318179400000000023e+05 -1.626706000000000074e+01 9.449842999999999904e+01
2.318181400000000140e+05 -1.644465999999999894e+01 9.255720999999999776e+01
2.318183399999999965e+05 -1.523944000000000010e+01 8.923784999999999457e+01
2.318185400000000081e+05 -1.576178999999999952e+01 8.983078000000000429e+01
2.318187399999999907e+05 -1.575852000000000075e+01 8.497804999999999609e+01
2.318189400000000023e+05 -1.655405000000000015e+01 8.844306000000000267e+01
2.318191400000000140e+05 -1.659448000000000079e+01 9.041855999999999938e+01
2.318193399999999965e+05 -1.573856999999999928e+01 9.177898000000000422e+01
2.318195400000000081e+05 -1.605190999999999946e+01 8.896641999999999939e+01
2.318197399999999907e+05 -1.659991000000000128e+01 9.121527000000000385e+01
2.318199400000000023e+05 -1.592446999999999946e+01 8.940085000000000548e+01
2.318201400000000140e+05 -1.592689999999999984e+01 9.372226999999999464e+01
2.318203399999999965e+05 -1.622222999999999971e+01 9.092257999999999640e+01
2.318205400000000081e+05 -1.528801999999999950e+01 9.082101000000000113e+01
2.318207399999999907e+05 -1.603735999999999962e+01 9.421513000000000204e+01
2.318209400000000023e+05 -1.538800999999999952e+01 8.730228999999999928e+01
2.318211400000000140e+05 -1.566332000000000058e+01 9.537073999999999785e+01
2.318213399999999965e+05 -1.553734000000000037e+01 8.921374000000000137e+01
2.318215400000000081e+05 -1.519542999999999999e+01 8.630594999999999573e+01
2.318217399999999907e+05 -1.635344999999999871e+01 8.411194999999999311e+01
2.318219400000000023e+05 -1.540085999999999977e+01 9.264303999999999917e+01
2.318221400000000140e+05 -1.477248999999999945e+01 9.280673000000000172e+01
2.318223399999999965e+05 -1.634440000000000026e+01 9.476900000000000546e+01
2.318225400000000081e+05 -1.594411000000000023e+01 8.951690999999999576e+01
2.318227399999999907e+05 -1.536421999999999954e+01 9.242149000000000569e+01
2.318229400000000023e+05 -1.605611999999999995e+01 9.234672999999999377e+01
