# Time finished:
# 2015-06-03 15.02.44
# Temp volt start:
# 1.0114299
# Temp volt stop:
# 1.0114299
# Approx start T:
# 86.1607154866
# Approx stop T:
# 86.1369410398
# DC bias measured, messed up:
# 0.9809021
# DC bias we asked for:
# 0
2.318208699999999953e+05 -1.561402999999999963e+01 8.875901000000000352e+01
2.318210700000000070e+05 -1.535994999999999955e+01 9.499268999999999608e+01
2.318212699999999895e+05 -1.676720999999999862e+01 8.530939999999999657e+01
2.318214700000000012e+05 -1.630876999999999910e+01 8.960078000000000031e+01
2.318216699999999837e+05 -1.630130000000000123e+01 8.733356999999999459e+01
2.318218699999999953e+05 -1.634769000000000005e+01 9.981490999999999758e+01
2.318220700000000070e+05 -1.545327999999999946e+01 8.897584000000000515e+01
2.318222699999999895e+05 -1.522198999999999991e+01 9.261463999999999430e+01
2.318224700000000012e+05 -1.627568000000000126e+01 1.004300999999999959e+02
2.318226699999999837e+05 -1.543689999999999962e+01 9.478443000000000040e+01
2.318228699999999953e+05 -1.634710000000000107e+01 9.269039999999999679e+01
2.318230700000000070e+05 -1.646847999999999956e+01 9.187214000000000169e+01
2.318232699999999895e+05 -1.570599999999999952e+01 9.808362999999999943e+01
2.318234700000000012e+05 -1.515708000000000055e+01 9.625364000000000431e+01
2.318236699999999837e+05 -1.549593999999999916e+01 9.272530000000000427e+01
2.318238699999999953e+05 -1.490813999999999950e+01 9.354998999999999398e+01
2.318240700000000070e+05 -1.516241999999999912e+01 9.754361000000000104e+01
2.318242699999999895e+05 -1.606287999999999982e+01 9.725090000000000146e+01
2.318244700000000012e+05 -1.548596000000000039e+01 9.030145000000000266e+01
2.318246699999999837e+05 -1.513519999999999932e+01 9.274065000000000225e+01
2.318248699999999953e+05 -1.512691000000000052e+01 8.866258999999999446e+01
2.318250700000000070e+05 -1.602484000000000108e+01 9.477190000000000225e+01
2.318252699999999895e+05 -1.534938999999999965e+01 9.297695000000000221e+01
2.318254700000000012e+05 -1.679616000000000042e+01 9.606852999999999554e+01
2.318256699999999837e+05 -1.609909999999999997e+01 9.557310999999999979e+01
2.318258699999999953e+05 -1.474297999999999931e+01 9.610332999999999970e+01
2.318260700000000070e+05 -1.468478999999999957e+01 9.454191000000000145e+01
2.318262699999999895e+05 -1.617323000000000022e+01 9.638097999999999388e+01
2.318264700000000012e+05 -1.473982999999999954e+01 9.655029000000000394e+01
2.318266699999999837e+05 -1.502618999999999971e+01 9.483026999999999873e+01
2.318268699999999953e+05 -1.591915999999999976e+01 9.002524999999999977e+01
2.318270700000000070e+05 -1.678280000000000172e+01 9.139520000000000266e+01
2.318272699999999895e+05 -1.620778999999999925e+01 9.415391999999999939e+01
2.318274700000000012e+05 -1.587515999999999927e+01 8.953933000000000675e+01
2.318276699999999837e+05 -1.529077000000000019e+01 9.523380000000000223e+01
2.318278699999999953e+05 -1.584900000000000020e+01 9.486744000000000199e+01
2.318280700000000070e+05 -1.566200000000000081e+01 9.458586999999999989e+01
2.318282699999999895e+05 -1.601245000000000118e+01 8.793007000000000062e+01
2.318284700000000012e+05 -1.546246999999999971e+01 9.649464999999999293e+01
2.318286699999999837e+05 -1.618180999999999869e+01 9.533361999999999625e+01
2.318288699999999953e+05 -1.551435000000000031e+01 8.662176999999999794e+01
2.318290700000000070e+05 -1.565049999999999919e+01 8.688848000000000127e+01
2.318292699999999895e+05 -1.628419999999999845e+01 9.495865000000000578e+01
2.318294700000000012e+05 -1.604786999999999964e+01 9.257983000000000118e+01
2.318296699999999837e+05 -1.552641999999999989e+01 8.869698999999999955e+01
2.318298699999999953e+05 -1.473840000000000039e+01 9.309251000000000431e+01
2.318300700000000070e+05 -1.489607999999999954e+01 9.014601999999999293e+01
2.318302699999999895e+05 -1.593103999999999942e+01 9.232495000000000118e+01
2.318304700000000012e+05 -1.600506000000000029e+01 9.735733999999999355e+01
2.318306699999999837e+05 -1.508918000000000070e+01 9.599596999999999980e+01
2.318308699999999953e+05 -1.659935000000000116e+01 8.770117000000000473e+01
2.318310700000000070e+05 -1.675069999999999837e+01 8.985242999999999824e+01
2.318312699999999895e+05 -1.516849000000000025e+01 9.837676999999999339e+01
2.318314700000000012e+05 -1.543825000000000003e+01 9.454891999999999541e+01
2.318316699999999837e+05 -1.618711000000000055e+01 9.375847000000000264e+01
2.318318699999999953e+05 -1.478322999999999965e+01 9.118738999999999351e+01
2.318320700000000070e+05 -1.507344999999999935e+01 9.564621999999999957e+01
2.318322699999999895e+05 -1.588574000000000019e+01 9.054984000000000322e+01
2.318324700000000012e+05 -1.559669000000000061e+01 9.592802000000000362e+01
2.318326699999999837e+05 -1.547474000000000061e+01 8.908038000000000523e+01
2.318328699999999953e+05 -1.630547999999999931e+01 9.162622000000000355e+01
2.318330700000000070e+05 -1.594133000000000067e+01 9.604308000000000334e+01
2.318332699999999895e+05 -1.560730000000000040e+01 9.395941999999999439e+01
2.318334700000000012e+05 -1.614557999999999893e+01 9.191581999999999653e+01
2.318336699999999837e+05 -1.626792000000000016e+01 8.763598000000000354e+01
2.318338699999999953e+05 -1.518826999999999927e+01 9.380092999999999392e+01
2.318340700000000070e+05 -1.566229000000000049e+01 9.160945999999999856e+01
2.318342699999999895e+05 -1.592886000000000024e+01 9.181583999999999435e+01
2.318344700000000012e+05 -1.598621999999999943e+01 9.142248999999999626e+01
2.318346699999999837e+05 -1.545797999999999917e+01 9.467086000000000467e+01
2.318348699999999953e+05 -1.649254000000000175e+01 9.336843000000000359e+01
2.318350700000000070e+05 -1.642417000000000016e+01 9.106037999999999499e+01
2.318352699999999895e+05 -1.628424000000000049e+01 8.896423000000000059e+01
2.318354700000000012e+05 -1.551116000000000028e+01 9.981589999999999918e+01
2.318356699999999837e+05 -1.523695000000000022e+01 9.533778999999999826e+01
2.318358699999999953e+05 -1.532897999999999961e+01 9.143269999999999698e+01
2.318360700000000070e+05 -1.532508999999999943e+01 9.548801000000000272e+01
2.318362699999999895e+05 -1.611706999999999823e+01 9.048193000000000552e+01
2.318364700000000012e+05 -1.549244000000000021e+01 9.723839999999999861e+01
2.318366699999999837e+05 -1.510727999999999938e+01 9.030691000000000201e+01
2.318368699999999953e+05 -1.572118000000000038e+01 8.344902000000000442e+01
2.318370700000000070e+05 -1.543313000000000024e+01 9.249348000000000525e+01
2.318372699999999895e+05 -1.526844000000000001e+01 8.918278999999999712e+01
2.318374700000000012e+05 -1.609793000000000163e+01 9.309562999999999988e+01
2.318376699999999837e+05 -1.635786999999999836e+01 9.377209000000000572e+01
2.318378699999999953e+05 -1.584347999999999956e+01 8.764985000000000070e+01
2.318380700000000070e+05 -1.535097000000000023e+01 8.723081999999999425e+01
2.318382699999999895e+05 -1.623049999999999926e+01 9.535056000000000154e+01
2.318384700000000012e+05 -1.506814999999999927e+01 8.636999000000000137e+01
2.318386699999999837e+05 -1.583580000000000076e+01 9.574615000000000009e+01
2.318388699999999953e+05 -1.537886999999999915e+01 8.479281000000000290e+01
2.318390700000000070e+05 -1.569280999999999970e+01 8.549410000000000309e+01
2.318392699999999895e+05 -1.593821999999999939e+01 9.487906999999999869e+01
2.318394700000000012e+05 -1.518280999999999992e+01 8.957917000000000485e+01
2.318396699999999837e+05 -1.432618000000000080e+01 9.044162000000000035e+01
2.318398699999999953e+05 -1.587517000000000067e+01 9.766488999999999976e+01
2.318400700000000070e+05 -1.561918000000000006e+01 9.321442999999999302e+01
2.318402699999999895e+05 -1.484661000000000008e+01 9.490537999999999386e+01
2.318404700000000012e+05 -1.654288999999999987e+01 8.911856000000000222e+01
2.318406699999999837e+05 -1.512768999999999942e+01 9.240103000000000577e+01
2.318408699999999953e+05 -1.498592000000000013e+01 8.782295000000000584e+01
