# Time finished:
# 2015-06-04 14.15.07
# Temp volt start:
# 0.89558201
# Temp volt stop:
# 0.89558201
# Approx start T:
# 147.155744972
# Approx stop T:
# 147.180881684
# DC bias measured, messed up:
# 0.9007301
# DC bias we asked for:
# 0
2.319161900000000023e+05 -1.538880999999999943e+01 8.849683000000000277e+01
2.319163900000000140e+05 -1.547265999999999941e+01 8.979317000000000348e+01
2.319165899999999965e+05 -1.528675999999999924e+01 9.446565999999999974e+01
2.319167900000000081e+05 -1.467679000000000045e+01 9.521535000000000082e+01
2.319169899999999907e+05 -1.519134999999999991e+01 9.294379000000000701e+01
2.319171900000000023e+05 -1.608148999999999873e+01 9.098014000000000578e+01
2.319173900000000140e+05 -1.482231999999999950e+01 9.265730000000000643e+01
2.319175899999999965e+05 -1.572635000000000005e+01 9.568200000000000216e+01
2.319177900000000081e+05 -1.588050999999999924e+01 9.046108999999999867e+01
2.319179899999999907e+05 -1.592197999999999958e+01 9.138966000000000633e+01
2.319181900000000023e+05 -1.596590999999999916e+01 1.037317000000000036e+02
2.319183900000000140e+05 -1.607195000000000107e+01 9.350847000000000264e+01
2.319185899999999965e+05 -1.576773000000000025e+01 9.500359000000000265e+01
2.319187900000000081e+05 -1.545969000000000015e+01 9.294186000000000547e+01
2.319189899999999907e+05 -1.551050000000000040e+01 9.697624000000000422e+01
2.319191900000000023e+05 -1.621736999999999895e+01 9.278400000000000603e+01
2.319193900000000140e+05 -1.522611999999999988e+01 9.339271999999999707e+01
2.319195899999999965e+05 -1.564672000000000018e+01 9.703848000000000695e+01
2.319197900000000081e+05 -1.492066999999999943e+01 8.751017000000000223e+01
2.319199899999999907e+05 -1.569642999999999944e+01 9.498892999999999631e+01
2.319201900000000023e+05 -1.569726999999999961e+01 9.224772000000000105e+01
2.319203900000000140e+05 -1.587087999999999965e+01 9.526367999999999370e+01
2.319205899999999965e+05 -1.557862000000000080e+01 9.305186999999999387e+01
2.319207900000000081e+05 -1.561378999999999984e+01 9.304482000000000141e+01
2.319209899999999907e+05 -1.583328999999999986e+01 8.908182999999999652e+01
2.319211900000000023e+05 -1.519368000000000052e+01 9.273563000000000045e+01
2.319213900000000140e+05 -1.576778999999999975e+01 1.016226000000000056e+02
2.319215899999999965e+05 -1.585421000000000014e+01 9.164025999999999783e+01
2.319217900000000081e+05 -1.539004000000000083e+01 9.184064999999999657e+01
2.319219899999999907e+05 -1.549344999999999928e+01 9.405729999999999791e+01
2.319221900000000023e+05 -1.655261000000000138e+01 9.768540000000000134e+01
2.319223900000000140e+05 -1.584839999999999982e+01 9.607204000000000121e+01
2.319225899999999965e+05 -1.623309000000000069e+01 8.777580000000000382e+01
2.319227900000000081e+05 -1.476083999999999996e+01 9.452806999999999960e+01
2.319229899999999907e+05 -1.470571999999999946e+01 8.898847999999999558e+01
2.319231900000000023e+05 -1.647694999999999865e+01 9.527112999999999943e+01
2.319233900000000140e+05 -1.653879999999999839e+01 1.018733000000000004e+02
2.319235899999999965e+05 -1.641491999999999862e+01 8.877975000000000705e+01
2.319237900000000081e+05 -1.530762000000000000e+01 9.854805000000000348e+01
2.319239899999999907e+05 -1.576421000000000028e+01 9.546294000000000324e+01
2.319241900000000023e+05 -1.553924999999999912e+01 9.125287000000000148e+01
2.319243900000000140e+05 -1.594208000000000069e+01 9.527177000000000362e+01
2.319245899999999965e+05 -1.592634999999999934e+01 9.739520000000000266e+01
2.319247900000000081e+05 -1.479838999999999949e+01 9.627907999999999333e+01
2.319249899999999907e+05 -1.490262000000000064e+01 8.972402999999999906e+01
2.319251900000000023e+05 -1.585668000000000077e+01 9.234051999999999794e+01
2.319253900000000140e+05 -1.530012999999999934e+01 9.612668999999999642e+01
2.319255899999999965e+05 -1.541304000000000052e+01 8.861673999999999296e+01
2.319257900000000081e+05 -1.612963999999999842e+01 8.989934999999999832e+01
2.319259899999999907e+05 -1.632770000000000010e+01 9.178848999999999592e+01
2.319261900000000023e+05 -1.538076000000000043e+01 9.814379999999999882e+01
2.319263900000000140e+05 -1.564991000000000021e+01 9.955164999999999509e+01
2.319265899999999965e+05 -1.646368000000000009e+01 8.586196999999999946e+01
2.319267900000000081e+05 -1.543256000000000050e+01 8.570171999999999457e+01
2.319269899999999907e+05 -1.532771999999999935e+01 9.383268999999999949e+01
2.319271900000000023e+05 -1.426030000000000086e+01 9.202652999999999395e+01
2.319273900000000140e+05 -1.551407000000000025e+01 9.821671000000000618e+01
2.319275899999999965e+05 -1.615640000000000143e+01 9.097628000000000270e+01
2.319277900000000081e+05 -1.568824000000000041e+01 9.636505999999999972e+01
2.319279899999999907e+05 -1.576120000000000054e+01 8.761514999999999986e+01
2.319281900000000023e+05 -1.604689000000000121e+01 8.897368000000000166e+01
2.319283900000000140e+05 -1.580610000000000070e+01 9.699079000000000406e+01
2.319285899999999965e+05 -1.573409000000000013e+01 9.224074000000000240e+01
2.319287900000000081e+05 -1.540137000000000000e+01 8.773560000000000514e+01
2.319289899999999907e+05 -1.537350999999999956e+01 9.217144000000000403e+01
2.319291900000000023e+05 -1.551049000000000078e+01 9.238263999999999498e+01
2.319293900000000140e+05 -1.611984999999999957e+01 9.784581000000000017e+01
2.319295899999999965e+05 -1.548908999999999914e+01 9.137530999999999892e+01
2.319297900000000081e+05 -1.621735999999999933e+01 9.205079000000000633e+01
2.319299899999999907e+05 -1.635757999999999868e+01 9.055086000000000013e+01
2.319301900000000023e+05 -1.526310999999999929e+01 9.023318999999999335e+01
2.319303900000000140e+05 -1.525850999999999935e+01 9.229613999999999407e+01
2.319305899999999965e+05 -1.536893000000000065e+01 8.675612999999999886e+01
2.319307900000000081e+05 -1.518901999999999930e+01 8.939103000000000065e+01
2.319309899999999907e+05 -1.592137999999999920e+01 9.585670000000000357e+01
2.319311900000000023e+05 -1.512767000000000017e+01 9.382437000000000182e+01
2.319313900000000140e+05 -1.574923000000000073e+01 9.881476999999999578e+01
2.319315899999999965e+05 -1.640110999999999919e+01 9.152931999999999846e+01
2.319317900000000081e+05 -1.573325999999999958e+01 9.454404999999999859e+01
2.319319899999999907e+05 -1.640307999999999922e+01 9.476179999999999382e+01
2.319321900000000023e+05 -1.540409000000000006e+01 9.549473999999999307e+01
2.319323900000000140e+05 -1.557728000000000002e+01 9.214888000000000545e+01
2.319325899999999965e+05 -1.646862000000000137e+01 9.026166000000000622e+01
2.319327900000000081e+05 -1.631109000000000009e+01 8.686167000000000371e+01
2.319329899999999907e+05 -1.585003000000000029e+01 9.094226999999999350e+01
2.319331900000000023e+05 -1.506939999999999991e+01 8.891445000000000221e+01
2.319333900000000140e+05 -1.581578000000000017e+01 8.418147000000000446e+01
2.319335899999999965e+05 -1.570315000000000083e+01 9.672079999999999700e+01
2.319337900000000081e+05 -1.596388999999999925e+01 9.280679000000000656e+01
2.319339899999999907e+05 -1.572627999999999915e+01 9.592458999999999492e+01
2.319341900000000023e+05 -1.514287999999999990e+01 9.199970999999999322e+01
2.319343900000000140e+05 -1.610859999999999914e+01 9.231422999999999490e+01
2.319345899999999965e+05 -1.612299000000000149e+01 9.146827999999999292e+01
2.319347900000000081e+05 -1.573208999999999946e+01 9.178024000000000626e+01
2.319349899999999907e+05 -1.648010000000000019e+01 9.451624999999999943e+01
2.319351900000000023e+05 -1.533756999999999948e+01 9.130249000000000592e+01
2.319353900000000140e+05 -1.537405000000000044e+01 9.858567999999999643e+01
2.319355899999999965e+05 -1.545944000000000074e+01 9.384386999999999546e+01
2.319357900000000081e+05 -1.649534999999999840e+01 9.917652999999999963e+01
2.319359899999999907e+05 -1.573368999999999929e+01 9.224003999999999337e+01
2.319361900000000023e+05 -1.518238999999999983e+01 9.803903999999999996e+01
