# Time finished:
# 2015-06-03 19.10.07
# Temp volt start:
# 1.0116839
# Temp volt stop:
# 1.0116839
# Approx start T:
# 86.0179378065
# Approx stop T:
# 86.0107415298
# DC bias measured, messed up:
# 1.053712
# DC bias we asked for:
# 0
2.318206600000000035e+05 -1.624631000000000114e+01 9.817256000000000427e+01
2.318208600000000151e+05 -1.604598999999999975e+01 8.637359999999999616e+01
2.318210599999999977e+05 -1.697732999999999848e+01 8.790485999999999933e+01
2.318212600000000093e+05 -1.524877000000000038e+01 9.422395000000000209e+01
2.318214599999999919e+05 -1.568576999999999977e+01 9.207370000000000232e+01
2.318216600000000035e+05 -1.542511000000000010e+01 9.496831000000000245e+01
2.318218600000000151e+05 -1.535774999999999935e+01 9.257876000000000261e+01
2.318220599999999977e+05 -1.509181000000000061e+01 9.180432000000000414e+01
2.318222600000000093e+05 -1.596067999999999998e+01 1.028769999999999953e+02
2.318224599999999919e+05 -1.490343000000000018e+01 8.788512000000000057e+01
2.318226600000000035e+05 -1.489893000000000001e+01 8.890599000000000274e+01
2.318228600000000151e+05 -1.535089999999999932e+01 1.037673000000000059e+02
2.318230599999999977e+05 -1.545670999999999928e+01 9.593626000000000431e+01
2.318232600000000093e+05 -1.563042000000000087e+01 9.856298999999999921e+01
2.318234599999999919e+05 -1.532149000000000072e+01 8.656533000000000300e+01
2.318236600000000035e+05 -1.538646999999999920e+01 9.045342999999999734e+01
2.318238600000000151e+05 -1.559523000000000081e+01 9.221290999999999372e+01
2.318240599999999977e+05 -1.585387000000000057e+01 9.118300999999999590e+01
2.318242600000000093e+05 -1.637320000000000064e+01 8.986599999999999966e+01
2.318244599999999919e+05 -1.540414999999999957e+01 8.853603999999999985e+01
2.318246600000000035e+05 -1.532415999999999912e+01 8.787218000000000018e+01
2.318248600000000151e+05 -1.550070999999999977e+01 8.241591999999999985e+01
2.318250599999999977e+05 -1.568823000000000079e+01 9.405510999999999910e+01
2.318252600000000093e+05 -1.555856999999999957e+01 9.694069000000000358e+01
2.318254599999999919e+05 -1.495599999999999952e+01 9.408401000000000636e+01
2.318256600000000035e+05 -1.511511999999999922e+01 9.639785999999999433e+01
2.318258600000000151e+05 -1.659178999999999959e+01 9.387891000000000474e+01
2.318260599999999977e+05 -1.517312000000000083e+01 8.726115000000000066e+01
2.318262600000000093e+05 -1.548555999999999955e+01 9.199121999999999844e+01
2.318264599999999919e+05 -1.499126000000000047e+01 9.272899999999999920e+01
2.318266600000000035e+05 -1.559436999999999962e+01 9.440461999999999421e+01
2.318268600000000151e+05 -1.570429999999999993e+01 8.887668999999999642e+01
2.318270599999999977e+05 -1.559647000000000006e+01 8.941089999999999804e+01
2.318272600000000093e+05 -1.405643000000000065e+01 8.447818999999999789e+01
2.318274599999999919e+05 -1.546616000000000035e+01 8.910523000000000593e+01
2.318276600000000035e+05 -1.556583000000000006e+01 8.146716000000000690e+01
2.318278600000000151e+05 -1.487222000000000044e+01 9.329130999999999574e+01
2.318280599999999977e+05 -1.574512000000000000e+01 9.318846999999999525e+01
2.318282600000000093e+05 -1.778469000000000122e+01 8.852666999999999575e+01
2.318284599999999919e+05 -1.559717000000000020e+01 1.005046999999999997e+02
2.318286600000000035e+05 -1.583946000000000076e+01 9.332246000000000663e+01
2.318288600000000151e+05 -1.540451000000000015e+01 9.580625999999999465e+01
2.318290599999999977e+05 -1.502128000000000085e+01 8.895758999999999617e+01
2.318292600000000093e+05 -1.635427999999999926e+01 8.373002999999999929e+01
2.318294599999999919e+05 -1.528811999999999927e+01 9.353806000000000154e+01
2.318296600000000035e+05 -1.562035000000000018e+01 9.795588999999999658e+01
2.318298600000000151e+05 -1.544961999999999946e+01 9.954345999999999606e+01
2.318300599999999977e+05 -1.686345999999999989e+01 9.433275000000000432e+01
2.318302600000000093e+05 -1.467545999999999928e+01 9.010935000000000628e+01
2.318304599999999919e+05 -1.620794000000000068e+01 9.345920999999999879e+01
2.318306600000000035e+05 -1.523623000000000083e+01 8.675580999999999676e+01
2.318308600000000151e+05 -1.651728999999999914e+01 8.995544999999999902e+01
2.318310599999999977e+05 -1.628988000000000014e+01 9.967336000000000240e+01
2.318312600000000093e+05 -1.548312999999999917e+01 8.898009999999999309e+01
2.318314599999999919e+05 -1.491531999999999947e+01 9.070333999999999719e+01
2.318316600000000035e+05 -1.683915000000000006e+01 8.588688999999999396e+01
2.318318600000000151e+05 -1.503903000000000034e+01 9.706022000000000105e+01
2.318320599999999977e+05 -1.541370000000000040e+01 9.247663000000000011e+01
2.318322600000000093e+05 -1.528642999999999930e+01 9.165670000000000073e+01
2.318324599999999919e+05 -1.645930999999999855e+01 8.687519000000000347e+01
2.318326600000000035e+05 -1.609015000000000128e+01 9.267718999999999596e+01
2.318328600000000151e+05 -1.580979999999999919e+01 8.694781999999999300e+01
2.318330599999999977e+05 -1.497170999999999985e+01 9.465215000000000600e+01
2.318332600000000093e+05 -1.490052999999999983e+01 9.104834999999999923e+01
2.318334599999999919e+05 -1.610192999999999941e+01 8.855303999999999576e+01
2.318336600000000035e+05 -1.488766000000000034e+01 8.497288000000000352e+01
2.318338600000000151e+05 -1.582112000000000052e+01 9.344781999999999300e+01
2.318340599999999977e+05 -1.609120000000000061e+01 8.920444000000000528e+01
2.318342600000000093e+05 -1.555691000000000024e+01 9.440433000000000163e+01
2.318344599999999919e+05 -1.568341000000000030e+01 8.741267000000000564e+01
2.318346600000000035e+05 -1.552269000000000077e+01 9.367126000000000374e+01
2.318348600000000151e+05 -1.547147000000000006e+01 8.802158000000000015e+01
2.318350599999999977e+05 -1.566895000000000060e+01 8.642995000000000516e+01
2.318352600000000093e+05 -1.658924999999999983e+01 9.443457999999999686e+01
2.318354599999999919e+05 -1.576028999999999947e+01 9.133029000000000508e+01
2.318356600000000035e+05 -1.491170999999999935e+01 8.529223000000000354e+01
2.318358600000000151e+05 -1.595482999999999940e+01 9.306350999999999374e+01
2.318360599999999977e+05 -1.485304000000000002e+01 9.161722000000000321e+01
2.318362600000000093e+05 -1.550010999999999939e+01 9.114016999999999769e+01
2.318364599999999919e+05 -1.537561000000000000e+01 9.176830999999999960e+01
2.318366600000000035e+05 -1.587843999999999944e+01 8.551196000000000197e+01
2.318368600000000151e+05 -1.346189000000000036e+01 8.811186999999999614e+01
2.318370599999999977e+05 -1.663290999999999897e+01 9.389549999999999841e+01
2.318372600000000093e+05 -1.546918999999999933e+01 9.678583000000000425e+01
2.318374599999999919e+05 -1.542586999999999975e+01 8.625007999999999697e+01
2.318376600000000035e+05 -1.591635999999999918e+01 9.356953000000000031e+01
2.318378600000000151e+05 -1.528819999999999979e+01 9.376839999999999975e+01
2.318380599999999977e+05 -1.590554999999999986e+01 8.497290999999999883e+01
2.318382600000000093e+05 -1.658663999999999916e+01 8.856757000000000346e+01
2.318384599999999919e+05 -1.443008000000000024e+01 8.848954999999999416e+01
2.318386600000000035e+05 -1.541868999999999978e+01 8.996388000000000318e+01
2.318388600000000151e+05 -1.640444000000000102e+01 8.878481999999999630e+01
2.318390599999999977e+05 -1.587904999999999944e+01 8.461242000000000019e+01
2.318392600000000093e+05 -1.561314999999999920e+01 9.184829999999999472e+01
2.318394599999999919e+05 -1.608702999999999861e+01 9.718641999999999825e+01
2.318396600000000035e+05 -1.599230999999999980e+01 9.306609000000000265e+01
2.318398600000000151e+05 -1.621549999999999869e+01 8.468352000000000146e+01
2.318400599999999977e+05 -1.558071999999999946e+01 8.954045999999999594e+01
2.318402600000000093e+05 -1.561764999999999937e+01 8.794086000000000070e+01
2.318404599999999919e+05 -1.526008999999999993e+01 9.014486999999999739e+01
2.318406600000000035e+05 -1.546782999999999930e+01 9.354953000000000429e+01
