# Time finished:
# 2015-06-03 19.42.36
# Temp volt start:
# 1.0114722
# Temp volt stop:
# 1.0114722
# Approx start T:
# 86.1369410398
# Approx stop T:
# 86.1354796859
# DC bias measured, messed up:
# 1.18308
# DC bias we asked for:
# 0
2.318211900000000023e+05 -1.545663000000000054e+01 8.878336000000000183e+01
2.318213900000000140e+05 -1.595060999999999929e+01 8.986039999999999850e+01
2.318215899999999965e+05 -1.618415999999999855e+01 9.735661000000000342e+01
2.318217900000000081e+05 -1.596588000000000029e+01 9.252530000000000143e+01
2.318219899999999907e+05 -1.566492000000000040e+01 8.998125000000000284e+01
2.318221900000000023e+05 -1.570054999999999978e+01 9.630822000000000571e+01
2.318223900000000140e+05 -1.467370999999999981e+01 9.345032000000000494e+01
2.318225899999999965e+05 -1.550262999999999991e+01 9.255938000000000443e+01
2.318227900000000081e+05 -1.619220999999999933e+01 9.325629000000000701e+01
2.318229899999999907e+05 -1.602161999999999864e+01 9.191930000000000689e+01
2.318231900000000023e+05 -1.539893000000000001e+01 9.677357999999999549e+01
2.318233900000000140e+05 -1.666462999999999894e+01 9.025018000000000029e+01
2.318235899999999965e+05 -1.624918999999999869e+01 9.289172999999999547e+01
2.318237900000000081e+05 -1.500056000000000012e+01 9.899975999999999487e+01
2.318239899999999907e+05 -1.553323999999999927e+01 8.898499999999999943e+01
2.318241900000000023e+05 -1.553392000000000017e+01 9.509331000000000245e+01
2.318243900000000140e+05 -1.580965999999999916e+01 9.635000999999999749e+01
2.318245899999999965e+05 -1.563322999999999929e+01 9.605361000000000615e+01
2.318247900000000081e+05 -1.606157999999999930e+01 9.362493999999999517e+01
2.318249899999999907e+05 -1.674333000000000027e+01 9.632455000000000211e+01
2.318251900000000023e+05 -1.565588999999999942e+01 9.524025000000000318e+01
2.318253900000000140e+05 -1.585940000000000083e+01 9.373904000000000281e+01
2.318255899999999965e+05 -1.506686999999999976e+01 8.393059999999999832e+01
2.318257900000000081e+05 -1.594575000000000031e+01 8.891061000000000547e+01
2.318259899999999907e+05 -1.500939999999999941e+01 8.912340000000000373e+01
2.318261900000000023e+05 -1.524357000000000006e+01 9.469628000000000156e+01
2.318263900000000140e+05 -1.619473999999999947e+01 8.803739000000000203e+01
2.318265899999999965e+05 -1.593323999999999963e+01 9.326194999999999879e+01
2.318267900000000081e+05 -1.569406999999999996e+01 9.501492000000000360e+01
2.318269899999999907e+05 -1.506270999999999916e+01 9.281542000000000314e+01
2.318271900000000023e+05 -1.573354999999999926e+01 8.794951000000000363e+01
2.318273900000000140e+05 -1.609174000000000149e+01 9.093017000000000394e+01
2.318275899999999965e+05 -1.503603000000000023e+01 9.030859999999999843e+01
2.318277900000000081e+05 -1.499183999999999983e+01 8.357214000000000453e+01
2.318279899999999907e+05 -1.530775000000000041e+01 9.561302999999999486e+01
2.318281900000000023e+05 -1.648002999999999929e+01 8.774009999999999820e+01
2.318283900000000140e+05 -1.547104999999999997e+01 8.695459999999999923e+01
2.318285899999999965e+05 -1.571590999999999916e+01 9.255478999999999701e+01
2.318287900000000081e+05 -1.495908999999999978e+01 9.109036000000000399e+01
2.318289899999999907e+05 -1.581626999999999938e+01 9.063939999999999486e+01
2.318291900000000023e+05 -1.591804999999999914e+01 9.639372000000000185e+01
2.318293900000000140e+05 -1.583888999999999925e+01 9.147475000000000023e+01
2.318295899999999965e+05 -1.566926999999999914e+01 9.022016000000000702e+01
2.318297900000000081e+05 -1.507765000000000022e+01 9.697211000000000070e+01
2.318299899999999907e+05 -1.571129999999999960e+01 8.760450000000000159e+01
2.318301900000000023e+05 -1.543368000000000073e+01 9.234609000000000378e+01
2.318303900000000140e+05 -1.550445000000000029e+01 9.280298000000000513e+01
2.318305899999999965e+05 -1.595273000000000074e+01 9.665399999999999636e+01
2.318307900000000081e+05 -1.599070999999999998e+01 8.411899999999999977e+01
2.318309899999999907e+05 -1.552332999999999963e+01 8.806700999999999624e+01
2.318311900000000023e+05 -1.513879000000000019e+01 9.071757999999999811e+01
2.318313900000000140e+05 -1.490004000000000062e+01 8.971151999999999305e+01
2.318315899999999965e+05 -1.551262999999999970e+01 9.589985000000000070e+01
2.318317900000000081e+05 -1.593172999999999995e+01 9.398098000000000241e+01
2.318319899999999907e+05 -1.593164999999999942e+01 9.229343000000000075e+01
2.318321900000000023e+05 -1.530959999999999965e+01 9.111590999999999951e+01
2.318323900000000140e+05 -1.480166000000000004e+01 9.218637999999999977e+01
2.318325899999999965e+05 -1.626033999999999935e+01 9.076333999999999946e+01
2.318327900000000081e+05 -1.604870000000000019e+01 8.995963999999999317e+01
2.318329899999999907e+05 -1.499282999999999966e+01 9.725820000000000221e+01
2.318331900000000023e+05 -1.532048999999999950e+01 9.010548000000000002e+01
2.318333900000000140e+05 -1.649061999999999983e+01 8.709232000000000085e+01
2.318335899999999965e+05 -1.525699000000000005e+01 9.079371000000000436e+01
2.318337900000000081e+05 -1.553295999999999921e+01 9.752495999999999299e+01
2.318339899999999907e+05 -1.549825000000000053e+01 9.095900000000000318e+01
2.318341900000000023e+05 -1.536322000000000010e+01 9.167565000000000452e+01
2.318343900000000140e+05 -1.470809000000000033e+01 8.979325000000000045e+01
2.318345899999999965e+05 -1.579827000000000048e+01 8.742969999999999686e+01
2.318347900000000081e+05 -1.532876000000000083e+01 9.167553999999999803e+01
2.318349899999999907e+05 -1.431752000000000002e+01 9.414069999999999538e+01
2.318351900000000023e+05 -1.577927999999999997e+01 8.863702000000000680e+01
2.318353900000000140e+05 -1.585097000000000023e+01 9.588406999999999414e+01
2.318355899999999965e+05 -1.628912000000000049e+01 8.786357999999999890e+01
2.318357900000000081e+05 -1.601979000000000042e+01 9.509365999999999985e+01
2.318359899999999907e+05 -1.486684999999999945e+01 9.282124000000000308e+01
2.318361900000000023e+05 -1.510899999999999999e+01 9.138948999999999501e+01
2.318363900000000140e+05 -1.498024000000000022e+01 9.206456000000000017e+01
2.318365899999999965e+05 -1.662653999999999854e+01 9.602325999999999340e+01
2.318367900000000081e+05 -1.609780999999999906e+01 9.412529999999999575e+01
2.318369899999999907e+05 -1.570053000000000054e+01 8.501521999999999935e+01
2.318371900000000023e+05 -1.494444000000000017e+01 9.713197999999999865e+01
2.318373900000000140e+05 -1.618759999999999977e+01 8.891241999999999734e+01
2.318375899999999965e+05 -1.514602999999999966e+01 9.678149999999999409e+01
2.318377900000000081e+05 -1.663906000000000063e+01 8.645453999999999439e+01
2.318379899999999907e+05 -1.566506000000000043e+01 9.653727000000000658e+01
2.318381900000000023e+05 -1.686011999999999844e+01 8.938069000000000131e+01
2.318383900000000140e+05 -1.516337000000000046e+01 9.324993999999999517e+01
2.318385899999999965e+05 -1.559037000000000006e+01 9.430104000000000042e+01
2.318387900000000081e+05 -1.481211000000000055e+01 8.899687000000000126e+01
2.318389899999999907e+05 -1.542404999999999937e+01 9.028772999999999627e+01
2.318391900000000023e+05 -1.583746999999999971e+01 8.895780000000000598e+01
2.318393900000000140e+05 -1.456082999999999927e+01 9.127920000000000300e+01
2.318395899999999965e+05 -1.538139999999999930e+01 9.177733999999999526e+01
2.318397900000000081e+05 -1.616844000000000037e+01 9.997601000000000226e+01
2.318399899999999907e+05 -1.641719000000000150e+01 8.880402999999999736e+01
2.318401900000000023e+05 -1.543745999999999974e+01 8.697476000000000340e+01
2.318403900000000140e+05 -1.624680999999999997e+01 9.164103000000000065e+01
2.318405899999999965e+05 -1.590747000000000000e+01 8.736289999999999623e+01
2.318407900000000081e+05 -1.507962000000000025e+01 9.271075000000000443e+01
2.318409899999999907e+05 -1.526060999999999979e+01 8.349903000000000475e+01
2.318411900000000023e+05 -1.561017000000000010e+01 9.395247999999999422e+01
