# Time finished:
# 2015-06-02 13.05.34
# Temp volt start:
# 1.5762423
# Temp volt stop:
# 1.5762423
# Approx start T:
# -402.243017354
# Approx stop T:
# -402.257806089
# DC bias measured, messed up:
# 5.050027
# DC bias we asked for:
# 0
2.316886499999999942e+05 -1.750305000000000177e+01 9.634150999999999954e+01
2.316888500000000058e+05 -1.318528000000000056e+01 1.188057000000000016e+02
2.316890499999999884e+05 -2.183601000000000170e+01 7.442755999999999972e+01
2.316892500000000000e+05 -1.381293999999999933e+01 7.718464000000000169e+01
2.316894499999999825e+05 -1.220045000000000002e+01 7.627500999999999465e+01
2.316896499999999942e+05 -2.197149999999999892e+01 1.055010000000000048e+02
2.316898500000000058e+05 -1.858410999999999902e+01 9.189087999999999568e+01
2.316900499999999884e+05 -1.469712999999999958e+01 1.030408999999999935e+02
2.316902500000000000e+05 -1.311219999999999963e+01 6.998788000000000409e+01
2.316904499999999825e+05 -1.540901999999999994e+01 9.939426000000000272e+01
2.316906499999999942e+05 -1.224297999999999931e+01 9.243622000000000583e+01
2.316908500000000058e+05 -1.664032999999999873e+01 1.011997000000000071e+02
2.316910499999999884e+05 -1.949400999999999939e+01 7.124550999999999590e+01
2.316912500000000000e+05 -1.348508999999999958e+01 1.227926999999999964e+02
2.316914499999999825e+05 -1.391483999999999988e+01 1.025541000000000054e+02
2.316916499999999942e+05 -1.573451999999999984e+01 8.471129999999999427e+01
2.316918500000000058e+05 -1.903133000000000052e+01 7.811566999999999439e+01
2.316920499999999884e+05 -1.524413999999999980e+01 9.436118999999999346e+01
2.316922500000000000e+05 -1.433533000000000079e+01 8.041158000000000072e+01
2.316924499999999825e+05 -1.327331000000000039e+01 1.018289999999999935e+02
2.316926499999999942e+05 -2.382910000000000039e+01 1.454299000000000035e+02
2.316928500000000058e+05 -1.446502000000000088e+01 1.228543999999999983e+02
2.316930499999999884e+05 -1.650270000000000081e+01 9.321881000000000483e+01
2.316932500000000000e+05 -1.045500999999999969e+01 8.060435999999999979e+01
2.316934499999999825e+05 -1.298741000000000057e+01 8.258339999999999748e+01
2.316936499999999942e+05 -1.676559999999999917e+01 7.285008000000000550e+01
2.316938500000000058e+05 -1.521359999999999957e+01 9.103488000000000113e+01
2.316940499999999884e+05 -1.407864000000000004e+01 8.521922000000000708e+01
2.316942500000000000e+05 -1.449854999999999983e+01 1.302752999999999872e+02
2.316944499999999825e+05 -1.442974000000000068e+01 7.862721000000000515e+01
2.316946499999999942e+05 -1.780328000000000088e+01 1.025388999999999982e+02
2.316948500000000058e+05 -1.444333999999999918e+01 1.166165000000000020e+02
2.316950499999999884e+05 -1.767936999999999870e+01 8.332323999999999842e+01
2.316952500000000000e+05 -1.437156000000000056e+01 9.633409000000000333e+01
2.316954499999999825e+05 -1.583474999999999966e+01 1.026526000000000067e+02
2.316956499999999942e+05 -1.259868999999999950e+01 1.066042000000000058e+02
2.316958500000000058e+05 -1.315557000000000087e+01 9.595403000000000304e+01
2.316960499999999884e+05 -1.446970999999999918e+01 8.944469999999999743e+01
2.316962500000000000e+05 -1.612740000000000151e+01 7.392126000000000374e+01
2.316964499999999825e+05 -1.615258000000000038e+01 1.168883000000000010e+02
2.316966499999999942e+05 -1.543713999999999942e+01 1.116933999999999969e+02
2.316968500000000058e+05 -1.891629999999999967e+01 8.407738999999999407e+01
2.316970499999999884e+05 -1.304773999999999923e+01 9.253140999999999394e+01
2.316972500000000000e+05 -1.501351999999999975e+01 8.678664000000000556e+01
2.316974499999999825e+05 -1.493031000000000041e+01 1.142613000000000056e+02
2.316976499999999942e+05 -1.440246999999999922e+01 8.988000999999999863e+01
2.316978500000000058e+05 -1.448404000000000025e+01 9.732461000000000695e+01
2.316980499999999884e+05 -1.437636999999999965e+01 1.042622000000000071e+02
2.316982500000000000e+05 -1.784937000000000040e+01 1.013132999999999981e+02
2.316984499999999825e+05 -1.637051999999999907e+01 8.554734000000000549e+01
2.316986499999999942e+05 -1.419125999999999976e+01 9.572472000000000492e+01
2.316988500000000058e+05 -1.467756999999999934e+01 1.114985000000000070e+02
2.316990499999999884e+05 -1.786700000000000088e+01 9.223327999999999349e+01
2.316992500000000000e+05 -1.192855999999999916e+01 7.565206000000000586e+01
2.316994499999999825e+05 -1.688343000000000060e+01 7.145180999999999472e+01
2.316996499999999942e+05 -1.321425999999999945e+01 9.828463999999999601e+01
2.316998500000000058e+05 -1.965529000000000082e+01 9.563371999999999673e+01
2.317000499999999884e+05 -1.065024000000000015e+01 8.210993999999999460e+01
2.317002500000000000e+05 -1.575915999999999961e+01 1.061316999999999950e+02
2.317004499999999825e+05 -1.425065999999999988e+01 1.040090000000000003e+02
2.317006499999999942e+05 -1.594735999999999976e+01 1.149741000000000071e+02
2.317008500000000058e+05 -1.817661000000000016e+01 6.590158999999999878e+01
2.317010499999999884e+05 -1.245411999999999964e+01 9.253534999999999400e+01
2.317012500000000000e+05 -1.914562000000000097e+01 8.549496000000000606e+01
2.317014499999999825e+05 -1.345240000000000080e+01 1.132357999999999976e+02
2.317016499999999942e+05 -1.375877000000000017e+01 8.410647000000000162e+01
2.317018500000000058e+05 -1.195512000000000086e+01 1.168927000000000049e+02
2.317020499999999884e+05 -1.164284999999999926e+01 9.781974999999999909e+01
2.317022500000000000e+05 -1.433616999999999919e+01 9.499515999999999849e+01
2.317024499999999825e+05 -1.660364999999999824e+01 7.314557999999999538e+01
2.317026499999999942e+05 -1.485064000000000028e+01 8.318129000000000417e+01
2.317028500000000058e+05 -1.472433999999999976e+01 9.128018000000000143e+01
2.317030499999999884e+05 -1.590614000000000061e+01 1.064913999999999987e+02
2.317032500000000000e+05 -1.594752000000000081e+01 9.963732000000000255e+01
2.317034499999999825e+05 -1.365614000000000061e+01 8.812421999999999400e+01
2.317036499999999942e+05 -1.251684000000000019e+01 9.155142999999999631e+01
2.317038500000000058e+05 -1.679410999999999987e+01 8.943823999999999330e+01
2.317040499999999884e+05 -1.499924000000000035e+01 9.140555999999999415e+01
2.317042500000000000e+05 -1.819102000000000174e+01 6.801537999999999329e+01
2.317044499999999825e+05 -1.537279000000000018e+01 8.724244000000000199e+01
2.317046499999999942e+05 -2.060247999999999990e+01 1.083842999999999961e+02
2.317048500000000058e+05 -2.284185000000000088e+01 9.454841999999999302e+01
2.317050499999999884e+05 -1.486905999999999928e+01 1.096145999999999958e+02
2.317052500000000000e+05 -1.651044999999999874e+01 9.707577999999999463e+01
2.317054499999999825e+05 -1.462770000000000081e+01 9.343206999999999596e+01
2.317056499999999942e+05 -1.414924000000000071e+01 8.897365999999999531e+01
2.317058500000000058e+05 -1.780294999999999916e+01 1.025176000000000016e+02
2.317060499999999884e+05 -1.557985000000000042e+01 8.377290999999999599e+01
2.317062500000000000e+05 -1.946918000000000148e+01 9.236938000000000670e+01
2.317064499999999825e+05 -1.664579000000000164e+01 9.837490999999999985e+01
2.317066499999999942e+05 -1.704118000000000066e+01 1.024509000000000043e+02
2.317068500000000058e+05 -1.439189999999999969e+01 9.548138000000000147e+01
2.317070499999999884e+05 -1.397926999999999964e+01 9.676949000000000467e+01
2.317072500000000000e+05 -1.394270000000000032e+01 7.993520999999999788e+01
2.317074499999999825e+05 -1.557902999999999949e+01 1.193645999999999958e+02
2.317076499999999942e+05 -1.202125000000000021e+01 7.549836999999999421e+01
2.317078500000000058e+05 -2.008664999999999878e+01 9.187951999999999941e+01
2.317080499999999884e+05 -1.641340999999999894e+01 8.173833000000000482e+01
2.317082500000000000e+05 -1.137752000000000052e+01 1.069407999999999959e+02
2.317084499999999825e+05 -1.437836000000000070e+01 1.056129999999999995e+02
2.317086499999999942e+05 -1.501453000000000060e+01 1.070274000000000001e+02
