# Time finished:
# 2015-06-02 02.06.04
# Temp volt start:
# 0.98282276
# Temp volt stop:
# 0.98282276
# Approx start T:
# 101.963791659
# Approx stop T:
# 101.934572981
# DC bias measured, messed up:
# 5.082086
# DC bias we asked for:
# 0
2.318381900000000023e+05 -1.609944000000000131e+01 1.331291999999999973e+02
2.318383900000000140e+05 -1.754851999999999990e+01 6.606373999999999569e+01
2.318385899999999965e+05 -1.701836000000000126e+01 5.825775000000000148e+01
2.318387900000000081e+05 -1.350145000000000017e+01 8.542394000000000176e+01
2.318389899999999907e+05 -1.387350999999999956e+01 9.653722000000000492e+01
2.318391900000000023e+05 -1.727774000000000143e+01 6.747016999999999598e+01
2.318393900000000140e+05 -1.554498000000000069e+01 1.029375000000000000e+02
2.318395899999999965e+05 -1.236650999999999989e+01 1.150901999999999958e+02
2.318397900000000081e+05 -1.231680000000000064e+01 1.139813000000000045e+02
2.318399899999999907e+05 -1.944578999999999880e+01 1.129354000000000013e+02
2.318401900000000023e+05 -1.594895999999999958e+01 1.044033000000000015e+02
2.318403900000000140e+05 -1.717567999999999984e+01 9.127750000000000341e+01
2.318405899999999965e+05 -1.683439999999999870e+01 6.191691000000000145e+01
2.318407900000000081e+05 -2.406760999999999839e+01 6.396634000000000242e+01
2.318409899999999907e+05 -1.781188999999999822e+01 1.388734000000000037e+02
2.318411900000000023e+05 -2.155858999999999881e+01 5.301995000000000147e+01
2.318413900000000140e+05 -2.056732999999999834e+01 1.134026999999999958e+02
2.318415899999999965e+05 -1.566566000000000081e+01 9.344829000000000008e+01
2.318417900000000081e+05 -1.328534999999999933e+01 1.027866999999999962e+02
2.318419899999999907e+05 -1.593018999999999963e+01 1.005450000000000017e+02
2.318421900000000023e+05 -1.510261000000000031e+01 8.247558999999999685e+01
2.318423900000000140e+05 -1.820161999999999836e+01 6.437882000000000460e+01
2.318425899999999965e+05 -1.409261000000000053e+01 8.634922000000000253e+01
2.318427900000000081e+05 -1.475239999999999974e+01 9.872826999999999487e+01
2.318429899999999907e+05 -1.680350999999999928e+01 1.313720000000000141e+02
2.318431900000000023e+05 -2.139566999999999908e+01 8.408632000000000062e+01
2.318433900000000140e+05 -1.755433999999999983e+01 1.066546000000000021e+02
2.318435899999999965e+05 -1.762349000000000032e+01 6.980828999999999951e+01
2.318437900000000081e+05 -1.663293000000000177e+01 9.300893999999999551e+01
2.318439899999999907e+05 -1.439592999999999989e+01 8.634572000000000003e+01
2.318441900000000023e+05 -1.444328999999999930e+01 8.176404999999999745e+01
2.318443900000000140e+05 -1.386758999999999986e+01 8.587287999999999499e+01
2.318445899999999965e+05 -1.185427999999999926e+01 8.787547999999999604e+01
2.318447900000000081e+05 -1.677439999999999998e+01 8.297165999999999997e+01
2.318449899999999907e+05 -2.031588999999999956e+01 1.284849000000000103e+02
2.318451900000000023e+05 -1.701972999999999914e+01 1.113730999999999938e+02
2.318453900000000140e+05 -1.290027000000000079e+01 8.677195000000000391e+01
2.318455899999999965e+05 -1.255714000000000041e+01 1.097700999999999993e+02
2.318457900000000081e+05 -1.448171999999999926e+01 7.909225999999999601e+01
2.318459899999999907e+05 -1.335201999999999956e+01 8.999524999999999864e+01
2.318461900000000023e+05 -1.589295000000000080e+01 1.055519000000000034e+02
2.318463900000000140e+05 -1.650085999999999942e+01 7.452639000000000635e+01
2.318465899999999965e+05 -1.486176000000000030e+01 8.957671999999999457e+01
2.318467900000000081e+05 -1.485235999999999912e+01 1.044300000000000068e+02
2.318469899999999907e+05 -1.643242000000000047e+01 9.285510999999999626e+01
2.318471900000000023e+05 -1.415709000000000017e+01 1.050861000000000018e+02
2.318473900000000140e+05 -1.728821999999999903e+01 1.170819999999999936e+02
2.318475899999999965e+05 -1.547846999999999973e+01 7.528028999999999371e+01
2.318477900000000081e+05 -1.529416999999999938e+01 9.432661000000000229e+01
2.318479899999999907e+05 -1.364827000000000012e+01 1.045018000000000029e+02
2.318481900000000023e+05 -1.674857000000000085e+01 1.247192000000000007e+02
2.318483900000000140e+05 -1.709181999999999846e+01 8.355837999999999965e+01
2.318485899999999965e+05 -1.755048000000000030e+01 7.073666000000000054e+01
2.318487900000000081e+05 -1.820495000000000019e+01 7.191038000000000352e+01
2.318489899999999907e+05 -1.086733000000000082e+01 8.772302999999999429e+01
2.318491900000000023e+05 -1.648617000000000132e+01 1.076594999999999942e+02
2.318493900000000140e+05 -1.512404000000000082e+01 1.104284999999999997e+02
2.318495899999999965e+05 -1.255189999999999984e+01 9.720123999999999853e+01
2.318497900000000081e+05 -1.484908000000000072e+01 1.061548999999999978e+02
2.318499899999999907e+05 -1.321250000000000036e+01 1.237865000000000038e+02
2.318501900000000023e+05 -1.355774000000000079e+01 1.062776999999999958e+02
2.318503900000000140e+05 -1.710772000000000048e+01 6.261397000000000190e+01
2.318505899999999965e+05 -2.293813000000000102e+01 2.966158000000000072e+01
2.318507900000000081e+05 -1.057962999999999987e+01 9.662376000000000431e+01
2.318509899999999907e+05 -1.835397999999999996e+01 8.552316999999999325e+01
2.318511900000000023e+05 -1.478750999999999927e+01 8.475091999999999359e+01
2.318513900000000140e+05 -1.491417999999999999e+01 7.653941000000000372e+01
2.318515899999999965e+05 -1.462451000000000079e+01 8.479184999999999661e+01
2.318517900000000081e+05 -1.497434999999999938e+01 9.958620000000000516e+01
2.318519899999999907e+05 -1.576041999999999987e+01 7.974981999999999971e+01
2.318521900000000023e+05 -1.634203000000000117e+01 1.258889000000000067e+02
2.318523900000000140e+05 -1.507116000000000078e+01 1.360653000000000077e+02
2.318525899999999965e+05 -1.423690000000000033e+01 1.016080999999999932e+02
2.318527900000000081e+05 -1.506826000000000043e+01 1.266473000000000013e+02
2.318529899999999907e+05 -1.739845000000000041e+01 1.158448000000000064e+02
2.318531900000000023e+05 -1.495179000000000080e+01 8.471135999999999910e+01
2.318533900000000140e+05 -1.296486999999999945e+01 8.460384000000000526e+01
2.318535899999999965e+05 -1.461918999999999969e+01 7.795010000000000616e+01
2.318537900000000081e+05 -1.520228000000000002e+01 9.478200999999999965e+01
2.318539899999999907e+05 -1.579275999999999947e+01 7.365076999999999430e+01
2.318541900000000023e+05 -1.556544000000000061e+01 1.205074999999999932e+02
2.318543900000000140e+05 -1.595246000000000031e+01 1.044234000000000009e+02
2.318545899999999965e+05 -1.413185000000000002e+01 8.088697000000000514e+01
2.318547900000000081e+05 -1.612653999999999854e+01 1.067891000000000048e+02
2.318549899999999907e+05 -1.953188000000000102e+01 9.662456000000000245e+01
2.318551900000000023e+05 -1.354762999999999984e+01 9.148649000000000342e+01
2.318553900000000140e+05 -1.619897999999999882e+01 8.570996999999999844e+01
2.318555899999999965e+05 -1.637509000000000015e+01 1.039832999999999998e+02
2.318557900000000081e+05 -1.136311000000000071e+01 1.055099000000000018e+02
2.318559899999999907e+05 -1.319234999999999935e+01 9.799894000000000460e+01
2.318561900000000023e+05 -1.734662000000000148e+01 6.653297000000000594e+01
2.318563900000000140e+05 -1.199591000000000030e+01 1.082305000000000064e+02
2.318565899999999965e+05 -2.346972999999999843e+01 6.238174000000000063e+01
2.318567900000000081e+05 -1.598292999999999964e+01 1.173329999999999984e+02
2.318569899999999907e+05 -1.979752999999999830e+01 9.016859999999999786e+01
2.318571900000000023e+05 -1.507056000000000040e+01 7.634170000000000300e+01
2.318573900000000140e+05 -2.160425000000000040e+01 1.092460999999999984e+02
2.318575899999999965e+05 -1.464328000000000074e+01 6.760564999999999714e+01
2.318577900000000081e+05 -1.441079000000000043e+01 1.291801000000000101e+02
2.318579899999999907e+05 -1.596279999999999966e+01 1.208780000000000001e+02
2.318581900000000023e+05 -1.648073000000000121e+01 1.015057000000000045e+02
