# Time finished:
# 2015-06-02 04.22.05
# Temp volt start:
# 1.0050221
# Temp volt stop:
# 1.0050221
# Approx start T:
# 89.747982187
# Approx stop T:
# 89.7422384482
# DC bias measured, messed up:
# 4.949677
# DC bias we asked for:
# 0
2.318142900000000081e+05 -1.576875000000000071e+01 1.167759999999999962e+02
2.318144900000000198e+05 -1.523625999999999969e+01 9.809319999999999595e+01
2.318146900000000023e+05 -1.500514000000000081e+01 8.591893000000000313e+01
2.318148900000000140e+05 -1.304982000000000042e+01 6.384342999999999790e+01
2.318150899999999965e+05 -1.436508000000000074e+01 7.304540000000000077e+01
2.318152900000000081e+05 -1.474802000000000035e+01 1.249157000000000011e+02
2.318154900000000198e+05 -1.393865000000000087e+01 1.255674999999999955e+02
2.318156900000000023e+05 -1.143732999999999933e+01 1.066897000000000020e+02
2.318158900000000140e+05 -1.748281000000000063e+01 9.105281999999999698e+01
2.318160899999999965e+05 -1.215166999999999931e+01 1.061038000000000068e+02
2.318162900000000081e+05 -1.368096000000000068e+01 1.276333999999999946e+02
2.318164900000000198e+05 -1.614755999999999858e+01 1.090681000000000012e+02
2.318166900000000023e+05 -1.771467000000000169e+01 9.965032999999999674e+01
2.318168900000000140e+05 -1.554369999999999941e+01 1.098859000000000066e+02
2.318170899999999965e+05 -1.640286000000000044e+01 9.660962999999999568e+01
2.318172900000000081e+05 -1.726785999999999888e+01 1.003491999999999962e+02
2.318174900000000198e+05 -1.604381000000000057e+01 9.215650999999999726e+01
2.318176900000000023e+05 -1.129542999999999964e+01 1.147353999999999985e+02
2.318178900000000140e+05 -1.328473999999999933e+01 1.188262000000000000e+02
2.318180899999999965e+05 -1.520309999999999917e+01 7.747092000000000667e+01
2.318182900000000081e+05 -1.429493000000000080e+01 1.086907000000000068e+02
2.318184900000000198e+05 -1.363134999999999941e+01 8.390549000000000035e+01
2.318186900000000023e+05 -2.028659999999999997e+01 8.605490000000000350e+01
2.318188900000000140e+05 -1.287579000000000029e+01 7.692553999999999803e+01
2.318190899999999965e+05 -1.744905999999999935e+01 9.377801999999999794e+01
2.318192900000000081e+05 -1.605208999999999975e+01 1.270731999999999999e+02
2.318194900000000198e+05 -1.795813000000000059e+01 9.485244000000000142e+01
2.318196900000000023e+05 -1.395579000000000036e+01 8.245186999999999955e+01
2.318198900000000140e+05 -1.530197000000000074e+01 9.121347000000000094e+01
2.318200899999999965e+05 -1.742926999999999893e+01 9.853358000000000061e+01
2.318202900000000081e+05 -1.627780999999999878e+01 1.050366000000000071e+02
2.318204900000000198e+05 -1.460224999999999973e+01 5.732334999999999781e+01
2.318206900000000023e+05 -1.539922999999999931e+01 9.826962000000000330e+01
2.318208900000000140e+05 -1.537326000000000015e+01 9.177263999999999555e+01
2.318210899999999965e+05 -1.470645000000000024e+01 8.697155999999999665e+01
2.318212900000000081e+05 -1.505462999999999951e+01 1.119059000000000026e+02
2.318214900000000198e+05 -1.505321999999999960e+01 9.891405000000000314e+01
2.318216900000000023e+05 -1.238147000000000020e+01 1.351411999999999978e+02
2.318218900000000140e+05 -1.713463000000000136e+01 1.217403999999999940e+02
2.318220899999999965e+05 -1.378205999999999953e+01 9.408474999999999966e+01
2.318222900000000081e+05 -1.639783999999999864e+01 1.199823999999999984e+02
2.318224900000000198e+05 -1.531358999999999959e+01 1.047160999999999973e+02
2.318226900000000023e+05 -1.417153000000000063e+01 7.860817000000000121e+01
2.318228900000000140e+05 -1.369412999999999947e+01 9.984443000000000268e+01
2.318230899999999965e+05 -1.381544000000000061e+01 1.079530000000000030e+02
2.318232900000000081e+05 -1.432015999999999956e+01 9.026375000000000171e+01
2.318234900000000198e+05 -1.414921999999999969e+01 7.766891999999999996e+01
2.318236900000000023e+05 -1.777933000000000163e+01 5.913213999999999970e+01
2.318238900000000140e+05 -1.625891999999999982e+01 8.757384999999999309e+01
2.318240899999999965e+05 -2.236186999999999969e+01 8.457985999999999649e+01
2.318242900000000081e+05 -1.653937000000000168e+01 9.492565999999999349e+01
2.318244900000000198e+05 -1.316310999999999964e+01 1.059206999999999965e+02
2.318246900000000023e+05 -1.265400999999999954e+01 8.069701000000000590e+01
2.318248900000000140e+05 -1.619147999999999854e+01 1.005866000000000042e+02
2.318250899999999965e+05 -2.403349000000000046e+01 1.299242000000000132e+02
2.318252900000000081e+05 -1.373597000000000001e+01 1.054110000000000014e+02
2.318254900000000198e+05 -1.456043000000000021e+01 1.094034000000000049e+02
2.318256900000000023e+05 -1.441672999999999938e+01 1.147878000000000043e+02
2.318258900000000140e+05 -1.265616999999999948e+01 9.598645999999999390e+01
2.318260899999999965e+05 -1.728122000000000114e+01 8.297114999999999441e+01
2.318262900000000081e+05 -1.385629999999999917e+01 1.028541000000000025e+02
2.318264900000000198e+05 -1.339033000000000051e+01 8.013318999999999903e+01
2.318266900000000023e+05 -1.199882999999999988e+01 1.242758000000000038e+02
2.318268900000000140e+05 -1.138336999999999932e+01 9.338922999999999774e+01
2.318270899999999965e+05 -1.375075999999999965e+01 1.102044000000000068e+02
2.318272900000000081e+05 -1.285960000000000036e+01 8.257148999999999717e+01
2.318274900000000198e+05 -1.565145000000000053e+01 8.695650000000000546e+01
2.318276900000000023e+05 -1.430948000000000064e+01 6.974683000000000277e+01
2.318278900000000140e+05 -1.510058000000000078e+01 1.179316000000000031e+02
2.318280899999999965e+05 -1.700157000000000096e+01 9.929625000000000057e+01
2.318282900000000081e+05 -1.972211000000000070e+01 9.760563999999999396e+01
2.318284900000000198e+05 -1.425848000000000049e+01 1.137289999999999992e+02
2.318286900000000023e+05 -1.589059999999999917e+01 1.165955000000000013e+02
2.318288900000000140e+05 -1.299864999999999959e+01 1.077402000000000015e+02
2.318290899999999965e+05 -1.645990000000000109e+01 9.424009999999999820e+01
2.318292900000000081e+05 -1.567426000000000030e+01 6.959632999999999470e+01
2.318294900000000198e+05 -1.323694000000000059e+01 1.029937999999999931e+02
2.318296900000000023e+05 -2.284542000000000073e+01 4.732516999999999996e+01
2.318298900000000140e+05 -1.643719000000000108e+01 8.637039000000000044e+01
2.318300899999999965e+05 -1.321748999999999974e+01 9.237649999999999295e+01
2.318302900000000081e+05 -1.550479999999999947e+01 9.402921000000000618e+01
2.318304900000000198e+05 -1.310228000000000037e+01 1.093036000000000030e+02
2.318306900000000023e+05 -1.391042999999999985e+01 1.048487999999999971e+02
2.318308900000000140e+05 -1.574136000000000024e+01 1.192798999999999978e+02
2.318310899999999965e+05 -1.402168999999999954e+01 8.192493000000000336e+01
2.318312900000000081e+05 -2.385444999999999993e+01 9.551260000000000616e+01
2.318314900000000198e+05 -1.373536999999999964e+01 1.067864000000000004e+02
2.318316900000000023e+05 -1.485410000000000075e+01 8.799321000000000481e+01
2.318318900000000140e+05 -1.269843000000000011e+01 1.061577999999999946e+02
2.318320899999999965e+05 -1.751097999999999999e+01 7.457321000000000311e+01
2.318322900000000081e+05 -2.142740999999999829e+01 7.942552000000000589e+01
2.318324900000000198e+05 -2.137214000000000169e+01 1.183066000000000031e+02
2.318326900000000023e+05 -1.346447000000000038e+01 9.339243000000000450e+01
2.318328900000000140e+05 -1.446556999999999960e+01 1.096821999999999946e+02
2.318330899999999965e+05 -1.713371000000000066e+01 9.417976000000000170e+01
2.318332900000000081e+05 -1.351798999999999928e+01 9.388499000000000194e+01
2.318334900000000198e+05 -1.578251000000000026e+01 8.136131000000000313e+01
2.318336900000000023e+05 -1.406611999999999973e+01 1.120838999999999999e+02
2.318338900000000140e+05 -1.449311999999999934e+01 9.714683999999999742e+01
2.318340899999999965e+05 -1.815311000000000163e+01 1.095849999999999937e+02
2.318342900000000081e+05 -1.341541999999999923e+01 1.198269999999999982e+02
