# Time finished:
# 2015-06-02 22.29.14
# Temp volt start:
# 1.0574278
# Temp volt stop:
# 1.0574278
# Approx start T:
# 59.5444827049
# Approx stop T:
# 59.6163502728
# DC bias measured, messed up:
# 1.190885
# DC bias we asked for:
# 0
2.317693599999999860e+05 -1.552210000000000001e+01 8.643243999999999971e+01
2.317695599999999977e+05 -1.647872999999999877e+01 9.104304999999999382e+01
2.317697599999999802e+05 -1.510033999999999921e+01 1.001427000000000049e+02
2.317699599999999919e+05 -1.510208000000000084e+01 8.867795999999999879e+01
2.317701599999999744e+05 -1.489817000000000036e+01 9.326626000000000261e+01
2.317703599999999860e+05 -1.645750999999999920e+01 9.090393000000000256e+01
2.317705599999999977e+05 -1.692378000000000071e+01 8.558826000000000533e+01
2.317707599999999802e+05 -1.648641999999999896e+01 9.373689000000000249e+01
2.317709599999999919e+05 -1.438331999999999944e+01 9.138146999999999309e+01
2.317711599999999744e+05 -1.541089000000000020e+01 8.997878000000000043e+01
2.317713599999999860e+05 -1.574996999999999936e+01 9.396242999999999768e+01
2.317715599999999977e+05 -1.619090999999999880e+01 9.559221999999999753e+01
2.317717599999999802e+05 -1.584834000000000032e+01 9.078609000000000151e+01
2.317719599999999919e+05 -1.480288000000000004e+01 9.117785999999999547e+01
2.317721599999999744e+05 -1.528386000000000067e+01 9.171627999999999759e+01
2.317723599999999860e+05 -1.599513999999999925e+01 8.692342999999999620e+01
2.317725599999999977e+05 -1.665446000000000026e+01 8.948690000000000566e+01
2.317727599999999802e+05 -1.576336000000000048e+01 8.695439000000000362e+01
2.317729599999999919e+05 -1.522109999999999985e+01 9.107935000000000514e+01
2.317731599999999744e+05 -1.613385999999999854e+01 1.065892000000000053e+02
2.317733599999999860e+05 -1.461983000000000033e+01 9.711395000000000266e+01
2.317735599999999977e+05 -1.548390999999999984e+01 9.434627000000000407e+01
2.317737599999999802e+05 -1.702034000000000091e+01 9.140407999999999333e+01
2.317739599999999919e+05 -1.639761999999999986e+01 9.402665000000000362e+01
2.317741599999999744e+05 -1.527234999999999943e+01 8.676272000000000162e+01
2.317743599999999860e+05 -1.533826000000000001e+01 9.548964999999999748e+01
2.317745599999999977e+05 -1.561820999999999948e+01 9.044231000000000620e+01
2.317747599999999802e+05 -1.632948999999999984e+01 9.445852999999999611e+01
2.317749599999999919e+05 -1.456565999999999939e+01 1.015421000000000049e+02
2.317751599999999744e+05 -1.607309000000000054e+01 8.944429999999999836e+01
2.317753599999999860e+05 -1.674055999999999855e+01 9.237121999999999389e+01
2.317755599999999977e+05 -1.547771000000000008e+01 9.062282999999999333e+01
2.317757599999999802e+05 -1.568867000000000012e+01 8.905503000000000213e+01
2.317759599999999919e+05 -1.667164999999999964e+01 9.223154999999999859e+01
2.317761599999999744e+05 -1.585777000000000037e+01 9.702862000000000364e+01
2.317763599999999860e+05 -1.559528000000000070e+01 8.230986000000000047e+01
2.317765599999999977e+05 -1.571380000000000088e+01 9.682899999999999352e+01
2.317767599999999802e+05 -1.568995999999999924e+01 8.754980999999999369e+01
2.317769599999999919e+05 -1.623711000000000126e+01 9.096801999999999566e+01
2.317771599999999744e+05 -1.440671000000000035e+01 9.361865000000000236e+01
2.317773599999999860e+05 -1.466098000000000035e+01 8.963191000000000486e+01
2.317775599999999977e+05 -1.459614000000000011e+01 1.001178000000000026e+02
2.317777599999999802e+05 -1.569366999999999912e+01 9.668332999999999799e+01
2.317779599999999919e+05 -1.601960000000000051e+01 8.705324000000000240e+01
2.317781599999999744e+05 -1.549197000000000024e+01 8.229850999999999317e+01
2.317783599999999860e+05 -1.653187000000000140e+01 9.749202999999999975e+01
2.317785599999999977e+05 -1.473531999999999975e+01 8.074268999999999608e+01
2.317787599999999802e+05 -1.626302000000000092e+01 8.892427000000000703e+01
2.317789599999999919e+05 -1.511031000000000013e+01 9.263018999999999892e+01
2.317791599999999744e+05 -1.595494000000000057e+01 9.539374999999999716e+01
2.317793599999999860e+05 -1.646265999999999963e+01 9.478426000000000329e+01
2.317795599999999977e+05 -1.506465999999999994e+01 9.567991999999999564e+01
2.317797599999999802e+05 -1.576953999999999922e+01 9.492794000000000665e+01
2.317799599999999919e+05 -1.611966999999999928e+01 8.784028999999999598e+01
2.317801599999999744e+05 -1.516361000000000026e+01 9.096165999999999485e+01
2.317803599999999860e+05 -1.531691000000000003e+01 8.844272999999999740e+01
2.317805599999999977e+05 -1.626762000000000086e+01 8.921738999999999464e+01
2.317807599999999802e+05 -1.609031999999999840e+01 8.900909000000000049e+01
2.317809599999999919e+05 -1.426572999999999958e+01 9.221639000000000408e+01
2.317811599999999744e+05 -1.540384000000000064e+01 9.406502000000000407e+01
2.317813599999999860e+05 -1.516604000000000063e+01 9.481410999999999945e+01
2.317815599999999977e+05 -1.648762999999999934e+01 9.224393999999999494e+01
2.317817599999999802e+05 -1.590220000000000056e+01 8.769365999999999417e+01
2.317819599999999919e+05 -1.614776000000000167e+01 9.559010000000000673e+01
2.317821599999999744e+05 -1.499582999999999977e+01 9.213445000000000107e+01
2.317823599999999860e+05 -1.467511000000000010e+01 9.156358000000000175e+01
2.317825599999999977e+05 -1.468750000000000000e+01 9.581298999999999921e+01
2.317827599999999802e+05 -1.518650000000000055e+01 9.160075000000000500e+01
2.317829599999999919e+05 -1.552852999999999994e+01 8.765904999999999347e+01
2.317831599999999744e+05 -1.709672000000000125e+01 9.250472999999999502e+01
2.317833599999999860e+05 -1.553415000000000035e+01 9.020617000000000019e+01
2.317835599999999977e+05 -1.599459000000000053e+01 9.032823000000000491e+01
2.317837599999999802e+05 -1.507075999999999993e+01 8.640730999999999540e+01
2.317839599999999919e+05 -1.570068999999999981e+01 9.587368999999999630e+01
2.317841599999999744e+05 -1.673626000000000147e+01 9.114646999999999366e+01
2.317843599999999860e+05 -1.552053000000000083e+01 9.088029000000000224e+01
2.317845599999999977e+05 -1.583470999999999940e+01 9.398338999999999999e+01
2.317847599999999802e+05 -1.634715999999999880e+01 9.549542999999999893e+01
2.317849599999999919e+05 -1.456484000000000023e+01 9.134559000000000140e+01
2.317851599999999744e+05 -1.489278999999999975e+01 9.053163999999999589e+01
2.317853599999999860e+05 -1.595980999999999916e+01 9.454997000000000185e+01
2.317855599999999977e+05 -1.648354000000000141e+01 9.105818999999999619e+01
2.317857599999999802e+05 -1.581506000000000078e+01 9.300831999999999766e+01
2.317859599999999919e+05 -1.536434000000000033e+01 9.432264999999999588e+01
2.317861599999999744e+05 -1.463499000000000017e+01 8.880786000000000513e+01
2.317863599999999860e+05 -1.550463000000000058e+01 9.261316999999999666e+01
2.317865599999999977e+05 -1.421698999999999913e+01 8.993460000000000321e+01
2.317867599999999802e+05 -1.630912999999999968e+01 9.373506000000000427e+01
2.317869599999999919e+05 -1.506240000000000023e+01 8.501184999999999548e+01
2.317871599999999744e+05 -1.631722999999999857e+01 8.786396999999999480e+01
2.317873599999999860e+05 -1.491133999999999915e+01 9.040303000000000111e+01
2.317875599999999977e+05 -1.585553999999999952e+01 9.411069000000000528e+01
2.317877599999999802e+05 -1.521194999999999986e+01 9.649012000000000455e+01
2.317879599999999919e+05 -1.619891000000000147e+01 9.242176999999999509e+01
2.317881599999999744e+05 -1.506334999999999980e+01 9.060602000000000089e+01
2.317883599999999860e+05 -1.547841999999999985e+01 9.766522999999999399e+01
2.317885599999999977e+05 -1.534310999999999936e+01 9.157555000000000689e+01
2.317887599999999802e+05 -1.526284000000000063e+01 9.496178999999999348e+01
2.317889599999999919e+05 -1.569627999999999979e+01 9.819401999999999475e+01
2.317891599999999744e+05 -1.604138999999999982e+01 9.087824000000000524e+01
2.317893599999999860e+05 -1.564752000000000010e+01 9.720960999999999785e+01
