# Time finished:
# 2015-06-03 13.22.50
# Temp volt start:
# 1.0094736
# Temp volt stop:
# 1.0094736
# Approx start T:
# 87.258892646
# Approx stop T:
# 87.2632098661
# DC bias measured, messed up:
# 1.256887
# DC bias we asked for:
# 0
2.318218699999999953e+05 -1.571767000000000003e+01 9.374971999999999639e+01
2.318220700000000070e+05 -1.573978999999999928e+01 8.968722999999999956e+01
2.318222699999999895e+05 -1.511820999999999948e+01 9.571047000000000082e+01
2.318224700000000012e+05 -1.598090999999999973e+01 9.819827999999999690e+01
2.318226699999999837e+05 -1.682275999999999883e+01 8.801555999999999358e+01
2.318228699999999953e+05 -1.617871999999999844e+01 9.089790000000000703e+01
2.318230700000000070e+05 -1.619900000000000162e+01 9.529966000000000292e+01
2.318232699999999895e+05 -1.500742999999999938e+01 9.140618999999999517e+01
2.318234700000000012e+05 -1.580531000000000041e+01 9.895031000000000176e+01
2.318236699999999837e+05 -1.625232000000000099e+01 9.038374000000000308e+01
2.318238699999999953e+05 -1.573184999999999967e+01 9.054098000000000468e+01
2.318240700000000070e+05 -1.613922000000000168e+01 9.779849000000000103e+01
2.318242699999999895e+05 -1.696986000000000061e+01 9.646643000000000256e+01
2.318244700000000012e+05 -1.504066000000000081e+01 8.909172999999999831e+01
2.318246699999999837e+05 -1.634396999999999878e+01 8.971468000000000131e+01
2.318248699999999953e+05 -1.484774999999999956e+01 9.403637000000000512e+01
2.318250700000000070e+05 -1.578078000000000003e+01 8.813111000000000672e+01
2.318252699999999895e+05 -1.552386000000000088e+01 1.006420999999999992e+02
2.318254700000000012e+05 -1.661361000000000132e+01 9.475530000000000541e+01
2.318256699999999837e+05 -1.537030999999999992e+01 9.283096000000000458e+01
2.318258699999999953e+05 -1.614760000000000062e+01 9.166922999999999888e+01
2.318260700000000070e+05 -1.613476999999999961e+01 1.005578000000000003e+02
2.318262699999999895e+05 -1.545734999999999992e+01 9.293976999999999578e+01
2.318264700000000012e+05 -1.627741999999999933e+01 9.532859999999999445e+01
2.318266699999999837e+05 -1.547179000000000038e+01 9.166830000000000211e+01
2.318268699999999953e+05 -1.534985999999999962e+01 9.179756999999999323e+01
2.318270700000000070e+05 -1.618862999999999985e+01 9.317446999999999946e+01
2.318272699999999895e+05 -1.600844000000000023e+01 8.712547999999999604e+01
2.318274700000000012e+05 -1.557244000000000028e+01 9.563191999999999382e+01
2.318276699999999837e+05 -1.645630999999999844e+01 8.915070000000000050e+01
2.318278699999999953e+05 -1.637187000000000126e+01 9.060455000000000325e+01
2.318280700000000070e+05 -1.572422000000000075e+01 9.353242000000000189e+01
2.318282699999999895e+05 -1.513673000000000002e+01 9.027692000000000405e+01
2.318284700000000012e+05 -1.535360999999999976e+01 9.317256999999999323e+01
2.318286699999999837e+05 -1.573720999999999925e+01 8.551433000000000106e+01
2.318288699999999953e+05 -1.570298999999999978e+01 8.769790000000000418e+01
2.318290700000000070e+05 -1.609324000000000154e+01 9.304903000000000191e+01
2.318292699999999895e+05 -1.527996000000000087e+01 9.497812000000000410e+01
2.318294700000000012e+05 -1.523226999999999975e+01 9.419050000000000011e+01
2.318296699999999837e+05 -1.670455000000000112e+01 8.474106000000000449e+01
2.318298699999999953e+05 -1.554477999999999938e+01 8.497554999999999836e+01
2.318300700000000070e+05 -1.466810000000000080e+01 8.385040999999999656e+01
2.318302699999999895e+05 -1.413943000000000083e+01 9.694559999999999889e+01
2.318304700000000012e+05 -1.666866999999999877e+01 9.596110000000000184e+01
2.318306699999999837e+05 -1.630169000000000068e+01 8.922011999999999432e+01
2.318308699999999953e+05 -1.637079999999999913e+01 9.792681000000000324e+01
2.318310700000000070e+05 -1.584704999999999941e+01 9.510832999999999515e+01
2.318312699999999895e+05 -1.580658000000000030e+01 8.739118999999999460e+01
2.318314700000000012e+05 -1.606049000000000149e+01 8.696819000000000699e+01
2.318316699999999837e+05 -1.459684999999999988e+01 9.034807999999999595e+01
2.318318699999999953e+05 -1.615816999999999837e+01 8.841743999999999915e+01
2.318320700000000070e+05 -1.526604999999999990e+01 9.237923999999999580e+01
2.318322699999999895e+05 -1.492834000000000039e+01 9.437005999999999517e+01
2.318324700000000012e+05 -1.532939999999999969e+01 8.758660000000000423e+01
2.318326699999999837e+05 -1.517079999999999984e+01 9.027165999999999713e+01
2.318328699999999953e+05 -1.551195000000000057e+01 8.968388000000000204e+01
2.318330700000000070e+05 -1.621586999999999890e+01 9.039719999999999800e+01
2.318332699999999895e+05 -1.486100000000000065e+01 9.155182000000000642e+01
2.318334700000000012e+05 -1.547383999999999915e+01 9.190005999999999631e+01
2.318336699999999837e+05 -1.570527000000000051e+01 9.245345000000000368e+01
2.318338699999999953e+05 -1.497932999999999915e+01 9.251928999999999803e+01
2.318340700000000070e+05 -1.531739999999999924e+01 9.407907000000000153e+01
2.318342699999999895e+05 -1.641937000000000069e+01 9.239578000000000202e+01
2.318344700000000012e+05 -1.558001999999999931e+01 9.235618999999999801e+01
2.318346699999999837e+05 -1.600716999999999857e+01 9.600749999999999318e+01
2.318348699999999953e+05 -1.616386999999999929e+01 9.104207999999999856e+01
2.318350700000000070e+05 -1.489372000000000007e+01 8.785935999999999524e+01
2.318352699999999895e+05 -1.517811999999999983e+01 9.160406000000000404e+01
2.318354700000000012e+05 -1.628104000000000084e+01 9.177916999999999348e+01
2.318356699999999837e+05 -1.637353999999999843e+01 9.086406999999999812e+01
2.318358699999999953e+05 -1.523005000000000031e+01 9.464188000000000045e+01
2.318360700000000070e+05 -1.559163999999999994e+01 9.082882999999999640e+01
2.318362699999999895e+05 -1.638081999999999994e+01 9.317373999999999512e+01
2.318364700000000012e+05 -1.490512999999999977e+01 9.979926000000000386e+01
2.318366699999999837e+05 -1.603192999999999913e+01 8.748220999999999492e+01
2.318368699999999953e+05 -1.543341999999999992e+01 9.098772999999999911e+01
2.318370700000000070e+05 -1.528027999999999942e+01 9.136996000000000606e+01
2.318372699999999895e+05 -1.451132999999999917e+01 9.410887999999999920e+01
2.318374700000000012e+05 -1.615058000000000149e+01 9.292601999999999407e+01
2.318376699999999837e+05 -1.581015999999999977e+01 9.510201000000000704e+01
2.318378699999999953e+05 -1.635438999999999865e+01 9.535707999999999629e+01
2.318380700000000070e+05 -1.520975999999999928e+01 9.541635999999999740e+01
2.318382699999999895e+05 -1.579804999999999993e+01 8.800056999999999618e+01
2.318384700000000012e+05 -1.572064999999999912e+01 9.162588999999999828e+01
2.318386699999999837e+05 -1.651352999999999938e+01 9.147728999999999644e+01
2.318388699999999953e+05 -1.575444000000000067e+01 8.886433999999999855e+01
2.318390700000000070e+05 -1.499690000000000012e+01 9.328306999999999505e+01
2.318392699999999895e+05 -1.566783000000000037e+01 8.926912000000000091e+01
2.318394700000000012e+05 -1.661410000000000053e+01 9.475242000000000075e+01
2.318396699999999837e+05 -1.531616000000000000e+01 8.918945999999999685e+01
2.318398699999999953e+05 -1.523175999999999952e+01 9.215722999999999843e+01
2.318400700000000070e+05 -1.521482999999999919e+01 9.204300999999999533e+01
2.318402699999999895e+05 -1.568745000000000012e+01 9.281019999999999470e+01
2.318404700000000012e+05 -1.626360000000000028e+01 9.291997999999999536e+01
2.318406699999999837e+05 -1.583130000000000059e+01 8.930401000000000522e+01
2.318408699999999953e+05 -1.575716000000000072e+01 9.161391000000000417e+01
2.318410700000000070e+05 -1.497865000000000002e+01 9.208254999999999768e+01
2.318412699999999895e+05 -1.645194000000000045e+01 9.084054000000000428e+01
2.318414700000000012e+05 -1.613116000000000128e+01 9.279810000000000514e+01
2.318416699999999837e+05 -1.558126000000000033e+01 9.352594000000000563e+01
2.318418699999999953e+05 -1.487237000000000009e+01 8.874634000000000356e+01
