# Time finished:
# 2015-06-03 16.27.40
# Temp volt start:
# 1.0118212
# Temp volt stop:
# 1.0118212
# Approx start T:
# 85.9407405819
# Approx stop T:
# 85.9386038381
# DC bias measured, messed up:
# 3.217745
# DC bias we asked for:
# 0
2.318140799999999872e+05 -1.528438000000000052e+01 9.945129000000000019e+01
2.318142799999999988e+05 -1.490759000000000079e+01 8.884829999999999472e+01
2.318144799999999814e+05 -1.284713999999999956e+01 9.361862000000000705e+01
2.318146799999999930e+05 -1.530921000000000021e+01 8.098699000000000581e+01
2.318148799999999756e+05 -1.397564000000000028e+01 9.474563999999999453e+01
2.318150799999999872e+05 -1.505045999999999928e+01 9.450430000000000064e+01
2.318152799999999988e+05 -1.533497999999999983e+01 1.046701999999999941e+02
2.318154799999999814e+05 -1.567838000000000065e+01 9.230688000000000670e+01
2.318156799999999930e+05 -1.576870000000000083e+01 1.119184000000000054e+02
2.318158799999999756e+05 -1.598057999999999979e+01 8.921348000000000411e+01
2.318160799999999872e+05 -1.510449999999999982e+01 8.802441000000000315e+01
2.318162799999999988e+05 -1.336553999999999931e+01 1.046149999999999949e+02
2.318164799999999814e+05 -1.448939999999999984e+01 8.457450000000000045e+01
2.318166799999999930e+05 -1.619225000000000136e+01 9.358213999999999544e+01
2.318168799999999756e+05 -1.494827000000000083e+01 9.653149000000000513e+01
2.318170799999999872e+05 -1.572015999999999991e+01 9.258414000000000499e+01
2.318172799999999988e+05 -1.829025000000000034e+01 1.012149000000000001e+02
2.318174799999999814e+05 -1.726497000000000170e+01 9.866997000000000639e+01
2.318176799999999930e+05 -1.740425000000000111e+01 1.071401000000000039e+02
2.318178799999999756e+05 -1.437495999999999974e+01 8.704304999999999382e+01
2.318180799999999872e+05 -1.633746000000000009e+01 8.913889000000000351e+01
2.318182799999999988e+05 -1.598837999999999937e+01 1.057981000000000051e+02
2.318184799999999814e+05 -1.557925000000000004e+01 8.678358000000000061e+01
2.318186799999999930e+05 -1.570698999999999934e+01 9.734126000000000545e+01
2.318188799999999756e+05 -1.699607999999999919e+01 9.225086000000000297e+01
2.318190799999999872e+05 -1.567685999999999957e+01 9.229269999999999641e+01
2.318192799999999988e+05 -1.662852000000000174e+01 1.006017999999999972e+02
2.318194799999999814e+05 -1.519194000000000067e+01 9.115122999999999820e+01
2.318196799999999930e+05 -1.694943999999999917e+01 8.934260000000000446e+01
2.318198799999999756e+05 -1.638412999999999897e+01 8.943095999999999890e+01
2.318200799999999872e+05 -1.591386999999999929e+01 9.778597999999999502e+01
2.318202799999999988e+05 -1.540466999999999942e+01 8.335035999999999490e+01
2.318204799999999814e+05 -1.485631000000000057e+01 9.927705000000000268e+01
2.318206799999999930e+05 -1.632871000000000095e+01 9.935329000000000121e+01
2.318208799999999756e+05 -1.752719000000000094e+01 8.581480000000000530e+01
2.318210799999999872e+05 -1.705936000000000163e+01 8.509005999999999403e+01
2.318212799999999988e+05 -1.569520999999999944e+01 9.537187000000000126e+01
2.318214799999999814e+05 -1.496568000000000076e+01 8.344091000000000236e+01
2.318216799999999930e+05 -1.514579999999999949e+01 8.828646000000000527e+01
2.318218799999999756e+05 -1.461172999999999966e+01 9.235215999999999781e+01
2.318220799999999872e+05 -1.520404000000000089e+01 1.025704000000000065e+02
2.318222799999999988e+05 -1.431306999999999974e+01 9.634614999999999441e+01
2.318224799999999814e+05 -1.636817999999999884e+01 9.423940000000000339e+01
2.318226799999999930e+05 -1.597170999999999985e+01 8.747445999999999344e+01
2.318228799999999756e+05 -1.476261000000000045e+01 8.988080999999999676e+01
2.318230799999999872e+05 -1.760370999999999952e+01 8.821339000000000397e+01
2.318232799999999988e+05 -1.499497999999999998e+01 9.037720000000000198e+01
2.318234799999999814e+05 -1.393122999999999934e+01 7.709824000000000410e+01
2.318236799999999930e+05 -1.675068999999999875e+01 9.946873999999999683e+01
2.318238799999999756e+05 -1.362537999999999982e+01 9.789500999999999920e+01
2.318240799999999872e+05 -1.533600000000000030e+01 7.658661999999999637e+01
2.318242799999999988e+05 -1.672803000000000040e+01 1.049046000000000021e+02
2.318244799999999814e+05 -1.575756999999999941e+01 8.782067999999999586e+01
2.318246799999999930e+05 -1.375774000000000008e+01 9.957822000000000173e+01
2.318248799999999756e+05 -1.442807999999999957e+01 8.966411999999999694e+01
2.318250799999999872e+05 -1.404222999999999999e+01 9.941718000000000188e+01
2.318252799999999988e+05 -1.368441999999999936e+01 9.637436999999999898e+01
2.318254799999999814e+05 -1.706081999999999965e+01 8.048346999999999696e+01
2.318256799999999930e+05 -1.544687000000000054e+01 8.600475000000000136e+01
2.318258799999999756e+05 -1.742339000000000127e+01 9.848595000000000255e+01
2.318260799999999872e+05 -1.570137000000000072e+01 8.644639999999999702e+01
2.318262799999999988e+05 -1.349379000000000062e+01 9.127998999999999796e+01
2.318264799999999814e+05 -1.627762999999999849e+01 8.705501999999999896e+01
2.318266799999999930e+05 -1.322414000000000023e+01 7.816825000000000045e+01
2.318268799999999756e+05 -1.830530999999999864e+01 7.695977999999999497e+01
2.318270799999999872e+05 -1.901041000000000025e+01 1.013158999999999992e+02
2.318272799999999988e+05 -1.451632999999999996e+01 8.649083000000000254e+01
2.318274799999999814e+05 -1.485501999999999967e+01 8.658923000000000059e+01
2.318276799999999930e+05 -1.607092000000000098e+01 9.150652999999999793e+01
2.318278799999999756e+05 -1.361571999999999960e+01 8.293829999999999814e+01
2.318280799999999872e+05 -1.500896000000000008e+01 9.759963999999999373e+01
2.318282799999999988e+05 -1.486326000000000036e+01 9.419463000000000363e+01
2.318284799999999814e+05 -1.713494000000000028e+01 8.370887000000000455e+01
2.318286799999999930e+05 -1.507205000000000084e+01 8.984356999999999971e+01
2.318288799999999756e+05 -1.737449000000000154e+01 7.348283999999999594e+01
2.318290799999999872e+05 -1.526815999999999995e+01 9.222256000000000142e+01
2.318292799999999988e+05 -1.653055000000000163e+01 9.616133000000000663e+01
2.318294799999999814e+05 -1.600777000000000072e+01 9.469444000000000017e+01
2.318296799999999930e+05 -1.724003000000000085e+01 8.796838999999999942e+01
2.318298799999999756e+05 -1.425624000000000002e+01 1.020306999999999960e+02
2.318300799999999872e+05 -1.478715000000000046e+01 9.692013000000000034e+01
2.318302799999999988e+05 -1.579082000000000008e+01 9.742368000000000450e+01
2.318304799999999814e+05 -1.669570999999999827e+01 8.153427000000000646e+01
2.318306799999999930e+05 -1.655085000000000051e+01 9.989172999999999547e+01
2.318308799999999756e+05 -1.544628999999999941e+01 8.602346000000000004e+01
2.318310799999999872e+05 -1.529612000000000016e+01 1.008064999999999998e+02
2.318312799999999988e+05 -1.510932000000000031e+01 9.219500999999999635e+01
2.318314799999999814e+05 -1.443168000000000006e+01 8.168513000000000090e+01
2.318316799999999930e+05 -1.563203000000000031e+01 1.148349000000000046e+02
2.318318799999999756e+05 -1.672291999999999845e+01 7.179873000000000616e+01
2.318320799999999872e+05 -1.565291000000000032e+01 1.131007000000000033e+02
2.318322799999999988e+05 -1.675235999999999947e+01 9.947589999999999577e+01
2.318324799999999814e+05 -1.642312000000000083e+01 1.040824999999999960e+02
2.318326799999999930e+05 -1.808745000000000047e+01 8.363008999999999560e+01
2.318328799999999756e+05 -1.539625999999999983e+01 9.603211000000000297e+01
2.318330799999999872e+05 -1.515239000000000047e+01 9.090439000000000647e+01
2.318332799999999988e+05 -1.533501000000000047e+01 1.077149000000000001e+02
2.318334799999999814e+05 -1.714402000000000115e+01 9.260781000000000063e+01
2.318336799999999930e+05 -1.475841999999999921e+01 8.837762999999999636e+01
2.318338799999999756e+05 -1.512617000000000012e+01 8.621403999999999712e+01
2.318340799999999872e+05 -1.584897999999999918e+01 9.660153999999999996e+01
