# Time finished:
# 2015-06-02 11.32.47
# Temp volt start:
# 1.5760358
# Temp volt stop:
# 1.5760358
# Approx start T:
# -401.979793655
# Approx stop T:
# -401.945510219
# DC bias measured, messed up:
# 4.899312
# DC bias we asked for:
# 0
2.317362999999999884e+05 -1.553284999999999982e+01 9.682022000000000617e+01
2.317365000000000000e+05 -1.578102999999999945e+01 9.567855000000000132e+01
2.317366999999999825e+05 -1.602024000000000115e+01 9.542279000000000622e+01
2.317368999999999942e+05 -1.580104000000000042e+01 9.684135999999999456e+01
2.317370999999999767e+05 -1.531634000000000029e+01 9.708146999999999593e+01
2.317372999999999884e+05 -1.581842999999999932e+01 9.547728999999999644e+01
2.317375000000000000e+05 -1.590775000000000006e+01 9.621416000000000679e+01
2.317376999999999825e+05 -1.595285999999999937e+01 9.348206999999999312e+01
2.317378999999999942e+05 -1.562101000000000006e+01 9.508688999999999680e+01
2.317380999999999767e+05 -1.628631999999999991e+01 9.746026999999999418e+01
2.317382999999999884e+05 -1.571799000000000035e+01 9.558948999999999785e+01
2.317385000000000000e+05 -1.633515999999999835e+01 9.456583999999999435e+01
2.317386999999999825e+05 -1.576244999999999941e+01 9.471726999999999919e+01
2.317388999999999942e+05 -1.565822000000000003e+01 9.392104999999999393e+01
2.317390999999999767e+05 -1.577727999999999930e+01 9.674894999999999357e+01
2.317392999999999884e+05 -1.574066999999999972e+01 9.519755999999999574e+01
2.317395000000000000e+05 -1.636045999999999978e+01 9.542100999999999544e+01
2.317396999999999825e+05 -1.608899999999999864e+01 9.476514000000000237e+01
2.317398999999999942e+05 -1.591511000000000031e+01 9.541452999999999918e+01
2.317400999999999767e+05 -1.604300999999999888e+01 9.575987000000000648e+01
2.317402999999999884e+05 -1.589960999999999913e+01 9.567892000000000507e+01
2.317405000000000000e+05 -1.609055999999999997e+01 9.591043999999999414e+01
2.317406999999999825e+05 -1.591292999999999935e+01 9.330943000000000609e+01
2.317408999999999942e+05 -1.553449999999999953e+01 9.571774000000000626e+01
2.317410999999999767e+05 -1.609712999999999994e+01 9.444601000000000113e+01
2.317412999999999884e+05 -1.598878000000000021e+01 9.660396000000000072e+01
2.317415000000000000e+05 -1.621510999999999925e+01 9.441530000000000200e+01
2.317416999999999825e+05 -1.565755000000000052e+01 9.235962000000000671e+01
2.317418999999999942e+05 -1.572799000000000014e+01 9.629504000000000019e+01
2.317420999999999767e+05 -1.601669000000000054e+01 9.566442000000000689e+01
2.317422999999999884e+05 -1.610426000000000002e+01 9.756596999999999298e+01
2.317425000000000000e+05 -1.595204000000000022e+01 9.605124999999999602e+01
2.317426999999999825e+05 -1.598774000000000051e+01 9.746734999999999616e+01
2.317428999999999942e+05 -1.614958000000000027e+01 9.537673999999999808e+01
2.317430999999999767e+05 -1.611543999999999954e+01 9.532371999999999446e+01
2.317432999999999884e+05 -1.586245000000000083e+01 9.624781000000000120e+01
2.317435000000000000e+05 -1.614617000000000147e+01 9.680209000000000685e+01
2.317436999999999825e+05 -1.557033000000000023e+01 9.516671999999999798e+01
2.317438999999999942e+05 -1.583924000000000021e+01 9.663899000000000683e+01
2.317440999999999767e+05 -1.573919000000000068e+01 9.563975999999999544e+01
2.317442999999999884e+05 -1.596725999999999956e+01 9.411933000000000504e+01
2.317445000000000000e+05 -1.554799000000000042e+01 9.572008999999999901e+01
2.317446999999999825e+05 -1.608674999999999855e+01 9.531343999999999994e+01
2.317448999999999942e+05 -1.610534000000000177e+01 9.385304999999999609e+01
2.317450999999999767e+05 -1.595447000000000060e+01 9.348852999999999724e+01
2.317452999999999884e+05 -1.591249999999999964e+01 9.586646000000000356e+01
2.317455000000000000e+05 -1.576376999999999917e+01 9.600115999999999872e+01
2.317456999999999825e+05 -1.559356000000000009e+01 9.348949000000000353e+01
2.317458999999999942e+05 -1.593553999999999959e+01 9.555324000000000240e+01
2.317460999999999767e+05 -1.577021000000000051e+01 9.595575999999999794e+01
2.317462999999999884e+05 -1.603500999999999976e+01 9.449154000000000053e+01
2.317465000000000000e+05 -1.573826999999999998e+01 9.375696000000000652e+01
2.317466999999999825e+05 -1.549947000000000052e+01 9.494267000000000678e+01
2.317468999999999942e+05 -1.603624999999999901e+01 9.321904999999999575e+01
2.317470999999999767e+05 -1.589691999999999972e+01 9.621665000000000134e+01
2.317472999999999884e+05 -1.608355999999999852e+01 9.444845999999999719e+01
2.317475000000000000e+05 -1.567735000000000056e+01 9.484118999999999744e+01
2.317476999999999825e+05 -1.589418000000000042e+01 9.657317000000000462e+01
2.317478999999999942e+05 -1.581221999999999994e+01 9.672271000000000640e+01
2.317480999999999767e+05 -1.565794999999999959e+01 9.596880000000000166e+01
2.317482999999999884e+05 -1.614678999999999931e+01 9.394903999999999655e+01
2.317485000000000000e+05 -1.556409000000000020e+01 9.503911999999999694e+01
2.317486999999999825e+05 -1.584074000000000026e+01 9.535499000000000080e+01
2.317488999999999942e+05 -1.601017999999999830e+01 9.793385999999999569e+01
2.317490999999999767e+05 -1.593881000000000014e+01 9.456604000000000099e+01
2.317492999999999884e+05 -1.590811000000000064e+01 9.648848999999999876e+01
2.317495000000000000e+05 -1.631429999999999936e+01 9.470735000000000525e+01
2.317496999999999825e+05 -1.612947000000000131e+01 9.523202999999999463e+01
2.317498999999999942e+05 -1.590606000000000009e+01 9.590690999999999633e+01
2.317500999999999767e+05 -1.612586999999999904e+01 9.588054999999999950e+01
2.317502999999999884e+05 -1.607997999999999905e+01 9.650127000000000521e+01
2.317505000000000000e+05 -1.609140999999999977e+01 9.412991999999999848e+01
2.317506999999999825e+05 -1.581226000000000020e+01 9.672069999999999368e+01
2.317508999999999942e+05 -1.578668000000000049e+01 9.551863000000000170e+01
2.317510999999999767e+05 -1.550981999999999950e+01 9.545507999999999527e+01
2.317512999999999884e+05 -1.630864000000000047e+01 9.752057999999999538e+01
2.317515000000000000e+05 -1.559880000000000067e+01 9.456968999999999426e+01
2.317516999999999825e+05 -1.583425000000000082e+01 9.784126000000000545e+01
2.317518999999999942e+05 -1.579907000000000039e+01 9.353203999999999496e+01
2.317520999999999767e+05 -1.597397999999999918e+01 9.335685999999999751e+01
2.317522999999999884e+05 -1.577303000000000033e+01 9.728403000000000134e+01
2.317525000000000000e+05 -1.590685000000000038e+01 9.563818000000000552e+01
2.317526999999999825e+05 -1.564381999999999984e+01 9.487982999999999834e+01
2.317528999999999942e+05 -1.572986000000000040e+01 9.484985000000000355e+01
2.317530999999999767e+05 -1.620660000000000167e+01 9.715229999999999677e+01
2.317532999999999884e+05 -1.585914999999999964e+01 9.313434999999999775e+01
2.317535000000000000e+05 -1.546643000000000079e+01 9.702227000000000601e+01
2.317536999999999825e+05 -1.615898999999999930e+01 9.487273000000000422e+01
2.317538999999999942e+05 -1.583202999999999960e+01 9.384617000000000075e+01
2.317540999999999767e+05 -1.585824000000000034e+01 9.438253000000000270e+01
2.317542999999999884e+05 -1.609784000000000148e+01 9.289400000000000546e+01
2.317545000000000000e+05 -1.602254999999999896e+01 9.403361999999999910e+01
2.317546999999999825e+05 -1.591618000000000066e+01 9.635667999999999722e+01
2.317548999999999942e+05 -1.560349000000000075e+01 9.495847000000000548e+01
2.317550999999999767e+05 -1.590352000000000032e+01 9.702169000000000665e+01
2.317552999999999884e+05 -1.564448999999999934e+01 9.470055999999999585e+01
2.317555000000000000e+05 -1.582365000000000066e+01 9.459507999999999583e+01
2.317556999999999825e+05 -1.553933999999999926e+01 9.486359000000000208e+01
2.317558999999999942e+05 -1.584272999999999954e+01 9.509255000000000280e+01
2.317560999999999767e+05 -1.593898000000000081e+01 9.681511999999999318e+01
2.317562999999999884e+05 -1.550492000000000026e+01 9.524208000000000141e+01
