# Time finished:
# 2015-06-02 03.14.28
# Temp volt start:
# 0.9959818
# Temp volt stop:
# 0.9959818
# Approx start T:
# 94.7617553559
# Approx stop T:
# 94.7445122826
# DC bias measured, messed up:
# 5.254394
# DC bias we asked for:
# 0
2.318242600000000093e+05 -2.094588999999999857e+01 1.098299999999999983e+02
2.318244600000000210e+05 -1.934179999999999922e+01 1.004992000000000019e+02
2.318246600000000035e+05 -1.561213000000000051e+01 9.903234000000000492e+01
2.318248600000000151e+05 -1.382075000000000031e+01 9.045484999999999332e+01
2.318250599999999977e+05 -1.317460999999999949e+01 1.089797999999999973e+02
2.318252600000000093e+05 -1.607111000000000089e+01 9.500359000000000265e+01
2.318254600000000210e+05 -1.325421000000000049e+01 1.119607000000000028e+02
2.318256600000000035e+05 -1.647088000000000108e+01 1.099414000000000016e+02
2.318258600000000151e+05 -1.737935999999999837e+01 9.027102999999999611e+01
2.318260599999999977e+05 -1.400975999999999999e+01 1.175558999999999941e+02
2.318262600000000093e+05 -1.304191999999999929e+01 9.469387999999999295e+01
2.318264600000000210e+05 -1.507241999999999926e+01 8.433549999999999613e+01
2.318266600000000035e+05 -1.720222000000000051e+01 1.099361999999999995e+02
2.318268600000000151e+05 -1.228453999999999979e+01 8.728306000000000608e+01
2.318270599999999977e+05 -1.544215999999999944e+01 6.130897999999999826e+01
2.318272600000000093e+05 -1.544393999999999956e+01 1.083917000000000002e+02
2.318274600000000210e+05 -1.265835000000000043e+01 9.791243000000000052e+01
2.318276600000000035e+05 -1.545837000000000039e+01 1.067019999999999982e+02
2.318278600000000151e+05 -1.358567999999999998e+01 1.091743000000000023e+02
2.318280599999999977e+05 -1.441912999999999911e+01 8.067255000000000109e+01
2.318282600000000093e+05 -1.386949000000000076e+01 7.787726999999999578e+01
2.318284600000000210e+05 -1.495716000000000001e+01 1.050074000000000041e+02
2.318286600000000035e+05 -1.699212999999999951e+01 8.496074000000000126e+01
2.318288600000000151e+05 -1.562013999999999925e+01 9.132456000000000529e+01
2.318290599999999977e+05 -1.399959999999999916e+01 1.007246999999999986e+02
2.318292600000000093e+05 -1.349792000000000058e+01 1.196530000000000058e+02
2.318294600000000210e+05 -1.633630000000000138e+01 8.571698000000000661e+01
2.318296600000000035e+05 -2.368380000000000152e+01 1.009395999999999987e+02
2.318298600000000151e+05 -1.324247000000000085e+01 7.939535999999999660e+01
2.318300599999999977e+05 -1.652143999999999835e+01 8.811029999999999518e+01
2.318302600000000093e+05 -1.363874999999999993e+01 8.734824000000000410e+01
2.318304600000000210e+05 -1.570754999999999946e+01 9.079878999999999678e+01
2.318306600000000035e+05 -1.442228000000000065e+01 9.651282999999999390e+01
2.318308600000000151e+05 -1.330833999999999939e+01 8.522872999999999877e+01
2.318310599999999977e+05 -1.237655999999999956e+01 1.010293000000000063e+02
2.318312600000000093e+05 -1.398207999999999984e+01 7.075937999999999306e+01
2.318314600000000210e+05 -1.865581999999999852e+01 7.988361000000000445e+01
2.318316600000000035e+05 -1.655699999999999861e+01 1.170126999999999953e+02
2.318318600000000151e+05 -1.361045000000000016e+01 1.000966999999999985e+02
2.318320599999999977e+05 -1.743370000000000175e+01 9.368408999999999764e+01
2.318322600000000093e+05 -1.512859000000000087e+01 7.274312999999999363e+01
2.318324600000000210e+05 -1.607954000000000150e+01 7.286275000000000546e+01
2.318326600000000035e+05 -1.571934000000000076e+01 1.067296000000000049e+02
2.318328600000000151e+05 -1.633020000000000138e+01 9.891394999999999982e+01
2.318330599999999977e+05 -1.714843000000000117e+01 9.279156999999999300e+01
2.318332600000000093e+05 -1.706278000000000006e+01 9.209815000000000396e+01
2.318334600000000210e+05 -1.331408000000000058e+01 8.689683999999999742e+01
2.318336600000000035e+05 -1.708038000000000167e+01 8.299795000000000300e+01
2.318338600000000151e+05 -1.156142999999999965e+01 6.123508000000000351e+01
2.318340599999999977e+05 -1.538809000000000005e+01 8.959796000000000049e+01
2.318342600000000093e+05 -1.882824000000000098e+01 1.159564000000000021e+02
2.318344600000000210e+05 -1.582954999999999934e+01 1.046260999999999939e+02
2.318346600000000035e+05 -1.392740000000000045e+01 9.643376999999999555e+01
2.318348600000000151e+05 -1.256769000000000069e+01 1.021659999999999968e+02
2.318350599999999977e+05 -1.476093999999999973e+01 1.072091000000000065e+02
2.318352600000000093e+05 -1.878210999999999942e+01 9.323310999999999638e+01
2.318354600000000210e+05 -1.586609999999999943e+01 1.238937999999999988e+02
2.318356600000000035e+05 -1.687596999999999881e+01 9.646671999999999514e+01
2.318358600000000151e+05 -1.821447999999999823e+01 1.011126000000000005e+02
2.318360599999999977e+05 -1.294871000000000016e+01 1.020143999999999949e+02
2.318362600000000093e+05 -1.501454000000000022e+01 9.724085999999999785e+01
2.318364600000000210e+05 -1.437987000000000037e+01 1.119813000000000045e+02
2.318366600000000035e+05 -1.497936999999999941e+01 1.008247000000000071e+02
2.318368600000000151e+05 -1.206761000000000017e+01 9.606497000000000241e+01
2.318370599999999977e+05 -1.414127000000000045e+01 9.622024999999999295e+01
2.318372600000000093e+05 -1.622428000000000026e+01 9.935644999999999527e+01
2.318374600000000210e+05 -1.519434000000000040e+01 1.083108000000000004e+02
2.318376600000000035e+05 -1.915299999999999869e+01 9.853840999999999894e+01
2.318378600000000151e+05 -1.929755000000000109e+01 6.899088000000000420e+01
2.318380599999999977e+05 -1.636576000000000164e+01 5.470430999999999955e+01
2.318382600000000093e+05 -1.571033000000000079e+01 9.582702999999999349e+01
2.318384600000000210e+05 -1.093548999999999971e+01 9.884973999999999705e+01
2.318386600000000035e+05 -1.737202999999999875e+01 9.162919999999999732e+01
2.318388600000000151e+05 -1.689298000000000144e+01 8.943353000000000463e+01
2.318390599999999977e+05 -1.358106000000000080e+01 9.650937999999999306e+01
2.318392600000000093e+05 -1.471155000000000079e+01 1.034848000000000070e+02
2.318394600000000210e+05 -1.386519000000000013e+01 9.273627000000000464e+01
2.318396600000000035e+05 -1.269786999999999999e+01 1.103305000000000007e+02
2.318398600000000151e+05 -1.547836000000000034e+01 8.798677000000000703e+01
2.318400599999999977e+05 -1.402834999999999965e+01 1.065122000000000071e+02
2.318402600000000093e+05 -1.323901000000000039e+01 8.398024999999999807e+01
2.318404600000000210e+05 -1.607058999999999926e+01 8.748355999999999710e+01
2.318406600000000035e+05 -2.536679000000000173e+01 1.295091999999999928e+02
2.318408600000000151e+05 -1.891853000000000051e+01 9.253918000000000177e+01
2.318410599999999977e+05 -1.369258999999999915e+01 8.425266000000000588e+01
2.318412600000000093e+05 -1.400023000000000017e+01 1.128590999999999980e+02
2.318414600000000210e+05 -1.658307999999999893e+01 9.990421000000000618e+01
2.318416600000000035e+05 -2.257016000000000133e+01 7.077720999999999663e+01
2.318418600000000151e+05 -1.776097999999999999e+01 8.058478999999999814e+01
2.318420599999999977e+05 -1.308901000000000003e+01 1.184568000000000012e+02
2.318422600000000093e+05 -1.526366999999999940e+01 1.136944000000000017e+02
2.318424600000000210e+05 -1.699447999999999936e+01 9.917991999999999564e+01
2.318426600000000035e+05 -1.365909000000000084e+01 5.758008999999999844e+01
2.318428600000000151e+05 -1.140520000000000067e+01 9.129676999999999509e+01
2.318430599999999977e+05 -1.801207000000000136e+01 9.052576000000000533e+01
2.318432600000000093e+05 -1.392360000000000042e+01 9.642385000000000161e+01
2.318434600000000210e+05 -1.545466000000000051e+01 1.033070000000000022e+02
2.318436600000000035e+05 -1.200685999999999964e+01 9.381251000000000317e+01
2.318438600000000151e+05 -1.465882000000000041e+01 9.629694999999999538e+01
2.318440599999999977e+05 -1.382992999999999917e+01 8.420412000000000319e+01
2.318442600000000093e+05 -1.623133999999999943e+01 9.104027999999999565e+01
