# Time finished:
# 2015-06-02 12.06.09
# Temp volt start:
# 1.5762334
# Temp volt stop:
# 1.5762334
# Approx start T:
# -402.231670992
# Approx stop T:
# -402.23320083
# DC bias measured, messed up:
# 5.280839
# DC bias we asked for:
# 0
2.316887200000000012e+05 -1.278790000000000049e+01 9.397401000000000693e+01
2.316889200000000128e+05 -1.389933000000000085e+01 1.054339999999999975e+02
2.316891199999999953e+05 -1.683267999999999986e+01 7.931725000000000136e+01
2.316893200000000070e+05 -1.354738000000000042e+01 1.281323999999999899e+02
2.316895199999999895e+05 -3.639161000000000001e+01 6.474226000000000170e+01
2.316897200000000012e+05 -1.428017999999999965e+01 1.301653000000000020e+02
2.316899200000000128e+05 -1.464531999999999989e+01 1.186743000000000023e+02
2.316901199999999953e+05 -1.277036999999999978e+01 5.178808999999999685e+01
2.316903200000000070e+05 -1.465853000000000073e+01 9.978498000000000445e+01
2.316905199999999895e+05 -1.546616999999999997e+01 6.060896999999999935e+01
2.316907200000000012e+05 -1.718872000000000000e+01 9.720292999999999495e+01
2.316909200000000128e+05 -2.123494000000000170e+01 8.952746000000000492e+01
2.316911199999999953e+05 -1.612747999999999848e+01 1.244405000000000001e+02
2.316913200000000070e+05 -1.173029999999999973e+01 7.999662999999999613e+01
2.316915199999999895e+05 -1.510759000000000007e+01 8.863799000000000206e+01
2.316917200000000012e+05 -1.243239999999999945e+01 7.566621000000000663e+01
2.316919200000000128e+05 -1.710472000000000037e+01 1.790281999999999982e+02
2.316921199999999953e+05 -1.156916000000000011e+01 6.736310000000000286e+01
2.316923200000000070e+05 -1.392745000000000033e+01 1.085058999999999969e+02
2.316925199999999895e+05 -1.412008999999999936e+01 1.015657000000000068e+02
2.316927200000000012e+05 -1.364503000000000021e+01 1.158995000000000033e+02
2.316929200000000128e+05 -1.273035999999999923e+01 9.331235999999999819e+01
2.316931199999999953e+05 -1.536753999999999998e+01 8.716321999999999548e+01
2.316933200000000070e+05 -2.052620999999999896e+01 9.045243999999999573e+01
2.316935199999999895e+05 -1.478478999999999921e+01 9.684923000000000570e+01
2.316937200000000012e+05 -1.384998000000000040e+01 1.024509000000000043e+02
2.316939200000000128e+05 -1.381348999999999982e+01 8.652540000000000475e+01
2.316941199999999953e+05 -1.066125000000000078e+01 1.215597000000000065e+02
2.316943200000000070e+05 -2.127483000000000146e+01 1.168464000000000027e+02
2.316945199999999895e+05 -1.713789999999999836e+01 9.405790000000000362e+01
2.316947200000000012e+05 -1.444693000000000005e+01 1.094086999999999961e+02
2.316949200000000128e+05 -1.682655000000000101e+01 1.186697000000000060e+02
2.316951199999999953e+05 -1.778849999999999909e+01 5.182985999999999649e+01
2.316953200000000070e+05 -1.807321999999999917e+01 1.156366000000000014e+02
2.316955199999999895e+05 -1.102106000000000030e+01 1.191183999999999941e+02
2.316957200000000012e+05 -1.344471000000000060e+01 9.748987999999999943e+01
2.316959200000000128e+05 -1.199151999999999951e+01 1.235259999999999962e+02
2.316961199999999953e+05 -1.468088999999999977e+01 1.754035000000000082e+02
2.316963200000000070e+05 -9.145341000000000165e+00 9.463966000000000633e+01
2.316965199999999895e+05 -2.124029000000000167e+01 7.682063999999999737e+01
2.316967200000000012e+05 -1.276249999999999929e+01 1.188130000000000024e+02
2.316969200000000128e+05 -1.313392999999999944e+01 1.246337000000000046e+02
2.316971199999999953e+05 -1.311517000000000088e+01 1.228652000000000015e+02
2.316973200000000070e+05 -1.770320999999999856e+01 1.371745999999999981e+02
2.316975199999999895e+05 -1.311420999999999992e+01 7.821479999999999677e+01
2.316977200000000012e+05 -1.317852000000000068e+01 1.147783000000000015e+02
2.316979200000000128e+05 -1.487571999999999939e+01 1.228207000000000022e+02
2.316981199999999953e+05 -1.375328999999999979e+01 9.058187999999999818e+01
2.316983200000000070e+05 -1.308529000000000053e+01 9.375189000000000306e+01
2.316985199999999895e+05 -2.015795999999999921e+01 8.177384000000000697e+01
2.316987200000000012e+05 -1.707911000000000001e+01 7.031955000000000666e+01
2.316989200000000128e+05 -1.193661999999999956e+01 1.158169999999999931e+02
2.316991199999999953e+05 -1.558971999999999980e+01 1.304964999999999975e+02
2.316993200000000070e+05 -1.555452999999999975e+01 1.340180000000000007e+02
2.316995199999999895e+05 -1.230400999999999989e+01 7.402285000000000537e+01
2.316997200000000012e+05 -2.021978000000000009e+01 1.078260999999999967e+02
2.316999200000000128e+05 -9.359749000000000763e+00 9.699657000000000551e+01
2.317001199999999953e+05 -1.458699999999999974e+01 6.753670999999999935e+01
2.317003200000000070e+05 -1.511283000000000065e+01 7.216674999999999329e+01
2.317005199999999895e+05 -1.292604000000000042e+01 8.805581999999999709e+01
2.317007200000000012e+05 -1.271874000000000038e+01 5.610271000000000186e+01
2.317009200000000128e+05 -1.563336999999999932e+01 9.314503000000000554e+01
2.317011199999999953e+05 -1.313119999999999976e+01 4.256076000000000192e+01
2.317013200000000070e+05 -1.832097999999999871e+01 6.120700000000000074e+01
2.317015199999999895e+05 -1.230611000000000033e+01 6.292157999999999873e+01
2.317017200000000012e+05 -1.549033999999999978e+01 9.382587999999999795e+01
2.317019200000000128e+05 -1.464147999999999961e+01 9.738871000000000322e+01
2.317021199999999953e+05 -1.416188000000000002e+01 1.462969999999999970e+02
2.317023200000000070e+05 -1.625946000000000069e+01 8.850927000000000078e+01
2.317025199999999895e+05 -1.706154000000000082e+01 5.789932000000000301e+01
2.317027200000000012e+05 -2.144187000000000154e+01 5.436742000000000274e+01
2.317029200000000128e+05 -1.833331000000000088e+01 1.016231999999999971e+02
2.317031199999999953e+05 -1.445088999999999935e+01 9.932867000000000246e+01
2.317033200000000070e+05 -1.094688999999999979e+01 9.886651000000000522e+01
2.317035199999999895e+05 -2.127295000000000158e+01 8.633938000000000557e+01
2.317037200000000012e+05 -1.127682000000000073e+01 9.842669999999999675e+01
2.317039200000000128e+05 -1.813495999999999952e+01 9.316025999999999385e+01
2.317041199999999953e+05 -1.778945999999999827e+01 6.136807999999999907e+01
2.317043200000000070e+05 -2.128629000000000104e+01 1.026230999999999938e+02
2.317045199999999895e+05 -1.362177999999999933e+01 9.243309999999999604e+01
2.317047200000000012e+05 -1.376341000000000037e+01 1.589668000000000063e+02
2.317049200000000128e+05 -1.215250999999999948e+01 8.039005000000000223e+01
2.317051199999999953e+05 -1.359481000000000073e+01 9.912951999999999941e+01
2.317053200000000070e+05 -1.269373000000000040e+01 9.932932999999999879e+01
2.317055199999999895e+05 -1.405728000000000044e+01 1.481502999999999872e+02
2.317057200000000012e+05 -1.525568999999999953e+01 6.370953999999999695e+01
2.317059200000000128e+05 -1.887282000000000082e+01 6.093386000000000280e+01
2.317061199999999953e+05 -1.540971000000000046e+01 9.958536999999999750e+01
2.317063200000000070e+05 -1.144626000000000055e+01 9.605971999999999866e+01
2.317065199999999895e+05 -1.234647000000000006e+01 9.399647000000000219e+01
2.317067200000000012e+05 -1.155865000000000009e+01 9.728883000000000436e+01
2.317069200000000128e+05 -2.702431999999999945e+01 4.690845999999999805e+01
2.317071199999999953e+05 -1.524333000000000027e+01 6.121032000000000295e+01
2.317073200000000070e+05 -1.736251999999999995e+01 9.131261999999999546e+01
2.317075199999999895e+05 -1.327131999999999934e+01 6.112156000000000233e+01
2.317077200000000012e+05 -1.666967999999999961e+01 1.093546000000000049e+02
2.317079200000000128e+05 -2.209618000000000038e+01 4.558908000000000271e+01
2.317081199999999953e+05 -1.840149999999999864e+01 1.379232000000000085e+02
2.317083200000000070e+05 -1.957611999999999952e+01 1.262827999999999946e+02
2.317085199999999895e+05 -1.276210000000000022e+01 8.078409999999999513e+01
2.317087200000000012e+05 -1.840305999999999997e+01 7.858844000000000563e+01
