# Time finished:
# 2015-06-02 23.51.31
# Temp volt start:
# 1.0405697
# Temp volt stop:
# 1.0405697
# Approx start T:
# 69.4814802305
# Approx stop T:
# 69.4897008862
# DC bias measured, messed up:
# 1.010363
# DC bias we asked for:
# 0
2.317875599999999977e+05 -1.558117999999999981e+01 9.068321000000000254e+01
2.317877600000000093e+05 -1.568347999999999942e+01 9.688863999999999521e+01
2.317879599999999919e+05 -1.619911000000000101e+01 8.680141999999999314e+01
2.317881600000000035e+05 -1.625238999999999834e+01 9.237044000000000210e+01
2.317883599999999860e+05 -1.647316000000000003e+01 9.140229999999999677e+01
2.317885599999999977e+05 -1.698463999999999885e+01 9.448032999999999504e+01
2.317887600000000093e+05 -1.651689999999999969e+01 9.412891999999999371e+01
2.317889599999999919e+05 -1.663410999999999973e+01 9.790886999999999318e+01
2.317891600000000035e+05 -1.614943999999999846e+01 9.461584000000000572e+01
2.317893599999999860e+05 -1.608404000000000167e+01 9.055762000000000000e+01
2.317895599999999977e+05 -1.551736000000000004e+01 8.643309000000000708e+01
2.317897600000000093e+05 -1.615869999999999962e+01 9.632867000000000246e+01
2.317899599999999919e+05 -1.516408000000000023e+01 8.716792999999999836e+01
2.317901600000000035e+05 -1.637278999999999840e+01 9.425606999999999402e+01
2.317903599999999860e+05 -1.592340000000000089e+01 8.675114999999999554e+01
2.317905599999999977e+05 -1.583352000000000004e+01 9.887716000000000349e+01
2.317907600000000093e+05 -1.570692000000000021e+01 8.929085999999999501e+01
2.317909599999999919e+05 -1.587575999999999965e+01 9.457344000000000506e+01
2.317911600000000035e+05 -1.649416000000000082e+01 9.892960999999999672e+01
2.317913599999999860e+05 -1.578293999999999997e+01 9.392470000000000141e+01
2.317915599999999977e+05 -1.538927999999999940e+01 9.183719999999999573e+01
2.317917600000000093e+05 -1.443154999999999966e+01 9.034224000000000387e+01
2.317919599999999919e+05 -1.543961000000000006e+01 9.534329999999999927e+01
2.317921600000000035e+05 -1.608352999999999966e+01 8.689977000000000373e+01
2.317923599999999860e+05 -1.522663000000000011e+01 9.197775000000000034e+01
2.317925599999999977e+05 -1.583671000000000006e+01 9.722420999999999935e+01
2.317927600000000093e+05 -1.667831999999999937e+01 9.583759000000000583e+01
2.317929599999999919e+05 -1.469408999999999921e+01 8.981704999999999472e+01
2.317931600000000035e+05 -1.607824000000000098e+01 8.951819000000000415e+01
2.317933599999999860e+05 -1.548263999999999996e+01 9.364816999999999325e+01
2.317935599999999977e+05 -1.578279000000000032e+01 8.761902999999999508e+01
2.317937600000000093e+05 -1.466393000000000058e+01 9.026718999999999937e+01
2.317939599999999919e+05 -1.553669999999999973e+01 8.543314999999999770e+01
2.317941600000000035e+05 -1.635087000000000046e+01 8.711257999999999413e+01
2.317943599999999860e+05 -1.647690000000000055e+01 9.414016999999999769e+01
2.317945599999999977e+05 -1.624161000000000143e+01 8.799348000000000525e+01
2.317947600000000093e+05 -1.720405999999999835e+01 9.066531000000000518e+01
2.317949599999999919e+05 -1.498094999999999999e+01 8.786400999999999328e+01
2.317951600000000035e+05 -1.531670000000000087e+01 8.909122999999999593e+01
2.317953599999999860e+05 -1.530061000000000071e+01 9.244886999999999944e+01
2.317955599999999977e+05 -1.557232999999999912e+01 9.451403000000000532e+01
2.317957600000000093e+05 -1.609198999999999913e+01 9.160863999999999407e+01
2.317959599999999919e+05 -1.627526999999999902e+01 8.917203999999999553e+01
2.317961600000000035e+05 -1.587247999999999948e+01 9.532662999999999442e+01
2.317963599999999860e+05 -1.558935999999999922e+01 9.095055999999999585e+01
2.317965599999999977e+05 -1.605518000000000001e+01 9.694083999999999435e+01
2.317967600000000093e+05 -1.651713000000000164e+01 8.878932000000000357e+01
2.317969599999999919e+05 -1.581687999999999938e+01 9.493600000000000705e+01
2.317971600000000035e+05 -1.526487000000000016e+01 9.363693000000000666e+01
2.317973599999999860e+05 -1.620360000000000156e+01 8.827786999999999296e+01
2.317975599999999977e+05 -1.570360999999999940e+01 8.741830000000000211e+01
2.317977600000000093e+05 -1.466346000000000060e+01 8.460423000000000116e+01
2.317979599999999919e+05 -1.537748000000000026e+01 9.641115999999999531e+01
2.317981600000000035e+05 -1.670348999999999862e+01 9.907218000000000302e+01
2.317983599999999860e+05 -1.566764000000000046e+01 9.167373000000000616e+01
2.317985599999999977e+05 -1.519622999999999990e+01 8.690425000000000466e+01
2.317987600000000093e+05 -1.585873999999999917e+01 9.240578999999999610e+01
2.317989599999999919e+05 -1.659722999999999971e+01 8.472234000000000265e+01
2.317991600000000035e+05 -1.557696999999999932e+01 9.280319000000000074e+01
2.317993599999999860e+05 -1.583976999999999968e+01 9.228643999999999892e+01
2.317995599999999977e+05 -1.534923000000000037e+01 9.088344999999999629e+01
2.317997600000000093e+05 -1.567052999999999940e+01 9.291733999999999583e+01
2.317999599999999919e+05 -1.497697999999999929e+01 9.499662999999999613e+01
2.318001600000000035e+05 -1.497424999999999962e+01 9.546147000000000560e+01
2.318003599999999860e+05 -1.542723999999999940e+01 9.376989000000000374e+01
2.318005599999999977e+05 -1.400195000000000078e+01 9.951788000000000523e+01
2.318007600000000093e+05 -1.493829000000000029e+01 9.568053999999999348e+01
2.318009599999999919e+05 -1.584720000000000084e+01 8.681274000000000513e+01
2.318011600000000035e+05 -1.527908000000000044e+01 9.138299999999999557e+01
2.318013599999999860e+05 -1.596683999999999948e+01 9.574661999999999296e+01
2.318015599999999977e+05 -1.658294000000000068e+01 8.737936000000000547e+01
2.318017600000000093e+05 -1.573645999999999923e+01 9.041536999999999580e+01
2.318019599999999919e+05 -1.541849000000000025e+01 9.038671999999999684e+01
2.318021600000000035e+05 -1.570551000000000030e+01 9.166855999999999938e+01
2.318023599999999860e+05 -1.526336000000000048e+01 9.198154999999999859e+01
2.318025599999999977e+05 -1.499022000000000077e+01 9.880137000000000569e+01
2.318027600000000093e+05 -1.620523000000000025e+01 9.555192999999999870e+01
2.318029599999999919e+05 -1.488016000000000005e+01 9.918265999999999849e+01
2.318031600000000035e+05 -1.528044000000000047e+01 9.161990000000000123e+01
2.318033599999999860e+05 -1.582877000000000045e+01 9.608915000000000362e+01
2.318035599999999977e+05 -1.716002999999999901e+01 9.068313000000000557e+01
2.318037600000000093e+05 -1.541386999999999929e+01 8.809257999999999811e+01
2.318039599999999919e+05 -1.569288000000000061e+01 8.805156999999999812e+01
2.318041600000000035e+05 -1.591798999999999964e+01 9.278551000000000215e+01
2.318043599999999860e+05 -1.607301999999999964e+01 8.900151999999999930e+01
2.318045599999999977e+05 -1.530066000000000059e+01 9.316727000000000203e+01
2.318047600000000093e+05 -1.600344000000000122e+01 8.812510000000000332e+01
2.318049599999999919e+05 -1.580447000000000024e+01 8.938353999999999644e+01
2.318051600000000035e+05 -1.533686999999999934e+01 9.268267000000000166e+01
2.318053599999999860e+05 -1.623055000000000092e+01 9.463194000000000017e+01
2.318055599999999977e+05 -1.587326999999999977e+01 9.101106000000000051e+01
2.318057600000000093e+05 -1.613260000000000005e+01 9.212169000000000096e+01
2.318059599999999919e+05 -1.689367000000000019e+01 8.673846000000000345e+01
2.318061600000000035e+05 -1.513503000000000043e+01 9.468283999999999878e+01
2.318063599999999860e+05 -1.587574000000000041e+01 9.457479999999999620e+01
2.318065599999999977e+05 -1.612333999999999889e+01 8.569420999999999822e+01
2.318067600000000093e+05 -1.548301999999999978e+01 9.316958999999999946e+01
2.318069599999999919e+05 -1.627442999999999884e+01 8.918134999999999479e+01
2.318071600000000035e+05 -1.578059999999999974e+01 9.443129000000000417e+01
2.318073599999999860e+05 -1.510296999999999912e+01 9.211979999999999791e+01
2.318075599999999977e+05 -1.606419999999999959e+01 9.017955999999999506e+01
