# Time finished:
# 2015-06-03 04.45.57
# Temp volt start:
# 1.0186177
# Temp volt stop:
# 1.0186177
# Approx start T:
# 82.1029811715
# Approx stop T:
# 82.1059298216
# DC bias measured, messed up:
# 1.151415
# DC bias we asked for:
# 0
2.318126000000000058e+05 -1.601497000000000170e+01 8.699751000000000545e+01
2.318128000000000175e+05 -1.522234000000000087e+01 9.355482999999999549e+01
2.318130000000000000e+05 -1.507999000000000045e+01 9.595600000000000307e+01
2.318132000000000116e+05 -1.630332999999999899e+01 8.603673000000000570e+01
2.318133999999999942e+05 -1.500615999999999950e+01 9.214981000000000222e+01
2.318136000000000058e+05 -1.539486999999999917e+01 9.312211999999999534e+01
2.318138000000000175e+05 -1.503993999999999964e+01 9.236854999999999905e+01
2.318140000000000000e+05 -1.652094999999999914e+01 9.076594000000000051e+01
2.318142000000000116e+05 -1.569496000000000002e+01 9.663316000000000372e+01
2.318143999999999942e+05 -1.623828999999999922e+01 9.497042000000000428e+01
2.318146000000000058e+05 -1.677076999999999884e+01 1.010643000000000029e+02
2.318148000000000175e+05 -1.673516000000000048e+01 8.592915999999999599e+01
2.318150000000000000e+05 -1.461120000000000019e+01 9.014061999999999841e+01
2.318152000000000116e+05 -1.569183999999999912e+01 9.416834000000000060e+01
2.318153999999999942e+05 -1.653108999999999895e+01 8.792015000000000668e+01
2.318156000000000058e+05 -1.526404999999999923e+01 9.926815000000000566e+01
2.318158000000000175e+05 -1.596261999999999937e+01 9.286606999999999346e+01
2.318160000000000000e+05 -1.548634999999999984e+01 1.003503000000000043e+02
2.318162000000000116e+05 -1.592437999999999931e+01 9.479152999999999452e+01
2.318163999999999942e+05 -1.594387000000000043e+01 8.681779000000000224e+01
2.318166000000000058e+05 -1.713855999999999824e+01 9.390484999999999616e+01
2.318168000000000175e+05 -1.528523999999999994e+01 8.898366000000000042e+01
2.318170000000000000e+05 -1.533108999999999966e+01 8.737573000000000434e+01
2.318172000000000116e+05 -1.662602000000000046e+01 9.165491000000000099e+01
2.318173999999999942e+05 -1.455404000000000053e+01 9.592494000000000653e+01
2.318176000000000058e+05 -1.662440000000000140e+01 9.138879000000000019e+01
2.318178000000000175e+05 -1.656330000000000169e+01 9.931843000000000643e+01
2.318180000000000000e+05 -1.530939000000000050e+01 9.234135999999999456e+01
2.318182000000000116e+05 -1.518938999999999950e+01 9.180353999999999814e+01
2.318183999999999942e+05 -1.594405000000000072e+01 9.444019000000000119e+01
2.318186000000000058e+05 -1.752037999999999940e+01 8.493426999999999794e+01
2.318188000000000175e+05 -1.513310000000000066e+01 8.895004000000000133e+01
2.318190000000000000e+05 -1.600809999999999889e+01 9.055794000000000210e+01
2.318192000000000116e+05 -1.570486000000000004e+01 8.665221999999999980e+01
2.318193999999999942e+05 -1.599328000000000038e+01 8.556055999999999528e+01
2.318196000000000058e+05 -1.555545000000000044e+01 9.658129999999999882e+01
2.318198000000000175e+05 -1.604923000000000144e+01 9.542637999999999465e+01
2.318200000000000000e+05 -1.558633000000000024e+01 9.416348999999999592e+01
2.318202000000000116e+05 -1.592206999999999972e+01 9.527554000000000656e+01
2.318203999999999942e+05 -1.486129000000000033e+01 9.228888999999999498e+01
2.318206000000000058e+05 -1.597577000000000069e+01 9.105231999999999459e+01
2.318208000000000175e+05 -1.581085000000000029e+01 8.894744000000000028e+01
2.318210000000000000e+05 -1.536040000000000028e+01 9.222144000000000119e+01
2.318212000000000116e+05 -1.662358000000000047e+01 8.890752000000000521e+01
2.318213999999999942e+05 -1.598337000000000074e+01 8.971586999999999534e+01
2.318216000000000058e+05 -1.596130999999999922e+01 8.936472999999999445e+01
2.318218000000000175e+05 -1.522560000000000002e+01 9.423902999999999963e+01
2.318220000000000000e+05 -1.571087999999999951e+01 8.818214999999999293e+01
2.318222000000000116e+05 -1.585383000000000031e+01 9.240188999999999453e+01
2.318223999999999942e+05 -1.570701999999999998e+01 9.522350000000000136e+01
2.318226000000000058e+05 -1.624415000000000120e+01 8.960487000000000535e+01
2.318228000000000175e+05 -1.511246000000000045e+01 9.927795000000000414e+01
2.318230000000000000e+05 -1.537737000000000087e+01 9.719589999999999463e+01
2.318232000000000116e+05 -1.633971999999999980e+01 9.701991999999999905e+01
2.318233999999999942e+05 -1.523888999999999960e+01 8.934933999999999799e+01
2.318236000000000058e+05 -1.489987999999999957e+01 9.645416000000000167e+01
2.318238000000000175e+05 -1.529954000000000036e+01 9.032438000000000500e+01
2.318240000000000000e+05 -1.541034999999999933e+01 8.801518000000000086e+01
2.318242000000000116e+05 -1.513073999999999941e+01 9.918726999999999805e+01
2.318243999999999942e+05 -1.584202999999999939e+01 9.645508999999999844e+01
2.318246000000000058e+05 -1.578927999999999976e+01 9.038546999999999798e+01
2.318248000000000175e+05 -1.500803999999999938e+01 8.966740000000000066e+01
2.318250000000000000e+05 -1.557103000000000037e+01 8.825968000000000302e+01
2.318252000000000116e+05 -1.635322000000000031e+01 8.651541000000000281e+01
2.318253999999999942e+05 -1.628040000000000020e+01 9.297687999999999420e+01
2.318256000000000058e+05 -1.637033999999999878e+01 8.890896999999999650e+01
2.318258000000000175e+05 -1.611706999999999823e+01 8.842622000000000071e+01
2.318260000000000000e+05 -1.623924999999999841e+01 8.772908999999999935e+01
2.318262000000000116e+05 -1.633802000000000021e+01 8.944068000000000040e+01
2.318263999999999942e+05 -1.602911999999999892e+01 8.750150999999999613e+01
2.318266000000000058e+05 -1.588978000000000002e+01 9.407076000000000704e+01
2.318268000000000175e+05 -1.528578000000000081e+01 9.581189999999999429e+01
2.318270000000000000e+05 -1.563912999999999975e+01 9.405521000000000242e+01
2.318272000000000116e+05 -1.636004000000000147e+01 8.816205999999999676e+01
2.318273999999999942e+05 -1.629842000000000013e+01 9.209524000000000399e+01
2.318276000000000058e+05 -1.511445999999999934e+01 9.028135000000000332e+01
2.318278000000000175e+05 -1.647963000000000022e+01 9.027273999999999887e+01
2.318280000000000000e+05 -1.487989999999999924e+01 9.345936000000000377e+01
2.318282000000000116e+05 -1.550379000000000040e+01 8.726914999999999623e+01
2.318283999999999942e+05 -1.534521999999999942e+01 9.346533999999999764e+01
2.318286000000000058e+05 -1.688844999999999885e+01 9.752215999999999951e+01
2.318288000000000175e+05 -1.579216000000000086e+01 9.086078999999999439e+01
2.318290000000000000e+05 -1.575662999999999947e+01 9.583204999999999529e+01
2.318292000000000116e+05 -1.535646999999999984e+01 9.132282999999999618e+01
2.318293999999999942e+05 -1.470203000000000060e+01 8.548427999999999827e+01
2.318296000000000058e+05 -1.551674000000000042e+01 8.817185999999999524e+01
2.318298000000000175e+05 -1.643186000000000035e+01 8.554420000000000357e+01
2.318300000000000000e+05 -1.569608999999999988e+01 9.663804000000000372e+01
2.318302000000000116e+05 -1.492792000000000030e+01 9.292140000000000555e+01
2.318303999999999942e+05 -1.525536999999999921e+01 9.156041999999999348e+01
2.318306000000000058e+05 -1.637315999999999860e+01 8.915923999999999694e+01
2.318308000000000175e+05 -1.589729999999999954e+01 9.634315999999999747e+01
2.318310000000000000e+05 -1.560896999999999935e+01 8.846671000000000618e+01
2.318312000000000116e+05 -1.645327999999999946e+01 9.258297000000000310e+01
2.318313999999999942e+05 -1.556761000000000017e+01 9.716270000000000095e+01
2.318316000000000058e+05 -1.670168999999999926e+01 9.084505000000000052e+01
2.318318000000000175e+05 -1.567355000000000054e+01 9.194916999999999518e+01
2.318320000000000000e+05 -1.627319999999999922e+01 9.573377999999999588e+01
2.318322000000000116e+05 -1.499258000000000024e+01 9.443435999999999808e+01
2.318323999999999942e+05 -1.568556000000000061e+01 9.089836999999999989e+01
2.318326000000000058e+05 -1.590939999999999976e+01 9.298869000000000540e+01
