# Time finished:
# 2015-06-02 20.22.05
# Temp volt start:
# 1.2006265
# Temp volt stop:
# 1.2006265
# Approx start T:
# -34.8268222762
# Approx stop T:
# -34.3968315148
# DC bias measured, messed up:
# 1.239208
# DC bias we asked for:
# 0
2.317122999999999884e+05 -1.548113000000000028e+01 9.568325000000000102e+01
2.317125000000000000e+05 -1.503787999999999947e+01 9.616249999999999432e+01
2.317126999999999825e+05 -1.597380000000000067e+01 8.971800000000000352e+01
2.317128999999999942e+05 -1.579379999999999917e+01 9.510047000000000139e+01
2.317130999999999767e+05 -1.474943000000000026e+01 1.010981000000000023e+02
2.317132999999999884e+05 -1.719204999999999828e+01 8.908938999999999453e+01
2.317135000000000000e+05 -1.517567999999999984e+01 9.223479000000000383e+01
2.317136999999999825e+05 -1.635681999999999903e+01 1.011591999999999985e+02
2.317138999999999942e+05 -1.635950000000000060e+01 9.508221000000000345e+01
2.317140999999999767e+05 -1.557141000000000020e+01 9.220126999999999384e+01
2.317142999999999884e+05 -1.649553999999999832e+01 8.974754000000000076e+01
2.317145000000000000e+05 -1.609975000000000023e+01 1.036093999999999937e+02
2.317146999999999825e+05 -1.427837000000000067e+01 9.443719000000000108e+01
2.317148999999999942e+05 -1.580414000000000030e+01 1.060425999999999931e+02
2.317150999999999767e+05 -1.590381999999999962e+01 9.098654000000000508e+01
2.317152999999999884e+05 -1.463231999999999999e+01 1.022061000000000064e+02
2.317155000000000000e+05 -1.527232000000000056e+01 9.385443999999999676e+01
2.317156999999999825e+05 -1.606700999999999979e+01 9.714566999999999553e+01
2.317158999999999942e+05 -1.662578999999999851e+01 1.018045000000000044e+02
2.317160999999999767e+05 -1.479508000000000045e+01 9.440041999999999689e+01
2.317162999999999884e+05 -1.601507000000000147e+01 9.906132999999999811e+01
2.317165000000000000e+05 -1.521477999999999930e+01 9.785246999999999673e+01
2.317166999999999825e+05 -1.521925000000000061e+01 9.480083999999999378e+01
2.317168999999999942e+05 -1.504688999999999943e+01 9.932971999999999468e+01
2.317170999999999767e+05 -1.497826000000000057e+01 9.038151999999999475e+01
2.317172999999999884e+05 -1.364284999999999926e+01 9.057183999999999457e+01
2.317175000000000000e+05 -1.629756000000000071e+01 9.616810999999999865e+01
2.317176999999999825e+05 -1.597672999999999988e+01 8.973449999999999704e+01
2.317178999999999942e+05 -1.633720999999999890e+01 9.125733999999999924e+01
2.317180999999999767e+05 -1.577391000000000076e+01 9.083420999999999879e+01
2.317182999999999884e+05 -1.473074000000000083e+01 9.272584999999999411e+01
2.317185000000000000e+05 -1.590184999999999960e+01 9.514741999999999678e+01
2.317186999999999825e+05 -1.519872999999999941e+01 8.517933999999999628e+01
2.317188999999999942e+05 -1.608640000000000114e+01 9.536750999999999578e+01
2.317190999999999767e+05 -1.412288999999999994e+01 9.030855999999999995e+01
2.317192999999999884e+05 -1.547946999999999917e+01 1.011727000000000061e+02
2.317195000000000000e+05 -1.473542999999999914e+01 9.620962000000000103e+01
2.317196999999999825e+05 -1.625292999999999921e+01 9.777889000000000408e+01
2.317198999999999942e+05 -1.526434000000000069e+01 8.997248999999999342e+01
2.317200999999999767e+05 -1.590343000000000018e+01 9.932415000000000305e+01
2.317202999999999884e+05 -1.579908000000000001e+01 9.066666999999999632e+01
2.317205000000000000e+05 -1.564891000000000076e+01 9.373004000000000246e+01
2.317206999999999825e+05 -1.445331999999999972e+01 9.448188000000000386e+01
2.317208999999999942e+05 -1.562101000000000006e+01 1.004646000000000043e+02
2.317210999999999767e+05 -1.531954999999999956e+01 9.905411999999999750e+01
2.317212999999999884e+05 -1.693807999999999936e+01 9.096421999999999741e+01
2.317215000000000000e+05 -1.500941000000000081e+01 1.012055000000000007e+02
2.317216999999999825e+05 -1.578330000000000055e+01 9.682429999999999382e+01
2.317218999999999942e+05 -1.503087999999999980e+01 8.831122999999999479e+01
2.317220999999999767e+05 -1.529944000000000059e+01 9.709225999999999601e+01
2.317222999999999884e+05 -1.480936999999999948e+01 9.577598000000000411e+01
2.317225000000000000e+05 -1.465634999999999977e+01 8.152228999999999814e+01
2.317226999999999825e+05 -1.685409999999999897e+01 1.122544999999999931e+02
2.317228999999999942e+05 -1.653616999999999848e+01 9.363881000000000654e+01
2.317230999999999767e+05 -1.503172999999999959e+01 9.224354999999999905e+01
2.317232999999999884e+05 -1.484712999999999994e+01 9.286175000000000068e+01
2.317235000000000000e+05 -1.456999000000000066e+01 9.689042999999999495e+01
2.317236999999999825e+05 -1.692249999999999943e+01 1.017351000000000028e+02
2.317238999999999942e+05 -1.562329000000000079e+01 9.154735999999999763e+01
2.317240999999999767e+05 -1.558459000000000039e+01 1.082981999999999942e+02
2.317242999999999884e+05 -1.557215000000000060e+01 9.388643000000000427e+01
2.317245000000000000e+05 -1.489209999999999923e+01 9.288223000000000695e+01
2.317246999999999825e+05 -1.576028999999999947e+01 1.079094999999999942e+02
2.317248999999999942e+05 -1.473287000000000013e+01 1.009360999999999962e+02
2.317250999999999767e+05 -1.484304000000000023e+01 9.195427999999999713e+01
2.317252999999999884e+05 -1.459079000000000015e+01 9.703937999999999420e+01
2.317255000000000000e+05 -1.492666000000000004e+01 9.941142999999999574e+01
2.317256999999999825e+05 -1.605953999999999837e+01 9.024532999999999561e+01
2.317258999999999942e+05 -1.360313000000000017e+01 9.712009999999999366e+01
2.317260999999999767e+05 -1.592619999999999969e+01 9.533596000000000004e+01
2.317262999999999884e+05 -1.519495000000000040e+01 9.496493999999999858e+01
2.317265000000000000e+05 -1.346128000000000036e+01 9.520798999999999523e+01
2.317266999999999825e+05 -1.559014999999999951e+01 9.004040000000000532e+01
2.317268999999999942e+05 -1.486326000000000036e+01 1.032501000000000033e+02
2.317270999999999767e+05 -1.587532999999999994e+01 9.947871999999999559e+01
2.317272999999999884e+05 -1.616113000000000000e+01 1.024158999999999935e+02
2.317275000000000000e+05 -1.526491000000000042e+01 8.756150999999999840e+01
2.317276999999999825e+05 -1.423137000000000008e+01 9.043113999999999919e+01
2.317278999999999942e+05 -1.641257999999999839e+01 8.719133999999999673e+01
2.317280999999999767e+05 -1.462637999999999927e+01 9.796925000000000239e+01
2.317282999999999884e+05 -1.580361000000000082e+01 1.004532999999999987e+02
2.317285000000000000e+05 -1.572615000000000052e+01 8.641468000000000416e+01
2.317286999999999825e+05 -1.448831000000000024e+01 9.596384000000000469e+01
2.317288999999999942e+05 -1.520818000000000048e+01 1.038400000000000034e+02
2.317290999999999767e+05 -1.708063999999999893e+01 9.549706000000000472e+01
2.317292999999999884e+05 -1.580429999999999957e+01 1.004582999999999942e+02
2.317295000000000000e+05 -1.646959000000000017e+01 8.994365999999999417e+01
2.317296999999999825e+05 -1.549151999999999951e+01 9.752756999999999721e+01
2.317298999999999942e+05 -1.450517999999999930e+01 9.968026999999999305e+01
2.317300999999999767e+05 -1.566436999999999991e+01 9.557592999999999961e+01
2.317302999999999884e+05 -1.628979999999999961e+01 8.855370000000000630e+01
2.317305000000000000e+05 -1.540507999999999988e+01 9.649115000000000464e+01
2.317306999999999825e+05 -1.530288000000000004e+01 1.047947999999999951e+02
2.317308999999999942e+05 -1.567876000000000047e+01 1.013657000000000039e+02
2.317310999999999767e+05 -1.567558999999999969e+01 9.288800999999999419e+01
2.317312999999999884e+05 -1.442273999999999923e+01 9.932410000000000139e+01
2.317315000000000000e+05 -1.551398999999999972e+01 1.061175999999999959e+02
2.317316999999999825e+05 -1.535637000000000008e+01 9.827285999999999433e+01
2.317318999999999942e+05 -1.432559999999999967e+01 9.851870999999999867e+01
2.317320999999999767e+05 -1.532399999999999984e+01 1.033277999999999963e+02
2.317322999999999884e+05 -1.522508999999999979e+01 9.320425000000000182e+01
