# Time finished:
# 2015-06-02 09.40.42
# Temp volt start:
# 1.0192899
# Temp volt stop:
# 1.0192899
# Approx start T:
# 81.721650656
# Approx stop T:
# 81.721650656
# DC bias measured, messed up:
# 4.934227
# DC bias we asked for:
# 0
2.317980599999999977e+05 -1.609498999999999924e+01 9.520844999999999914e+01
2.317982600000000093e+05 -1.532906999999999975e+01 1.207728000000000037e+02
2.317984599999999919e+05 -1.500193999999999939e+01 9.580602000000000373e+01
2.317986600000000035e+05 -1.358412000000000042e+01 9.757023999999999830e+01
2.317988599999999860e+05 -1.389408000000000065e+01 7.348696999999999946e+01
2.317990599999999977e+05 -1.335604999999999976e+01 9.344132000000000460e+01
2.317992600000000093e+05 -1.572311999999999976e+01 9.210799000000000092e+01
2.317994599999999919e+05 -1.818434999999999846e+01 1.074098000000000042e+02
2.317996600000000035e+05 -1.729137000000000057e+01 1.339610000000000127e+02
2.317998599999999860e+05 -1.527651999999999965e+01 6.998497999999999308e+01
2.318000599999999977e+05 -1.451351999999999975e+01 9.730169999999999675e+01
2.318002600000000093e+05 -1.608023000000000025e+01 9.929903000000000191e+01
2.318004599999999919e+05 -1.431034000000000006e+01 7.765246999999999389e+01
2.318006600000000035e+05 -1.790775000000000006e+01 9.281634999999999991e+01
2.318008599999999860e+05 -1.074352000000000018e+01 1.055491999999999990e+02
2.318010599999999977e+05 -1.297719000000000023e+01 1.116685999999999979e+02
2.318012600000000093e+05 -1.353701000000000043e+01 7.497316999999999609e+01
2.318014599999999919e+05 -1.752662000000000120e+01 7.820413999999999533e+01
2.318016600000000035e+05 -1.355114000000000019e+01 9.316779999999999973e+01
2.318018599999999860e+05 -1.440620000000000012e+01 1.085802000000000049e+02
2.318020599999999977e+05 -1.723881000000000085e+01 7.916249999999999432e+01
2.318022600000000093e+05 -1.947063999999999950e+01 8.284799999999999898e+01
2.318024599999999919e+05 -1.598593999999999937e+01 8.252658999999999878e+01
2.318026600000000035e+05 -1.441028000000000020e+01 1.314379999999999882e+02
2.318028599999999860e+05 -2.043309999999999960e+01 9.091495999999999356e+01
2.318030599999999977e+05 -1.149449000000000076e+01 9.428576999999999941e+01
2.318032600000000093e+05 -1.159248999999999974e+01 1.042348000000000070e+02
2.318034599999999919e+05 -1.241141999999999967e+01 9.929317000000000348e+01
2.318036600000000035e+05 -1.627486000000000033e+01 8.652575000000000216e+01
2.318038599999999860e+05 -1.489348999999999990e+01 7.698717000000000610e+01
2.318040599999999977e+05 -1.321696999999999989e+01 8.794808000000000447e+01
2.318042600000000093e+05 -1.387970999999999933e+01 8.037636999999999432e+01
2.318044599999999919e+05 -1.570687000000000033e+01 9.321011000000000024e+01
2.318046600000000035e+05 -1.555203999999999986e+01 1.251440999999999946e+02
2.318048599999999860e+05 -1.870011999999999830e+01 1.045528000000000048e+02
2.318050599999999977e+05 -1.574407000000000068e+01 1.069462999999999937e+02
2.318052600000000093e+05 -1.487182999999999922e+01 1.087228000000000065e+02
2.318054599999999919e+05 -1.552192999999999934e+01 8.007594000000000278e+01
2.318056600000000035e+05 -1.435641000000000034e+01 8.664621999999999957e+01
2.318058599999999860e+05 -1.776792999999999978e+01 6.556163999999999703e+01
2.318060599999999977e+05 -1.225506000000000029e+01 9.872172999999999377e+01
2.318062600000000093e+05 -1.784724999999999895e+01 1.051132999999999953e+02
2.318064599999999919e+05 -1.798761000000000010e+01 1.382245000000000061e+02
2.318066600000000035e+05 -1.467914999999999992e+01 1.015156000000000063e+02
2.318068599999999860e+05 -1.855101000000000155e+01 9.484490999999999872e+01
2.318070599999999977e+05 -1.433229000000000042e+01 1.109363000000000028e+02
2.318072600000000093e+05 -2.032552000000000092e+01 1.013712000000000018e+02
2.318074599999999919e+05 -2.091806000000000054e+01 1.378489999999999895e+02
2.318076600000000035e+05 -1.481799999999999962e+01 1.017472999999999956e+02
2.318078599999999860e+05 -1.600954000000000121e+01 8.826518000000000086e+01
2.318080599999999977e+05 -1.566586999999999996e+01 8.929694000000000642e+01
2.318082600000000093e+05 -1.551678000000000068e+01 6.490469000000000221e+01
2.318084599999999919e+05 -1.561322999999999972e+01 7.666047000000000367e+01
2.318086600000000035e+05 -1.961796000000000006e+01 5.196096000000000004e+01
2.318088599999999860e+05 -1.292272999999999961e+01 9.275843000000000416e+01
2.318090599999999977e+05 -1.579080000000000084e+01 1.392547000000000139e+02
2.318092600000000093e+05 -1.406269999999999953e+01 1.183777000000000044e+02
2.318094599999999919e+05 -1.746833000000000169e+01 6.265352000000000032e+01
2.318096600000000035e+05 -1.642929000000000173e+01 7.437890000000000157e+01
2.318098599999999860e+05 -1.250351999999999997e+01 8.136211000000000126e+01
2.318100599999999977e+05 -1.708751000000000175e+01 9.231431999999999505e+01
2.318102600000000093e+05 -1.387398999999999916e+01 8.712730999999999426e+01
2.318104599999999919e+05 -1.179733000000000054e+01 1.006324000000000041e+02
2.318106600000000035e+05 -1.390357000000000021e+01 9.205294000000000665e+01
2.318108599999999860e+05 -1.442914999999999992e+01 6.352535999999999916e+01
2.318110599999999977e+05 -1.984750999999999976e+01 9.878906999999999528e+01
2.318112600000000093e+05 -1.709228999999999843e+01 9.687295000000000300e+01
2.318114599999999919e+05 -1.348719000000000001e+01 9.875745000000000573e+01
2.318116600000000035e+05 -1.709937000000000040e+01 7.732479999999999620e+01
2.318118599999999860e+05 -1.414999000000000073e+01 1.049860000000000042e+02
2.318120599999999977e+05 -1.385854999999999926e+01 9.472970999999999719e+01
2.318122600000000093e+05 -1.436119000000000057e+01 1.213528000000000020e+02
2.318124599999999919e+05 -1.241802999999999990e+01 8.368113999999999919e+01
2.318126600000000035e+05 -1.814427999999999841e+01 1.258670000000000044e+02
2.318128599999999860e+05 -1.216947000000000045e+01 1.039021999999999935e+02
2.318130599999999977e+05 -1.645527999999999835e+01 1.017165999999999997e+02
2.318132600000000093e+05 -1.132718999999999987e+01 8.274060000000000059e+01
2.318134599999999919e+05 -1.384352999999999945e+01 9.563232999999999606e+01
2.318136600000000035e+05 -1.460388999999999982e+01 1.139044999999999987e+02
2.318138599999999860e+05 -1.552462000000000053e+01 1.024412999999999982e+02
2.318140599999999977e+05 -1.724533999999999878e+01 1.131115999999999957e+02
2.318142600000000093e+05 -1.401080999999999932e+01 9.948663000000000523e+01
2.318144599999999919e+05 -1.412091000000000030e+01 9.823233999999999355e+01
2.318146600000000035e+05 -1.548480999999999952e+01 1.221580000000000013e+02
2.318148599999999860e+05 -1.283367999999999931e+01 1.108371000000000066e+02
2.318150599999999977e+05 -1.497930999999999990e+01 1.036243000000000052e+02
2.318152600000000093e+05 -1.626146999999999920e+01 6.347301000000000215e+01
2.318154599999999919e+05 -1.516197000000000017e+01 9.126242999999999483e+01
2.318156600000000035e+05 -1.358932000000000073e+01 7.445310999999999524e+01
2.318158599999999860e+05 -1.636813000000000073e+01 8.830867999999999540e+01
2.318160599999999977e+05 -1.149488999999999983e+01 8.983710999999999558e+01
2.318162600000000093e+05 -2.024159999999999826e+01 1.551334999999999980e+02
2.318164599999999919e+05 -2.334271999999999991e+01 3.263873999999999853e+01
2.318166600000000035e+05 -2.651771000000000100e+01 1.906560000000000059e+02
2.318168599999999860e+05 -1.972322000000000131e+01 1.022074000000000069e+02
2.318170599999999977e+05 -1.630205000000000126e+01 7.997302999999999429e+01
2.318172600000000093e+05 -1.732379999999999853e+01 3.266299000000000063e+01
2.318174599999999919e+05 -1.894203999999999866e+01 9.843355999999999995e+01
2.318176600000000035e+05 -1.431349999999999945e+01 9.656319999999999482e+01
2.318178599999999860e+05 -2.095940999999999832e+01 9.523515999999999337e+01
2.318180599999999977e+05 -1.888365999999999900e+01 5.230825000000000102e+01
