# Time finished:
# 2015-06-03 17.22.37
# Temp volt start:
# 1.0119738
# Temp volt stop:
# 1.0119738
# Approx start T:
# 85.854925591
# Approx stop T:
# 85.8722473463
# DC bias measured, messed up:
# 1.295951
# DC bias we asked for:
# 0
2.318205299999999988e+05 -1.696046000000000120e+01 8.925594999999999857e+01
2.318207300000000105e+05 -1.527744999999999997e+01 1.000464000000000055e+02
2.318209299999999930e+05 -1.574543000000000070e+01 9.187024999999999864e+01
2.318211300000000047e+05 -1.531805999999999912e+01 9.513403999999999883e+01
2.318213299999999872e+05 -1.578218999999999994e+01 9.418491000000000213e+01
2.318215299999999988e+05 -1.590399000000000029e+01 8.926922999999999320e+01
2.318217300000000105e+05 -1.475883999999999929e+01 9.389518999999999949e+01
2.318219299999999930e+05 -1.562289999999999957e+01 9.133396000000000470e+01
2.318221300000000047e+05 -1.481821000000000055e+01 9.535036999999999807e+01
2.318223299999999872e+05 -1.551535999999999937e+01 9.045875999999999806e+01
2.318225299999999988e+05 -1.487045999999999957e+01 9.400499999999999545e+01
2.318227300000000105e+05 -1.688719999999999999e+01 9.286065999999999576e+01
2.318229299999999930e+05 -1.568318000000000012e+01 9.830863999999999692e+01
2.318231300000000047e+05 -1.524160000000000004e+01 8.629904000000000508e+01
2.318233299999999872e+05 -1.512331000000000003e+01 9.531006999999999607e+01
2.318235299999999988e+05 -1.475018999999999991e+01 9.790506999999999493e+01
2.318237300000000105e+05 -1.538583999999999996e+01 9.748452000000000339e+01
2.318239299999999930e+05 -1.499577000000000027e+01 8.968036999999999637e+01
2.318241300000000047e+05 -1.605975000000000108e+01 8.536198000000000263e+01
2.318243299999999872e+05 -1.578599999999999959e+01 9.442360999999999649e+01
2.318245299999999988e+05 -1.507891000000000048e+01 9.327563999999999567e+01
2.318247300000000105e+05 -1.717266000000000048e+01 8.944746000000000663e+01
2.318249299999999930e+05 -1.572897999999999996e+01 8.785621000000000436e+01
2.318251300000000047e+05 -1.607078999999999880e+01 9.254993000000000336e+01
2.318253299999999872e+05 -1.636973000000000056e+01 8.991634000000000526e+01
2.318255299999999988e+05 -1.521355999999999931e+01 9.805544000000000437e+01
2.318257300000000105e+05 -1.621274999999999977e+01 9.544870000000000232e+01
2.318259299999999930e+05 -1.593252999999999986e+01 8.855257000000000289e+01
2.318261300000000047e+05 -1.517140000000000022e+01 8.385241999999999507e+01
2.318263299999999872e+05 -1.627384999999999948e+01 9.362774000000000285e+01
2.318265299999999988e+05 -1.555779000000000067e+01 9.733983999999999526e+01
2.318267300000000105e+05 -1.587520999999999916e+01 8.611356000000000677e+01
2.318269299999999930e+05 -1.651545000000000130e+01 9.501800000000000068e+01
2.318271300000000047e+05 -1.579781000000000013e+01 8.781013000000000090e+01
2.318273299999999872e+05 -1.462391000000000041e+01 8.760178000000000509e+01
2.318275299999999988e+05 -1.470757000000000048e+01 9.871117999999999881e+01
2.318277300000000105e+05 -1.576017000000000046e+01 8.888175999999999988e+01
2.318279299999999930e+05 -1.546054999999999957e+01 8.993116000000000554e+01
2.318281300000000047e+05 -1.566840999999999973e+01 9.030185000000000173e+01
2.318283299999999872e+05 -1.502636000000000038e+01 9.730969000000000335e+01
2.318285299999999988e+05 -1.487590999999999930e+01 9.640829999999999700e+01
2.318287300000000105e+05 -1.566324000000000005e+01 9.247447999999999979e+01
2.318289299999999930e+05 -1.625584999999999880e+01 8.971443999999999619e+01
2.318291300000000047e+05 -1.567863999999999969e+01 9.189722000000000435e+01
2.318293299999999872e+05 -1.587227000000000032e+01 8.953104999999999336e+01
2.318295299999999988e+05 -1.523157999999999923e+01 8.762113999999999692e+01
2.318297300000000105e+05 -1.560116999999999976e+01 9.032332999999999856e+01
2.318299299999999930e+05 -1.504496999999999929e+01 9.476836000000000126e+01
2.318301300000000047e+05 -1.587306000000000061e+01 9.221538999999999930e+01
2.318303299999999872e+05 -1.477704999999999913e+01 9.296938000000000102e+01
2.318305299999999988e+05 -1.471385000000000076e+01 9.256383999999999901e+01
2.318307300000000105e+05 -1.525747999999999927e+01 9.251752000000000464e+01
2.318309299999999930e+05 -1.582156999999999947e+01 8.966361000000000558e+01
2.318311300000000047e+05 -1.545691000000000059e+01 9.182828000000000657e+01
2.318313299999999872e+05 -1.571716999999999942e+01 8.971528999999999598e+01
2.318315299999999988e+05 -1.536144999999999960e+01 9.019235000000000468e+01
2.318317300000000105e+05 -1.642533999999999850e+01 9.699988000000000454e+01
2.318319299999999930e+05 -1.650308000000000064e+01 8.835159000000000162e+01
2.318321300000000047e+05 -1.562930000000000064e+01 9.407442000000000348e+01
2.318323299999999872e+05 -1.592904000000000053e+01 9.692555000000000121e+01
2.318325299999999988e+05 -1.601089999999999947e+01 8.898322000000000287e+01
2.318327300000000105e+05 -1.636494000000000071e+01 8.942061999999999955e+01
2.318329299999999930e+05 -1.527497999999999934e+01 9.393192000000000519e+01
2.318331300000000047e+05 -1.459005999999999936e+01 9.217171999999999343e+01
2.318333299999999872e+05 -1.513907000000000025e+01 9.542835999999999785e+01
2.318335299999999988e+05 -1.475074000000000041e+01 8.772903999999999769e+01
2.318337300000000105e+05 -1.593626000000000076e+01 8.879055999999999926e+01
2.318339299999999930e+05 -1.660929000000000144e+01 9.135177000000000191e+01
2.318341300000000047e+05 -1.557595000000000063e+01 8.953982999999999493e+01
2.318343299999999872e+05 -1.573348999999999975e+01 9.246744999999999948e+01
2.318345299999999988e+05 -1.502421000000000006e+01 9.106019999999999470e+01
2.318347300000000105e+05 -1.605311999999999983e+01 9.267132999999999754e+01
2.318349299999999930e+05 -1.522513000000000005e+01 9.403748000000000218e+01
2.318351300000000047e+05 -1.518482999999999983e+01 9.597755999999999688e+01
2.318353299999999872e+05 -1.596383999999999936e+01 9.302946000000000026e+01
2.318355299999999988e+05 -1.531653000000000020e+01 9.580061000000000604e+01
2.318357300000000105e+05 -1.564685000000000059e+01 8.825673999999999353e+01
2.318359299999999930e+05 -1.525154999999999994e+01 9.098896999999999480e+01
2.318361300000000047e+05 -1.522497000000000078e+01 9.251456000000000301e+01
2.318363299999999872e+05 -1.581073999999999913e+01 9.628509999999999991e+01
2.318365299999999988e+05 -1.636214000000000013e+01 9.548620999999999981e+01
2.318367300000000105e+05 -1.605164999999999864e+01 8.944225000000000136e+01
2.318369299999999930e+05 -1.528584999999999994e+01 9.120171000000000561e+01
2.318371300000000047e+05 -1.504865999999999993e+01 8.742117000000000360e+01
2.318373299999999872e+05 -1.563495999999999952e+01 9.645777999999999963e+01
2.318375299999999988e+05 -1.547405999999999970e+01 9.483195999999999515e+01
2.318377300000000105e+05 -1.649867000000000061e+01 9.388260999999999967e+01
2.318379299999999930e+05 -1.484407999999999994e+01 8.671859999999999502e+01
2.318381300000000047e+05 -1.632572000000000045e+01 8.783408000000000015e+01
2.318383299999999872e+05 -1.525540999999999947e+01 9.163965000000000316e+01
2.318385299999999988e+05 -1.504786000000000001e+01 9.284673999999999694e+01
2.318387300000000105e+05 -1.547176999999999936e+01 9.148472999999999900e+01
2.318389299999999930e+05 -1.706897999999999982e+01 8.934560000000000457e+01
2.318391300000000047e+05 -1.690796999999999883e+01 9.456752000000000180e+01
2.318393299999999872e+05 -1.596724999999999994e+01 9.006776000000000693e+01
2.318395299999999988e+05 -1.561628999999999934e+01 9.656049000000000149e+01
2.318397300000000105e+05 -1.599732000000000021e+01 9.492316999999999894e+01
2.318399299999999930e+05 -1.614248999999999867e+01 9.725066999999999950e+01
2.318401300000000047e+05 -1.546893000000000029e+01 9.104288999999999987e+01
2.318403299999999872e+05 -1.614399999999999835e+01 9.446676999999999680e+01
2.318405299999999988e+05 -1.617286000000000001e+01 9.799408999999999992e+01
