# Time finished:
# 2015-06-04 14.30.15
# Temp volt start:
# 0.89271869
# Temp volt stop:
# 0.89271869
# Approx start T:
# 148.572687178
# Approx stop T:
# 148.599591357
# DC bias measured, messed up:
# 1.174388
# DC bias we asked for:
# 0
2.319171400000000140e+05 -1.564634999999999998e+01 9.659165000000000134e+01
2.319173400000000256e+05 -1.460195000000000043e+01 9.207980000000000587e+01
2.319175400000000081e+05 -1.584975999999999985e+01 9.118417999999999779e+01
2.319177400000000198e+05 -1.622241999999999962e+01 9.023284999999999911e+01
2.319179400000000023e+05 -1.489701999999999948e+01 9.549335000000000662e+01
2.319181400000000140e+05 -1.559849999999999959e+01 9.012440999999999747e+01
2.319183400000000256e+05 -1.590942000000000078e+01 9.247110000000000696e+01
2.319185400000000081e+05 -1.503091000000000044e+01 9.340340000000000487e+01
2.319187400000000198e+05 -1.571438999999999986e+01 8.696635999999999456e+01
2.319189400000000023e+05 -1.618270000000000053e+01 8.819042000000000314e+01
2.319191400000000140e+05 -1.629998000000000147e+01 8.862005999999999517e+01
2.319193400000000256e+05 -1.570648000000000089e+01 8.754721999999999582e+01
2.319195400000000081e+05 -1.739435999999999893e+01 9.076000000000000512e+01
2.319197400000000198e+05 -1.630474999999999852e+01 9.095633999999999730e+01
2.319199400000000023e+05 -1.525113999999999947e+01 9.624039000000000499e+01
2.319201400000000140e+05 -1.536716000000000015e+01 8.899979000000000440e+01
2.319203400000000256e+05 -1.539931999999999945e+01 8.753197000000000116e+01
2.319205400000000081e+05 -1.556141000000000041e+01 9.228033999999999537e+01
2.319207400000000198e+05 -1.568585000000000029e+01 9.684739999999999327e+01
2.319209400000000023e+05 -1.608533999999999864e+01 9.581046000000000618e+01
2.319211400000000140e+05 -1.618331999999999837e+01 9.353144000000000347e+01
2.319213400000000256e+05 -1.533051000000000030e+01 9.660214999999999463e+01
2.319215400000000081e+05 -1.563879000000000019e+01 9.625471000000000288e+01
2.319217400000000198e+05 -1.582071999999999967e+01 9.492449000000000581e+01
2.319219400000000023e+05 -1.650082000000000093e+01 9.366746999999999446e+01
2.319221400000000140e+05 -1.517592999999999925e+01 9.460106000000000392e+01
2.319223400000000256e+05 -1.592966000000000015e+01 9.283146000000000697e+01
2.319225400000000081e+05 -1.579246000000000016e+01 9.665627000000000635e+01
2.319227400000000198e+05 -1.514568000000000048e+01 9.395095000000000596e+01
2.319229400000000023e+05 -1.546085000000000065e+01 8.973359999999999559e+01
2.319231400000000140e+05 -1.596945000000000014e+01 9.957044999999999391e+01
2.319233400000000256e+05 -1.549652999999999992e+01 8.724640999999999735e+01
2.319235400000000081e+05 -1.527561999999999998e+01 9.439722000000000435e+01
2.319237400000000198e+05 -1.554372000000000043e+01 9.172539000000000442e+01
2.319239400000000023e+05 -1.564647000000000077e+01 9.489325999999999794e+01
2.319241400000000140e+05 -1.580020000000000024e+01 9.132347000000000037e+01
2.319243400000000256e+05 -1.596274000000000015e+01 9.743712999999999624e+01
2.319245400000000081e+05 -1.565401999999999916e+01 9.021863999999999351e+01
2.319247400000000198e+05 -1.621453999999999951e+01 9.134501000000000204e+01
2.319249400000000023e+05 -1.550853000000000037e+01 9.509439999999999316e+01
2.319251400000000140e+05 -1.499141999999999975e+01 9.774187999999999477e+01
2.319253400000000256e+05 -1.582362999999999964e+01 9.306211000000000411e+01
2.319255400000000081e+05 -1.571222000000000030e+01 9.559546000000000276e+01
2.319257400000000198e+05 -1.603798000000000101e+01 9.354062999999999306e+01
2.319259400000000023e+05 -1.556311000000000000e+01 9.251242000000000587e+01
2.319261400000000140e+05 -1.640503999999999962e+01 9.453172999999999604e+01
2.319263400000000256e+05 -1.617971000000000004e+01 9.753775000000000261e+01
2.319265400000000081e+05 -1.634928999999999988e+01 9.440331999999999368e+01
2.319267400000000198e+05 -1.620519000000000176e+01 9.852254999999999541e+01
2.319269400000000023e+05 -1.598381000000000007e+01 9.270320999999999856e+01
2.319271400000000140e+05 -1.607113000000000014e+01 9.496999999999999886e+01
2.319273400000000256e+05 -1.620150999999999897e+01 8.500999000000000194e+01
2.319275400000000081e+05 -1.610301000000000116e+01 9.113110000000000355e+01
2.319277400000000198e+05 -1.542570000000000086e+01 9.230840000000000600e+01
2.319279400000000023e+05 -1.621070999999999884e+01 9.803706999999999994e+01
2.319281400000000140e+05 -1.596554000000000073e+01 9.400838000000000250e+01
2.319283400000000256e+05 -1.530560000000000009e+01 9.549578999999999951e+01
2.319285400000000081e+05 -1.614836000000000027e+01 8.821856999999999971e+01
2.319287400000000198e+05 -1.557428999999999952e+01 9.998202000000000567e+01
2.319289400000000023e+05 -1.592886999999999986e+01 9.259475999999999374e+01
2.319291400000000140e+05 -1.543682000000000087e+01 9.597353999999999985e+01
2.319293400000000256e+05 -1.682739000000000118e+01 9.537703000000000486e+01
2.319295400000000081e+05 -1.634288000000000096e+01 9.095083999999999946e+01
2.319297400000000198e+05 -1.540893999999999942e+01 8.820037000000000660e+01
2.319299400000000023e+05 -1.552616000000000085e+01 9.499093999999999482e+01
2.319301400000000140e+05 -1.618273999999999901e+01 9.401721999999999468e+01
2.319303400000000256e+05 -1.599587999999999965e+01 9.140411000000000286e+01
2.319305400000000081e+05 -1.665558000000000050e+01 9.392558999999999969e+01
2.319307400000000198e+05 -1.497001000000000026e+01 9.342091999999999530e+01
2.319309400000000023e+05 -1.459392000000000067e+01 9.361606999999999346e+01
2.319311400000000140e+05 -1.622715000000000174e+01 9.951784999999999570e+01
2.319313400000000256e+05 -1.559585000000000043e+01 9.862704999999999700e+01
2.319315400000000081e+05 -1.612261000000000166e+01 1.011394999999999982e+02
2.319317400000000198e+05 -1.650091000000000108e+01 9.417119999999999891e+01
2.319319400000000023e+05 -1.457075999999999993e+01 9.090192999999999302e+01
2.319321400000000140e+05 -1.517412000000000027e+01 9.136834000000000344e+01
2.319323400000000256e+05 -1.588504999999999967e+01 9.071856999999999971e+01
2.319325400000000081e+05 -1.582088000000000072e+01 9.167292000000000485e+01
2.319327400000000198e+05 -1.533608000000000082e+01 9.088299000000000660e+01
2.319329400000000023e+05 -1.539372999999999969e+01 9.297307999999999595e+01
2.319331400000000140e+05 -1.574069000000000074e+01 9.825352999999999781e+01
2.319333400000000256e+05 -1.623642999999999859e+01 9.743904999999999461e+01
2.319335400000000081e+05 -1.568453000000000053e+01 9.398651999999999873e+01
2.319337400000000198e+05 -1.540282000000000018e+01 8.675678999999999519e+01
2.319339400000000023e+05 -1.512883000000000067e+01 9.233888000000000318e+01
2.319341400000000140e+05 -1.600284999999999869e+01 9.353338999999999714e+01
2.319343400000000256e+05 -1.454260000000000019e+01 9.743076000000000647e+01
2.319345400000000081e+05 -1.532033999999999985e+01 9.099837999999999738e+01
2.319347400000000198e+05 -1.504762999999999984e+01 9.479519999999999413e+01
2.319349400000000023e+05 -1.616515000000000057e+01 9.364844999999999686e+01
2.319351400000000140e+05 -1.570827000000000062e+01 9.628306000000000608e+01
2.319353400000000256e+05 -1.541131999999999991e+01 9.329825999999999908e+01
2.319355400000000081e+05 -1.560679999999999978e+01 9.579345999999999606e+01
2.319357400000000198e+05 -1.600101000000000084e+01 9.376645999999999503e+01
2.319359400000000023e+05 -1.545836000000000077e+01 9.185349999999999682e+01
2.319361400000000140e+05 -1.511835999999999913e+01 9.920901999999999532e+01
2.319363400000000256e+05 -1.578368000000000038e+01 9.561081000000000074e+01
2.319365400000000081e+05 -1.534284000000000070e+01 9.462730000000000530e+01
2.319367400000000198e+05 -1.556343999999999994e+01 9.296020000000000039e+01
2.319369400000000023e+05 -1.655505000000000138e+01 8.657138999999999385e+01
2.319371400000000140e+05 -1.674280999999999864e+01 9.069930999999999699e+01
