# Time finished:
# 2015-06-01 18.52.14
# Temp volt start:
# 0.64719852
# Temp volt stop:
# 0.64719852
# Approx start T:
# 261.294968854
# Approx stop T:
# 261.136857165
# DC bias:
# 5.029935
2.317644500000000116e+05 -1.523225000000000051e+01 1.004737999999999971e+02
2.317646500000000233e+05 -1.476922000000000068e+01 1.032643999999999949e+02
2.317648500000000058e+05 -1.556387999999999927e+01 1.048922000000000025e+02
2.317650500000000175e+05 -1.483864999999999945e+01 1.034742999999999995e+02
2.317652500000000000e+05 -1.458256000000000085e+01 1.032343000000000046e+02
2.317654500000000116e+05 -1.483445000000000036e+01 1.018393999999999977e+02
2.317656500000000233e+05 -1.503131999999999913e+01 1.012981999999999942e+02
2.317658500000000058e+05 -1.522709000000000046e+01 1.030588999999999942e+02
2.317660500000000175e+05 -1.540361000000000047e+01 1.033306000000000040e+02
2.317662500000000000e+05 -1.529256999999999955e+01 1.038392999999999944e+02
2.317664500000000116e+05 -1.504588000000000036e+01 1.041008999999999958e+02
2.317666500000000233e+05 -1.474366999999999983e+01 1.018714999999999975e+02
2.317668500000000058e+05 -1.555681000000000047e+01 1.031796999999999969e+02
2.317670500000000175e+05 -1.482419999999999938e+01 1.040653999999999968e+02
2.317672500000000000e+05 -1.501626000000000083e+01 1.020232000000000028e+02
2.317674500000000116e+05 -1.539817999999999998e+01 1.052025000000000006e+02
2.317676500000000233e+05 -1.525158000000000058e+01 1.055113999999999947e+02
2.317678500000000058e+05 -1.459924999999999962e+01 1.060367999999999995e+02
2.317680500000000175e+05 -1.481840000000000046e+01 1.022433999999999941e+02
2.317682500000000000e+05 -1.487607999999999997e+01 1.072584999999999980e+02
2.317684500000000116e+05 -1.506886000000000081e+01 1.040039000000000016e+02
2.317686500000000233e+05 -1.518843000000000032e+01 1.056747000000000014e+02
2.317688500000000058e+05 -1.482600000000000051e+01 1.060746000000000038e+02
2.317690500000000175e+05 -1.493407000000000018e+01 1.056191000000000031e+02
2.317692500000000000e+05 -1.511688999999999972e+01 1.049398000000000053e+02
2.317694500000000116e+05 -1.543018999999999963e+01 1.031020999999999930e+02
2.317696500000000233e+05 -1.522231999999999985e+01 1.021135000000000019e+02
2.317698500000000058e+05 -1.505899999999999928e+01 1.046773000000000025e+02
2.317700500000000175e+05 -1.507634999999999970e+01 1.030144999999999982e+02
2.317702500000000000e+05 -1.526027000000000022e+01 1.052651000000000039e+02
2.317704500000000116e+05 -1.520359000000000016e+01 1.036037000000000035e+02
2.317706500000000233e+05 -1.479176999999999964e+01 1.033007000000000062e+02
2.317708500000000058e+05 -1.518861000000000061e+01 1.019518000000000058e+02
2.317710500000000175e+05 -1.509554999999999936e+01 1.030387000000000057e+02
2.317712500000000000e+05 -1.534980000000000011e+01 1.039037000000000006e+02
2.317714500000000116e+05 -1.512786999999999971e+01 1.052065999999999946e+02
2.317716500000000233e+05 -1.546837999999999980e+01 1.042523000000000053e+02
2.317718500000000058e+05 -1.527962999999999916e+01 1.029275999999999982e+02
2.317720500000000175e+05 -1.493848999999999982e+01 1.036568999999999932e+02
2.317722500000000000e+05 -1.500712000000000046e+01 1.038646999999999991e+02
2.317724500000000116e+05 -1.516455000000000020e+01 1.079288999999999987e+02
2.317726500000000233e+05 -1.498690000000000033e+01 1.032245999999999952e+02
2.317728500000000058e+05 -1.483575000000000088e+01 1.040186999999999955e+02
2.317730500000000175e+05 -1.523443999999999932e+01 1.038944000000000045e+02
2.317732500000000000e+05 -1.536194000000000059e+01 1.045040000000000049e+02
2.317734500000000116e+05 -1.571818000000000026e+01 1.039017999999999944e+02
2.317736500000000233e+05 -1.543237000000000059e+01 1.034232999999999976e+02
2.317738500000000058e+05 -1.498914000000000080e+01 1.047660999999999945e+02
2.317740500000000175e+05 -1.505279999999999951e+01 1.024915000000000020e+02
2.317742500000000000e+05 -1.515846999999999944e+01 1.024215999999999980e+02
2.317744500000000116e+05 -1.590521000000000029e+01 1.042092999999999989e+02
2.317746500000000233e+05 -1.450700999999999929e+01 1.034988000000000028e+02
2.317748500000000058e+05 -1.459938999999999965e+01 1.060334000000000003e+02
2.317750500000000175e+05 -1.530577000000000076e+01 1.044295000000000044e+02
2.317752500000000000e+05 -1.504789000000000065e+01 1.050306999999999960e+02
2.317754500000000116e+05 -1.533962999999999965e+01 1.046030999999999977e+02
2.317756500000000233e+05 -1.525522999999999918e+01 1.057069999999999936e+02
2.317758500000000058e+05 -1.457056000000000040e+01 1.043975999999999971e+02
2.317760500000000175e+05 -1.496330999999999989e+01 1.055995999999999952e+02
2.317762500000000000e+05 -1.494191000000000003e+01 1.007905999999999977e+02
2.317764500000000116e+05 -1.531565999999999939e+01 1.065015999999999963e+02
2.317766500000000233e+05 -1.544463000000000008e+01 1.040275000000000034e+02
2.317768500000000058e+05 -1.504299999999999926e+01 1.054680000000000035e+02
2.317770500000000175e+05 -1.478312999999999988e+01 1.042567999999999984e+02
2.317772500000000000e+05 -1.506620000000000026e+01 1.044355999999999938e+02
2.317774500000000116e+05 -1.479779000000000089e+01 1.023489000000000004e+02
2.317776500000000233e+05 -1.498701999999999934e+01 1.068144999999999953e+02
2.317778500000000058e+05 -1.447566999999999915e+01 9.804527000000000214e+01
2.317780500000000175e+05 -1.518286999999999942e+01 1.043401000000000067e+02
2.317782500000000000e+05 -1.481076999999999977e+01 1.021808999999999941e+02
2.317784500000000116e+05 -1.491027000000000058e+01 1.052189000000000050e+02
2.317786500000000233e+05 -1.511625000000000085e+01 1.036889000000000038e+02
2.317788500000000058e+05 -1.499257000000000062e+01 1.052681999999999931e+02
2.317790500000000175e+05 -1.477528000000000041e+01 1.013058000000000050e+02
2.317792500000000000e+05 -1.479040999999999961e+01 1.030023000000000053e+02
2.317794500000000116e+05 -1.520748999999999995e+01 1.010895000000000010e+02
2.317796500000000233e+05 -1.486255000000000059e+01 1.066225000000000023e+02
2.317798500000000058e+05 -1.495850000000000080e+01 1.032520999999999987e+02
2.317800500000000175e+05 -1.565807000000000038e+01 1.077887999999999948e+02
2.317802500000000000e+05 -1.468434000000000061e+01 1.050921000000000021e+02
2.317804500000000116e+05 -1.488925000000000054e+01 1.043957999999999942e+02
2.317806500000000233e+05 -1.515354999999999919e+01 1.069592999999999989e+02
2.317808500000000058e+05 -1.516529000000000060e+01 1.069110000000000014e+02
2.317810500000000175e+05 -1.562836000000000070e+01 1.051928999999999945e+02
2.317812500000000000e+05 -1.459074999999999989e+01 1.051932000000000045e+02
2.317814500000000116e+05 -1.535599000000000025e+01 1.025692999999999984e+02
2.317816500000000233e+05 -1.484839000000000020e+01 1.056784999999999997e+02
2.317818500000000058e+05 -1.521302000000000021e+01 1.017219000000000051e+02
2.317820500000000175e+05 -1.530560000000000009e+01 1.041039999999999992e+02
2.317822500000000000e+05 -1.511185000000000045e+01 1.065070999999999941e+02
2.317824500000000116e+05 -1.500474999999999959e+01 1.017637000000000000e+02
2.317826500000000233e+05 -1.500731000000000037e+01 1.028165000000000049e+02
2.317828500000000058e+05 -1.488554000000000066e+01 1.017135999999999996e+02
2.317830500000000175e+05 -1.530617999999999945e+01 1.022600999999999942e+02
2.317832500000000000e+05 -1.470616000000000057e+01 1.049946999999999946e+02
2.317834500000000116e+05 -1.558694000000000024e+01 1.005229000000000070e+02
2.317836500000000233e+05 -1.476867000000000019e+01 1.002841999999999985e+02
2.317838500000000058e+05 -1.543284000000000056e+01 1.053811000000000035e+02
2.317840500000000175e+05 -1.498663999999999952e+01 1.060079999999999956e+02
2.317842500000000000e+05 -1.499235000000000007e+01 1.026747000000000014e+02
2.317844500000000116e+05 -1.529321000000000019e+01 1.051219999999999999e+02
