# Time finished:
# 2015-06-02 04.02.11
# Temp volt start:
# 1.0028887
# Temp volt stop:
# 1.0028887
# Approx start T:
# 90.9361132574
# Approx stop T:
# 90.91753585
# DC bias measured, messed up:
# 4.85264
# DC bias we asked for:
# 0
2.318167699999999895e+05 -1.421875999999999962e+01 6.636754000000000531e+01
2.318169700000000012e+05 -1.688582999999999856e+01 8.862819000000000358e+01
2.318171699999999837e+05 -1.684646000000000043e+01 9.255428999999999462e+01
2.318173699999999953e+05 -1.230770000000000053e+01 7.611127000000000464e+01
2.318175699999999779e+05 -1.489616999999999969e+01 1.257109999999999985e+02
2.318177699999999895e+05 -1.335308999999999990e+01 1.100600000000000023e+02
2.318179700000000012e+05 -1.601259999999999906e+01 1.017188000000000017e+02
2.318181699999999837e+05 -1.847027999999999892e+01 9.858132999999999413e+01
2.318183699999999953e+05 -1.978869999999999862e+01 7.462211000000000638e+01
2.318185699999999779e+05 -1.548906000000000027e+01 9.114927000000000135e+01
2.318187699999999895e+05 -2.233567000000000036e+01 6.119908000000000214e+01
2.318189700000000012e+05 -1.445724000000000053e+01 1.069890999999999934e+02
2.318191699999999837e+05 -1.619950000000000045e+01 1.039364999999999952e+02
2.318193699999999953e+05 -1.552802999999999933e+01 9.396586000000000638e+01
2.318195699999999779e+05 -2.033734000000000108e+01 9.450920999999999594e+01
2.318197699999999895e+05 -1.259137999999999913e+01 1.155772000000000048e+02
2.318199700000000012e+05 -1.885613999999999990e+01 4.514603999999999928e+01
2.318201699999999837e+05 -1.750277000000000172e+01 8.312991999999999848e+01
2.318203699999999953e+05 -2.040015000000000001e+01 8.268459000000000003e+01
2.318205699999999779e+05 -1.698555999999999955e+01 1.021586999999999961e+02
2.318207699999999895e+05 -1.356746000000000052e+01 6.309814000000000078e+01
2.318209700000000012e+05 -1.896225000000000094e+01 1.173217000000000070e+02
2.318211699999999837e+05 -1.160154999999999959e+01 8.881018000000000256e+01
2.318213699999999953e+05 -1.301150999999999947e+01 6.557009999999999650e+01
2.318215699999999779e+05 -1.657347000000000037e+01 7.707574999999999932e+01
2.318217699999999895e+05 -2.233508000000000138e+01 6.118007999999999669e+01
2.318219700000000012e+05 -2.253819000000000017e+01 1.263036000000000030e+02
2.318221699999999837e+05 -1.688513999999999982e+01 1.185639000000000038e+02
2.318223699999999953e+05 -1.737458000000000169e+01 9.714542000000000144e+01
2.318225699999999779e+05 -1.480034999999999989e+01 1.034767999999999972e+02
2.318227699999999895e+05 -1.403405000000000058e+01 8.617991999999999564e+01
2.318229700000000012e+05 -1.599898999999999916e+01 8.071371000000000606e+01
2.318231699999999837e+05 -1.310129000000000055e+01 8.068953999999999382e+01
2.318233699999999953e+05 -1.468973000000000084e+01 8.973359999999999559e+01
2.318235699999999779e+05 -1.415000999999999998e+01 6.031528000000000134e+01
2.318237699999999895e+05 -1.699547000000000097e+01 8.665514000000000294e+01
2.318239700000000012e+05 -1.499959999999999916e+01 8.243891999999999598e+01
2.318241699999999837e+05 -2.608060000000000045e+01 1.424360000000000070e+02
2.318243699999999953e+05 -1.560993999999999993e+01 1.004106000000000023e+02
2.318245699999999779e+05 -1.250791000000000075e+01 7.908011999999999375e+01
2.318247699999999895e+05 -1.397391000000000005e+01 1.223064999999999998e+02
2.318249700000000012e+05 -1.814568999999999832e+01 1.084613999999999976e+02
2.318251699999999837e+05 -1.510252000000000017e+01 1.074570999999999970e+02
2.318253699999999953e+05 -1.450787000000000049e+01 1.028851999999999975e+02
2.318255699999999779e+05 -1.522113000000000049e+01 1.137309999999999945e+02
2.318257699999999895e+05 -1.477200999999999986e+01 8.412098000000000297e+01
2.318259700000000012e+05 -1.538471000000000011e+01 9.667046000000000561e+01
2.318261699999999837e+05 -1.483134000000000086e+01 7.777558000000000504e+01
2.318263699999999953e+05 -1.602514000000000038e+01 1.145707000000000022e+02
2.318265699999999779e+05 -1.538110999999999962e+01 7.384561999999999671e+01
2.318267699999999895e+05 -2.048318000000000083e+01 1.069998999999999967e+02
2.318269700000000012e+05 -1.675838999999999857e+01 1.243336999999999932e+02
2.318271699999999837e+05 -1.809289000000000058e+01 1.230896999999999935e+02
2.318273699999999953e+05 -1.485345000000000049e+01 8.457572000000000401e+01
2.318275699999999779e+05 -1.926298999999999850e+01 9.797615000000000407e+01
2.318277699999999895e+05 -1.374797000000000047e+01 8.803082000000000562e+01
2.318279700000000012e+05 -1.326445999999999970e+01 6.903431999999999391e+01
2.318281699999999837e+05 -1.479631999999999969e+01 1.265074999999999932e+02
2.318283699999999953e+05 -1.867491000000000057e+01 6.518234999999999957e+01
2.318285699999999779e+05 -2.116291000000000011e+01 1.146798000000000002e+02
2.318287699999999895e+05 -1.606191000000000102e+01 1.401611000000000047e+02
2.318289700000000012e+05 -1.133713999999999977e+01 8.633212000000000330e+01
2.318291699999999837e+05 -1.552105000000000068e+01 1.147566000000000059e+02
2.318293699999999953e+05 -1.293732999999999933e+01 9.926814000000000249e+01
2.318295699999999779e+05 -1.087428000000000061e+01 1.151414999999999935e+02
2.318297699999999895e+05 -1.629448000000000008e+01 8.236069000000000528e+01
2.318299700000000012e+05 -1.732190999999999903e+01 1.063862000000000023e+02
2.318301699999999837e+05 -1.564977999999999980e+01 5.552524999999999977e+01
2.318303699999999953e+05 -1.785162000000000049e+01 8.666401999999999362e+01
2.318305699999999779e+05 -1.484470999999999918e+01 7.088181000000000154e+01
2.318307699999999895e+05 -1.166496000000000066e+01 1.080661000000000058e+02
2.318309700000000012e+05 -1.394693000000000005e+01 1.155551999999999992e+02
2.318311699999999837e+05 -1.533522999999999925e+01 1.134570999999999970e+02
2.318313699999999953e+05 -1.363493000000000066e+01 1.154472999999999985e+02
2.318315699999999779e+05 -1.204481000000000002e+01 1.149111000000000047e+02
2.318317699999999895e+05 -1.307452999999999932e+01 8.879128000000000043e+01
2.318319700000000012e+05 -1.602248000000000161e+01 6.595372999999999308e+01
2.318321699999999837e+05 -1.762980999999999909e+01 8.664843999999999369e+01
2.318323699999999953e+05 -1.646809999999999974e+01 9.674232000000000653e+01
2.318325699999999779e+05 -1.229077999999999982e+01 1.097522000000000020e+02
2.318327699999999895e+05 -1.623539999999999850e+01 1.256383000000000010e+02
2.318329700000000012e+05 -1.668818999999999875e+01 8.343827000000000282e+01
2.318331699999999837e+05 -1.453467000000000020e+01 1.238332999999999942e+02
2.318333699999999953e+05 -1.471828000000000003e+01 9.958629999999999427e+01
2.318335699999999779e+05 -1.373226999999999975e+01 1.033914000000000044e+02
2.318337699999999895e+05 -1.231874000000000002e+01 7.881074999999999875e+01
2.318339700000000012e+05 -1.366450000000000031e+01 9.030422000000000082e+01
2.318341699999999837e+05 -1.485505999999999993e+01 7.882836000000000354e+01
2.318343699999999953e+05 -1.534079000000000015e+01 8.885550999999999533e+01
2.318345699999999779e+05 -1.557890000000000086e+01 9.062279999999999802e+01
2.318347699999999895e+05 -1.723294999999999888e+01 9.422391000000000361e+01
2.318349700000000012e+05 -1.589864999999999995e+01 8.017781999999999698e+01
2.318351699999999837e+05 -1.612293999999999983e+01 8.362582000000000448e+01
2.318353699999999953e+05 -2.021103000000000094e+01 9.344304999999999950e+01
2.318355699999999779e+05 -1.430589999999999939e+01 9.799317000000000633e+01
2.318357699999999895e+05 -1.946490999999999971e+01 1.000617000000000019e+02
2.318359700000000012e+05 -1.702845999999999904e+01 9.405361000000000615e+01
2.318361699999999837e+05 -1.595340000000000025e+01 9.495976000000000283e+01
2.318363699999999953e+05 -1.718440999999999974e+01 6.653916999999999859e+01
2.318365699999999779e+05 -1.801538000000000039e+01 9.799490000000000123e+01
2.318367699999999895e+05 -1.709672000000000125e+01 8.735577000000000680e+01
