# Time finished:
# 2015-06-04 10.09.29
# Temp volt start:
# 0.94227775
# Temp volt stop:
# 0.94227775
# Approx start T:
# 123.484818592
# Approx stop T:
# 123.494992056
# DC bias measured, messed up:
# 1.120366
# DC bias we asked for:
# 0
2.318886799999999930e+05 -1.567492000000000019e+01 9.286986000000000274e+01
2.318888800000000047e+05 -1.538810999999999929e+01 9.448859000000000208e+01
2.318890799999999872e+05 -1.499821000000000026e+01 9.550678999999999519e+01
2.318892799999999988e+05 -1.549855999999999945e+01 8.886920999999999538e+01
2.318894799999999814e+05 -1.578611000000000075e+01 8.715685000000000571e+01
2.318896799999999930e+05 -1.642593000000000103e+01 8.414564000000000021e+01
2.318898800000000047e+05 -1.540400999999999954e+01 9.563285000000000480e+01
2.318900799999999872e+05 -1.610444999999999993e+01 9.636057999999999879e+01
2.318902799999999988e+05 -1.587627999999999950e+01 9.261388999999999783e+01
2.318904799999999814e+05 -1.537273000000000067e+01 9.412909000000000503e+01
2.318906799999999930e+05 -1.497518999999999956e+01 8.521035000000000537e+01
2.318908800000000047e+05 -1.655650999999999939e+01 9.440534999999999854e+01
2.318910799999999872e+05 -1.539361000000000068e+01 9.326984000000000208e+01
2.318912799999999988e+05 -1.628987000000000052e+01 8.665766999999999598e+01
2.318914799999999814e+05 -1.597799999999999976e+01 9.327934000000000481e+01
2.318916799999999930e+05 -1.515648000000000017e+01 8.989346000000000458e+01
2.318918800000000047e+05 -1.625040999999999869e+01 8.820619999999999550e+01
2.318920799999999872e+05 -1.587824999999999953e+01 9.340125000000000455e+01
2.318922799999999988e+05 -1.599743999999999922e+01 9.260414000000000101e+01
2.318924799999999814e+05 -1.611956999999999951e+01 9.395274000000000569e+01
2.318926799999999930e+05 -1.511350999999999978e+01 9.482867000000000246e+01
2.318928800000000047e+05 -1.570186999999999955e+01 9.699173999999999296e+01
2.318930799999999872e+05 -1.600573999999999941e+01 9.619904999999999973e+01
2.318932799999999988e+05 -1.605930999999999997e+01 9.381216000000000577e+01
2.318934799999999814e+05 -1.515249000000000024e+01 9.436603999999999814e+01
2.318936799999999930e+05 -1.577781000000000056e+01 9.378924999999999557e+01
2.318938800000000047e+05 -1.569430999999999976e+01 8.877456999999999709e+01
2.318940799999999872e+05 -1.529315000000000069e+01 9.560580000000000211e+01
2.318942799999999988e+05 -1.448075000000000045e+01 9.159747000000000128e+01
2.318944799999999814e+05 -1.575948999999999955e+01 9.366385999999999967e+01
2.318946799999999930e+05 -1.542013999999999996e+01 9.028815000000000168e+01
2.318948800000000047e+05 -1.559474999999999945e+01 8.436279999999999291e+01
2.318950799999999872e+05 -1.596222999999999992e+01 8.983576999999999657e+01
2.318952799999999988e+05 -1.580343000000000053e+01 9.835151999999999362e+01
2.318954799999999814e+05 -1.554083999999999932e+01 9.125056999999999618e+01
2.318956799999999930e+05 -1.532869999999999955e+01 9.611043999999999699e+01
2.318958800000000047e+05 -1.550816000000000017e+01 9.327356000000000336e+01
2.318960799999999872e+05 -1.548924000000000056e+01 9.415340000000000487e+01
2.318962799999999988e+05 -1.595734999999999992e+01 9.261785000000000423e+01
2.318964799999999814e+05 -1.507901000000000025e+01 9.710168000000000177e+01
2.318966799999999930e+05 -1.496538999999999930e+01 9.079094999999999516e+01
2.318968800000000047e+05 -1.616715999999999909e+01 9.653500999999999976e+01
2.318970799999999872e+05 -1.532230000000000025e+01 9.845095000000000596e+01
2.318972799999999988e+05 -1.579149999999999920e+01 9.574348999999999421e+01
2.318974799999999814e+05 -1.653698999999999941e+01 9.228731999999999402e+01
2.318976799999999930e+05 -1.660219000000000023e+01 9.241660000000000252e+01
2.318978800000000047e+05 -1.588246999999999964e+01 8.815563000000000216e+01
2.318980799999999872e+05 -1.581395999999999979e+01 9.509359000000000606e+01
2.318982799999999988e+05 -1.686486999999999981e+01 8.901569999999999538e+01
2.318984799999999814e+05 -1.620091999999999999e+01 9.423220000000000596e+01
2.318986799999999930e+05 -1.611852999999999980e+01 9.206170000000000186e+01
2.318988800000000047e+05 -1.676353999999999900e+01 9.997007000000000687e+01
2.318990799999999872e+05 -1.608782000000000068e+01 9.623785999999999774e+01
2.318992799999999988e+05 -1.614579000000000164e+01 1.008658999999999963e+02
2.318994799999999814e+05 -1.601664999999999850e+01 9.433852000000000260e+01
2.318996799999999930e+05 -1.644923999999999964e+01 9.510021000000000413e+01
2.318998800000000047e+05 -1.497353000000000023e+01 8.973063999999999396e+01
2.319000799999999872e+05 -1.544795000000000051e+01 9.164758000000000493e+01
2.319002799999999988e+05 -1.608852999999999867e+01 9.031274000000000513e+01
2.319004799999999814e+05 -1.595852999999999966e+01 9.724532000000000664e+01
2.319006799999999930e+05 -1.653828999999999994e+01 9.369508999999999332e+01
2.319008800000000047e+05 -1.683453000000000088e+01 9.050178999999999974e+01
2.319010799999999872e+05 -1.576343999999999923e+01 8.991235000000000355e+01
2.319012799999999988e+05 -1.467234000000000016e+01 9.259063000000000443e+01
2.319014799999999814e+05 -1.518942000000000014e+01 8.940510999999999342e+01
2.319016799999999930e+05 -1.576052999999999926e+01 8.939459999999999695e+01
2.319018800000000047e+05 -1.630367000000000033e+01 9.465510000000000446e+01
2.319020799999999872e+05 -1.546049999999999969e+01 8.727027999999999963e+01
2.319022799999999988e+05 -1.603870999999999825e+01 9.341696000000000311e+01
2.319024799999999814e+05 -1.540753999999999913e+01 9.116209000000000628e+01
2.319026799999999930e+05 -1.546368999999999971e+01 9.552911000000000286e+01
2.319028800000000047e+05 -1.593512999999999913e+01 9.459528000000000247e+01
2.319030799999999872e+05 -1.548948999999999998e+01 9.239879999999999427e+01
2.319032799999999988e+05 -1.587773999999999930e+01 9.418995999999999924e+01
2.319034799999999814e+05 -1.524252000000000073e+01 8.924782999999999333e+01
2.319036799999999930e+05 -1.491902999999999935e+01 9.844687999999999306e+01
2.319038800000000047e+05 -1.564720999999999940e+01 8.687973999999999819e+01
2.319040799999999872e+05 -1.642597999999999914e+01 9.103718999999999539e+01
2.319042799999999988e+05 -1.584585000000000043e+01 9.013859999999999673e+01
2.319044799999999814e+05 -1.531781999999999933e+01 8.476390000000000668e+01
2.319046799999999930e+05 -1.567286000000000001e+01 9.930237999999999943e+01
2.319048800000000047e+05 -1.542913000000000068e+01 9.502009999999999934e+01
2.319050799999999872e+05 -1.650756000000000157e+01 1.007728000000000037e+02
2.319052799999999988e+05 -1.645204999999999984e+01 9.229625000000000057e+01
2.319054799999999814e+05 -1.711422999999999917e+01 8.903876999999999953e+01
2.319056799999999930e+05 -1.665646999999999878e+01 9.629348000000000241e+01
2.319058800000000047e+05 -1.568172999999999995e+01 9.340716000000000463e+01
2.319060799999999872e+05 -1.480720999999999954e+01 9.118805000000000405e+01
2.319062799999999988e+05 -1.593736999999999959e+01 9.379661000000000115e+01
2.319064799999999814e+05 -1.593050999999999995e+01 9.089484000000000208e+01
2.319066799999999930e+05 -1.518157000000000068e+01 9.073533000000000470e+01
2.319068800000000047e+05 -1.671424000000000021e+01 8.763223000000000695e+01
2.319070799999999872e+05 -1.618871000000000038e+01 9.014037000000000432e+01
2.319072799999999988e+05 -1.574790999999999919e+01 9.029645999999999617e+01
2.319074799999999814e+05 -1.565066999999999986e+01 8.597236999999999796e+01
2.319076799999999930e+05 -1.625196000000000041e+01 8.572363000000000000e+01
2.319078800000000047e+05 -1.516056999999999988e+01 8.855988999999999578e+01
2.319080799999999872e+05 -1.668933000000000177e+01 9.443001999999999896e+01
2.319082799999999988e+05 -1.493898000000000081e+01 9.680410000000000537e+01
2.319084799999999814e+05 -1.513528999999999947e+01 8.578911999999999694e+01
2.319086799999999930e+05 -1.590618000000000087e+01 8.495784999999999343e+01
