# Time finished:
# 2015-06-04 12.12.20
# Temp volt start:
# 0.91927388
# Temp volt stop:
# 0.91927388
# Approx start T:
# 135.283385173
# Approx stop T:
# 135.286700342
# DC bias measured, messed up:
# 1.359724
# DC bias we asked for:
# 0
2.319041499999999942e+05 -1.571202000000000076e+01 9.595266999999999769e+01
2.319043500000000058e+05 -1.560857999999999990e+01 9.520427999999999713e+01
2.319045499999999884e+05 -1.562717999999999918e+01 8.901765000000000327e+01
2.319047500000000000e+05 -1.542215999999999987e+01 8.982747999999999422e+01
2.319049499999999825e+05 -1.529059999999999953e+01 9.102272000000000673e+01
2.319051499999999942e+05 -1.557990999999999993e+01 9.402021999999999480e+01
2.319053500000000058e+05 -1.563133000000000017e+01 9.153772999999999627e+01
2.319055499999999884e+05 -1.522912999999999961e+01 9.240269999999999584e+01
2.319057500000000000e+05 -1.620465000000000089e+01 9.611641000000000190e+01
2.319059499999999825e+05 -1.555198999999999998e+01 8.454980999999999369e+01
2.319061499999999942e+05 -1.660698000000000008e+01 9.197802000000000078e+01
2.319063500000000058e+05 -1.576455999999999946e+01 9.355946000000000140e+01
2.319065499999999884e+05 -1.555476999999999954e+01 9.602625999999999351e+01
2.319067500000000000e+05 -1.445655000000000001e+01 9.280532999999999788e+01
2.319069499999999825e+05 -1.543427999999999933e+01 9.541384999999999650e+01
2.319071499999999942e+05 -1.572902000000000022e+01 8.825584000000000628e+01
2.319073500000000058e+05 -1.558733999999999931e+01 8.619653999999999883e+01
2.319075499999999884e+05 -1.556128000000000000e+01 8.929712999999999568e+01
2.319077500000000000e+05 -1.613287000000000049e+01 9.104514000000000351e+01
2.319079499999999825e+05 -1.567204000000000086e+01 9.271514000000000522e+01
2.319081499999999942e+05 -1.538643000000000072e+01 9.702733999999999526e+01
2.319083500000000058e+05 -1.530697999999999936e+01 8.641732000000000369e+01
2.319085499999999884e+05 -1.524261000000000088e+01 9.547812999999999306e+01
2.319087500000000000e+05 -1.532696999999999932e+01 9.585307000000000244e+01
2.319089499999999825e+05 -1.541586999999999996e+01 9.111468999999999596e+01
2.319091499999999942e+05 -1.518820999999999977e+01 9.083153000000000077e+01
2.319093500000000058e+05 -1.556075000000000053e+01 9.154819000000000528e+01
2.319095499999999884e+05 -1.520890999999999948e+01 8.923843999999999710e+01
2.319097500000000000e+05 -1.519999999999999929e+01 9.660371999999999559e+01
2.319099499999999825e+05 -1.620629999999999882e+01 9.052398999999999774e+01
2.319101499999999942e+05 -1.516273999999999944e+01 9.376752000000000464e+01
2.319103500000000058e+05 -1.611624000000000123e+01 9.495323000000000491e+01
2.319105499999999884e+05 -1.648642999999999859e+01 9.516235000000000355e+01
2.319107500000000000e+05 -1.598642000000000074e+01 9.716831999999999425e+01
2.319109499999999825e+05 -1.589357000000000042e+01 9.295346000000000686e+01
2.319111499999999942e+05 -1.612957000000000107e+01 9.799289000000000271e+01
2.319113500000000058e+05 -1.617062999999999917e+01 9.560241999999999507e+01
2.319115499999999884e+05 -1.549202999999999975e+01 8.592173999999999978e+01
2.319117500000000000e+05 -1.680882000000000076e+01 9.782922999999999547e+01
2.319119499999999825e+05 -1.593094999999999928e+01 8.491737000000000535e+01
2.319121499999999942e+05 -1.585727999999999938e+01 9.295843000000000700e+01
2.319123500000000058e+05 -1.596119000000000021e+01 8.638589000000000340e+01
2.319125499999999884e+05 -1.552368000000000059e+01 9.531756000000000029e+01
2.319127500000000000e+05 -1.613920999999999850e+01 9.256153999999999371e+01
2.319129499999999825e+05 -1.619648000000000110e+01 9.294330999999999676e+01
2.319131499999999942e+05 -1.530691000000000024e+01 9.618582000000000676e+01
2.319133500000000058e+05 -1.469195000000000029e+01 9.523905000000000598e+01
2.319135499999999884e+05 -1.583783999999999992e+01 9.258687000000000467e+01
2.319137500000000000e+05 -1.639151999999999987e+01 9.344934000000000651e+01
2.319139499999999825e+05 -1.517059000000000069e+01 9.071922999999999604e+01
2.319141499999999942e+05 -1.475933000000000028e+01 8.391843000000000075e+01
2.319143500000000058e+05 -1.537645999999999979e+01 9.621545000000000414e+01
2.319145499999999884e+05 -1.586743000000000059e+01 9.087672000000000594e+01
2.319147500000000000e+05 -1.587481999999999971e+01 9.332345999999999719e+01
2.319149499999999825e+05 -1.543975999999999971e+01 9.425123000000000673e+01
2.319151499999999942e+05 -1.604596000000000089e+01 9.682124000000000308e+01
2.319153500000000058e+05 -1.523187000000000069e+01 8.831444999999999368e+01
2.319155499999999884e+05 -1.558571000000000062e+01 8.834044000000000096e+01
2.319157500000000000e+05 -1.611608999999999980e+01 8.651102000000000203e+01
2.319159499999999825e+05 -1.574141000000000012e+01 9.127703999999999951e+01
2.319161499999999942e+05 -1.629249000000000080e+01 9.408711999999999875e+01
2.319163500000000058e+05 -1.520551999999999992e+01 9.592713999999999430e+01
2.319165499999999884e+05 -1.574577000000000027e+01 9.416419000000000494e+01
2.319167500000000000e+05 -1.564758999999999922e+01 8.758844000000000563e+01
2.319169499999999825e+05 -1.554565000000000019e+01 8.942996999999999730e+01
2.319171499999999942e+05 -1.554119999999999990e+01 8.765930000000000177e+01
2.319173500000000058e+05 -1.587129999999999974e+01 9.185412999999999784e+01
2.319175499999999884e+05 -1.606227000000000160e+01 9.256408999999999310e+01
2.319177500000000000e+05 -1.522017999999999915e+01 9.627600999999999942e+01
2.319179499999999825e+05 -1.526551000000000080e+01 9.309017000000000053e+01
2.319181499999999942e+05 -1.587387000000000015e+01 9.405293000000000347e+01
2.319183500000000058e+05 -1.579864000000000068e+01 8.931781999999999755e+01
2.319185499999999884e+05 -1.554316000000000031e+01 9.167400000000000659e+01
2.319187500000000000e+05 -1.486013999999999946e+01 9.375946999999999321e+01
2.319189499999999825e+05 -1.527964000000000055e+01 8.942920999999999765e+01
2.319191499999999942e+05 -1.634928999999999988e+01 9.190082999999999913e+01
2.319193500000000058e+05 -1.609681000000000139e+01 9.156593999999999767e+01
2.319195499999999884e+05 -1.584618000000000038e+01 9.796233999999999753e+01
2.319197500000000000e+05 -1.633101999999999876e+01 9.229791000000000167e+01
2.319199499999999825e+05 -1.553862999999999950e+01 9.591398999999999830e+01
2.319201499999999942e+05 -1.555199999999999960e+01 9.014050000000000296e+01
2.319203500000000058e+05 -1.598495999999999917e+01 9.481032000000000437e+01
2.319205499999999884e+05 -1.633192999999999984e+01 9.357634000000000185e+01
2.319207500000000000e+05 -1.558010999999999946e+01 9.166629000000000360e+01
2.319209499999999825e+05 -1.545543999999999940e+01 9.484041000000000565e+01
2.319211499999999942e+05 -1.543421999999999983e+01 8.901919999999999789e+01
2.319213500000000058e+05 -1.502444000000000024e+01 8.697879000000000360e+01
2.319215499999999884e+05 -1.580274000000000001e+01 9.683831000000000699e+01
2.319217500000000000e+05 -1.779879000000000033e+01 9.286141000000000645e+01
2.319219499999999825e+05 -1.549272999999999989e+01 9.250634999999999764e+01
2.319221499999999942e+05 -1.499104999999999954e+01 9.198811000000000604e+01
2.319223500000000058e+05 -1.550810000000000066e+01 8.496201000000000647e+01
2.319225499999999884e+05 -1.526418999999999926e+01 9.217955000000000609e+01
2.319227500000000000e+05 -1.599840000000000018e+01 8.884717000000000553e+01
2.319229499999999825e+05 -1.598625999999999969e+01 9.406016999999999939e+01
2.319231499999999942e+05 -1.584725000000000072e+01 8.867789000000000499e+01
2.319233500000000058e+05 -1.540390000000000015e+01 9.216594999999999516e+01
2.319235499999999884e+05 -1.598325999999999958e+01 9.506774000000000058e+01
2.319237500000000000e+05 -1.454758999999999958e+01 8.700551000000000101e+01
2.319239499999999825e+05 -1.599563999999999986e+01 9.617555000000000121e+01
2.319241499999999942e+05 -1.625140000000000029e+01 9.895757000000000403e+01
