# Time finished:
# 2015-06-02 11.00.26
# Temp volt start:
# 1.043306
# Temp volt stop:
# 1.043306
# Approx start T:
# 67.8833185656
# Approx stop T:
# 67.4102012322
# DC bias measured, messed up:
# 5.192074
# DC bias we asked for:
# 0
2.317706400000000140e+05 -1.699998000000000076e+01 7.920958000000000254e+01
2.317708400000000256e+05 -1.160180000000000078e+01 9.110886000000000706e+01
2.317710400000000081e+05 -1.692199000000000098e+01 8.482504000000000133e+01
2.317712400000000198e+05 -1.754644000000000048e+01 8.755201999999999884e+01
2.317714400000000023e+05 -1.363419999999999987e+01 8.095869000000000426e+01
2.317716400000000140e+05 -1.471510999999999925e+01 8.389928999999999348e+01
2.317718400000000256e+05 -1.642991999999999919e+01 9.701488000000000511e+01
2.317720400000000081e+05 -1.569453999999999994e+01 1.011420999999999992e+02
2.317722400000000198e+05 -1.250464999999999982e+01 9.178112000000000137e+01
2.317724400000000023e+05 -1.705264999999999986e+01 8.143058999999999514e+01
2.317726400000000140e+05 -2.000691000000000130e+01 2.859825999999999979e+01
2.317728400000000256e+05 -1.672194000000000003e+01 1.185520999999999958e+02
2.317730400000000081e+05 -1.498035999999999923e+01 1.046490000000000009e+02
2.317732400000000198e+05 -1.481656000000000084e+01 1.079539000000000044e+02
2.317734400000000023e+05 -1.734903999999999868e+01 1.003563999999999936e+02
2.317736400000000140e+05 -1.547354999999999947e+01 9.143010999999999910e+01
2.317738400000000256e+05 -1.207748999999999917e+01 9.004833000000000709e+01
2.317740400000000081e+05 -1.435890999999999984e+01 1.130651000000000010e+02
2.317742400000000198e+05 -1.472011999999999965e+01 8.387336999999999421e+01
2.317744400000000023e+05 -1.189687999999999946e+01 8.227503000000000100e+01
2.317746400000000140e+05 -1.494096000000000046e+01 8.857620000000000005e+01
2.317748400000000256e+05 -1.293707000000000029e+01 7.943037999999999954e+01
2.317750400000000081e+05 -1.467586999999999975e+01 1.135849999999999937e+02
2.317752400000000198e+05 -1.534580000000000055e+01 8.861632000000000176e+01
2.317754400000000023e+05 -1.560551000000000066e+01 9.669365999999999417e+01
2.317756400000000140e+05 -1.459614000000000011e+01 9.150666999999999973e+01
2.317758400000000256e+05 -1.629921999999999827e+01 8.814048999999999978e+01
2.317760400000000081e+05 -1.831098000000000070e+01 1.193371000000000066e+02
2.317762400000000198e+05 -1.296490000000000009e+01 1.114402999999999935e+02
2.317764400000000023e+05 -2.004403999999999897e+01 6.720000000000000284e+01
2.317766400000000140e+05 -1.628751000000000104e+01 7.684095000000000653e+01
2.317768400000000256e+05 -1.480677999999999983e+01 7.600973999999999364e+01
2.317770400000000081e+05 -1.587684999999999924e+01 1.075225999999999971e+02
2.317772400000000198e+05 -1.618466000000000093e+01 1.024291999999999945e+02
2.317774400000000023e+05 -1.527121999999999957e+01 9.590358999999999412e+01
2.317776400000000140e+05 -1.897853999999999886e+01 1.043706999999999994e+02
2.317778400000000256e+05 -1.406667999999999985e+01 7.047588000000000363e+01
2.317780400000000081e+05 -1.752453999999999823e+01 1.006156000000000006e+02
2.317782400000000198e+05 -1.656176999999999921e+01 1.009134999999999991e+02
2.317784400000000023e+05 -2.860504999999999853e+01 8.182523999999999376e+01
2.317786400000000140e+05 -1.419731999999999950e+01 1.170502000000000038e+02
2.317788400000000256e+05 -1.726603000000000065e+01 1.167857999999999947e+02
2.317790400000000081e+05 -1.455828999999999951e+01 9.994611999999999341e+01
2.317792400000000198e+05 -1.493801000000000023e+01 1.040865000000000009e+02
2.317794400000000023e+05 -1.912460000000000093e+01 1.281231999999999971e+02
2.317796400000000140e+05 -2.932020999999999944e+01 9.044885999999999626e+01
2.317798400000000256e+05 -1.488338000000000072e+01 8.162071000000000254e+01
2.317800400000000081e+05 -1.629831000000000074e+01 1.085219000000000023e+02
2.317802400000000198e+05 -1.762339000000000055e+01 1.323169000000000040e+02
2.317804400000000023e+05 -1.647832999999999970e+01 8.134762999999999522e+01
2.317806400000000140e+05 -1.672262999999999877e+01 1.185562999999999931e+02
2.317808400000000256e+05 -1.754938999999999893e+01 9.644324000000000296e+01
2.317810400000000081e+05 -2.546321000000000012e+01 8.666525000000000034e+01
2.317812400000000198e+05 -1.514368999999999943e+01 8.816109000000000151e+01
2.317814400000000023e+05 -2.138391999999999982e+01 1.001761999999999944e+02
2.317816400000000140e+05 -1.680179000000000045e+01 1.207908000000000044e+02
2.317818400000000256e+05 -2.002099000000000117e+01 1.015798999999999950e+02
2.317820400000000081e+05 -1.330640000000000001e+01 7.685492999999999597e+01
2.317822400000000198e+05 -1.700804000000000116e+01 9.204349999999999454e+01
2.317824400000000023e+05 -1.754511000000000109e+01 1.024483000000000033e+02
2.317826400000000140e+05 -1.327730999999999995e+01 9.321662999999999499e+01
2.317828400000000256e+05 -1.634388999999999825e+01 1.000576999999999970e+02
2.317830400000000081e+05 -1.671928000000000125e+01 9.841446999999999434e+01
2.317832400000000198e+05 -1.546343000000000067e+01 1.065904000000000025e+02
2.317834400000000023e+05 -2.067679000000000045e+01 1.071308999999999969e+02
2.317836400000000140e+05 -2.015500000000000114e+01 1.229462999999999937e+02
2.317838400000000256e+05 -1.733334999999999937e+01 1.183194000000000017e+02
2.317840400000000081e+05 -1.429410999999999987e+01 9.015927000000000646e+01
2.317842400000000198e+05 -1.663636999999999944e+01 9.508110000000000639e+01
2.317844400000000023e+05 -1.473586000000000062e+01 8.556525000000000603e+01
2.317846400000000140e+05 -1.236164999999999914e+01 9.142001999999999384e+01
2.317848400000000256e+05 -2.105966000000000093e+01 9.705899999999999750e+01
2.317850400000000081e+05 -1.791235999999999962e+01 6.270230000000000103e+01
2.317852400000000198e+05 -1.474365000000000059e+01 8.902327999999999975e+01
2.317854400000000023e+05 -1.661051000000000144e+01 8.602464000000000510e+01
2.317856400000000140e+05 -1.459590000000000032e+01 8.478874000000000422e+01
2.317858400000000256e+05 -1.498720999999999925e+01 1.073935000000000031e+02
2.317860400000000081e+05 -1.616647000000000034e+01 8.159542999999999324e+01
2.317862400000000198e+05 -1.301387000000000072e+01 9.270815000000000339e+01
2.317864400000000023e+05 -1.618676999999999921e+01 7.387312000000000012e+01
2.317866400000000140e+05 -1.292300000000000004e+01 7.234878999999999394e+01
2.317868400000000256e+05 -1.404691000000000045e+01 7.823636999999999375e+01
2.317870400000000081e+05 -1.902497999999999934e+01 1.150310000000000059e+02
2.317872400000000198e+05 -1.468188999999999922e+01 8.135661000000000342e+01
2.317874400000000023e+05 -1.525642000000000031e+01 8.451948000000000150e+01
2.317876400000000140e+05 -1.568965000000000032e+01 9.103253999999999735e+01
2.317878400000000256e+05 -1.679761999999999844e+01 1.035078000000000031e+02
2.317880400000000081e+05 -1.417924000000000007e+01 1.060810000000000031e+02
2.317882400000000198e+05 -2.675778999999999996e+01 2.090708000000000055e+01
2.317884400000000023e+05 -1.616951999999999856e+01 1.120139999999999958e+02
2.317886400000000140e+05 -1.587101999999999968e+01 1.004106000000000023e+02
2.317888400000000256e+05 -1.205409000000000042e+01 7.389087000000000671e+01
2.317890400000000081e+05 -1.375048999999999921e+01 5.730293999999999954e+01
2.317892400000000198e+05 -1.371383999999999936e+01 8.205222999999999445e+01
2.317894400000000023e+05 -1.807761999999999958e+01 8.374419000000000324e+01
2.317896400000000140e+05 -1.635951999999999984e+01 8.454411000000000342e+01
2.317898400000000256e+05 -1.592861000000000082e+01 9.847500999999999749e+01
2.317900400000000081e+05 -1.636788999999999916e+01 7.988245000000000573e+01
2.317902400000000198e+05 -1.366187000000000040e+01 8.250690000000000168e+01
2.317904400000000023e+05 -1.528273000000000081e+01 8.130003999999999564e+01
2.317906400000000140e+05 -1.480829999999999913e+01 8.860115999999999303e+01
