# Time finished:
# 2015-06-02 10.28.03
# Temp volt start:
# 1.0186767
# Temp volt stop:
# 1.0186767
# Approx start T:
# 82.0695239978
# Approx stop T:
# 82.0033396048
# DC bias measured, messed up:
# 5.160201
# DC bias we asked for:
# 0
2.317977600000000093e+05 -2.768486000000000047e+01 7.820336000000000354e+01
2.317979600000000210e+05 -1.559646000000000043e+01 1.234968999999999966e+02
2.317981600000000035e+05 -1.326788999999999952e+01 1.243405999999999949e+02
2.317983600000000151e+05 -1.510842000000000063e+01 1.158418000000000063e+02
2.317985599999999977e+05 -1.330261999999999922e+01 8.072744000000000142e+01
2.317987600000000093e+05 -1.503706999999999994e+01 1.196937999999999960e+02
2.317989600000000210e+05 -1.475634999999999941e+01 7.761007999999999640e+01
2.317991600000000035e+05 -2.069166999999999845e+01 1.222878000000000043e+02
2.317993600000000151e+05 -1.536391000000000062e+01 7.421238999999999919e+01
2.317995599999999977e+05 -1.566155000000000008e+01 8.751225999999999772e+01
2.317997600000000093e+05 -1.335468999999999973e+01 1.009230000000000018e+02
2.317999600000000210e+05 -1.485567999999999955e+01 7.136932000000000187e+01
2.318001600000000035e+05 -1.314493000000000045e+01 6.829904999999999404e+01
2.318003600000000151e+05 -1.296761000000000053e+01 9.058377000000000123e+01
2.318005599999999977e+05 -1.247563000000000066e+01 1.140240000000000009e+02
2.318007600000000093e+05 -1.397490999999999950e+01 9.600696000000000652e+01
2.318009600000000210e+05 -1.585299999999999976e+01 1.005023000000000053e+02
2.318011600000000035e+05 -1.546437000000000062e+01 9.661266000000000531e+01
2.318013600000000151e+05 -1.647928999999999888e+01 9.355928000000000111e+01
2.318015599999999977e+05 -1.277177999999999969e+01 1.219860999999999933e+02
2.318017600000000093e+05 -1.442576999999999998e+01 8.464074999999999704e+01
2.318019600000000210e+05 -1.244998999999999967e+01 1.018324999999999960e+02
2.318021600000000035e+05 -1.479585999999999935e+01 8.599612000000000478e+01
2.318023600000000151e+05 -1.246199999999999974e+01 7.597620000000000573e+01
2.318025599999999977e+05 -1.870438000000000045e+01 8.855334999999999468e+01
2.318027600000000093e+05 -1.455188000000000059e+01 7.342774000000000001e+01
2.318029600000000210e+05 -2.041880000000000095e+01 5.406873000000000218e+01
2.318031600000000035e+05 -1.375122000000000000e+01 1.043032000000000039e+02
2.318033600000000151e+05 -1.679887000000000086e+01 9.072011000000000536e+01
2.318035599999999977e+05 -1.201293000000000077e+01 1.011154999999999973e+02
2.318037600000000093e+05 -1.555760000000000076e+01 1.281577000000000055e+02
2.318039600000000210e+05 -1.682273999999999958e+01 6.459084000000000003e+01
2.318041600000000035e+05 -1.494323999999999941e+01 7.586088999999999771e+01
2.318043600000000151e+05 -1.320349000000000039e+01 9.525986000000000331e+01
2.318045599999999977e+05 -1.760211999999999932e+01 8.561829000000000178e+01
2.318047600000000093e+05 -1.276182999999999979e+01 9.798537000000000319e+01
2.318049600000000210e+05 -1.932499999999999929e+01 6.748757999999999413e+01
2.318051600000000035e+05 -2.228061999999999898e+01 9.875840999999999781e+01
2.318053600000000151e+05 -1.255070000000000086e+01 9.696480999999999995e+01
2.318055599999999977e+05 -1.924336999999999875e+01 9.442025999999999897e+01
2.318057600000000093e+05 -1.978060999999999936e+01 9.314512000000000569e+01
2.318059600000000210e+05 -1.473300000000000054e+01 1.107091999999999956e+02
2.318061600000000035e+05 -1.376348999999999911e+01 9.624450000000000216e+01
2.318063600000000151e+05 -1.671497000000000099e+01 1.038680999999999983e+02
2.318065599999999977e+05 -1.443224000000000018e+01 7.214719999999999800e+01
2.318067600000000093e+05 -1.121480999999999995e+01 9.058807000000000187e+01
2.318069600000000210e+05 -1.712548999999999921e+01 1.095106999999999999e+02
2.318071600000000035e+05 -1.651068000000000069e+01 1.260244000000000000e+02
2.318073600000000151e+05 -1.422950999999999944e+01 9.396932999999999936e+01
2.318075599999999977e+05 -1.173043000000000013e+01 1.071718000000000046e+02
2.318077600000000093e+05 -1.668126000000000175e+01 9.249886999999999659e+01
2.318079600000000210e+05 -1.575416000000000061e+01 7.590210000000000434e+01
2.318081600000000035e+05 -1.217031000000000063e+01 8.661370999999999754e+01
2.318083600000000151e+05 -1.413114999999999988e+01 7.872848999999999364e+01
2.318085599999999977e+05 -1.368329999999999913e+01 1.125819000000000045e+02
2.318087600000000093e+05 -1.702340999999999838e+01 1.247199999999999989e+02
2.318089600000000210e+05 -1.627827999999999875e+01 9.460725999999999658e+01
2.318091600000000035e+05 -1.459038999999999930e+01 9.715520999999999674e+01
2.318093600000000151e+05 -1.205911000000000044e+01 8.519263999999999726e+01
2.318095599999999977e+05 -1.475441999999999965e+01 9.289655999999999381e+01
2.318097600000000093e+05 -1.095112999999999914e+01 1.013883000000000010e+02
2.318099600000000210e+05 -1.372043000000000035e+01 1.176105000000000018e+02
2.318101600000000035e+05 -1.439423999999999992e+01 1.027330999999999932e+02
2.318103600000000151e+05 -1.481709000000000032e+01 1.035515000000000043e+02
2.318105599999999977e+05 -1.525951000000000057e+01 1.140126999999999953e+02
2.318107600000000093e+05 -1.610814999999999841e+01 7.950567999999999813e+01
2.318109600000000210e+05 -1.693713999999999942e+01 7.296591999999999700e+01
2.318111600000000035e+05 -1.401038999999999923e+01 9.738625000000000398e+01
2.318113600000000151e+05 -1.345811999999999919e+01 1.073105999999999938e+02
2.318115599999999977e+05 -1.160405000000000086e+01 1.101901000000000010e+02
2.318117600000000093e+05 -1.429951999999999934e+01 5.393950999999999851e+01
2.318119600000000210e+05 -1.485360999999999976e+01 9.848425000000000296e+01
2.318121600000000035e+05 -2.038131999999999877e+01 8.791818999999999562e+01
2.318123600000000151e+05 -1.643115999999999843e+01 1.319711000000000070e+02
2.318125599999999977e+05 -1.192501000000000033e+01 9.731767999999999574e+01
2.318127600000000093e+05 -1.321134999999999948e+01 9.730581999999999709e+01
2.318129600000000210e+05 -1.647616999999999976e+01 9.783813000000000670e+01
2.318131600000000035e+05 -1.789310000000000045e+01 1.005020999999999987e+02
2.318133600000000151e+05 -1.644793999999999912e+01 8.815766999999999598e+01
2.318135599999999977e+05 -1.571456000000000053e+01 1.071713000000000022e+02
2.318137600000000093e+05 -1.433741000000000021e+01 6.441096000000000288e+01
2.318139600000000210e+05 -1.561036999999999964e+01 1.196234000000000037e+02
2.318141600000000035e+05 -1.298016999999999932e+01 8.575414000000000669e+01
2.318143600000000151e+05 -1.395687000000000033e+01 1.028836000000000013e+02
2.318145599999999977e+05 -1.397195999999999927e+01 7.797086000000000183e+01
2.318147600000000093e+05 -1.270561000000000007e+01 1.088504999999999967e+02
2.318149600000000210e+05 -1.918317000000000050e+01 8.860690999999999917e+01
2.318151600000000035e+05 -1.552894000000000041e+01 7.400857999999999493e+01
2.318153600000000151e+05 -1.494312000000000040e+01 9.809856000000000620e+01
2.318155599999999977e+05 -1.700977999999999923e+01 1.017775000000000034e+02
2.318157600000000093e+05 -1.532994000000000057e+01 8.959613000000000227e+01
2.318159600000000210e+05 -1.344427999999999912e+01 7.200969000000000619e+01
2.318161600000000035e+05 -1.489917999999999942e+01 7.233811000000000035e+01
2.318163600000000151e+05 -1.667163000000000039e+01 1.143712000000000018e+02
2.318165599999999977e+05 -1.622333000000000069e+01 1.161419000000000068e+02
2.318167600000000093e+05 -1.435546000000000078e+01 1.036252000000000066e+02
2.318169600000000210e+05 -1.657791999999999888e+01 9.305142999999999631e+01
2.318171600000000035e+05 -1.683166999999999902e+01 1.222169999999999987e+02
2.318173600000000151e+05 -1.389070000000000071e+01 1.009407000000000068e+02
2.318175599999999977e+05 -1.360330000000000084e+01 1.094860000000000042e+02
2.318177600000000093e+05 -1.223603999999999914e+01 9.584006999999999721e+01
