# Time finished:
# 2015-06-03 11.30.28
# Temp volt start:
# 1.0090823
# Temp volt stop:
# 1.0090823
# Approx start T:
# 87.478234361
# Approx stop T:
# 87.5012667061
# DC bias measured, messed up:
# 1.377145
# DC bias we asked for:
# 0
2.318221300000000047e+05 -1.572025000000000006e+01 9.543528999999999485e+01
2.318223300000000163e+05 -1.478073000000000015e+01 9.008535000000000537e+01
2.318225299999999988e+05 -1.555772999999999939e+01 9.404698999999999387e+01
2.318227300000000105e+05 -1.426565000000000083e+01 9.154612000000000194e+01
2.318229299999999930e+05 -1.571822000000000052e+01 9.071286000000000627e+01
2.318231300000000047e+05 -1.494599999999999973e+01 9.561209999999999809e+01
2.318233300000000163e+05 -1.563504999999999967e+01 9.406174000000000035e+01
2.318235299999999988e+05 -1.587157000000000018e+01 9.066079999999999472e+01
2.318237300000000105e+05 -1.559049000000000085e+01 9.922445000000000448e+01
2.318239299999999930e+05 -1.557837999999999923e+01 9.271864999999999668e+01
2.318241300000000047e+05 -1.637528000000000006e+01 9.224259000000000697e+01
2.318243300000000163e+05 -1.613107000000000113e+01 9.175884000000000640e+01
2.318245299999999988e+05 -1.582680000000000042e+01 9.722477000000000658e+01
2.318247300000000105e+05 -1.605460000000000065e+01 9.202872000000000696e+01
2.318249299999999930e+05 -1.523413000000000039e+01 9.262823000000000206e+01
2.318251300000000047e+05 -1.567914999999999992e+01 9.667946999999999491e+01
2.318253300000000163e+05 -1.678012000000000015e+01 8.838975999999999544e+01
2.318255299999999988e+05 -1.535012000000000043e+01 9.632151000000000352e+01
2.318257300000000105e+05 -1.460608000000000040e+01 1.010186000000000064e+02
2.318259299999999930e+05 -1.591679000000000066e+01 9.523723999999999990e+01
2.318261300000000047e+05 -1.696591000000000093e+01 9.388954999999999984e+01
2.318263300000000163e+05 -1.421715000000000018e+01 9.586017999999999972e+01
2.318265299999999988e+05 -1.496935000000000038e+01 9.208727000000000373e+01
2.318267300000000105e+05 -1.494402999999999970e+01 9.630075999999999681e+01
2.318269299999999930e+05 -1.552947999999999951e+01 8.845785999999999660e+01
2.318271300000000047e+05 -1.525140999999999991e+01 9.439556000000000324e+01
2.318273300000000163e+05 -1.585491000000000028e+01 8.751161000000000456e+01
2.318275299999999988e+05 -1.603376000000000090e+01 9.165457000000000676e+01
2.318277300000000105e+05 -1.576759999999999984e+01 9.270243999999999573e+01
2.318279299999999930e+05 -1.531441000000000052e+01 8.881969999999999743e+01
2.318281300000000047e+05 -1.580818999999999974e+01 8.980889999999999418e+01
2.318283300000000163e+05 -1.466102000000000061e+01 9.521178999999999348e+01
2.318285299999999988e+05 -1.559749000000000052e+01 9.737994000000000483e+01
2.318287300000000105e+05 -1.571824999999999939e+01 9.643813000000000102e+01
2.318289299999999930e+05 -1.607713000000000036e+01 9.344916999999999518e+01
2.318291300000000047e+05 -1.609165000000000134e+01 8.903381000000000256e+01
2.318293300000000163e+05 -1.568835999999999942e+01 9.171907000000000210e+01
2.318295299999999988e+05 -1.545426999999999929e+01 8.717033000000000698e+01
2.318297300000000105e+05 -1.588278999999999996e+01 9.370678999999999803e+01
2.318299299999999930e+05 -1.558042999999999978e+01 9.369675999999999760e+01
2.318301300000000047e+05 -1.576446999999999932e+01 9.170740999999999588e+01
2.318303300000000163e+05 -1.641001999999999938e+01 9.952472000000000207e+01
2.318305299999999988e+05 -1.508094000000000001e+01 9.033053999999999917e+01
2.318307300000000105e+05 -1.527467000000000041e+01 9.014087999999999568e+01
2.318309299999999930e+05 -1.541512999999999955e+01 9.261212000000000444e+01
2.318311300000000047e+05 -1.643900000000000006e+01 8.804041999999999746e+01
2.318313300000000163e+05 -1.537823999999999991e+01 9.405174999999999841e+01
2.318315299999999988e+05 -1.599127999999999972e+01 9.795120000000000005e+01
2.318317300000000105e+05 -1.491960000000000086e+01 9.402579000000000065e+01
2.318319299999999930e+05 -1.552671999999999919e+01 9.710820999999999970e+01
2.318321300000000047e+05 -1.524549999999999983e+01 9.109933999999999799e+01
2.318323300000000163e+05 -1.521804000000000023e+01 9.322512000000000398e+01
2.318325299999999988e+05 -1.499853000000000058e+01 9.597665999999999542e+01
2.318327300000000105e+05 -1.528786000000000023e+01 9.416738999999999749e+01
2.318329299999999930e+05 -1.590903999999999918e+01 8.618984000000000378e+01
2.318331300000000047e+05 -1.586083999999999961e+01 9.484318000000000382e+01
2.318333300000000163e+05 -1.572630000000000017e+01 9.171959999999999980e+01
2.318335299999999988e+05 -1.583541999999999916e+01 9.068317000000000405e+01
2.318337300000000105e+05 -1.711333000000000126e+01 9.111791999999999803e+01
2.318339299999999930e+05 -1.491718000000000011e+01 8.811687999999999477e+01
2.318341300000000047e+05 -1.504739999999999966e+01 9.633678999999999348e+01
2.318343300000000163e+05 -1.617274000000000100e+01 9.175132999999999583e+01
2.318345299999999988e+05 -1.533868999999999971e+01 9.524137000000000342e+01
2.318347300000000105e+05 -1.636657999999999902e+01 9.064364000000000487e+01
2.318349299999999930e+05 -1.635542999999999836e+01 8.661472000000000548e+01
2.318351300000000047e+05 -1.492779999999999951e+01 9.072921999999999798e+01
2.318353300000000163e+05 -1.507415999999999912e+01 8.964328000000000429e+01
2.318355299999999988e+05 -1.579709000000000074e+01 9.948597999999999786e+01
2.318357300000000105e+05 -1.519819999999999993e+01 9.263575000000000159e+01
2.318359299999999930e+05 -1.568795000000000073e+01 8.774439999999999884e+01
2.318361300000000047e+05 -1.609682000000000102e+01 9.280482000000000653e+01
2.318363300000000163e+05 -1.728231999999999857e+01 1.003237000000000023e+02
2.318365299999999988e+05 -1.651911000000000129e+01 9.919447999999999865e+01
2.318367300000000105e+05 -1.641393000000000058e+01 9.170351999999999748e+01
2.318369299999999930e+05 -1.516727000000000025e+01 9.101060999999999979e+01
2.318371300000000047e+05 -1.679230000000000089e+01 9.641241999999999734e+01
2.318373300000000163e+05 -1.572625999999999991e+01 8.609853999999999985e+01
2.318375299999999988e+05 -1.507484999999999964e+01 8.558820000000000050e+01
2.318377300000000105e+05 -1.602852999999999994e+01 9.732098000000000582e+01
2.318379299999999930e+05 -1.625468000000000046e+01 9.650126000000000204e+01
2.318381300000000047e+05 -1.524178999999999995e+01 9.168985000000000696e+01
2.318383300000000163e+05 -1.430123000000000033e+01 9.335349999999999682e+01
2.318385299999999988e+05 -1.578420000000000023e+01 9.658943999999999619e+01
2.318387300000000105e+05 -1.573394000000000048e+01 9.120968000000000586e+01
2.318389299999999930e+05 -1.525536999999999921e+01 9.580801999999999907e+01
2.318391300000000047e+05 -1.534970000000000034e+01 9.166418000000000177e+01
2.318393300000000163e+05 -1.515333000000000041e+01 9.229254000000000246e+01
2.318395299999999988e+05 -1.612364000000000175e+01 9.189405999999999608e+01
2.318397300000000105e+05 -1.581546999999999947e+01 9.445659000000000560e+01
2.318399299999999930e+05 -1.534488999999999947e+01 8.893205000000000382e+01
2.318401300000000047e+05 -1.611166000000000054e+01 8.602151000000000636e+01
2.318403300000000163e+05 -1.538330999999999982e+01 9.141621000000000663e+01
2.318405299999999988e+05 -1.571596000000000082e+01 9.556240999999999985e+01
2.318407300000000105e+05 -1.568829999999999991e+01 8.437627999999999417e+01
2.318409299999999930e+05 -1.581686999999999976e+01 8.816934000000000538e+01
2.318411300000000047e+05 -1.527826999999999913e+01 9.192015999999999565e+01
2.318413300000000163e+05 -1.592516999999999960e+01 9.574542999999999893e+01
2.318415299999999988e+05 -1.602599999999999980e+01 9.204207999999999856e+01
2.318417300000000105e+05 -1.513579000000000008e+01 9.520323000000000491e+01
2.318419299999999930e+05 -1.494580999999999982e+01 9.482146000000000186e+01
2.318421300000000047e+05 -1.543984999999999985e+01 9.152388999999999442e+01
