# Time finished:
# 2015-06-04 14.12.36
# Temp volt start:
# 0.89601702
# Temp volt stop:
# 0.89601702
# Approx start T:
# 146.940149226
# Approx stop T:
# 146.9511985
# DC bias measured, messed up:
# 1.189482
# DC bias we asked for:
# 0
2.319160799999999872e+05 -1.539131000000000071e+01 9.612093000000000131e+01
2.319162799999999988e+05 -1.471405000000000030e+01 9.785735999999999990e+01
2.319164799999999814e+05 -1.566047000000000011e+01 9.312023000000000650e+01
2.319166799999999930e+05 -1.592896999999999963e+01 9.028978999999999644e+01
2.319168799999999756e+05 -1.412395000000000067e+01 8.846962000000000614e+01
2.319170799999999872e+05 -1.543792000000000009e+01 9.235756999999999550e+01
2.319172799999999988e+05 -1.514056000000000068e+01 8.829895999999999390e+01
2.319174799999999814e+05 -1.612707999999999942e+01 8.829462999999999795e+01
2.319176799999999930e+05 -1.561007000000000033e+01 9.347487999999999886e+01
2.319178799999999756e+05 -1.625977999999999923e+01 8.859166999999999348e+01
2.319180799999999872e+05 -1.643710000000000093e+01 9.498644000000000176e+01
2.319182799999999988e+05 -1.477990999999999921e+01 9.635743999999999687e+01
2.319184799999999814e+05 -1.515677999999999948e+01 9.228556000000000381e+01
2.319186799999999930e+05 -1.549787000000000070e+01 9.056152000000000157e+01
2.319188799999999756e+05 -1.628815000000000168e+01 9.471797999999999718e+01
2.319190799999999872e+05 -1.499760000000000026e+01 9.357450000000000045e+01
2.319192799999999988e+05 -1.462233999999999945e+01 9.670399000000000456e+01
2.319194799999999814e+05 -1.542056999999999967e+01 8.802685999999999922e+01
2.319196799999999930e+05 -1.594326000000000043e+01 9.242685000000000173e+01
2.319198799999999756e+05 -1.560731000000000002e+01 9.506234999999999502e+01
2.319200799999999872e+05 -1.676157999999999859e+01 9.569728999999999530e+01
2.319202799999999988e+05 -1.589150000000000063e+01 9.394773999999999603e+01
2.319204799999999814e+05 -1.605968999999999980e+01 9.635040999999999656e+01
2.319206799999999930e+05 -1.602174000000000120e+01 9.944338999999999373e+01
2.319208799999999756e+05 -1.606895000000000095e+01 8.798197999999999297e+01
2.319210799999999872e+05 -1.638700000000000045e+01 8.814831999999999823e+01
2.319212799999999988e+05 -1.559082000000000079e+01 9.733056000000000552e+01
2.319214799999999814e+05 -1.613224999999999909e+01 9.637788999999999362e+01
2.319216799999999930e+05 -1.558314999999999984e+01 9.042341999999999302e+01
2.319218799999999756e+05 -1.540202999999999989e+01 1.015910999999999973e+02
2.319220799999999872e+05 -1.542177000000000042e+01 9.492439000000000249e+01
2.319222799999999988e+05 -1.523642000000000074e+01 9.521086999999999989e+01
2.319224799999999814e+05 -1.594730999999999987e+01 8.994834000000000174e+01
2.319226799999999930e+05 -1.474358999999999931e+01 9.480826000000000420e+01
2.319228799999999756e+05 -1.501317000000000057e+01 9.325491999999999848e+01
2.319230799999999872e+05 -1.559157000000000082e+01 9.733319000000000187e+01
2.319232799999999988e+05 -1.595017999999999958e+01 9.017696999999999719e+01
2.319234799999999814e+05 -1.549297999999999931e+01 9.269885999999999626e+01
2.319236799999999930e+05 -1.667692999999999870e+01 8.835872999999999422e+01
2.319238799999999756e+05 -1.621075000000000088e+01 9.774773999999999319e+01
2.319240799999999872e+05 -1.520322999999999958e+01 9.130534000000000106e+01
2.319242799999999988e+05 -1.631138999999999939e+01 9.853584999999999638e+01
2.319244799999999814e+05 -1.614487000000000094e+01 9.698927000000000476e+01
2.319246799999999930e+05 -1.499402000000000079e+01 8.945274999999999466e+01
2.319248799999999756e+05 -1.579462000000000010e+01 8.651675000000000182e+01
2.319250799999999872e+05 -1.476764000000000010e+01 9.603996999999999673e+01
2.319252799999999988e+05 -1.551510000000000034e+01 9.628672000000000253e+01
2.319254799999999814e+05 -1.554889000000000010e+01 9.923095999999999606e+01
2.319256799999999930e+05 -1.641991000000000156e+01 9.460799000000000092e+01
2.319258799999999756e+05 -1.579373999999999967e+01 9.917242000000000246e+01
2.319260799999999872e+05 -1.499700999999999951e+01 9.378776999999999475e+01
2.319262799999999988e+05 -1.556095999999999968e+01 9.292233000000000231e+01
2.319264799999999814e+05 -1.581587999999999994e+01 9.139157000000000153e+01
2.319266799999999930e+05 -1.477510000000000012e+01 9.439748000000000161e+01
2.319268799999999756e+05 -1.595003999999999955e+01 8.734651999999999816e+01
2.319270799999999872e+05 -1.503627000000000002e+01 9.782757999999999754e+01
2.319272799999999988e+05 -1.517449000000000048e+01 9.217860000000000298e+01
2.319274799999999814e+05 -1.617701999999999884e+01 9.518625000000000114e+01
2.319276799999999930e+05 -1.502144000000000013e+01 9.082532999999999390e+01
2.319278799999999756e+05 -1.555316000000000010e+01 9.111339999999999861e+01
2.319280799999999872e+05 -1.581988999999999912e+01 9.232362000000000535e+01
2.319282799999999988e+05 -1.677543000000000006e+01 9.661654000000000053e+01
2.319284799999999814e+05 -1.532779000000000025e+01 9.655743999999999971e+01
2.319286799999999930e+05 -1.429993999999999943e+01 8.946506999999999721e+01
2.319288799999999756e+05 -1.519528999999999996e+01 8.860345999999999833e+01
2.319290799999999872e+05 -1.532646000000000086e+01 8.732198999999999955e+01
2.319292799999999988e+05 -1.497948000000000057e+01 9.494740000000000180e+01
2.319294799999999814e+05 -1.634138000000000090e+01 9.559136999999999773e+01
2.319296799999999930e+05 -1.581827999999999967e+01 9.732397000000000276e+01
2.319298799999999756e+05 -1.544136999999999915e+01 9.326251000000000602e+01
2.319300799999999872e+05 -1.637847000000000008e+01 9.114078000000000657e+01
2.319302799999999988e+05 -1.552238000000000007e+01 9.494659000000000049e+01
2.319304799999999814e+05 -1.649694999999999823e+01 9.462445999999999913e+01
2.319306799999999930e+05 -1.573414000000000001e+01 9.314367000000000019e+01
2.319308799999999756e+05 -1.754001999999999839e+01 9.053651000000000693e+01
2.319310799999999872e+05 -1.543323000000000000e+01 9.592731000000000563e+01
2.319312799999999988e+05 -1.605120000000000147e+01 8.942641000000000417e+01
2.319314799999999814e+05 -1.674574000000000140e+01 9.143340999999999497e+01
2.319316799999999930e+05 -1.610762000000000072e+01 9.325105000000000643e+01
2.319318799999999756e+05 -1.478791999999999973e+01 9.140783999999999310e+01
2.319320799999999872e+05 -1.521629000000000076e+01 9.597245999999999810e+01
2.319322799999999988e+05 -1.580336999999999925e+01 9.313853000000000293e+01
2.319324799999999814e+05 -1.558925999999999945e+01 8.917714999999999748e+01
2.319326799999999930e+05 -1.564669999999999916e+01 9.370923000000000513e+01
2.319328799999999756e+05 -1.556057999999999986e+01 9.291925999999999419e+01
2.319330799999999872e+05 -1.558017000000000074e+01 9.676519999999999300e+01
2.319332799999999988e+05 -1.564132999999999996e+01 9.143851999999999691e+01
2.319334799999999814e+05 -1.564012999999999920e+01 9.120699999999999363e+01
2.319336799999999930e+05 -1.544222000000000072e+01 9.347408000000000072e+01
2.319338799999999756e+05 -1.548766999999999960e+01 8.923488999999999294e+01
2.319340799999999872e+05 -1.507577999999999996e+01 1.020387999999999948e+02
2.319342799999999988e+05 -1.668705999999999889e+01 9.761209999999999809e+01
2.319344799999999814e+05 -1.500904000000000060e+01 9.537860000000000582e+01
2.319346799999999930e+05 -1.484843000000000046e+01 9.118510999999999456e+01
2.319348799999999756e+05 -1.477669999999999995e+01 9.378054000000000201e+01
2.319350799999999872e+05 -1.575126999999999988e+01 9.371468000000000131e+01
2.319352799999999988e+05 -1.559422999999999959e+01 9.427760000000000673e+01
2.319354799999999814e+05 -1.599854999999999983e+01 9.396607000000000198e+01
2.319356799999999930e+05 -1.583530000000000015e+01 9.174173999999999296e+01
2.319358799999999756e+05 -1.457515000000000072e+01 9.286440000000000339e+01
2.319360799999999872e+05 -1.610761000000000109e+01 9.348888999999999783e+01
