# Time finished:
# 2015-06-04 14.50.17
# Temp volt start:
# 0.88883236
# Temp volt stop:
# 0.88883236
# Approx start T:
# 150.489965823
# Approx stop T:
# 150.510782232
# DC bias measured, messed up:
# 1.420321
# DC bias we asked for:
# 0
2.319185899999999965e+05 -1.581603999999999921e+01 9.259936000000000433e+01
2.319187900000000081e+05 -1.650441000000000003e+01 9.019955000000000211e+01
2.319189899999999907e+05 -1.552294000000000018e+01 8.356568000000000040e+01
2.319191900000000023e+05 -1.573620000000000019e+01 9.814063000000000159e+01
2.319193899999999849e+05 -1.574873000000000012e+01 9.216297000000000139e+01
2.319195899999999965e+05 -1.437838999999999956e+01 9.300615999999999417e+01
2.319197900000000081e+05 -1.553137000000000079e+01 9.406118999999999630e+01
2.319199899999999907e+05 -1.595992999999999995e+01 9.398775999999999442e+01
2.319201900000000023e+05 -1.604539000000000115e+01 9.457255999999999574e+01
2.319203899999999849e+05 -1.549266000000000076e+01 9.559917000000000087e+01
2.319205899999999965e+05 -1.516793999999999976e+01 8.928091999999999473e+01
2.319207900000000081e+05 -1.523446000000000033e+01 9.170338999999999885e+01
2.319209899999999907e+05 -1.585039000000000087e+01 9.124393000000000598e+01
2.319211900000000023e+05 -1.623771999999999949e+01 9.568083000000000027e+01
2.319213899999999849e+05 -1.549634000000000000e+01 9.143590000000000373e+01
2.319215899999999965e+05 -1.588743000000000016e+01 9.146304999999999552e+01
2.319217900000000081e+05 -1.498733999999999966e+01 8.656304000000000087e+01
2.319219899999999907e+05 -1.554729000000000028e+01 9.715937999999999874e+01
2.319221900000000023e+05 -1.543460999999999927e+01 9.340595000000000425e+01
2.319223899999999849e+05 -1.651583000000000112e+01 9.120168999999999926e+01
2.319225899999999965e+05 -1.619119999999999848e+01 9.971896999999999878e+01
2.319227900000000081e+05 -1.523307999999999929e+01 9.552621999999999503e+01
2.319229899999999907e+05 -1.461172000000000004e+01 8.933942000000000405e+01
2.319231900000000023e+05 -1.555072000000000010e+01 9.264163000000000636e+01
2.319233899999999849e+05 -1.603089999999999904e+01 9.399802999999999997e+01
2.319235899999999965e+05 -1.673977000000000004e+01 9.595377000000000578e+01
2.319237900000000081e+05 -1.565109999999999957e+01 9.843649000000000626e+01
2.319239899999999907e+05 -1.461018999999999934e+01 9.102524999999999977e+01
2.319241900000000023e+05 -1.561445999999999934e+01 9.485374000000000194e+01
2.319243899999999849e+05 -1.532766999999999946e+01 8.900038000000000693e+01
2.319245899999999965e+05 -1.537608999999999959e+01 8.767431999999999448e+01
2.319247900000000081e+05 -1.594181000000000026e+01 9.225865000000000293e+01
2.319249899999999907e+05 -1.603769000000000133e+01 8.734363000000000454e+01
2.319251900000000023e+05 -1.619135999999999953e+01 9.246491000000000327e+01
2.319253899999999849e+05 -1.566738999999999926e+01 9.408123000000000502e+01
2.319255899999999965e+05 -1.548426000000000080e+01 9.395596999999999355e+01
2.319257900000000081e+05 -1.624308999999999870e+01 9.496519000000000688e+01
2.319259899999999907e+05 -1.684440000000000026e+01 9.457733000000000345e+01
2.319261900000000023e+05 -1.575098999999999982e+01 9.172298000000000684e+01
2.319263899999999849e+05 -1.594229999999999947e+01 9.202660000000000196e+01
2.319265899999999965e+05 -1.616629999999999967e+01 8.891321000000000652e+01
2.319267900000000081e+05 -1.518673000000000073e+01 8.938461999999999819e+01
2.319269899999999907e+05 -1.483750000000000036e+01 9.573305999999999472e+01
2.319271900000000023e+05 -1.544176000000000037e+01 8.763034000000000390e+01
2.319273899999999849e+05 -1.537822000000000067e+01 9.092704999999999416e+01
2.319275899999999965e+05 -1.564809999999999945e+01 9.486034999999999684e+01
2.319277900000000081e+05 -1.561602000000000068e+01 9.463427000000000078e+01
2.319279899999999907e+05 -1.571152000000000015e+01 9.082931999999999562e+01
2.319281900000000023e+05 -1.540883000000000003e+01 9.774545000000000528e+01
2.319283899999999849e+05 -1.503064000000000000e+01 9.434059999999999491e+01
2.319285899999999965e+05 -1.466290000000000049e+01 9.290176999999999907e+01
2.319287900000000081e+05 -1.546571999999999925e+01 9.209739999999999327e+01
2.319289899999999907e+05 -1.452505000000000024e+01 9.182540000000000191e+01
2.319291900000000023e+05 -1.524211000000000027e+01 9.010707999999999629e+01
2.319293899999999849e+05 -1.608437999999999946e+01 9.294154000000000337e+01
2.319295899999999965e+05 -1.549675000000000047e+01 9.143295999999999424e+01
2.319297900000000081e+05 -1.526947000000000010e+01 9.212761999999999318e+01
2.319299899999999907e+05 -1.602513000000000076e+01 8.898629999999999995e+01
2.319301900000000023e+05 -1.519059999999999988e+01 8.980830000000000268e+01
2.319303899999999849e+05 -1.584537000000000084e+01 9.625724999999999909e+01
2.319305899999999965e+05 -1.538488000000000078e+01 9.264507000000000403e+01
2.319307900000000081e+05 -1.610244000000000142e+01 9.306114999999999782e+01
2.319309899999999907e+05 -1.507916999999999952e+01 9.277366999999999564e+01
2.319311900000000023e+05 -1.533386999999999922e+01 9.469431000000000154e+01
2.319313899999999849e+05 -1.585603000000000051e+01 9.421510999999999569e+01
2.319315899999999965e+05 -1.547147000000000006e+01 9.023622000000000298e+01
2.319317900000000081e+05 -1.568579000000000079e+01 9.374445000000000050e+01
2.319319899999999907e+05 -1.549557000000000073e+01 9.143381999999999721e+01
2.319321900000000023e+05 -1.480587000000000053e+01 9.593071000000000481e+01
2.319323899999999849e+05 -1.489202000000000048e+01 9.922968000000000188e+01
2.319325899999999965e+05 -1.574285000000000068e+01 8.867072000000000287e+01
2.319327900000000081e+05 -1.463152000000000008e+01 9.269853999999999417e+01
2.319329899999999907e+05 -1.535665000000000013e+01 1.009694999999999965e+02
2.319331900000000023e+05 -1.564352000000000054e+01 9.084453000000000600e+01
2.319333899999999849e+05 -1.517477000000000054e+01 9.277290000000000703e+01
2.319335899999999965e+05 -1.543455999999999939e+01 9.362251999999999441e+01
2.319337900000000081e+05 -1.580155000000000065e+01 8.590420000000000300e+01
2.319339899999999907e+05 -1.575310999999999950e+01 9.352276999999999418e+01
2.319341900000000023e+05 -1.601237000000000066e+01 9.434588999999999714e+01
2.319343899999999849e+05 -1.540119999999999933e+01 9.405572999999999695e+01
2.319345899999999965e+05 -1.538209999999999944e+01 9.502607000000000426e+01
2.319347900000000081e+05 -1.617292000000000129e+01 9.234725000000000250e+01
2.319349899999999907e+05 -1.578641000000000005e+01 9.238851999999999975e+01
2.319351900000000023e+05 -1.624026999999999887e+01 9.520596999999999355e+01
2.319353899999999849e+05 -1.500059000000000076e+01 9.287595000000000312e+01
2.319355899999999965e+05 -1.502508000000000088e+01 9.101649999999999352e+01
2.319357900000000081e+05 -1.536961999999999939e+01 9.297028000000000247e+01
2.319359899999999907e+05 -1.530222000000000016e+01 9.211849999999999739e+01
2.319361900000000023e+05 -1.493760999999999939e+01 9.226264000000000465e+01
2.319363899999999849e+05 -1.511023999999999923e+01 9.235501999999999612e+01
2.319365899999999965e+05 -1.605792999999999893e+01 9.585963999999999885e+01
2.319367900000000081e+05 -1.470421999999999940e+01 9.709324999999999761e+01
2.319369899999999907e+05 -1.531845000000000034e+01 9.436587000000000103e+01
2.319371900000000023e+05 -1.559911999999999921e+01 9.451036999999999466e+01
2.319373899999999849e+05 -1.694296999999999898e+01 9.394059000000000026e+01
2.319375899999999965e+05 -1.548015000000000008e+01 9.155051000000000272e+01
2.319377900000000081e+05 -1.512766000000000055e+01 9.812997000000000014e+01
2.319379899999999907e+05 -1.570819999999999972e+01 9.037803999999999860e+01
2.319381900000000023e+05 -1.609748000000000090e+01 8.918259000000000469e+01
2.319383899999999849e+05 -1.582168000000000063e+01 9.284015999999999735e+01
2.319385899999999965e+05 -1.543356999999999957e+01 9.209811999999999443e+01
