# Time finished:
# 2015-06-02 18.07.32
# Temp volt start:
# 1.5344894
# Temp volt stop:
# 1.5344894
# Approx start T:
# -350.586235098
# Approx stop T:
# -350.387640581
# DC bias measured, messed up:
# 1.355366
# DC bias we asked for:
# 0
2.317050499999999884e+05 -1.644980999999999938e+01 9.435110000000000241e+01
2.317052500000000000e+05 -1.537818000000000040e+01 9.010617000000000587e+01
2.317054499999999825e+05 -1.533768000000000065e+01 8.631197000000000230e+01
2.317056499999999942e+05 -1.506113000000000035e+01 9.513904999999999745e+01
2.317058499999999767e+05 -1.583257000000000048e+01 1.101403999999999996e+02
2.317060499999999884e+05 -1.462883000000000067e+01 1.004282000000000039e+02
2.317062500000000000e+05 -1.594976999999999911e+01 9.302061000000000490e+01
2.317064499999999825e+05 -1.746045000000000158e+01 8.687305999999999528e+01
2.317066499999999942e+05 -1.547622999999999927e+01 9.663478000000000634e+01
2.317068499999999767e+05 -1.534295999999999971e+01 8.880450000000000443e+01
2.317070499999999884e+05 -1.801276000000000010e+01 1.049445999999999941e+02
2.317072500000000000e+05 -1.395875999999999983e+01 8.832877999999999474e+01
2.317074499999999825e+05 -1.431939999999999991e+01 9.457487000000000421e+01
2.317076499999999942e+05 -1.578478999999999921e+01 9.559129000000000076e+01
2.317078499999999767e+05 -1.573659999999999926e+01 9.082416999999999518e+01
2.317080499999999884e+05 -1.561438000000000059e+01 1.058306000000000040e+02
2.317082500000000000e+05 -1.451397000000000048e+01 8.617534000000000560e+01
2.317084499999999825e+05 -1.546533999999999942e+01 8.951640000000000441e+01
2.317086499999999942e+05 -1.601368000000000080e+01 9.261368000000000222e+01
2.317088499999999767e+05 -1.595964999999999989e+01 8.568440999999999974e+01
2.317090499999999884e+05 -1.723682000000000158e+01 1.040763000000000034e+02
2.317092500000000000e+05 -1.465938000000000052e+01 9.485083000000000197e+01
2.317094499999999825e+05 -1.540282999999999980e+01 9.948324999999999818e+01
2.317096499999999942e+05 -1.460767000000000060e+01 8.994565000000000055e+01
2.317098499999999767e+05 -1.547054999999999936e+01 9.067570000000000618e+01
2.317100499999999884e+05 -1.546166000000000018e+01 9.952336999999999989e+01
2.317102500000000000e+05 -1.578411000000000008e+01 9.820055000000000689e+01
2.317104499999999825e+05 -1.647110999999999947e+01 9.631355999999999540e+01
2.317106499999999942e+05 -1.672074999999999889e+01 8.999649999999999750e+01
2.317108499999999767e+05 -1.609866999999999848e+01 9.490250000000000341e+01
2.317110499999999884e+05 -1.493176000000000059e+01 9.419890999999999792e+01
2.317112500000000000e+05 -1.629920999999999864e+01 9.157587999999999795e+01
2.317114499999999825e+05 -1.663273999999999830e+01 8.781380000000000052e+01
2.317116499999999942e+05 -1.678508000000000067e+01 9.490627999999999531e+01
2.317118499999999767e+05 -1.654945999999999984e+01 9.985887999999999920e+01
2.317120499999999884e+05 -1.571166000000000018e+01 1.017377000000000038e+02
2.317122500000000000e+05 -1.668584999999999852e+01 8.977909999999999968e+01
2.317124499999999825e+05 -1.469378000000000029e+01 9.116167000000000087e+01
2.317126499999999942e+05 -1.507207999999999970e+01 9.000807000000000357e+01
2.317128499999999767e+05 -1.439282000000000039e+01 8.899344999999999573e+01
2.317130499999999884e+05 -1.667414000000000129e+01 1.060433000000000021e+02
2.317132500000000000e+05 -1.632727999999999824e+01 9.391352000000000544e+01
2.317134499999999825e+05 -1.479443000000000019e+01 8.972862999999999545e+01
2.317136499999999942e+05 -1.675959999999999894e+01 9.199242999999999881e+01
2.317138499999999767e+05 -1.717366000000000170e+01 9.338645999999999958e+01
2.317140499999999884e+05 -1.740899999999999892e+01 9.872351999999999350e+01
2.317142500000000000e+05 -1.555310000000000059e+01 1.031465000000000032e+02
2.317144499999999825e+05 -1.422026999999999930e+01 9.454591000000000633e+01
2.317146499999999942e+05 -1.588756000000000057e+01 9.423489999999999611e+01
2.317148499999999767e+05 -1.474662000000000006e+01 9.150306000000000495e+01
2.317150499999999884e+05 -1.538588999999999984e+01 9.888715999999999440e+01
2.317152500000000000e+05 -1.546189999999999998e+01 9.952953999999999724e+01
2.317154499999999825e+05 -1.622025000000000006e+01 9.809587000000000501e+01
2.317156499999999942e+05 -1.579393999999999920e+01 9.480929999999999325e+01
2.317158499999999767e+05 -1.532521000000000022e+01 1.005574000000000012e+02
2.317160499999999884e+05 -1.575719999999999921e+01 9.538322999999999752e+01
2.317162500000000000e+05 -1.434767000000000081e+01 8.967735000000000412e+01
2.317164499999999825e+05 -1.466461999999999932e+01 1.042069000000000045e+02
2.317166499999999942e+05 -1.414643000000000050e+01 9.435706999999999312e+01
2.317168499999999767e+05 -1.658032000000000039e+01 9.526810000000000400e+01
2.317170499999999884e+05 -1.485604999999999976e+01 9.866907000000000494e+01
2.317172500000000000e+05 -1.564865999999999957e+01 9.712863000000000113e+01
2.317174499999999825e+05 -1.739093000000000089e+01 9.197863999999999862e+01
2.317176499999999942e+05 -1.521252999999999922e+01 1.027342000000000013e+02
2.317178499999999767e+05 -1.516972999999999949e+01 9.966550999999999760e+01
2.317180499999999884e+05 -1.680379999999999896e+01 1.032583999999999946e+02
2.317182500000000000e+05 -1.523029000000000011e+01 9.558518999999999721e+01
2.317184499999999825e+05 -1.517905000000000015e+01 8.961584000000000572e+01
2.317186499999999942e+05 -1.519965999999999973e+01 1.021392000000000024e+02
2.317188499999999767e+05 -1.716452999999999918e+01 8.917968000000000472e+01
2.317190499999999884e+05 -1.560737999999999914e+01 7.921305999999999869e+01
2.317192500000000000e+05 -1.579294999999999938e+01 8.961760999999999910e+01
2.317194499999999825e+05 -1.383707000000000065e+01 8.502383000000000379e+01
2.317196499999999942e+05 -1.422105999999999959e+01 8.988159000000000276e+01
2.317198499999999767e+05 -1.547540000000000049e+01 8.566710999999999387e+01
2.317200499999999884e+05 -1.694731000000000165e+01 8.834221999999999753e+01
2.317202500000000000e+05 -1.551357999999999926e+01 9.820309000000000310e+01
2.317204499999999825e+05 -1.662706000000000017e+01 9.199657000000000551e+01
2.317206499999999942e+05 -1.377349000000000068e+01 1.022141000000000020e+02
2.317208499999999767e+05 -1.595555000000000057e+01 1.005726999999999975e+02
2.317210499999999884e+05 -1.617088000000000036e+01 9.325480000000000302e+01
2.317212500000000000e+05 -1.571067000000000036e+01 9.261146999999999707e+01
2.317214499999999825e+05 -1.427153000000000027e+01 8.987713999999999714e+01
2.317216499999999942e+05 -1.446602000000000032e+01 9.599257000000000062e+01
2.317218499999999767e+05 -1.457314000000000043e+01 1.074690999999999974e+02
2.317220499999999884e+05 -1.559293000000000085e+01 8.557470999999999606e+01
2.317222500000000000e+05 -1.607920999999999978e+01 9.221605999999999881e+01
2.317224499999999825e+05 -1.558483000000000018e+01 9.924165000000000703e+01
2.317226499999999942e+05 -1.586403999999999925e+01 9.241268999999999778e+01
2.317228499999999767e+05 -1.636375999999999920e+01 9.241504999999999370e+01
2.317230499999999884e+05 -1.536007000000000033e+01 9.257849000000000217e+01
2.317232500000000000e+05 -1.588908999999999949e+01 8.716303999999999519e+01
2.317234499999999825e+05 -1.369239999999999924e+01 9.612653000000000247e+01
2.317236499999999942e+05 -1.446326999999999963e+01 8.810693000000000552e+01
2.317238499999999767e+05 -1.561172999999999966e+01 9.475381000000000142e+01
2.317240499999999884e+05 -1.605596999999999852e+01 9.860323999999999955e+01
2.317242500000000000e+05 -1.494720000000000049e+01 9.619942000000000348e+01
2.317244499999999825e+05 -1.559221999999999930e+01 9.299567000000000405e+01
2.317246499999999942e+05 -1.472175999999999974e+01 9.309551000000000442e+01
2.317248499999999767e+05 -1.469269000000000069e+01 9.361091000000000406e+01
2.317250499999999884e+05 -1.596542999999999957e+01 8.610007000000000232e+01
