# Time finished:
# 2015-06-04 04.45.13
# Temp volt start:
# 0.98652065
# Temp volt stop:
# 0.98652065
# Approx start T:
# 99.9511896528
# Approx stop T:
# 99.9465752305
# DC bias measured, messed up:
# 0.9999478
# DC bias we asked for:
# 0
2.318468699999999953e+05 -1.480298999999999943e+01 9.761588999999999317e+01
2.318470700000000070e+05 -1.630416999999999916e+01 8.504422999999999888e+01
2.318472699999999895e+05 -1.555503000000000036e+01 9.475529000000000224e+01
2.318474700000000012e+05 -1.483047000000000004e+01 9.417789000000000499e+01
2.318476699999999837e+05 -1.514652000000000065e+01 9.111831999999999709e+01
2.318478699999999953e+05 -1.666520999999999830e+01 8.871062000000000580e+01
2.318480700000000070e+05 -1.524394999999999989e+01 9.314600000000000080e+01
2.318482699999999895e+05 -1.466868999999999978e+01 9.586417000000000144e+01
2.318484700000000012e+05 -1.633089999999999975e+01 9.476945999999999515e+01
2.318486699999999837e+05 -1.596740999999999921e+01 9.260665000000000191e+01
2.318488699999999953e+05 -1.586369000000000007e+01 9.119240000000000634e+01
2.318490700000000070e+05 -1.618261000000000038e+01 9.568856999999999857e+01
2.318492699999999895e+05 -1.606384999999999863e+01 8.622057999999999822e+01
2.318494700000000012e+05 -1.610838999999999999e+01 9.354192000000000462e+01
2.318496699999999837e+05 -1.597733000000000025e+01 9.813107999999999720e+01
2.318498699999999953e+05 -1.498282999999999987e+01 9.057815999999999690e+01
2.318500700000000070e+05 -1.630538999999999916e+01 9.572719999999999629e+01
2.318502699999999895e+05 -1.619410999999999845e+01 9.987260000000000559e+01
2.318504700000000012e+05 -1.537392999999999965e+01 8.946645999999999788e+01
2.318506699999999837e+05 -1.552078999999999986e+01 9.476266999999999996e+01
2.318508699999999953e+05 -1.620942000000000149e+01 9.731950000000000500e+01
2.318510700000000070e+05 -1.639557999999999893e+01 9.409356999999999971e+01
2.318512699999999895e+05 -1.485163000000000011e+01 9.361726000000000170e+01
2.318514700000000012e+05 -1.516802000000000028e+01 9.147473999999999705e+01
2.318516699999999837e+05 -1.647905000000000086e+01 9.187514000000000181e+01
2.318518699999999953e+05 -1.556067999999999962e+01 9.251990999999999588e+01
2.318520700000000070e+05 -1.541133999999999915e+01 9.979726999999999748e+01
2.318522699999999895e+05 -1.595561999999999969e+01 9.000337000000000387e+01
2.318524700000000012e+05 -1.589228999999999914e+01 9.691053999999999746e+01
2.318526699999999837e+05 -1.482164999999999999e+01 1.002909999999999968e+02
2.318528699999999953e+05 -1.669733000000000089e+01 8.525878000000000156e+01
2.318530700000000070e+05 -1.420808000000000071e+01 9.145328999999999553e+01
2.318532699999999895e+05 -1.622703999999999880e+01 8.418348000000000297e+01
2.318534700000000012e+05 -1.637380999999999887e+01 9.147977000000000203e+01
2.318536699999999837e+05 -1.639176000000000144e+01 9.933521000000000356e+01
2.318538699999999953e+05 -1.501124000000000080e+01 9.303937999999999420e+01
2.318540700000000070e+05 -1.548621999999999943e+01 9.352002000000000237e+01
2.318542699999999895e+05 -1.611568000000000112e+01 8.993622999999999479e+01
2.318544700000000012e+05 -1.569575000000000031e+01 9.288706999999999425e+01
2.318546699999999837e+05 -1.552425000000000033e+01 8.940868000000000393e+01
2.318548699999999953e+05 -1.490248000000000062e+01 9.187675000000000125e+01
2.318550700000000070e+05 -1.536796000000000006e+01 9.755553999999999348e+01
2.318552699999999895e+05 -1.511157000000000039e+01 8.755756999999999834e+01
2.318554700000000012e+05 -1.596528999999999954e+01 8.907501000000000602e+01
2.318556699999999837e+05 -1.501049000000000078e+01 8.810191000000000372e+01
2.318558699999999953e+05 -1.627230000000000132e+01 8.275589999999999691e+01
2.318560700000000070e+05 -1.584196000000000026e+01 9.598529000000000622e+01
2.318562699999999895e+05 -1.639642999999999873e+01 9.188819999999999766e+01
2.318564700000000012e+05 -1.486322000000000010e+01 8.899541000000000679e+01
2.318566699999999837e+05 -1.628521999999999892e+01 8.714288999999999419e+01
2.318568699999999953e+05 -1.553534999999999933e+01 9.914508999999999617e+01
2.318570700000000070e+05 -1.564898999999999951e+01 8.731936000000000320e+01
2.318572699999999895e+05 -1.550336000000000070e+01 9.463670000000000471e+01
2.318574700000000012e+05 -1.593009999999999948e+01 9.314230000000000587e+01
2.318576699999999837e+05 -1.572874999999999979e+01 9.902103999999999928e+01
2.318578699999999953e+05 -1.661965000000000003e+01 9.030378000000000327e+01
2.318580700000000070e+05 -1.529664999999999964e+01 9.497068000000000154e+01
2.318582699999999895e+05 -1.569635000000000069e+01 8.395486999999999966e+01
2.318584700000000012e+05 -1.558051999999999992e+01 9.264153000000000304e+01
2.318586699999999837e+05 -1.607175000000000153e+01 8.555272999999999683e+01
2.318588699999999953e+05 -1.551276000000000010e+01 9.028414999999999679e+01
2.318590700000000070e+05 -1.611004000000000147e+01 9.380763000000000318e+01
2.318592699999999895e+05 -1.549468000000000067e+01 8.517574999999999363e+01
2.318594700000000012e+05 -1.477539999999999942e+01 9.086597000000000435e+01
2.318596699999999837e+05 -1.524441000000000024e+01 9.194124999999999659e+01
2.318598699999999953e+05 -1.528354000000000035e+01 8.586011999999999489e+01
2.318600700000000070e+05 -1.630893000000000015e+01 9.518330000000000268e+01
2.318602699999999895e+05 -1.517040000000000077e+01 9.458620000000000516e+01
2.318604700000000012e+05 -1.504308999999999941e+01 9.491486000000000445e+01
2.318606699999999837e+05 -1.490634999999999977e+01 8.816142000000000678e+01
2.318608699999999953e+05 -1.541169999999999973e+01 9.375896000000000186e+01
2.318610700000000070e+05 -1.652271999999999963e+01 9.383019000000000176e+01
2.318612699999999895e+05 -1.548263000000000034e+01 9.525302000000000646e+01
2.318614700000000012e+05 -1.438373999999999953e+01 9.896223000000000525e+01
2.318616699999999837e+05 -1.633614000000000033e+01 9.368058000000000618e+01
2.318618699999999953e+05 -1.568050000000000033e+01 9.669454000000000349e+01
2.318620700000000070e+05 -1.595907000000000053e+01 9.628489999999999327e+01
2.318622699999999895e+05 -1.500652000000000008e+01 9.163116999999999734e+01
2.318624700000000012e+05 -1.630388999999999911e+01 8.698685999999999297e+01
2.318626699999999837e+05 -1.573457999999999934e+01 9.288563999999999510e+01
2.318628699999999953e+05 -1.540981000000000023e+01 9.450275000000000603e+01
2.318630700000000070e+05 -1.606036999999999892e+01 8.716877999999999815e+01
2.318632699999999895e+05 -1.546954999999999991e+01 8.681977999999999440e+01
2.318634700000000012e+05 -1.543073000000000050e+01 9.388930999999999472e+01
2.318636699999999837e+05 -1.617023999999999972e+01 9.729981999999999687e+01
2.318638699999999953e+05 -1.523179999999999978e+01 9.001691999999999894e+01
2.318640700000000070e+05 -1.606482000000000099e+01 9.512663999999999476e+01
2.318642699999999895e+05 -1.495703999999999922e+01 8.953583000000000425e+01
2.318644700000000012e+05 -1.565849000000000046e+01 9.365460000000000207e+01
2.318646699999999837e+05 -1.539128000000000007e+01 9.461348999999999876e+01
2.318648699999999953e+05 -1.548020999999999958e+01 8.642786999999999864e+01
2.318650700000000070e+05 -1.555283000000000015e+01 9.576861999999999853e+01
2.318652699999999895e+05 -1.590948000000000029e+01 9.430742999999999654e+01
2.318654700000000012e+05 -1.540324999999999989e+01 8.871607000000000198e+01
2.318656699999999837e+05 -1.594619999999999926e+01 9.484067000000000291e+01
2.318658699999999953e+05 -1.606372999999999962e+01 9.538603000000000520e+01
2.318660700000000070e+05 -1.620044000000000040e+01 9.813349999999999795e+01
2.318662699999999895e+05 -1.417679000000000045e+01 9.486659000000000219e+01
2.318664700000000012e+05 -1.593623999999999974e+01 8.816689999999999827e+01
2.318666699999999837e+05 -1.597001999999999988e+01 9.313927999999999940e+01
2.318668699999999953e+05 -1.632019999999999982e+01 8.985160999999999376e+01
