# Time finished:
# 2015-06-02 07.41.12
# Temp volt start:
# 1.0176889
# Temp volt stop:
# 1.0176889
# Approx start T:
# 82.6293529739
# Approx stop T:
# 82.626464349
# DC bias measured, messed up:
# 5.319348
# DC bias we asked for:
# 0
2.318000700000000070e+05 -1.850748000000000104e+01 9.136185000000000400e+01
2.318002700000000186e+05 -1.760089999999999932e+01 1.225130999999999943e+02
2.318004700000000012e+05 -1.313495999999999952e+01 9.388155999999999324e+01
2.318006700000000128e+05 -1.630630000000000024e+01 1.015408000000000044e+02
2.318008699999999953e+05 -2.076491000000000042e+01 7.729742000000000246e+01
2.318010700000000070e+05 -1.459962999999999944e+01 8.202290000000000703e+01
2.318012700000000186e+05 -1.683370999999999995e+01 1.137587999999999937e+02
2.318014700000000012e+05 -1.650771999999999906e+01 9.865646999999999878e+01
2.318016700000000128e+05 -1.401060999999999979e+01 7.809936999999999330e+01
2.318018699999999953e+05 -1.543413999999999930e+01 9.443260999999999683e+01
2.318020700000000070e+05 -2.359584999999999866e+01 1.131774000000000058e+02
2.318022700000000186e+05 -1.411034000000000077e+01 9.376117999999999597e+01
2.318024700000000012e+05 -1.500750999999999991e+01 9.835774000000000683e+01
2.318026700000000128e+05 -1.810565000000000069e+01 9.878914000000000328e+01
2.318028699999999953e+05 -1.470776000000000039e+01 6.944867999999999597e+01
2.318030700000000070e+05 -1.298048999999999964e+01 9.972925999999999647e+01
2.318032700000000186e+05 -1.750046999999999997e+01 1.386324999999999932e+02
2.318034700000000012e+05 -1.543205999999999989e+01 1.156804999999999950e+02
2.318036700000000128e+05 -1.572513999999999967e+01 8.029345000000000709e+01
2.318038699999999953e+05 -1.482352000000000025e+01 1.345528999999999940e+02
2.318040700000000070e+05 -1.542423999999999928e+01 8.383111999999999853e+01
2.318042700000000186e+05 -1.646978999999999971e+01 7.333123999999999398e+01
2.318044700000000012e+05 -1.885772000000000048e+01 7.494500999999999635e+01
2.318046700000000128e+05 -1.259169999999999945e+01 9.585323999999999955e+01
2.318048699999999953e+05 -2.193250000000000099e+01 1.147318000000000069e+02
2.318050700000000070e+05 -1.331009000000000064e+01 9.980747999999999820e+01
2.318052700000000186e+05 -1.284713999999999956e+01 6.190532000000000323e+01
2.318054700000000012e+05 -1.493219000000000030e+01 8.925060999999999467e+01
2.318056700000000128e+05 -1.434193999999999924e+01 1.147013000000000034e+02
2.318058699999999953e+05 -1.289877000000000073e+01 1.034709000000000003e+02
2.318060700000000070e+05 -1.419782000000000011e+01 1.164069999999999965e+02
2.318062700000000186e+05 -1.391910999999999987e+01 1.106650999999999954e+02
2.318064700000000012e+05 -2.209187000000000012e+01 1.126296999999999997e+02
2.318066700000000128e+05 -1.264592999999999989e+01 8.742625999999999920e+01
2.318068699999999953e+05 -1.308788999999999980e+01 7.463912999999999442e+01
2.318070700000000070e+05 -1.364561999999999919e+01 1.258605000000000018e+02
2.318072700000000186e+05 -1.490535000000000032e+01 9.871940999999999633e+01
2.318074700000000012e+05 -1.528354000000000035e+01 6.295315000000000083e+01
2.318076700000000128e+05 -1.447959999999999958e+01 1.266997999999999962e+02
2.318078699999999953e+05 -1.393328999999999951e+01 9.793032999999999788e+01
2.318080700000000070e+05 -1.363208999999999982e+01 9.616724000000000672e+01
2.318082700000000186e+05 -1.594014999999999915e+01 8.365731999999999857e+01
2.318084700000000012e+05 -1.601620000000000132e+01 7.159556999999999505e+01
2.318086700000000128e+05 -1.890409999999999968e+01 6.449102000000000601e+01
2.318088699999999953e+05 -1.567742999999999931e+01 9.525696000000000652e+01
2.318090700000000070e+05 -1.456624000000000052e+01 9.933091000000000292e+01
2.318092700000000186e+05 -1.869822999999999880e+01 1.200810000000000031e+02
2.318094700000000012e+05 -1.392032999999999987e+01 1.106680999999999955e+02
2.318096700000000128e+05 -1.613385999999999854e+01 5.626496000000000208e+01
2.318098699999999953e+05 -1.540760000000000041e+01 1.181487000000000052e+02
2.318100700000000070e+05 -1.552571000000000012e+01 7.066738999999999749e+01
2.318102700000000186e+05 -1.814131000000000071e+01 7.205991000000000213e+01
2.318104700000000012e+05 -1.339517999999999986e+01 9.011624999999999375e+01
2.318106700000000128e+05 -1.209450999999999965e+01 9.001715000000000089e+01
2.318108699999999953e+05 -1.688792000000000115e+01 8.331256999999999380e+01
2.318110700000000070e+05 -1.329269999999999996e+01 1.353264000000000067e+02
2.318112700000000186e+05 -1.270335000000000036e+01 8.702074000000000353e+01
2.318114700000000012e+05 -1.636614000000000146e+01 9.282583999999999946e+01
2.318116700000000128e+05 -1.594890000000000008e+01 1.129007000000000005e+02
2.318118699999999953e+05 -1.270035000000000025e+01 9.393149999999999977e+01
2.318120700000000070e+05 -1.784997999999999863e+01 6.398183000000000220e+01
2.318122700000000186e+05 -1.485130000000000017e+01 8.975289999999999679e+01
2.318124700000000012e+05 -2.512872000000000128e+01 7.461530000000000484e+01
2.318126700000000128e+05 -1.653106999999999971e+01 7.904273999999999489e+01
2.318128699999999953e+05 -1.617471000000000103e+01 7.312937999999999761e+01
2.318130700000000070e+05 -1.668542000000000058e+01 8.981786999999999921e+01
2.318132700000000186e+05 -1.613252999999999915e+01 8.721439999999999770e+01
2.318134700000000012e+05 -1.905102000000000118e+01 1.002426999999999992e+02
2.318136700000000128e+05 -1.251606999999999914e+01 8.421760000000000446e+01
2.318138699999999953e+05 -2.088312000000000168e+01 1.136435000000000031e+02
2.318140700000000070e+05 -1.606036999999999892e+01 1.099489999999999981e+02
2.318142700000000186e+05 -1.683015999999999934e+01 1.137518000000000029e+02
2.318144700000000012e+05 -1.563665999999999912e+01 1.144133999999999958e+02
2.318146700000000128e+05 -1.224863999999999997e+01 1.155802000000000049e+02
2.318148699999999953e+05 -1.965334999999999965e+01 8.025853999999999644e+01
2.318150700000000070e+05 -1.693195000000000050e+01 1.054642000000000053e+02
2.318152700000000186e+05 -1.204786000000000001e+01 1.115143999999999949e+02
2.318154700000000012e+05 -1.322381999999999991e+01 1.064144000000000005e+02
2.318156700000000128e+05 -1.478736999999999924e+01 1.145688999999999993e+02
2.318158699999999953e+05 -1.806813999999999965e+01 1.132000000000000028e+02
2.318160700000000070e+05 -1.420148000000000010e+01 1.099587999999999965e+02
2.318162700000000186e+05 -1.515787000000000084e+01 7.021743999999999630e+01
2.318164700000000012e+05 -1.554899999999999949e+01 9.970337999999999568e+01
2.318166700000000128e+05 -1.401516999999999946e+01 9.996702999999999406e+01
2.318168699999999953e+05 -1.540543000000000085e+01 1.012069999999999936e+02
2.318170700000000070e+05 -1.363630000000000031e+01 1.021988999999999947e+02
2.318172700000000186e+05 -1.774690999999999974e+01 1.170979999999999990e+02
2.318174700000000012e+05 -1.420805999999999969e+01 8.081107000000000085e+01
2.318176700000000128e+05 -1.371895999999999916e+01 9.810241000000000611e+01
2.318178699999999953e+05 -1.667003000000000057e+01 1.270507000000000062e+02
2.318180700000000070e+05 -1.847443000000000168e+01 7.469953999999999894e+01
2.318182700000000186e+05 -1.295932999999999957e+01 9.628722999999999388e+01
2.318184700000000012e+05 -1.751349000000000089e+01 8.447942000000000462e+01
2.318186700000000128e+05 -2.071950000000000003e+01 8.456365999999999872e+01
2.318188699999999953e+05 -1.589544000000000068e+01 9.308075999999999794e+01
2.318190700000000070e+05 -1.592847000000000079e+01 9.907160000000000366e+01
2.318192700000000186e+05 -2.058323000000000036e+01 1.050378000000000043e+02
2.318194700000000012e+05 -1.216982999999999926e+01 8.586395000000000266e+01
2.318196700000000128e+05 -1.435501000000000005e+01 8.072099000000000046e+01
2.318198699999999953e+05 -1.323173000000000066e+01 1.001239000000000061e+02
2.318200700000000070e+05 -1.758949000000000140e+01 1.032408999999999963e+02
