# Time finished:
# 2015-06-01 19.45.13
# Temp volt start:
# 0.72915697
# Temp volt stop:
# 0.72915697
# Approx start T:
# 224.844015708
# Approx stop T:
# 224.69539444
# DC bias measured, messed up:
# 5.346421
# DC bias we asked for:
# 0
2.318291000000000058e+05 -1.540368999999999922e+01 1.000266000000000020e+02
2.318301000000000058e+05 -1.554458999999999946e+01 9.777758000000000038e+01
2.318311000000000058e+05 -1.576648999999999923e+01 1.012181999999999960e+02
2.318321000000000058e+05 -1.534947000000000017e+01 1.003080999999999960e+02
2.318331000000000058e+05 -1.431897000000000020e+01 9.488420999999999594e+01
2.318341000000000058e+05 -1.461237000000000030e+01 9.875910000000000366e+01
2.318351000000000058e+05 -1.510692000000000057e+01 1.012253999999999934e+02
2.318361000000000058e+05 -1.588488000000000078e+01 9.555564999999999998e+01
2.318371000000000058e+05 -1.529537999999999975e+01 9.797261000000000308e+01
2.318381000000000058e+05 -1.549477000000000082e+01 8.891849999999999454e+01
2.318391000000000058e+05 -1.683756999999999948e+01 8.676595000000000368e+01
2.318401000000000058e+05 -1.582844000000000051e+01 9.971702000000000510e+01
2.318411000000000058e+05 -1.533145999999999987e+01 1.001329999999999956e+02
2.318421000000000058e+05 -1.509436000000000000e+01 8.843041999999999803e+01
2.318431000000000058e+05 -1.610097000000000023e+01 1.048468000000000018e+02
2.318441000000000058e+05 -1.398619000000000057e+01 9.605047000000000423e+01
2.318451000000000058e+05 -1.391779999999999973e+01 9.242292999999999381e+01
2.318461000000000058e+05 -1.549408999999999992e+01 1.007843000000000018e+02
2.318471000000000058e+05 -1.577447000000000088e+01 9.619808999999999344e+01
2.318481000000000058e+05 -1.683674999999999855e+01 9.983683000000000618e+01
2.318491000000000058e+05 -1.601423000000000130e+01 8.870566999999999780e+01
2.318501000000000058e+05 -1.485143000000000058e+01 1.093787999999999982e+02
2.318511000000000058e+05 -1.535877999999999943e+01 9.702100000000000080e+01
2.318521000000000058e+05 -1.418876999999999988e+01 9.514167999999999381e+01
2.318531000000000058e+05 -1.485373000000000054e+01 9.831365999999999872e+01
2.318541000000000058e+05 -1.586181999999999981e+01 9.537892999999999688e+01
2.318551000000000058e+05 -1.559653999999999918e+01 9.816420999999999708e+01
2.318561000000000058e+05 -1.553964999999999996e+01 9.998232000000000141e+01
2.318571000000000058e+05 -1.675447000000000131e+01 9.957412999999999670e+01
2.318581000000000058e+05 -1.525966999999999985e+01 9.096034000000000219e+01
2.318591000000000058e+05 -1.513915000000000077e+01 9.337479000000000440e+01
2.318601000000000058e+05 -1.556966000000000072e+01 9.611764999999999759e+01
2.318611000000000058e+05 -1.477283000000000079e+01 9.533471000000000117e+01
2.318621000000000058e+05 -1.582094000000000023e+01 9.328499999999999659e+01
2.318631000000000058e+05 -1.506873000000000040e+01 9.654345000000000709e+01
2.318641000000000058e+05 -1.350827999999999918e+01 9.919939999999999714e+01
2.318651000000000058e+05 -1.456553000000000075e+01 1.044890999999999934e+02
2.318661000000000058e+05 -1.549563999999999986e+01 9.809355999999999653e+01
2.318671000000000058e+05 -1.528308000000000000e+01 9.079467999999999961e+01
2.318681000000000058e+05 -1.506076999999999977e+01 9.718631000000000597e+01
2.318691000000000058e+05 -1.818011999999999873e+01 9.514885999999999910e+01
2.318701000000000058e+05 -1.599593999999999916e+01 9.524281999999999471e+01
2.318711000000000058e+05 -1.517520999999999987e+01 1.034168999999999983e+02
2.318721000000000058e+05 -1.461865000000000059e+01 1.008864999999999981e+02
2.318731000000000058e+05 -1.612441000000000102e+01 9.979999999999999716e+01
2.318741000000000058e+05 -1.397209999999999930e+01 9.999302000000000135e+01
2.318751000000000058e+05 -1.548179000000000016e+01 1.070669000000000040e+02
2.318761000000000058e+05 -1.640266000000000091e+01 9.593538999999999817e+01
2.318771000000000058e+05 -1.614020000000000010e+01 1.082496000000000009e+02
2.318781000000000058e+05 -1.581555000000000000e+01 9.017332000000000392e+01
2.318791000000000058e+05 -1.603265000000000029e+01 1.015142000000000024e+02
2.318801000000000058e+05 -1.521509999999999962e+01 9.661715999999999838e+01
2.318811000000000058e+05 -1.614930999999999983e+01 9.637884999999999991e+01
2.318821000000000058e+05 -1.519274000000000058e+01 1.008258000000000010e+02
2.318831000000000058e+05 -1.559054000000000073e+01 9.663251999999999953e+01
2.318841000000000058e+05 -1.633267000000000024e+01 9.131864000000000203e+01
2.318851000000000058e+05 -1.634955000000000069e+01 1.031521000000000043e+02
2.318861000000000058e+05 -1.565202000000000027e+01 8.919383000000000550e+01
2.318871000000000058e+05 -1.443895999999999979e+01 9.360129999999999484e+01
2.318881000000000058e+05 -1.604822000000000060e+01 9.793465999999999383e+01
2.318891000000000058e+05 -1.517253000000000007e+01 1.006411999999999978e+02
2.318901000000000058e+05 -1.518844999999999956e+01 9.677920000000000300e+01
2.318911000000000058e+05 -1.619678000000000040e+01 9.151761000000000479e+01
2.318921000000000058e+05 -1.582159000000000049e+01 1.033873999999999995e+02
2.318931000000000058e+05 -1.589128999999999969e+01 1.127348999999999961e+02
2.318941000000000058e+05 -1.624669000000000096e+01 1.017310999999999979e+02
2.318951000000000058e+05 -1.548616999999999955e+01 9.242435000000000400e+01
2.318961000000000058e+05 -1.489720999999999940e+01 9.693735999999999819e+01
2.318971000000000058e+05 -1.476139000000000046e+01 9.964656999999999698e+01
2.318981000000000058e+05 -1.501681999999999917e+01 9.683840999999999610e+01
2.318991000000000058e+05 -1.717627999999999844e+01 1.141834999999999951e+02
2.319001000000000058e+05 -1.501834999999999987e+01 9.289354000000000156e+01
2.319011000000000058e+05 -1.442251000000000083e+01 1.005564999999999998e+02
2.319021000000000058e+05 -1.619464999999999932e+01 9.368768000000000029e+01
2.319031000000000058e+05 -1.627843000000000018e+01 9.169189000000000078e+01
2.319041000000000058e+05 -1.696064000000000149e+01 9.518305999999999756e+01
2.319051000000000058e+05 -1.482733999999999952e+01 9.102948000000000661e+01
2.319061000000000058e+05 -1.492576999999999998e+01 9.821068999999999960e+01
2.319071000000000058e+05 -1.518455999999999939e+01 1.047365000000000066e+02
2.319081000000000058e+05 -1.498540000000000028e+01 9.903570000000000562e+01
2.319091000000000058e+05 -1.556705000000000005e+01 1.039270000000000067e+02
2.319101000000000058e+05 -1.573686999999999969e+01 9.447997999999999763e+01
2.319111000000000058e+05 -1.417700999999999922e+01 9.815976999999999464e+01
2.319121000000000058e+05 -1.470706999999999987e+01 8.998488000000000397e+01
2.319131000000000058e+05 -1.408802999999999983e+01 1.064542000000000002e+02
2.319141000000000058e+05 -1.645523000000000025e+01 8.851462999999999681e+01
2.319151000000000058e+05 -1.610165999999999897e+01 1.030242999999999967e+02
2.319161000000000058e+05 -1.625137000000000143e+01 9.716016999999999371e+01
2.319171000000000058e+05 -1.526418999999999926e+01 1.073726999999999947e+02
2.319181000000000058e+05 -1.570348000000000077e+01 9.789589999999999748e+01
2.319191000000000058e+05 -1.523033000000000037e+01 9.890089000000000397e+01
2.319201000000000058e+05 -1.550769000000000020e+01 9.057868999999999460e+01
2.319211000000000058e+05 -1.718196999999999974e+01 9.302740000000000009e+01
2.319221000000000058e+05 -1.456678999999999924e+01 1.037283000000000044e+02
2.319231000000000058e+05 -1.569055000000000000e+01 9.208249000000000706e+01
2.319241000000000058e+05 -1.576103999999999949e+01 9.914509999999999934e+01
2.319251000000000058e+05 -1.545341999999999949e+01 9.741165999999999769e+01
2.319261000000000058e+05 -1.548126000000000069e+01 1.002742999999999967e+02
2.319271000000000058e+05 -1.398972999999999978e+01 1.011534000000000049e+02
2.319281000000000058e+05 -1.544571999999999967e+01 1.007433999999999941e+02
2.319291000000000058e+05 -1.394848999999999961e+01 9.885730999999999824e+01
