# Time finished:
# 2015-06-02 19.19.47
# Temp volt start:
# 1.374869
# Temp volt stop:
# 1.374869
# Approx start T:
# -179.929145974
# Approx stop T:
# -179.260333
# DC bias measured, messed up:
# 0.9893723
# DC bias we asked for:
# 0
2.317048500000000058e+05 -1.704055999999999926e+01 9.604107999999999379e+01
2.317050500000000175e+05 -1.665909999999999869e+01 9.091549999999999443e+01
2.317052500000000000e+05 -1.488785999999999987e+01 9.285914999999999964e+01
2.317054500000000116e+05 -1.661366999999999905e+01 9.538634000000000412e+01
2.317056499999999942e+05 -1.458516999999999975e+01 9.582225999999999999e+01
2.317058500000000058e+05 -1.487945999999999991e+01 9.767875999999999692e+01
2.317060500000000175e+05 -1.513425999999999938e+01 8.794423000000000457e+01
2.317062500000000000e+05 -1.607770999999999972e+01 1.007348000000000070e+02
2.317064500000000116e+05 -1.499578999999999951e+01 9.952804999999999325e+01
2.317066499999999942e+05 -1.523634999999999984e+01 1.021624000000000052e+02
2.317068500000000058e+05 -1.520209000000000010e+01 8.189440999999999349e+01
2.317070500000000175e+05 -1.566081999999999930e+01 8.558504999999999541e+01
2.317072500000000000e+05 -1.641646000000000072e+01 9.257267000000000223e+01
2.317074500000000116e+05 -1.505880999999999936e+01 8.936589999999999634e+01
2.317076499999999942e+05 -1.614338000000000051e+01 9.121698999999999558e+01
2.317078500000000058e+05 -1.518715000000000082e+01 9.171209000000000344e+01
2.317080500000000175e+05 -1.574892000000000003e+01 9.252545000000000641e+01
2.317082500000000000e+05 -1.610053999999999874e+01 8.923283000000000698e+01
2.317084500000000116e+05 -1.568877999999999950e+01 1.018487999999999971e+02
2.317086499999999942e+05 -1.521851000000000020e+01 9.150213999999999714e+01
2.317088500000000058e+05 -1.396274000000000015e+01 8.848926000000000158e+01
2.317090500000000175e+05 -1.699173000000000044e+01 9.112918999999999414e+01
2.317092500000000000e+05 -1.616651999999999845e+01 1.144913999999999987e+02
2.317094500000000116e+05 -1.478753000000000029e+01 8.849148999999999887e+01
2.317096499999999942e+05 -1.584614999999999974e+01 9.231671000000000049e+01
2.317098500000000058e+05 -1.530959000000000003e+01 9.211091000000000406e+01
2.317100500000000175e+05 -1.477571999999999974e+01 9.285984999999999445e+01
2.317102500000000000e+05 -1.552061999999999919e+01 9.438461999999999819e+01
2.317104500000000116e+05 -1.546410999999999980e+01 8.717327000000000226e+01
2.317106499999999942e+05 -1.468575000000000053e+01 8.058240999999999588e+01
2.317108500000000058e+05 -1.615801000000000087e+01 1.085705999999999989e+02
2.317110500000000175e+05 -1.622697000000000145e+01 9.840054999999999552e+01
2.317112500000000000e+05 -1.529424000000000028e+01 1.012159000000000049e+02
2.317114500000000116e+05 -1.457626999999999917e+01 9.081387999999999749e+01
2.317116499999999942e+05 -1.488770000000000060e+01 9.904046999999999912e+01
2.317118500000000058e+05 -1.499677999999999933e+01 9.775473999999999819e+01
2.317120500000000175e+05 -1.501021000000000072e+01 9.172408000000000072e+01
2.317122500000000000e+05 -1.535767000000000060e+01 1.023054000000000059e+02
2.317124500000000116e+05 -1.523712000000000089e+01 8.891275000000000261e+01
2.317126499999999942e+05 -1.622322000000000131e+01 1.004318999999999988e+02
2.317128500000000058e+05 -1.538838999999999935e+01 9.966183999999999799e+01
2.317130500000000175e+05 -1.575651000000000046e+01 8.764448000000000150e+01
2.317132500000000000e+05 -1.440811000000000064e+01 9.046958999999999662e+01
2.317134500000000116e+05 -1.515194999999999936e+01 8.992352999999999952e+01
2.317136499999999942e+05 -1.493878999999999913e+01 8.648870999999999754e+01
2.317138500000000058e+05 -1.803452000000000055e+01 9.625624999999999432e+01
2.317140500000000175e+05 -1.334408999999999956e+01 9.678298999999999808e+01
2.317142500000000000e+05 -1.552790000000000070e+01 9.231632000000000460e+01
2.317144500000000116e+05 -1.474488000000000021e+01 9.380758000000000152e+01
2.317146499999999942e+05 -1.600174000000000163e+01 9.474157999999999902e+01
2.317148500000000058e+05 -1.641284999999999883e+01 9.027814999999999657e+01
2.317150500000000175e+05 -1.608909999999999840e+01 1.077433999999999941e+02
2.317152500000000000e+05 -1.603215000000000146e+01 8.286745000000000516e+01
2.317154500000000116e+05 -1.527474999999999916e+01 9.734897999999999740e+01
2.317156499999999942e+05 -1.629016999999999982e+01 1.004917999999999978e+02
2.317158500000000058e+05 -1.503462000000000032e+01 9.387257999999999925e+01
2.317160500000000175e+05 -1.477200999999999986e+01 8.983584999999999354e+01
2.317162500000000000e+05 -1.509674000000000049e+01 8.518999999999999773e+01
2.317164500000000116e+05 -1.496983999999999959e+01 1.040314999999999941e+02
2.317166499999999942e+05 -1.497339999999999982e+01 8.958283000000000129e+01
2.317168500000000058e+05 -1.498587000000000025e+01 9.853428999999999860e+01
2.317170500000000175e+05 -1.483207999999999949e+01 1.003426000000000045e+02
2.317172500000000000e+05 -1.620448999999999984e+01 8.448502000000000578e+01
2.317174500000000116e+05 -1.541445000000000043e+01 7.872287000000000035e+01
2.317176499999999942e+05 -1.385969000000000051e+01 9.568989000000000544e+01
2.317178500000000058e+05 -1.533741999999999983e+01 1.006398999999999972e+02
2.317180500000000175e+05 -1.407098000000000049e+01 1.035485999999999933e+02
2.317182500000000000e+05 -1.713458999999999932e+01 9.459606999999999744e+01
2.317184500000000116e+05 -1.528866999999999976e+01 8.808365000000000578e+01
2.317186499999999942e+05 -1.550412000000000035e+01 9.644356999999999402e+01
2.317188500000000058e+05 -1.649421999999999855e+01 8.515770999999999447e+01
2.317190500000000175e+05 -1.448522999999999961e+01 9.468616000000000099e+01
2.317192500000000000e+05 -1.671439000000000163e+01 9.876825999999999794e+01
2.317194500000000116e+05 -1.492807999999999957e+01 9.636535999999999547e+01
2.317196499999999942e+05 -1.634550000000000125e+01 9.075357999999999947e+01
2.317198500000000058e+05 -1.527746999999999922e+01 9.150261999999999318e+01
2.317200500000000175e+05 -1.800150999999999968e+01 9.541558000000000561e+01
2.317202500000000000e+05 -1.456236999999999959e+01 9.563666999999999518e+01
2.317204500000000116e+05 -1.445157999999999987e+01 8.239100999999999431e+01
2.317206499999999942e+05 -1.514207000000000036e+01 9.806327000000000282e+01
2.317208500000000058e+05 -1.703813999999999851e+01 1.096235999999999962e+02
2.317210500000000175e+05 -1.432358999999999938e+01 9.698341999999999530e+01
2.317212500000000000e+05 -1.568441999999999936e+01 9.337730000000000530e+01
2.317214500000000116e+05 -1.488167999999999935e+01 8.904568999999999335e+01
2.317216499999999942e+05 -1.500084000000000017e+01 1.018987000000000052e+02
2.317218500000000058e+05 -1.644632999999999967e+01 8.287031000000000347e+01
2.317220500000000175e+05 -1.606512999999999991e+01 9.519610000000000127e+01
2.317222500000000000e+05 -1.537851999999999997e+01 9.863061999999999330e+01
2.317224500000000116e+05 -1.655678999999999945e+01 1.108311999999999955e+02
2.317226499999999942e+05 -1.514015000000000022e+01 9.984232000000000085e+01
2.317228500000000058e+05 -1.617576999999999998e+01 9.323095999999999606e+01
2.317230500000000175e+05 -1.566691999999999929e+01 1.026868000000000052e+02
2.317232500000000000e+05 -1.558206000000000024e+01 7.802388999999999442e+01
2.317234500000000116e+05 -1.596400000000000041e+01 9.537288999999999817e+01
2.317236499999999942e+05 -1.518707999999999991e+01 9.708243000000000222e+01
2.317238500000000058e+05 -1.576647999999999961e+01 8.613881999999999550e+01
2.317240500000000175e+05 -1.670692000000000021e+01 8.498228000000000293e+01
2.317242500000000000e+05 -1.500148000000000081e+01 1.019026999999999958e+02
2.317244500000000116e+05 -1.676672999999999902e+01 7.911436000000000490e+01
2.317246499999999942e+05 -1.460265000000000057e+01 9.359533999999999310e+01
2.317248500000000058e+05 -1.515465000000000018e+01 9.727898000000000422e+01
