# Time finished:
# 2015-06-02 19.44.42
# Temp volt start:
# 1.299113
# Temp volt stop:
# 1.299113
# Approx start T:
# -112.151623376
# Approx stop T:
# -111.619985328
# DC bias measured, messed up:
# 1.100163
# DC bias we asked for:
# 0
2.317099400000000023e+05 -1.589591000000000065e+01 9.030280000000000484e+01
2.317101400000000140e+05 -1.582596999999999987e+01 9.813344999999999629e+01
2.317103399999999965e+05 -1.443009999999999948e+01 8.959644000000000119e+01
2.317105400000000081e+05 -1.582765999999999984e+01 8.912530999999999892e+01
2.317107399999999907e+05 -1.457559000000000005e+01 9.997090000000000032e+01
2.317109400000000023e+05 -1.488793000000000077e+01 9.466146999999999423e+01
2.317111400000000140e+05 -1.525510000000000055e+01 9.269639999999999702e+01
2.317113399999999965e+05 -1.679062000000000054e+01 9.837273000000000422e+01
2.317115400000000081e+05 -1.503181000000000012e+01 9.268892999999999915e+01
2.317117399999999907e+05 -1.548849000000000053e+01 8.577898000000000422e+01
2.317119400000000023e+05 -1.633664999999999878e+01 9.444104000000000099e+01
2.317121400000000140e+05 -1.503107999999999933e+01 9.342551000000000272e+01
2.317123399999999965e+05 -1.532756999999999969e+01 9.971783000000000641e+01
2.317125400000000081e+05 -1.524827999999999939e+01 9.495789000000000613e+01
2.317127399999999907e+05 -1.571502000000000088e+01 8.699448999999999899e+01
2.317129400000000023e+05 -1.548676000000000030e+01 9.309883000000000663e+01
2.317131400000000140e+05 -1.570134999999999970e+01 9.628439000000000192e+01
2.317133399999999965e+05 -1.555007999999999946e+01 1.003097999999999956e+02
2.317135400000000081e+05 -1.508669000000000082e+01 1.015610999999999962e+02
2.317137399999999907e+05 -1.596503000000000050e+01 9.926017000000000223e+01
2.317139400000000023e+05 -1.419368000000000052e+01 8.819682000000000244e+01
2.317141400000000140e+05 -1.384783999999999970e+01 9.631001000000000545e+01
2.317143399999999965e+05 -1.611161999999999850e+01 1.046124999999999972e+02
2.317145400000000081e+05 -1.494585999999999970e+01 9.432800000000000296e+01
2.317147399999999907e+05 -1.454635999999999996e+01 1.001233000000000004e+02
2.317149400000000023e+05 -1.605941999999999936e+01 9.295458999999999605e+01
2.317151400000000140e+05 -1.568169999999999931e+01 8.938597000000000037e+01
2.317153399999999965e+05 -1.572287999999999997e+01 9.906080000000000041e+01
2.317155400000000081e+05 -1.665439999999999898e+01 1.002806999999999960e+02
2.317157399999999907e+05 -1.846897999999999840e+01 1.040664000000000016e+02
2.317159400000000023e+05 -1.561731999999999942e+01 9.565555999999999415e+01
2.317161400000000140e+05 -1.487329000000000079e+01 9.645381000000000427e+01
2.317163399999999965e+05 -1.504194000000000031e+01 9.616724999999999568e+01
2.317165400000000081e+05 -1.546392999999999951e+01 1.062865000000000038e+02
2.317167399999999907e+05 -1.647257000000000104e+01 9.104121999999999559e+01
2.317169400000000023e+05 -1.504120999999999952e+01 1.011466999999999956e+02
2.317171400000000140e+05 -1.620499999999999829e+01 9.526900999999999442e+01
2.317173399999999965e+05 -1.568249999999999922e+01 8.938173000000000457e+01
2.317175400000000081e+05 -1.588214999999999932e+01 1.038873999999999995e+02
2.317177399999999907e+05 -1.449765000000000015e+01 9.662927999999999429e+01
2.317179400000000023e+05 -1.551765999999999934e+01 8.769097999999999615e+01
2.317181400000000140e+05 -1.442196999999999996e+01 1.039860999999999933e+02
2.317183399999999965e+05 -1.590760000000000041e+01 1.006294999999999931e+02
2.317185400000000081e+05 -1.704497999999999891e+01 9.348530999999999835e+01
2.317187399999999907e+05 -1.341619000000000028e+01 9.021959999999999980e+01
2.317189400000000023e+05 -1.684158000000000044e+01 9.728189000000000419e+01
2.317191400000000140e+05 -1.600298000000000087e+01 1.005276000000000067e+02
2.317193399999999965e+05 -1.431587999999999994e+01 9.317150999999999783e+01
2.317195400000000081e+05 -1.434407999999999994e+01 9.655840000000000600e+01
2.317197399999999907e+05 -1.660605999999999938e+01 9.189696000000000708e+01
2.317199400000000023e+05 -1.482752999999999943e+01 8.662440999999999747e+01
2.317201400000000140e+05 -1.445644000000000062e+01 8.909265999999999508e+01
2.317203399999999965e+05 -1.625722000000000023e+01 1.003543999999999983e+02
2.317205400000000081e+05 -1.609687999999999874e+01 9.894839000000000340e+01
2.317207399999999907e+05 -1.517280000000000051e+01 9.177616000000000440e+01
2.317209400000000023e+05 -1.589725999999999928e+01 8.991106000000000620e+01
2.317211400000000140e+05 -1.608672999999999931e+01 9.936382000000000403e+01
2.317213399999999965e+05 -1.610472999999999999e+01 9.584553999999999974e+01
2.317215400000000081e+05 -1.653942999999999941e+01 9.733575000000000443e+01
2.317217399999999907e+05 -1.596818999999999988e+01 9.702330000000000609e+01
2.317219400000000023e+05 -1.603715000000000046e+01 1.003397999999999968e+02
2.317221400000000140e+05 -1.606336999999999904e+01 8.781001999999999441e+01
2.317223399999999965e+05 -1.612139000000000166e+01 9.337156000000000233e+01
2.317225400000000081e+05 -1.537509999999999977e+01 8.587427999999999884e+01
2.317227399999999907e+05 -1.882186000000000092e+01 9.148756000000000199e+01
2.317229400000000023e+05 -1.576750000000000007e+01 1.013084000000000060e+02
2.317231400000000140e+05 -1.644489000000000090e+01 8.761266999999999427e+01
2.317233399999999965e+05 -1.608868999999999971e+01 1.008151000000000010e+02
2.317235400000000081e+05 -1.675805000000000078e+01 8.899736000000000047e+01
2.317237399999999907e+05 -1.578716000000000008e+01 1.039568000000000012e+02
2.317239400000000023e+05 -1.586607000000000056e+01 9.494912999999999670e+01
2.317241400000000140e+05 -1.429377000000000031e+01 9.838984999999999559e+01
2.317243399999999965e+05 -1.670245999999999853e+01 9.122504000000000701e+01
2.317245400000000081e+05 -1.560304999999999964e+01 9.721765999999999508e+01
2.317247399999999907e+05 -1.519505999999999979e+01 9.736529000000000167e+01
2.317249400000000023e+05 -1.558807000000000009e+01 9.583932000000000073e+01
2.317251400000000140e+05 -1.594922000000000040e+01 1.000683999999999969e+02
2.317253399999999965e+05 -1.486888000000000076e+01 9.269365999999999417e+01
2.317255400000000081e+05 -1.480902999999999992e+01 9.019527999999999679e+01
2.317257399999999907e+05 -1.437902000000000058e+01 1.027209000000000003e+02
2.317259400000000023e+05 -1.499948000000000015e+01 9.033481000000000449e+01
2.317261400000000140e+05 -1.658849000000000018e+01 8.884727999999999781e+01
2.317263399999999965e+05 -1.548733999999999966e+01 9.271609999999999729e+01
2.317265400000000081e+05 -1.598596000000000039e+01 8.662990999999999531e+01
2.317267399999999907e+05 -1.633735000000000070e+01 1.036503000000000014e+02
2.317269400000000023e+05 -1.486674000000000007e+01 9.341176000000000101e+01
2.317271400000000140e+05 -1.502413999999999916e+01 8.977575000000000216e+01
2.317273399999999965e+05 -1.727076999999999884e+01 9.658432999999999424e+01
2.317275400000000081e+05 -1.497527999999999970e+01 1.075618999999999943e+02
2.317277399999999907e+05 -1.600207999999999942e+01 1.040489000000000033e+02
2.317279400000000023e+05 -1.524817000000000000e+01 8.521224999999999739e+01
2.317281400000000140e+05 -1.710210000000000008e+01 9.580965000000000487e+01
2.317283399999999965e+05 -1.522841999999999985e+01 9.177088000000000534e+01
2.317285400000000081e+05 -1.602000999999999920e+01 9.478897000000000617e+01
2.317287399999999907e+05 -1.589344000000000001e+01 9.556489999999999441e+01
2.317289400000000023e+05 -1.512953000000000081e+01 8.902576000000000533e+01
2.317291400000000140e+05 -1.567436999999999969e+01 8.859718999999999767e+01
2.317293399999999965e+05 -1.545570000000000022e+01 9.100181999999999505e+01
2.317295400000000081e+05 -1.660525000000000162e+01 9.320922000000000196e+01
2.317297399999999907e+05 -1.631740999999999886e+01 1.086394999999999982e+02
2.317299400000000023e+05 -1.634187000000000012e+01 9.319482000000000710e+01
