# Time finished:
# 2015-06-02 21.06.57
# Temp volt start:
# 1.1035665
# Temp volt stop:
# 1.1035665
# Approx start T:
# 31.1796465812
# Approx stop T:
# 31.2569611662
# DC bias measured, messed up:
# 1.122508
# DC bias we asked for:
# 0
2.317248800000000047e+05 -1.594002000000000052e+01 9.254095999999999833e+01
2.317250800000000163e+05 -1.553983999999999988e+01 9.971556999999999960e+01
2.317252799999999988e+05 -1.590226999999999968e+01 9.626945000000000618e+01
2.317254800000000105e+05 -1.606842999999999932e+01 9.303910000000000480e+01
2.317256799999999930e+05 -1.551657999999999937e+01 8.930948999999999671e+01
2.317258800000000047e+05 -1.544810999999999979e+01 1.052674999999999983e+02
2.317260800000000163e+05 -1.488493000000000066e+01 1.006865999999999985e+02
2.317262799999999988e+05 -1.603878999999999877e+01 9.452711999999999648e+01
2.317264800000000105e+05 -1.654252999999999929e+01 8.938769999999999527e+01
2.317266799999999930e+05 -1.520238999999999940e+01 9.542310000000000514e+01
2.317268800000000047e+05 -1.718874999999999886e+01 9.381322000000000116e+01
2.317270800000000163e+05 -1.682855999999999952e+01 1.065276999999999958e+02
2.317272799999999988e+05 -1.732401000000000124e+01 9.554845000000000255e+01
2.317274800000000105e+05 -1.381513999999999953e+01 9.938297000000000025e+01
2.317276799999999930e+05 -1.753687000000000040e+01 9.151651999999999987e+01
2.317278800000000047e+05 -1.642643999999999949e+01 9.271256999999999948e+01
2.317280800000000163e+05 -1.547541000000000011e+01 1.027967000000000013e+02
2.317282799999999988e+05 -1.548887000000000036e+01 9.303315000000000623e+01
2.317284800000000105e+05 -1.531542999999999921e+01 9.592104000000000497e+01
2.317286799999999930e+05 -1.589137999999999984e+01 9.758261000000000251e+01
2.317288800000000047e+05 -1.486215999999999937e+01 9.632796000000000447e+01
2.317290800000000163e+05 -1.604482000000000141e+01 9.387166999999999462e+01
2.317292799999999988e+05 -1.534905000000000008e+01 9.242774000000000001e+01
2.317294800000000105e+05 -1.565149000000000079e+01 8.324335000000000662e+01
2.317296799999999930e+05 -1.532709999999999972e+01 9.319286999999999921e+01
2.317298800000000047e+05 -1.571773999999999916e+01 9.557927999999999713e+01
2.317300800000000163e+05 -1.640364999999999895e+01 1.027155999999999949e+02
2.317302799999999988e+05 -1.438189000000000028e+01 1.002400999999999982e+02
2.317304800000000105e+05 -1.518060000000000009e+01 8.796448999999999785e+01
2.317306799999999930e+05 -1.603652999999999906e+01 9.551735999999999649e+01
2.317308800000000047e+05 -1.516905000000000037e+01 9.868940999999999519e+01
2.317310800000000163e+05 -1.671180000000000021e+01 9.804564999999999486e+01
2.317312799999999988e+05 -1.643472999999999828e+01 9.667774000000000001e+01
2.317314800000000105e+05 -1.634241000000000099e+01 1.009128999999999934e+02
2.317316799999999930e+05 -1.530640999999999963e+01 9.682049999999999557e+01
2.317318800000000047e+05 -1.502707999999999977e+01 9.757774000000000569e+01
2.317320800000000163e+05 -1.569654000000000060e+01 9.510206999999999766e+01
2.317322799999999988e+05 -1.460765999999999920e+01 1.039736999999999938e+02
2.317324800000000105e+05 -1.490652000000000044e+01 9.823990999999999474e+01
2.317326799999999930e+05 -1.442384000000000022e+01 1.029080000000000013e+02
2.317328800000000047e+05 -1.494377000000000066e+01 9.188097000000000492e+01
2.317330800000000163e+05 -1.525398999999999994e+01 9.093137000000000114e+01
2.317332799999999988e+05 -1.504734999999999978e+01 9.774800999999999362e+01
2.317334800000000105e+05 -1.482257000000000069e+01 9.603130000000000166e+01
2.317336799999999930e+05 -1.687877999999999901e+01 1.051252000000000066e+02
2.317338800000000047e+05 -1.685206000000000159e+01 9.958826000000000533e+01
2.317340800000000163e+05 -1.617058000000000106e+01 9.238061000000000433e+01
2.317342799999999988e+05 -1.632985000000000042e+01 9.885461999999999705e+01
2.317344800000000105e+05 -1.560768000000000022e+01 9.351725000000000421e+01
2.317346799999999930e+05 -1.770720999999999989e+01 1.017027999999999963e+02
2.317348800000000047e+05 -1.563142000000000031e+01 9.272624000000000422e+01
2.317350800000000163e+05 -1.536740999999999957e+01 9.501721999999999468e+01
2.317352799999999988e+05 -1.422010000000000041e+01 1.060829999999999984e+02
2.317354800000000105e+05 -1.541995000000000005e+01 9.701962000000000330e+01
2.317356799999999930e+05 -1.574009999999999998e+01 9.574137000000000342e+01
2.317358800000000047e+05 -1.551632000000000033e+01 8.901479999999999393e+01
2.317360800000000163e+05 -1.463869000000000042e+01 9.470140000000000668e+01
2.317362799999999988e+05 -1.583474999999999966e+01 9.610116999999999621e+01
2.317364800000000105e+05 -1.559952000000000005e+01 9.037918999999999414e+01
2.317366799999999930e+05 -1.580915000000000070e+01 9.978883999999999332e+01
2.317368800000000047e+05 -1.659870000000000090e+01 9.604690999999999690e+01
2.317370800000000163e+05 -1.472558000000000078e+01 9.161445999999999401e+01
2.317372799999999988e+05 -1.477345000000000041e+01 8.732502999999999815e+01
2.317374800000000105e+05 -1.552434000000000047e+01 9.583611000000000502e+01
2.317376799999999930e+05 -1.517098999999999975e+01 1.071723999999999961e+02
2.317378800000000047e+05 -1.504473999999999911e+01 8.995068000000000552e+01
2.317380800000000163e+05 -1.536147000000000062e+01 8.983508000000000493e+01
2.317382799999999988e+05 -1.509853999999999985e+01 1.011847000000000065e+02
2.317384800000000105e+05 -1.514770000000000039e+01 9.853477999999999781e+01
2.317386799999999930e+05 -1.589089000000000063e+01 9.937462999999999624e+01
2.317388800000000047e+05 -1.669281000000000148e+01 9.200177999999999656e+01
2.317390800000000163e+05 -1.441108000000000011e+01 9.179664999999999964e+01
2.317392799999999988e+05 -1.597033000000000058e+01 9.402864999999999895e+01
2.317394800000000105e+05 -1.546569000000000038e+01 9.195663999999999305e+01
2.317396799999999930e+05 -1.462034000000000056e+01 9.399912999999999386e+01
2.317398800000000047e+05 -1.562537999999999982e+01 9.759596000000000515e+01
2.317400800000000163e+05 -1.570045000000000002e+01 9.162868000000000279e+01
2.317402799999999988e+05 -1.626235000000000142e+01 9.576473000000000013e+01
2.317404800000000105e+05 -1.497148999999999930e+01 9.974053000000000679e+01
2.317406799999999930e+05 -1.424163000000000068e+01 9.529197000000000628e+01
2.317408800000000047e+05 -1.520841000000000065e+01 1.040113000000000056e+02
2.317410800000000163e+05 -1.581193000000000026e+01 9.593341999999999814e+01
2.317412799999999988e+05 -1.538697999999999944e+01 9.777634999999999366e+01
2.317414800000000105e+05 -1.528767000000000031e+01 8.132872000000000412e+01
2.317416799999999930e+05 -1.582046000000000063e+01 9.176532000000000266e+01
2.317418800000000047e+05 -1.512135999999999925e+01 9.392368000000000450e+01
2.317420800000000163e+05 -1.535866000000000042e+01 9.623000000000000398e+01
2.317422799999999988e+05 -1.530696999999999974e+01 1.078828000000000031e+02
2.317424800000000105e+05 -1.458858000000000033e+01 9.580926999999999794e+01
2.317426799999999930e+05 -1.502549999999999919e+01 9.038952999999999349e+01
2.317428800000000047e+05 -1.415267000000000053e+01 1.030010000000000048e+02
2.317430800000000163e+05 -1.645911999999999864e+01 8.420811000000000490e+01
2.317432799999999988e+05 -1.357460999999999984e+01 1.032151000000000067e+02
2.317434800000000105e+05 -1.504969000000000001e+01 1.039698000000000064e+02
2.317436799999999930e+05 -1.671565000000000012e+01 9.465622000000000469e+01
2.317438800000000047e+05 -1.505519999999999925e+01 9.876585000000000036e+01
2.317440800000000163e+05 -1.523137999999999970e+01 9.108885999999999683e+01
2.317442799999999988e+05 -1.669258999999999915e+01 9.235451999999999373e+01
2.317444800000000105e+05 -1.548747000000000007e+01 9.149017000000000621e+01
2.317446799999999930e+05 -1.608969000000000094e+01 8.509072000000000457e+01
2.317448800000000047e+05 -1.483994999999999997e+01 9.646535000000000082e+01
