# Time finished:
# 2015-06-03 08.38.09
# Temp volt start:
# 1.0120739
# Temp volt stop:
# 1.0120739
# Approx start T:
# 85.7986253498
# Approx stop T:
# 85.7899631583
# DC bias measured, messed up:
# 1.010708
# DC bias we asked for:
# 0
2.318189400000000023e+05 -1.586040000000000028e+01 9.641872999999999649e+01
2.318191400000000140e+05 -1.646646000000000143e+01 9.428409000000000617e+01
2.318193399999999965e+05 -1.451252000000000031e+01 9.361396000000000583e+01
2.318195400000000081e+05 -1.605580000000000140e+01 8.760223000000000582e+01
2.318197399999999907e+05 -1.633712999999999838e+01 9.099335999999999558e+01
2.318199400000000023e+05 -1.558238000000000056e+01 8.625902999999999565e+01
2.318201400000000140e+05 -1.495917000000000030e+01 9.504887999999999693e+01
2.318203399999999965e+05 -1.537541000000000047e+01 8.876958000000000482e+01
2.318205400000000081e+05 -1.580214999999999925e+01 9.704825999999999908e+01
2.318207399999999907e+05 -1.522896000000000072e+01 8.751185999999999865e+01
2.318209400000000023e+05 -1.585317000000000043e+01 9.552139999999999986e+01
2.318211400000000140e+05 -1.593496000000000024e+01 9.134928999999999633e+01
2.318213399999999965e+05 -1.616561000000000092e+01 8.969298000000000570e+01
2.318215400000000081e+05 -1.623560000000000159e+01 9.088545000000000584e+01
2.318217399999999907e+05 -1.560580999999999996e+01 8.636983999999999639e+01
2.318219400000000023e+05 -1.623658000000000001e+01 9.115761000000000536e+01
2.318221400000000140e+05 -1.554809000000000019e+01 8.906342999999999677e+01
2.318223399999999965e+05 -1.672718000000000060e+01 9.405134999999999934e+01
2.318225400000000081e+05 -1.542060999999999993e+01 9.330871999999999389e+01
2.318227399999999907e+05 -1.613943000000000083e+01 9.211338000000000648e+01
2.318229400000000023e+05 -1.634607000000000099e+01 9.373251999999999384e+01
2.318231400000000140e+05 -1.525286000000000008e+01 9.221581000000000472e+01
2.318233399999999965e+05 -1.585795000000000066e+01 9.162886000000000308e+01
2.318235400000000081e+05 -1.509015999999999913e+01 9.212211000000000638e+01
2.318237399999999907e+05 -1.525435000000000052e+01 9.318677999999999884e+01
2.318239400000000023e+05 -1.625203000000000131e+01 9.020555000000000234e+01
2.318241400000000140e+05 -1.577576000000000001e+01 9.768271000000000015e+01
2.318243399999999965e+05 -1.698689999999999856e+01 9.082984000000000435e+01
2.318245400000000081e+05 -1.663898000000000010e+01 9.758514999999999873e+01
2.318247399999999907e+05 -1.640837000000000145e+01 9.387836000000000070e+01
2.318249400000000023e+05 -1.588148999999999944e+01 9.383754000000000417e+01
2.318251400000000140e+05 -1.551284000000000063e+01 9.219004999999999939e+01
2.318253399999999965e+05 -1.638232999999999961e+01 9.773233000000000459e+01
2.318255400000000081e+05 -1.646755999999999887e+01 9.123902999999999963e+01
2.318257399999999907e+05 -1.579324000000000083e+01 9.048620999999999981e+01
2.318259400000000023e+05 -1.458187999999999995e+01 9.453315999999999519e+01
2.318261400000000140e+05 -1.581875999999999927e+01 8.749985999999999819e+01
2.318263399999999965e+05 -1.622174000000000049e+01 8.135039999999999338e+01
2.318265400000000081e+05 -1.538893000000000022e+01 8.592781999999999698e+01
2.318267399999999907e+05 -1.594510000000000005e+01 8.676664999999999850e+01
2.318269400000000023e+05 -1.679373999999999967e+01 9.247504000000000701e+01
2.318271400000000140e+05 -1.572188000000000052e+01 8.911056999999999562e+01
2.318273399999999965e+05 -1.613561999999999941e+01 8.728986000000000445e+01
2.318275400000000081e+05 -1.576364000000000054e+01 9.280026999999999759e+01
2.318277399999999907e+05 -1.599877000000000038e+01 9.226930000000000121e+01
2.318279400000000023e+05 -1.761740999999999957e+01 8.874459000000000231e+01
2.318281400000000140e+05 -1.570687000000000033e+01 9.970013000000000147e+01
2.318283399999999965e+05 -1.595795999999999992e+01 9.463420000000000698e+01
2.318285400000000081e+05 -1.501830999999999960e+01 9.236251000000000033e+01
2.318287399999999907e+05 -1.568458000000000041e+01 9.458552000000000248e+01
2.318289400000000023e+05 -1.592037999999999975e+01 9.279788000000000636e+01
2.318291400000000140e+05 -1.426713999999999949e+01 8.952191000000000543e+01
2.318293399999999965e+05 -1.476282999999999923e+01 9.903001000000000431e+01
2.318295400000000081e+05 -1.738721999999999923e+01 8.497647000000000617e+01
2.318297399999999907e+05 -1.523783000000000065e+01 8.410298000000000229e+01
2.318299400000000023e+05 -1.622197999999999851e+01 9.711450999999999567e+01
2.318301400000000140e+05 -1.468491999999999997e+01 9.206216999999999473e+01
2.318303399999999965e+05 -1.561683000000000021e+01 9.016787999999999670e+01
2.318305400000000081e+05 -1.537981000000000087e+01 9.502280000000000371e+01
2.318307399999999907e+05 -1.545650999999999975e+01 9.183095000000000141e+01
2.318309400000000023e+05 -1.642831999999999937e+01 9.181304000000000087e+01
2.318311400000000140e+05 -1.542323999999999984e+01 8.265836000000000183e+01
2.318313399999999965e+05 -1.627098000000000155e+01 8.225427000000000533e+01
2.318315400000000081e+05 -1.513992000000000004e+01 9.104483999999999355e+01
2.318317399999999907e+05 -1.647059000000000140e+01 9.180116999999999905e+01
2.318319400000000023e+05 -1.628500000000000014e+01 8.760961000000000354e+01
2.318321400000000140e+05 -1.501793999999999940e+01 9.189987999999999602e+01
2.318323399999999965e+05 -1.561365999999999943e+01 8.991451999999999600e+01
2.318325400000000081e+05 -1.606031000000000120e+01 8.934224000000000387e+01
2.318327399999999907e+05 -1.569814000000000043e+01 8.732842999999999734e+01
2.318329400000000023e+05 -1.527041000000000004e+01 9.428145999999999560e+01
2.318331400000000140e+05 -1.581540000000000035e+01 9.086973999999999307e+01
2.318333399999999965e+05 -1.532202000000000019e+01 9.537833000000000538e+01
2.318335400000000081e+05 -1.510862999999999978e+01 9.295830999999999733e+01
2.318337399999999907e+05 -1.549548000000000059e+01 9.256620999999999810e+01
2.318339400000000023e+05 -1.553636999999999979e+01 8.806483000000000061e+01
2.318341400000000140e+05 -1.490879999999999939e+01 9.144410999999999490e+01
2.318343399999999965e+05 -1.556235000000000035e+01 9.582331000000000643e+01
2.318345400000000081e+05 -1.607969999999999899e+01 9.411912999999999840e+01
2.318347399999999907e+05 -1.548966000000000065e+01 8.446536000000000399e+01
2.318349400000000023e+05 -1.502707000000000015e+01 8.623207999999999629e+01
2.318351400000000140e+05 -1.616126999999999825e+01 9.386673000000000400e+01
2.318353399999999965e+05 -1.582784000000000013e+01 8.685262000000000171e+01
2.318355400000000081e+05 -1.570481999999999978e+01 9.713756999999999664e+01
2.318357399999999907e+05 -1.496468999999999916e+01 9.248859000000000208e+01
2.318359400000000023e+05 -1.493214000000000041e+01 9.832747000000000526e+01
2.318361400000000140e+05 -1.607910000000000039e+01 9.385672999999999888e+01
2.318363399999999965e+05 -1.708211000000000013e+01 9.289245999999999981e+01
2.318365400000000081e+05 -1.492524000000000051e+01 8.910778999999999428e+01
2.318367399999999907e+05 -1.669049000000000049e+01 9.991069000000000244e+01
2.318369400000000023e+05 -1.532737000000000016e+01 8.940849000000000046e+01
2.318371400000000140e+05 -1.515382999999999925e+01 8.732223000000000468e+01
2.318373399999999965e+05 -1.494421999999999962e+01 9.494382000000000232e+01
2.318375400000000081e+05 -1.569636999999999993e+01 9.599303000000000452e+01
2.318377399999999907e+05 -1.616055000000000064e+01 8.916098999999999819e+01
2.318379400000000023e+05 -1.604243999999999915e+01 8.775300000000000011e+01
2.318381400000000140e+05 -1.527919999999999945e+01 9.793017999999999290e+01
2.318383399999999965e+05 -1.524959999999999916e+01 9.125660999999999490e+01
2.318385400000000081e+05 -1.562289999999999957e+01 8.878288000000000579e+01
2.318387399999999907e+05 -1.582009000000000043e+01 9.448161000000000342e+01
2.318389400000000023e+05 -1.541262000000000043e+01 9.578842000000000212e+01
