# Time finished:
# 2015-06-02 20.24.34
# Temp volt start:
# 1.193694
# Temp volt stop:
# 1.193694
# Approx start T:
# -29.7987800587
# Approx stop T:
# -29.344456718
# DC bias measured, messed up:
# 1.007224
# DC bias we asked for:
# 0
2.317125799999999872e+05 -1.583440000000000047e+01 9.686305000000000121e+01
2.317127799999999988e+05 -1.461684999999999945e+01 8.766879000000000133e+01
2.317129799999999814e+05 -1.590961000000000070e+01 9.126215000000000543e+01
2.317131799999999930e+05 -1.536092000000000013e+01 9.548346999999999696e+01
2.317133799999999756e+05 -1.458018000000000036e+01 9.705253999999999337e+01
2.317135799999999872e+05 -1.483117000000000019e+01 9.502042000000000144e+01
2.317137799999999988e+05 -1.524061000000000021e+01 9.495731000000000677e+01
2.317139799999999814e+05 -1.457414999999999949e+01 9.765295999999999310e+01
2.317141799999999930e+05 -1.497601000000000049e+01 9.741029000000000337e+01
2.317143799999999756e+05 -1.557114999999999938e+01 9.454561999999999955e+01
2.317145799999999872e+05 -1.493453000000000053e+01 9.315528000000000475e+01
2.317147799999999988e+05 -1.588263000000000069e+01 9.040336000000000638e+01
2.317149799999999814e+05 -1.768271999999999977e+01 1.026423000000000059e+02
2.317151799999999930e+05 -1.649093999999999838e+01 9.757375999999999294e+01
2.317153799999999756e+05 -1.430133000000000010e+01 8.947732999999999493e+01
2.317155799999999872e+05 -1.576482999999999990e+01 9.856681000000000381e+01
2.317157799999999988e+05 -1.569860000000000078e+01 9.765997000000000128e+01
2.317159799999999814e+05 -1.631555000000000177e+01 9.545283000000000584e+01
2.317161799999999930e+05 -1.574597999999999942e+01 8.734175999999999362e+01
2.317163799999999756e+05 -1.522409000000000034e+01 9.187641000000000702e+01
2.317165799999999872e+05 -1.618267000000000166e+01 9.758321999999999719e+01
2.317167799999999988e+05 -1.453918999999999961e+01 9.238804000000000372e+01
2.317169799999999814e+05 -1.580338000000000065e+01 8.765125000000000455e+01
2.317171799999999930e+05 -1.437308999999999948e+01 9.548266999999999882e+01
2.317173799999999756e+05 -1.548399999999999999e+01 8.901178000000000168e+01
2.317175799999999872e+05 -1.514253000000000071e+01 1.005849999999999937e+02
2.317177799999999988e+05 -1.594633999999999929e+01 9.691531000000000518e+01
2.317179799999999814e+05 -1.590962000000000032e+01 9.058086000000000126e+01
2.317181799999999930e+05 -1.661017000000000010e+01 9.326206999999999425e+01
2.317183799999999756e+05 -1.545772999999999975e+01 8.919145000000000323e+01
2.317185799999999872e+05 -1.583610999999999969e+01 8.623257999999999868e+01
2.317187799999999988e+05 -1.541216999999999970e+01 8.954040999999999428e+01
2.317189799999999814e+05 -1.460701000000000072e+01 9.253306000000000608e+01
2.317191799999999930e+05 -1.567629999999999946e+01 9.747634999999999650e+01
2.317193799999999756e+05 -1.689990999999999843e+01 9.131516000000000588e+01
2.317195799999999872e+05 -1.585932999999999993e+01 9.443062999999999363e+01
2.317197799999999988e+05 -1.472436000000000078e+01 9.851901999999999759e+01
2.317199799999999814e+05 -1.478750999999999927e+01 9.500780000000000314e+01
2.317201799999999930e+05 -1.532093000000000060e+01 9.728922000000000025e+01
2.317203799999999756e+05 -1.617430999999999841e+01 9.830328000000000088e+01
2.317205799999999872e+05 -1.592216999999999949e+01 1.002737000000000052e+02
2.317207799999999988e+05 -1.624724000000000146e+01 1.027818000000000040e+02
2.317209799999999814e+05 -1.533067999999999920e+01 1.030953999999999979e+02
2.317211799999999930e+05 -1.524741999999999997e+01 9.399519999999999698e+01
2.317213799999999756e+05 -1.651286999999999949e+01 8.551756000000000313e+01
2.317215799999999872e+05 -1.574150999999999989e+01 9.994335999999999842e+01
2.317217799999999988e+05 -1.667830000000000013e+01 8.885399999999999920e+01
2.317219799999999814e+05 -1.422552999999999912e+01 8.848698000000000263e+01
2.317221799999999930e+05 -1.639890000000000114e+01 1.023919000000000068e+02
2.317223799999999756e+05 -1.609519999999999840e+01 9.970323000000000491e+01
2.317225799999999872e+05 -1.623630999999999958e+01 9.049729999999999563e+01
2.317227799999999988e+05 -1.655408999999999864e+01 1.006617999999999995e+02
2.317229799999999814e+05 -1.540301999999999971e+01 9.866039000000000669e+01
2.317231799999999930e+05 -1.556098000000000070e+01 8.914799999999999613e+01
2.317233799999999756e+05 -1.401004999999999967e+01 9.325324000000000524e+01
2.317235799999999872e+05 -1.763278000000000034e+01 8.474071999999999605e+01
2.317237799999999988e+05 -1.440278999999999954e+01 9.387381000000000597e+01
2.317239799999999814e+05 -1.542589000000000077e+01 9.252315000000000111e+01
2.317241799999999930e+05 -1.481648999999999994e+01 9.207353000000000520e+01
2.317243799999999756e+05 -1.578693999999999953e+01 9.684914999999999452e+01
2.317245799999999872e+05 -1.663429999999999964e+01 9.957649000000000683e+01
2.317247799999999988e+05 -1.515001999999999960e+01 9.397122000000000241e+01
2.317249799999999814e+05 -1.614076999999999984e+01 9.647884999999999422e+01
2.317251799999999930e+05 -1.606514999999999915e+01 8.713336999999999932e+01
2.317253799999999756e+05 -1.415736000000000061e+01 9.729128000000000043e+01
2.317255799999999872e+05 -1.532803999999999967e+01 8.873742000000000019e+01
2.317257799999999988e+05 -1.537834999999999930e+01 8.871895000000000664e+01
2.317259799999999814e+05 -1.476787000000000027e+01 9.360733000000000459e+01
2.317261799999999930e+05 -1.452204000000000050e+01 9.822935999999999979e+01
2.317263799999999756e+05 -1.589888999999999974e+01 8.688703999999999894e+01
2.317265799999999872e+05 -1.446615000000000073e+01 1.012047000000000025e+02
2.317267799999999988e+05 -1.503902000000000072e+01 8.919053999999999860e+01
2.317269799999999814e+05 -1.626973999999999876e+01 1.029976000000000056e+02
2.317271799999999930e+05 -1.628475999999999857e+01 9.599308000000000618e+01
2.317273799999999756e+05 -1.498793000000000042e+01 9.648135999999999513e+01
2.317275799999999872e+05 -1.494323999999999941e+01 8.923156000000000176e+01
2.317277799999999988e+05 -1.512737000000000087e+01 9.381676000000000215e+01
2.317279799999999814e+05 -1.596324000000000076e+01 9.941658999999999935e+01
2.317281799999999930e+05 -1.447068999999999939e+01 9.165479000000000553e+01
2.317283799999999756e+05 -1.500379000000000040e+01 9.427056000000000324e+01
2.317285799999999872e+05 -1.536617999999999995e+01 9.516585999999999501e+01
2.317287799999999988e+05 -1.510302000000000078e+01 9.236517000000000621e+01
2.317289799999999814e+05 -1.564764000000000088e+01 9.507800000000000296e+01
2.317291799999999930e+05 -1.571865999999999985e+01 1.071016000000000048e+02
2.317293799999999756e+05 -1.581648999999999994e+01 8.676967000000000496e+01
2.317295799999999872e+05 -1.472110999999999947e+01 9.713975999999999544e+01
2.317297799999999988e+05 -1.567669000000000068e+01 9.457102999999999327e+01
2.317299799999999814e+05 -1.506709999999999994e+01 9.571786000000000172e+01
2.317301799999999930e+05 -1.428299999999999947e+01 1.013098999999999990e+02
2.317303799999999756e+05 -1.494768000000000008e+01 8.985501999999999612e+01
2.317305799999999872e+05 -1.435122999999999927e+01 1.012330999999999932e+02
2.317307799999999988e+05 -1.746780000000000044e+01 1.054025000000000034e+02
2.317309799999999814e+05 -1.601191000000000031e+01 8.947887000000000057e+01
2.317311799999999930e+05 -1.430771000000000015e+01 9.034779000000000337e+01
2.317313799999999756e+05 -1.561222000000000065e+01 9.625705000000000666e+01
2.317315799999999872e+05 -1.594313000000000002e+01 9.286015999999999337e+01
2.317317799999999988e+05 -1.508085999999999949e+01 9.284968000000000643e+01
2.317319799999999814e+05 -1.531572000000000067e+01 1.017437999999999931e+02
2.317321799999999930e+05 -1.458623000000000047e+01 9.329032999999999731e+01
2.317323799999999756e+05 -1.652023000000000152e+01 1.021538999999999930e+02
2.317325799999999872e+05 -1.433633000000000024e+01 9.372548999999999353e+01
