# Time finished:
# 2015-06-04 11.14.39
# Temp volt start:
# 0.93029527
# Temp volt stop:
# 0.93029527
# Approx start T:
# 129.665429824
# Approx stop T:
# 129.694713612
# DC bias measured, messed up:
# 1.24513
# DC bias we asked for:
# 0
2.318971300000000047e+05 -1.488636999999999944e+01 9.700307999999999709e+01
2.318973300000000163e+05 -1.486280000000000001e+01 9.587940999999999292e+01
2.318975299999999988e+05 -1.474671999999999983e+01 9.572683999999999571e+01
2.318977300000000105e+05 -1.551571999999999996e+01 9.090998000000000445e+01
2.318979299999999930e+05 -1.504301000000000066e+01 9.696844000000000108e+01
2.318981300000000047e+05 -1.521861999999999959e+01 9.366392000000000451e+01
2.318983300000000163e+05 -1.643825999999999965e+01 9.064712000000000103e+01
2.318985299999999988e+05 -1.535712999999999973e+01 9.508697999999999695e+01
2.318987300000000105e+05 -1.597791999999999923e+01 9.674357999999999436e+01
2.318989299999999930e+05 -1.539803000000000033e+01 9.320942999999999756e+01
2.318991300000000047e+05 -1.720908000000000015e+01 9.215024999999999977e+01
2.318993300000000163e+05 -1.505683999999999934e+01 9.559878999999999394e+01
2.318995299999999988e+05 -1.578462999999999994e+01 9.332506999999999664e+01
2.318997300000000105e+05 -1.588986000000000054e+01 9.582892999999999972e+01
2.318999299999999930e+05 -1.516787000000000063e+01 9.378605000000000302e+01
2.319001300000000047e+05 -1.590370000000000061e+01 8.828561000000000547e+01
2.319003300000000163e+05 -1.511092999999999975e+01 9.137511999999999546e+01
2.319005299999999988e+05 -1.580367000000000033e+01 9.319995000000000118e+01
2.319007300000000105e+05 -1.620750999999999920e+01 9.410114000000000090e+01
2.319009299999999930e+05 -1.540720999999999918e+01 9.617842000000000269e+01
2.319011300000000047e+05 -1.553538999999999959e+01 9.054934000000000083e+01
2.319013300000000163e+05 -1.545542999999999978e+01 8.985183000000000675e+01
2.319015299999999988e+05 -1.483736000000000033e+01 9.521197999999999695e+01
2.319017300000000105e+05 -1.526960000000000051e+01 9.145189999999999486e+01
2.319019299999999930e+05 -1.536655000000000015e+01 9.000848000000000582e+01
2.319021300000000047e+05 -1.548207999999999984e+01 8.888569999999999993e+01
2.319023300000000163e+05 -1.550599000000000061e+01 9.200159999999999627e+01
2.319025299999999988e+05 -1.599413999999999980e+01 9.370058000000000220e+01
2.319027300000000105e+05 -1.575770999999999944e+01 9.591957999999999629e+01
2.319029299999999930e+05 -1.572669999999999924e+01 9.196805999999999415e+01
2.319031300000000047e+05 -1.488294999999999924e+01 9.623086999999999591e+01
2.319033300000000163e+05 -1.587885999999999953e+01 9.445253999999999905e+01
2.319035299999999988e+05 -1.585784999999999911e+01 9.183069000000000415e+01
2.319037300000000105e+05 -1.599342000000000041e+01 9.879913000000000523e+01
2.319039299999999930e+05 -1.594196999999999953e+01 1.024522999999999939e+02
2.319041300000000047e+05 -1.432321999999999917e+01 8.881896999999999309e+01
2.319043300000000163e+05 -1.536212000000000089e+01 9.272938000000000613e+01
2.319045299999999988e+05 -1.505114999999999981e+01 9.629237000000000535e+01
2.319047300000000105e+05 -1.688722999999999885e+01 9.375473999999999819e+01
2.319049299999999930e+05 -1.541818999999999917e+01 9.357408999999999821e+01
2.319051300000000047e+05 -1.543444000000000038e+01 9.440689999999999316e+01
2.319053300000000163e+05 -1.536327999999999960e+01 9.392104000000000497e+01
2.319055299999999988e+05 -1.589216000000000051e+01 8.754104999999999848e+01
2.319057300000000105e+05 -1.726222999999999885e+01 8.432267000000000223e+01
2.319059299999999930e+05 -1.694934999999999903e+01 9.445749999999999602e+01
2.319061300000000047e+05 -1.530401999999999951e+01 9.544499999999999318e+01
2.319063300000000163e+05 -1.628763000000000005e+01 9.385039999999999338e+01
2.319065299999999988e+05 -1.507482000000000077e+01 9.115390999999999622e+01
2.319067300000000105e+05 -1.569180000000000064e+01 8.582769000000000403e+01
2.319069299999999930e+05 -1.575582999999999956e+01 9.048048000000000002e+01
2.319071300000000047e+05 -1.538812000000000069e+01 9.036637000000000342e+01
2.319073300000000163e+05 -1.473220000000000063e+01 8.892902999999999736e+01
2.319075299999999988e+05 -1.571005000000000074e+01 9.258495999999999526e+01
2.319077300000000105e+05 -1.472971000000000075e+01 9.915852999999999895e+01
2.319079299999999930e+05 -1.630815000000000126e+01 9.727997999999999479e+01
2.319081300000000047e+05 -1.618516999999999939e+01 9.527742999999999540e+01
2.319083300000000163e+05 -1.674013000000000062e+01 9.706999000000000422e+01
2.319085299999999988e+05 -1.586101999999999990e+01 9.357195000000000107e+01
2.319087300000000105e+05 -1.605745999999999896e+01 8.820438000000000045e+01
2.319089299999999930e+05 -1.585737999999999914e+01 9.157152000000000669e+01
2.319091300000000047e+05 -1.597417000000000087e+01 9.725982999999999379e+01
2.319093300000000163e+05 -1.497161999999999971e+01 8.902307000000000414e+01
2.319095299999999988e+05 -1.625911999999999935e+01 9.608015000000000327e+01
2.319097300000000105e+05 -1.523564999999999969e+01 9.169449000000000183e+01
2.319099299999999930e+05 -1.539461000000000013e+01 9.130481000000000336e+01
2.319101300000000047e+05 -1.545242999999999967e+01 9.427639999999999532e+01
2.319103300000000163e+05 -1.597503000000000029e+01 9.282121999999999673e+01
2.319105299999999988e+05 -1.572436000000000078e+01 8.913106999999999402e+01
2.319107300000000105e+05 -1.604778999999999911e+01 9.128092999999999790e+01
2.319109299999999930e+05 -1.448686000000000007e+01 9.076184999999999548e+01
2.319111300000000047e+05 -1.621390999999999849e+01 8.810908999999999480e+01
2.319113300000000163e+05 -1.667680999999999969e+01 9.346348000000000411e+01
2.319115299999999988e+05 -1.636158000000000001e+01 9.094898000000000593e+01
2.319117300000000105e+05 -1.596973000000000020e+01 9.561002000000000578e+01
2.319119299999999930e+05 -1.543514000000000053e+01 9.297261000000000308e+01
2.319121300000000047e+05 -1.566482000000000063e+01 8.633445000000000391e+01
2.319123300000000163e+05 -1.567219000000000051e+01 9.454273000000000593e+01
2.319125299999999988e+05 -1.557572000000000045e+01 9.126215999999999440e+01
2.319127300000000105e+05 -1.568200000000000038e+01 8.533598000000000638e+01
2.319129299999999930e+05 -1.565877000000000052e+01 9.834702000000000055e+01
2.319131300000000047e+05 -1.691237999999999886e+01 9.685651000000000010e+01
2.319133300000000163e+05 -1.565343000000000018e+01 9.442678999999999689e+01
2.319135299999999988e+05 -1.545273000000000074e+01 9.260809999999999320e+01
2.319137300000000105e+05 -1.545857999999999954e+01 9.009551999999999339e+01
2.319139299999999930e+05 -1.580744999999999933e+01 9.843025000000000091e+01
2.319141300000000047e+05 -1.523603999999999914e+01 9.193103000000000691e+01
2.319143300000000163e+05 -1.529973000000000027e+01 9.050373000000000445e+01
2.319145299999999988e+05 -1.516510000000000069e+01 9.737004000000000303e+01
2.319147300000000105e+05 -1.559755999999999965e+01 9.454004000000000474e+01
2.319149299999999930e+05 -1.535473999999999961e+01 9.084711000000000070e+01
2.319151300000000047e+05 -1.558558000000000021e+01 9.829703999999999553e+01
2.319153300000000163e+05 -1.494841000000000086e+01 9.017064999999999486e+01
2.319155299999999988e+05 -1.602762999999999849e+01 9.766280999999999324e+01
2.319157300000000105e+05 -1.682203000000000159e+01 9.416227000000000658e+01
2.319159299999999930e+05 -1.663636999999999944e+01 1.011483999999999952e+02
2.319161300000000047e+05 -1.595193000000000083e+01 9.522244000000000597e+01
2.319163300000000163e+05 -1.698654000000000153e+01 9.560165999999999542e+01
2.319165299999999988e+05 -1.609057999999999922e+01 9.435406999999999300e+01
2.319167300000000105e+05 -1.592544000000000004e+01 9.635044999999999504e+01
2.319169299999999930e+05 -1.548643000000000036e+01 9.164710999999999785e+01
2.319171300000000047e+05 -1.609093999999999980e+01 9.230047999999999320e+01
