# Time finished:
# 2015-06-03 16.10.11
# Temp volt start:
# 1.0117865
# Temp volt stop:
# 1.0117865
# Approx start T:
# 85.9602519644
# Approx stop T:
# 85.9609829222
# DC bias measured, messed up:
# 0.9869717
# DC bias we asked for:
# 0
2.318205700000000070e+05 -1.549840999999999980e+01 9.496357000000000426e+01
2.318207700000000186e+05 -1.637529999999999930e+01 9.733750999999999465e+01
2.318209700000000012e+05 -1.507394000000000034e+01 9.255586999999999875e+01
2.318211700000000128e+05 -1.582435000000000080e+01 9.162694999999999368e+01
2.318213699999999953e+05 -1.645746000000000109e+01 9.071992000000000189e+01
2.318215700000000070e+05 -1.507551999999999914e+01 9.372208000000000538e+01
2.318217700000000186e+05 -1.636061000000000121e+01 8.737435999999999581e+01
2.318219700000000012e+05 -1.627981000000000122e+01 9.409949000000000296e+01
2.318221700000000128e+05 -1.557109999999999950e+01 9.597835999999999501e+01
2.318223699999999953e+05 -1.684035000000000082e+01 9.118635999999999342e+01
2.318225700000000070e+05 -1.544436999999999927e+01 8.843269999999999698e+01
2.318227700000000186e+05 -1.590427000000000035e+01 9.418265999999999849e+01
2.318229700000000012e+05 -1.515747999999999962e+01 9.549544000000000210e+01
2.318231700000000128e+05 -1.684498999999999924e+01 9.203954000000000235e+01
2.318233699999999953e+05 -1.635385000000000133e+01 8.832795000000000130e+01
2.318235700000000070e+05 -1.667495999999999867e+01 9.694419999999999504e+01
2.318237700000000186e+05 -1.660420999999999836e+01 8.470771000000000583e+01
2.318239700000000012e+05 -1.654542000000000002e+01 9.124496000000000606e+01
2.318241700000000128e+05 -1.541787000000000063e+01 9.243529999999999802e+01
2.318243699999999953e+05 -1.564807000000000059e+01 9.005441000000000429e+01
2.318245700000000070e+05 -1.530926999999999971e+01 9.315353000000000350e+01
2.318247700000000186e+05 -1.690315000000000012e+01 9.561280999999999608e+01
2.318249700000000012e+05 -1.554246000000000016e+01 8.875851000000000113e+01
2.318251700000000128e+05 -1.539916999999999980e+01 9.834354000000000440e+01
2.318253699999999953e+05 -1.556315000000000026e+01 9.144240999999999531e+01
2.318255700000000070e+05 -1.637640999999999991e+01 9.046958999999999662e+01
2.318257700000000186e+05 -1.599685999999999986e+01 9.535566000000000031e+01
2.318259700000000012e+05 -1.638034000000000034e+01 9.479278999999999655e+01
2.318261700000000128e+05 -1.563815999999999917e+01 9.142785000000000650e+01
2.318263699999999953e+05 -1.632224000000000075e+01 9.276529999999999632e+01
2.318265700000000070e+05 -1.575458000000000069e+01 9.843959999999999866e+01
2.318267700000000186e+05 -1.493064999999999998e+01 9.554591000000000633e+01
2.318269700000000012e+05 -1.523709999999999987e+01 9.409945999999999344e+01
2.318271700000000128e+05 -1.488424999999999976e+01 9.428885999999999967e+01
2.318273699999999953e+05 -1.504595999999999911e+01 8.817834999999999468e+01
2.318275700000000070e+05 -1.539817999999999998e+01 9.159224000000000387e+01
2.318277700000000186e+05 -1.565626999999999924e+01 9.713224999999999909e+01
2.318279700000000012e+05 -1.551833000000000062e+01 9.023355999999999710e+01
2.318281700000000128e+05 -1.565048999999999957e+01 8.844714000000000453e+01
2.318283699999999953e+05 -1.568762000000000079e+01 9.577606000000000108e+01
2.318285700000000070e+05 -1.521864000000000061e+01 9.953306000000000608e+01
2.318287700000000186e+05 -1.540282000000000018e+01 8.954443000000000552e+01
2.318289700000000012e+05 -1.505559000000000047e+01 9.130356000000000449e+01
2.318291700000000128e+05 -1.482816000000000045e+01 9.529401000000000010e+01
2.318293699999999953e+05 -1.566948999999999970e+01 9.043197000000000685e+01
2.318295700000000070e+05 -1.565822000000000003e+01 9.180016999999999427e+01
2.318297700000000186e+05 -1.560205999999999982e+01 9.414978999999999587e+01
2.318299700000000012e+05 -1.472912999999999961e+01 8.913625999999999294e+01
2.318301700000000128e+05 -1.557384000000000057e+01 9.008553999999999462e+01
2.318303699999999953e+05 -1.562205999999999939e+01 8.648054999999999382e+01
2.318305700000000070e+05 -1.534619999999999962e+01 9.267757000000000289e+01
2.318307700000000186e+05 -1.623349999999999937e+01 8.480201999999999884e+01
2.318309700000000012e+05 -1.588757000000000019e+01 9.252973000000000070e+01
2.318311700000000128e+05 -1.511419000000000068e+01 8.579717999999999734e+01
2.318313699999999953e+05 -1.599688000000000088e+01 8.708987999999999374e+01
2.318315700000000070e+05 -1.551613000000000042e+01 8.335683000000000220e+01
2.318317700000000186e+05 -1.524474999999999980e+01 9.019580000000000553e+01
2.318319700000000012e+05 -1.554489000000000054e+01 9.181439000000000306e+01
2.318321700000000128e+05 -1.665152000000000143e+01 8.718497000000000696e+01
2.318323699999999953e+05 -1.552225999999999928e+01 8.863760000000000616e+01
2.318325700000000070e+05 -1.627562999999999960e+01 9.064400000000000546e+01
2.318327700000000186e+05 -1.535624999999999929e+01 9.747632000000000119e+01
2.318329700000000012e+05 -1.532469999999999999e+01 9.471457999999999799e+01
2.318331700000000128e+05 -1.542595000000000027e+01 9.594046000000000163e+01
2.318333699999999953e+05 -1.619838999999999984e+01 8.868250000000000455e+01
2.318335700000000070e+05 -1.554199000000000019e+01 9.083529000000000053e+01
2.318337700000000186e+05 -1.547419999999999973e+01 9.328055999999999415e+01
2.318339700000000012e+05 -1.519663000000000075e+01 9.080876999999999555e+01
2.318341700000000128e+05 -1.502502999999999922e+01 9.430786999999999409e+01
2.318343699999999953e+05 -1.499665000000000070e+01 9.005200999999999567e+01
2.318345700000000070e+05 -1.638370000000000104e+01 9.344352999999999554e+01
2.318347700000000186e+05 -1.547019000000000055e+01 9.158347000000000548e+01
2.318349700000000012e+05 -1.616726999999999848e+01 8.657841000000000520e+01
2.318351700000000128e+05 -1.604825999999999908e+01 1.005825999999999993e+02
2.318353699999999953e+05 -1.696866999999999948e+01 9.058893999999999380e+01
2.318355700000000070e+05 -1.575595999999999997e+01 9.957850000000000534e+01
2.318357700000000186e+05 -1.546978999999999971e+01 9.473376000000000374e+01
2.318359700000000012e+05 -1.543669000000000047e+01 9.352129999999999654e+01
2.318361700000000128e+05 -1.555047000000000068e+01 8.788545999999999481e+01
2.318363699999999953e+05 -1.593235999999999919e+01 8.984132999999999925e+01
2.318365700000000070e+05 -1.676099999999999923e+01 9.318478000000000350e+01
2.318367700000000186e+05 -1.561598000000000042e+01 9.081807000000000585e+01
2.318369700000000012e+05 -1.487074999999999925e+01 9.055329999999999302e+01
2.318371700000000128e+05 -1.548329000000000022e+01 9.304110000000000014e+01
2.318373699999999953e+05 -1.585849999999999937e+01 9.202661999999999409e+01
2.318375700000000070e+05 -1.493027000000000015e+01 9.406520000000000437e+01
2.318377700000000186e+05 -1.424137999999999948e+01 9.030342000000000269e+01
2.318379700000000012e+05 -1.537453999999999965e+01 9.303624999999999545e+01
2.318381700000000128e+05 -1.548302999999999940e+01 9.376887999999999579e+01
2.318383699999999953e+05 -1.559478000000000009e+01 9.353046000000000504e+01
2.318385700000000070e+05 -1.511111000000000004e+01 9.781547999999999377e+01
2.318387700000000186e+05 -1.527693999999999974e+01 9.528458999999999435e+01
2.318389700000000012e+05 -1.575713000000000008e+01 9.541612999999999545e+01
2.318391700000000128e+05 -1.750412000000000035e+01 9.211954000000000065e+01
2.318393699999999953e+05 -1.580476999999999954e+01 9.821613000000000682e+01
2.318395700000000070e+05 -1.674786999999999892e+01 9.415915999999999997e+01
2.318397700000000186e+05 -1.553899999999999970e+01 9.267336000000000240e+01
2.318399700000000012e+05 -1.589825000000000088e+01 9.227773000000000536e+01
2.318401700000000128e+05 -1.548381999999999969e+01 9.376856999999999687e+01
2.318403699999999953e+05 -1.522352000000000061e+01 9.976444999999999652e+01
2.318405700000000070e+05 -1.629147000000000034e+01 9.437085000000000434e+01
