# Time finished:
# 2015-06-03 03.41.03
# Temp volt start:
# 1.0210615
# Temp volt stop:
# 1.0210615
# Approx start T:
# 80.7151121083
# Approx stop T:
# 80.7465077241
# DC bias measured, messed up:
# 1.010105
# DC bias we asked for:
# 0
2.318099100000000035e+05 -1.675131000000000014e+01 8.558146999999999593e+01
2.318101100000000151e+05 -1.532179999999999964e+01 9.605692000000000519e+01
2.318103099999999977e+05 -1.539836999999999989e+01 9.078795999999999822e+01
2.318105100000000093e+05 -1.613577000000000083e+01 9.818220999999999776e+01
2.318107099999999919e+05 -1.558186000000000071e+01 9.590403000000000588e+01
2.318109100000000035e+05 -1.515296999999999983e+01 9.180037000000000091e+01
2.318111100000000151e+05 -1.585599999999999987e+01 9.244789000000000101e+01
2.318113099999999977e+05 -1.568045000000000044e+01 9.743110000000000070e+01
2.318115100000000093e+05 -1.568535999999999930e+01 8.785300999999999760e+01
2.318117099999999919e+05 -1.613303000000000154e+01 1.017433999999999941e+02
2.318119100000000035e+05 -1.571332999999999913e+01 8.846099999999999852e+01
2.318121100000000151e+05 -1.599353999999999942e+01 8.377373000000000047e+01
2.318123099999999977e+05 -1.615012000000000114e+01 9.281911999999999807e+01
2.318125100000000093e+05 -1.579284999999999961e+01 8.867253999999999792e+01
2.318127099999999919e+05 -1.443355999999999995e+01 9.083887000000000000e+01
2.318129100000000035e+05 -1.556337000000000081e+01 8.434833999999999321e+01
2.318131100000000151e+05 -1.530930999999999997e+01 8.867718999999999596e+01
2.318133099999999977e+05 -1.623132999999999981e+01 9.281023999999999319e+01
2.318135100000000093e+05 -1.561117999999999917e+01 9.234638999999999953e+01
2.318137099999999919e+05 -1.550894000000000084e+01 8.845744000000000540e+01
2.318139100000000035e+05 -1.613191000000000130e+01 9.347382000000000346e+01
2.318141100000000151e+05 -1.520655999999999963e+01 8.659794999999999732e+01
2.318143099999999977e+05 -1.508324999999999960e+01 9.483326999999999884e+01
2.318145100000000093e+05 -1.517539999999999978e+01 8.687060999999999922e+01
2.318147099999999919e+05 -1.539087999999999923e+01 9.212498999999999683e+01
2.318149100000000035e+05 -1.601726000000000028e+01 1.025468999999999937e+02
2.318151100000000151e+05 -1.500868999999999964e+01 9.067992999999999881e+01
2.318153099999999977e+05 -1.499774000000000029e+01 9.447083000000000652e+01
2.318155100000000093e+05 -1.568862000000000023e+01 8.673314000000000590e+01
2.318157099999999919e+05 -1.658481000000000094e+01 8.976507999999999754e+01
2.318159100000000035e+05 -1.553796999999999962e+01 9.235215999999999781e+01
2.318161100000000151e+05 -1.632288000000000139e+01 9.589027000000000100e+01
2.318163099999999977e+05 -1.598082999999999920e+01 9.952147999999999683e+01
2.318165100000000093e+05 -1.587888000000000055e+01 9.333046000000000220e+01
2.318167099999999919e+05 -1.535422999999999938e+01 9.332573999999999614e+01
2.318169100000000035e+05 -1.512965999999999944e+01 9.052625000000000455e+01
2.318171100000000151e+05 -1.471864000000000061e+01 8.897547000000000139e+01
2.318173099999999977e+05 -1.458749000000000073e+01 9.957040999999999542e+01
2.318175100000000093e+05 -1.519133000000000067e+01 9.461960999999999444e+01
2.318177099999999919e+05 -1.557593999999999923e+01 8.952769000000000688e+01
2.318179100000000035e+05 -1.536199000000000048e+01 8.443072999999999695e+01
2.318181100000000151e+05 -1.501605999999999952e+01 9.367233000000000231e+01
2.318183099999999977e+05 -1.513826000000000072e+01 9.215276000000000067e+01
2.318185100000000093e+05 -1.527703999999999951e+01 8.893711999999999307e+01
2.318187099999999919e+05 -1.555536000000000030e+01 9.222942999999999358e+01
2.318189100000000035e+05 -1.601717000000000013e+01 8.570720000000000027e+01
2.318191100000000151e+05 -1.587369999999999948e+01 9.511897000000000446e+01
2.318193099999999977e+05 -1.488775000000000048e+01 9.559636999999999318e+01
2.318195100000000093e+05 -1.540936999999999912e+01 8.572835000000000605e+01
2.318197099999999919e+05 -1.553470000000000084e+01 9.161794999999999334e+01
2.318199100000000035e+05 -1.623348999999999975e+01 8.777003999999999451e+01
2.318201100000000151e+05 -1.629772000000000176e+01 8.987301999999999680e+01
2.318203099999999977e+05 -1.431304000000000087e+01 9.384811999999999443e+01
2.318205100000000093e+05 -1.572376000000000040e+01 9.234198999999999558e+01
2.318207099999999919e+05 -1.613148999999999944e+01 9.216791999999999518e+01
2.318209100000000035e+05 -1.570448000000000022e+01 9.171959999999999980e+01
2.318211100000000151e+05 -1.576248999999999967e+01 9.408596000000000004e+01
2.318213099999999977e+05 -1.620964000000000027e+01 9.188944999999999652e+01
2.318215100000000093e+05 -1.650308000000000064e+01 8.980022999999999911e+01
2.318217099999999919e+05 -1.567454000000000036e+01 9.011038000000000636e+01
2.318219100000000035e+05 -1.573006999999999955e+01 9.646035999999999433e+01
2.318221100000000151e+05 -1.529626000000000019e+01 9.130782000000000664e+01
2.318223099999999977e+05 -1.567716000000000065e+01 8.848680000000000234e+01
2.318225100000000093e+05 -1.674822999999999951e+01 9.349473999999999307e+01
2.318227099999999919e+05 -1.540321999999999925e+01 9.104061000000000092e+01
2.318229100000000035e+05 -1.578276999999999930e+01 9.296035000000000537e+01
2.318231100000000151e+05 -1.542622000000000071e+01 8.777818999999999505e+01
2.318233099999999977e+05 -1.559120000000000061e+01 8.915561999999999898e+01
2.318235100000000093e+05 -1.536378000000000021e+01 9.057528999999999542e+01
2.318237099999999919e+05 -1.608096000000000103e+01 9.803216999999999359e+01
2.318239100000000035e+05 -1.538781999999999961e+01 9.164825000000000443e+01
2.318241100000000151e+05 -1.619811999999999941e+01 9.004567000000000121e+01
2.318243099999999977e+05 -1.626050000000000040e+01 8.695963999999999317e+01
2.318245100000000093e+05 -1.514493000000000045e+01 9.625114000000000658e+01
2.318247099999999919e+05 -1.556034999999999968e+01 8.497915000000000418e+01
2.318249100000000035e+05 -1.572249000000000052e+01 9.184188000000000329e+01
2.318251100000000151e+05 -1.588282000000000060e+01 8.684077000000000623e+01
2.318253099999999977e+05 -1.641004999999999825e+01 9.158907999999999561e+01
2.318255100000000093e+05 -1.517243000000000031e+01 9.473008000000000095e+01
2.318257099999999919e+05 -1.552835999999999927e+01 8.857559000000000538e+01
2.318259100000000035e+05 -1.702178999999999931e+01 9.785170999999999708e+01
2.318261100000000151e+05 -1.576304999999999978e+01 8.944983999999999469e+01
2.318263099999999977e+05 -1.517523000000000089e+01 9.286422000000000310e+01
2.318265100000000093e+05 -1.634860000000000113e+01 9.147217000000000553e+01
2.318267099999999919e+05 -1.572578999999999994e+01 8.946608000000000516e+01
2.318269100000000035e+05 -1.479374999999999929e+01 9.332077999999999918e+01
2.318271100000000151e+05 -1.502912000000000070e+01 9.517383999999999844e+01
2.318273099999999977e+05 -1.589348999999999990e+01 9.741441000000000372e+01
2.318275100000000093e+05 -1.778301000000000087e+01 9.163048999999999467e+01
2.318277099999999919e+05 -1.637929000000000102e+01 8.984396999999999878e+01
2.318279100000000035e+05 -1.573882000000000048e+01 9.120342999999999734e+01
2.318281100000000151e+05 -1.580818999999999974e+01 9.017748000000000275e+01
2.318283099999999977e+05 -1.545644000000000062e+01 9.066450000000000387e+01
2.318285100000000093e+05 -1.466104999999999947e+01 8.723202999999999463e+01
2.318287099999999919e+05 -1.486459999999999937e+01 8.834560000000000457e+01
2.318289100000000035e+05 -1.581527999999999956e+01 9.144285999999999603e+01
2.318291100000000151e+05 -1.515726000000000084e+01 9.320980000000000132e+01
2.318293099999999977e+05 -1.514586000000000077e+01 9.017248999999999626e+01
2.318295100000000093e+05 -1.571576999999999913e+01 8.846523000000000536e+01
2.318297099999999919e+05 -1.522887000000000057e+01 9.321053999999999462e+01
2.318299100000000035e+05 -1.624537000000000120e+01 9.108584999999999354e+01
