# Time finished:
# 2015-06-04 10.17.00
# Temp volt start:
# 0.94093057
# Temp volt stop:
# 0.94093057
# Approx start T:
# 124.183585834
# Approx stop T:
# 124.206888884
# DC bias measured, messed up:
# 1.379422
# DC bias we asked for:
# 0
2.318893399999999965e+05 -1.562537000000000020e+01 9.142327000000000226e+01
2.318895400000000081e+05 -1.526570000000000071e+01 9.211656000000000688e+01
2.318897399999999907e+05 -1.633454000000000050e+01 9.954017000000000337e+01
2.318899400000000023e+05 -1.450303000000000075e+01 9.017779000000000167e+01
2.318901399999999849e+05 -1.548057999999999979e+01 1.039531999999999954e+02
2.318903399999999965e+05 -1.577299000000000007e+01 1.048597000000000037e+02
2.318905400000000081e+05 -1.503918999999999961e+01 8.453023000000000309e+01
2.318907399999999907e+05 -1.559436999999999962e+01 9.222238000000000113e+01
2.318909400000000023e+05 -1.493223000000000056e+01 8.871719000000000221e+01
2.318911399999999849e+05 -1.491926999999999914e+01 8.670083999999999946e+01
2.318913399999999965e+05 -1.564564000000000021e+01 9.079204000000000008e+01
2.318915400000000081e+05 -1.610548999999999964e+01 8.820156000000000063e+01
2.318917399999999907e+05 -1.485180000000000078e+01 8.698608000000000118e+01
2.318919400000000023e+05 -1.551421999999999990e+01 9.502456999999999709e+01
2.318921399999999849e+05 -1.623500999999999905e+01 9.075902999999999565e+01
2.318923399999999965e+05 -1.579730999999999952e+01 9.851413999999999760e+01
2.318925400000000081e+05 -1.541994000000000042e+01 9.463620000000000232e+01
2.318927399999999907e+05 -1.597466999999999970e+01 9.364208000000000709e+01
2.318929400000000023e+05 -1.584625999999999912e+01 8.874804000000000315e+01
2.318931399999999849e+05 -1.528924999999999912e+01 9.374089999999999634e+01
2.318933399999999965e+05 -1.484276000000000018e+01 9.584462000000000614e+01
2.318935400000000081e+05 -1.581222999999999956e+01 9.416685999999999979e+01
2.318937399999999907e+05 -1.481490999999999936e+01 9.347925999999999647e+01
2.318939400000000023e+05 -1.544083000000000006e+01 9.198614999999999498e+01
2.318941399999999849e+05 -1.604842999999999975e+01 8.714686000000000377e+01
2.318943399999999965e+05 -1.559254999999999924e+01 9.144925999999999533e+01
2.318945400000000081e+05 -1.557598999999999911e+01 9.209453999999999496e+01
2.318947399999999907e+05 -1.611477999999999966e+01 9.161427000000000476e+01
2.318949400000000023e+05 -1.563640999999999970e+01 8.664861000000000502e+01
2.318951399999999849e+05 -1.495565999999999995e+01 9.492033999999999594e+01
2.318953399999999965e+05 -1.492409999999999926e+01 9.325288999999999362e+01
2.318955400000000081e+05 -1.641347999999999985e+01 9.268540000000000134e+01
2.318957399999999907e+05 -1.579349000000000025e+01 9.272817000000000576e+01
2.318959400000000023e+05 -1.599674000000000085e+01 8.214864000000000033e+01
2.318961399999999849e+05 -1.559755999999999965e+01 9.247884000000000526e+01
2.318963399999999965e+05 -1.566962000000000010e+01 9.506096999999999753e+01
2.318965400000000081e+05 -1.644837000000000060e+01 8.855993999999999744e+01
2.318967399999999907e+05 -1.559661000000000008e+01 9.273225999999999658e+01
2.318969400000000023e+05 -1.624632000000000076e+01 8.449173999999999296e+01
2.318971399999999849e+05 -1.621841999999999828e+01 9.504121000000000663e+01
2.318973399999999965e+05 -1.597173000000000087e+01 9.499299999999999500e+01
2.318975400000000081e+05 -1.625388999999999839e+01 8.574187000000000580e+01
2.318977399999999907e+05 -1.573067999999999955e+01 8.906680000000000064e+01
2.318979400000000023e+05 -1.622327999999999903e+01 8.938353999999999644e+01
2.318981399999999849e+05 -1.551327999999999996e+01 9.554420000000000357e+01
2.318983399999999965e+05 -1.632449000000000083e+01 9.492941000000000429e+01
2.318985400000000081e+05 -1.549020999999999937e+01 9.591491999999999507e+01
2.318987399999999907e+05 -1.537536000000000058e+01 9.061844999999999573e+01
2.318989400000000023e+05 -1.511904000000000003e+01 9.142376000000000147e+01
2.318991399999999849e+05 -1.629076999999999842e+01 8.977494000000000085e+01
2.318993399999999965e+05 -1.602900999999999954e+01 8.184099999999999397e+01
2.318995400000000081e+05 -1.628188000000000102e+01 9.519498000000000104e+01
2.318997399999999907e+05 -1.519130999999999965e+01 9.558025999999999556e+01
2.318999400000000023e+05 -1.737996000000000052e+01 8.851426999999999623e+01
2.319001399999999849e+05 -1.495848999999999940e+01 9.229816999999999894e+01
2.319003399999999965e+05 -1.588197000000000081e+01 9.019998999999999967e+01
2.319005400000000081e+05 -1.595462999999999987e+01 9.298493999999999460e+01
2.319007399999999907e+05 -1.568412000000000006e+01 9.026810999999999297e+01
2.319009400000000023e+05 -1.677379000000000175e+01 9.825758000000000436e+01
2.319011399999999849e+05 -1.459862000000000037e+01 9.141600999999999999e+01
2.319013399999999965e+05 -1.509566000000000052e+01 9.058388999999999669e+01
2.319015400000000081e+05 -1.595655999999999963e+01 8.451650999999999669e+01
2.319017399999999907e+05 -1.547476999999999947e+01 9.768878999999999735e+01
2.319019400000000023e+05 -1.462636999999999965e+01 9.647378999999999394e+01
2.319021399999999849e+05 -1.575280000000000058e+01 9.272629999999999484e+01
2.319023399999999965e+05 -1.601705000000000112e+01 8.771142999999999290e+01
2.319025400000000081e+05 -1.633126000000000033e+01 9.702854000000000667e+01
2.319027399999999907e+05 -1.555443999999999960e+01 9.504598000000000013e+01
2.319029400000000023e+05 -1.820805999999999969e+01 9.116580999999999335e+01
2.319031399999999849e+05 -1.610110999999999848e+01 8.546220999999999890e+01
2.319033399999999965e+05 -1.496820999999999913e+01 9.779572000000000287e+01
2.319035400000000081e+05 -1.544402000000000008e+01 9.691043000000000518e+01
2.319037399999999907e+05 -1.580103000000000080e+01 9.627701999999999316e+01
2.319039400000000023e+05 -1.656289999999999907e+01 9.454412000000000660e+01
2.319041399999999849e+05 -1.526432999999999929e+01 8.879431999999999903e+01
2.319043399999999965e+05 -1.582835000000000036e+01 9.535886000000000706e+01
2.319045400000000081e+05 -1.603539999999999921e+01 1.001551000000000045e+02
2.319047399999999907e+05 -1.516897999999999946e+01 9.594209999999999638e+01
2.319049400000000023e+05 -1.574023000000000039e+01 9.834859000000000151e+01
2.319051399999999849e+05 -1.522316999999999965e+01 9.042307999999999879e+01
2.319053399999999965e+05 -1.508741999999999983e+01 8.583249999999999602e+01
2.319055400000000081e+05 -1.593435999999999986e+01 9.258084999999999809e+01
2.319057399999999907e+05 -1.633698000000000050e+01 9.646621000000000379e+01
2.319059400000000023e+05 -1.540387999999999913e+01 9.375943999999999789e+01
2.319061399999999849e+05 -1.455207000000000050e+01 9.267963000000000306e+01
2.319063399999999965e+05 -1.602893999999999863e+01 9.082420000000000471e+01
2.319065400000000081e+05 -1.546396999999999977e+01 8.970515000000000327e+01
2.319067399999999907e+05 -1.577435000000000009e+01 9.338025000000000375e+01
2.319069400000000023e+05 -1.522247999999999912e+01 9.632198999999999955e+01
2.319071399999999849e+05 -1.575436000000000014e+01 9.324715000000000487e+01
2.319073399999999965e+05 -1.555208999999999975e+01 9.120201000000000136e+01
2.319075400000000081e+05 -1.551329999999999920e+01 8.878763999999999612e+01
2.319077399999999907e+05 -1.526173999999999964e+01 9.608749000000000251e+01
2.319079400000000023e+05 -1.548799999999999955e+01 9.947427000000000419e+01
2.319081399999999849e+05 -1.595575999999999972e+01 9.378647999999999740e+01
2.319083399999999965e+05 -1.483099999999999952e+01 9.195270999999999617e+01
2.319085400000000081e+05 -1.487611000000000061e+01 8.625951000000000590e+01
2.319087399999999907e+05 -1.514512000000000036e+01 8.418805999999999301e+01
2.319089400000000023e+05 -1.598714999999999975e+01 9.083042000000000371e+01
2.319091399999999849e+05 -1.551323000000000008e+01 9.096114000000000033e+01
2.319093399999999965e+05 -1.441529000000000060e+01 9.380898999999999432e+01
