# Time finished:
# 2015-06-03 07.38.11
# Temp volt start:
# 1.0133593
# Temp volt stop:
# 1.0133593
# Approx start T:
# 85.0750475962
# Approx stop T:
# 85.0555546983
# DC bias measured, messed up:
# 1.058366
# DC bias we asked for:
# 0
2.318172099999999919e+05 -1.588962000000000074e+01 9.610546999999999684e+01
2.318174100000000035e+05 -1.530574000000000012e+01 9.097442999999999813e+01
2.318176099999999860e+05 -1.507962000000000025e+01 9.527277999999999736e+01
2.318178099999999977e+05 -1.605949999999999989e+01 8.794517000000000451e+01
2.318180099999999802e+05 -1.504321999999999981e+01 9.093385000000000673e+01
2.318182099999999919e+05 -1.605073000000000150e+01 8.859998000000000218e+01
2.318184100000000035e+05 -1.522493000000000052e+01 9.252007000000000403e+01
2.318186099999999860e+05 -1.540745000000000076e+01 8.821538999999999930e+01
2.318188099999999977e+05 -1.680624999999999858e+01 9.909311999999999898e+01
2.318190099999999802e+05 -1.672083999999999904e+01 9.516616999999999393e+01
2.318192099999999919e+05 -1.505063999999999957e+01 9.436145000000000493e+01
2.318194100000000035e+05 -1.507010999999999967e+01 9.287989000000000317e+01
2.318196099999999860e+05 -1.586040000000000028e+01 8.619620999999999356e+01
2.318198099999999977e+05 -1.698750000000000071e+01 8.649947000000000230e+01
2.318200099999999802e+05 -1.667086000000000112e+01 8.812091999999999814e+01
2.318202099999999919e+05 -1.639230999999999838e+01 8.881982999999999606e+01
2.318204100000000035e+05 -1.563122000000000078e+01 9.016499000000000308e+01
2.318206099999999860e+05 -1.687438999999999822e+01 9.251662000000000319e+01
2.318208099999999977e+05 -1.528908000000000023e+01 9.040731999999999857e+01
2.318210099999999802e+05 -1.627571000000000012e+01 9.453391999999999484e+01
2.318212099999999919e+05 -1.633655999999999864e+01 9.282519000000000631e+01
2.318214100000000035e+05 -1.609490999999999872e+01 9.515251000000000658e+01
2.318216099999999860e+05 -1.609488999999999947e+01 9.129188999999999510e+01
2.318218099999999977e+05 -1.554926000000000030e+01 8.923402000000000100e+01
2.318220099999999802e+05 -1.608436999999999983e+01 8.975405999999999551e+01
2.318222099999999919e+05 -1.622766000000000020e+01 1.045352000000000032e+02
2.318224100000000035e+05 -1.506952000000000069e+01 9.688022999999999740e+01
2.318226099999999860e+05 -1.511482999999999954e+01 9.575821999999999434e+01
2.318228099999999977e+05 -1.537941999999999965e+01 9.049760000000000559e+01
2.318230099999999802e+05 -1.604744000000000170e+01 9.002306000000000097e+01
2.318232099999999919e+05 -1.558494999999999919e+01 8.921093999999999369e+01
2.318234100000000035e+05 -1.545651999999999937e+01 9.729372999999999649e+01
2.318236099999999860e+05 -1.625622999999999863e+01 9.388160000000000593e+01
2.318238099999999977e+05 -1.612752000000000052e+01 9.620190999999999804e+01
2.318240099999999802e+05 -1.524479000000000006e+01 9.356879000000000701e+01
2.318242099999999919e+05 -1.645168999999999926e+01 9.094592000000000098e+01
2.318244100000000035e+05 -1.528475000000000072e+01 9.651245000000000118e+01
2.318246099999999860e+05 -1.508379000000000048e+01 9.138957000000000619e+01
2.318248099999999977e+05 -1.485338999999999920e+01 9.623569999999999425e+01
2.318250099999999802e+05 -1.559980000000000011e+01 9.091374999999999318e+01
2.318252099999999919e+05 -1.534089999999999954e+01 9.617296000000000333e+01
2.318254100000000035e+05 -1.526449999999999996e+01 8.959597999999999729e+01
2.318256099999999860e+05 -1.701648000000000138e+01 9.580029000000000394e+01
2.318258099999999977e+05 -1.527192999999999934e+01 8.877190000000000225e+01
2.318260099999999802e+05 -1.541472000000000087e+01 9.595541000000000054e+01
2.318262099999999919e+05 -1.592272999999999961e+01 9.171169000000000437e+01
2.318264100000000035e+05 -1.561866000000000021e+01 9.102911000000000286e+01
2.318266099999999860e+05 -1.611536999999999864e+01 9.747933999999999344e+01
2.318268099999999977e+05 -1.633108999999999966e+01 9.098292999999999608e+01
2.318270099999999802e+05 -1.578933999999999926e+01 8.762363000000000568e+01
2.318272099999999919e+05 -1.559126000000000012e+01 9.833105000000000473e+01
2.318274100000000035e+05 -1.535933999999999955e+01 8.861136999999999375e+01
2.318276099999999860e+05 -1.627796000000000021e+01 9.322172999999999377e+01
2.318278099999999977e+05 -1.493848000000000020e+01 8.860425999999999647e+01
2.318280099999999802e+05 -1.557034999999999947e+01 9.261728999999999701e+01
2.318282099999999919e+05 -1.472457999999999956e+01 8.904586000000000467e+01
2.318284100000000035e+05 -1.571851999999999983e+01 9.692668000000000461e+01
2.318286099999999860e+05 -1.601063999999999865e+01 9.615680999999999301e+01
2.318288099999999977e+05 -1.547278000000000020e+01 9.106631000000000142e+01
2.318290099999999802e+05 -1.558000000000000007e+01 9.905979999999999563e+01
2.318292099999999919e+05 -1.653797000000000139e+01 9.255066999999999666e+01
2.318294100000000035e+05 -1.574863999999999997e+01 9.087503999999999849e+01
2.318296099999999860e+05 -1.556095999999999968e+01 8.533699000000000012e+01
2.318298099999999977e+05 -1.594417999999999935e+01 9.259968999999999539e+01
2.318300099999999802e+05 -1.479574000000000034e+01 9.200848999999999478e+01
2.318302099999999919e+05 -1.536442000000000085e+01 9.534817999999999927e+01
2.318304100000000035e+05 -1.511628999999999934e+01 9.529765000000000441e+01
2.318306099999999860e+05 -1.519031000000000020e+01 9.438544000000000267e+01
2.318308099999999977e+05 -1.592628999999999984e+01 9.348234999999999673e+01
2.318310099999999802e+05 -1.544425000000000026e+01 9.956696999999999775e+01
2.318312099999999919e+05 -1.540618000000000087e+01 9.691392000000000451e+01
2.318314100000000035e+05 -1.558562000000000047e+01 9.176793999999999585e+01
2.318316099999999860e+05 -1.455823000000000000e+01 9.096161999999999637e+01
2.318318099999999977e+05 -1.676633999999999958e+01 8.611758000000000379e+01
2.318320099999999802e+05 -1.534674000000000049e+01 9.122118000000000393e+01
2.318322099999999919e+05 -1.551326000000000072e+01 9.250454999999999472e+01
2.318324100000000035e+05 -1.507029999999999959e+01 9.264811000000000263e+01
2.318326099999999860e+05 -1.617939000000000149e+01 8.553310000000000457e+01
2.318328099999999977e+05 -1.625711000000000084e+01 9.361984999999999957e+01
2.318330099999999802e+05 -1.522594999999999921e+01 8.938182999999999367e+01
2.318332099999999919e+05 -1.546784000000000070e+01 9.035174000000000660e+01
2.318334100000000035e+05 -1.494875000000000043e+01 9.254643000000000086e+01
2.318336099999999860e+05 -1.563467999999999947e+01 9.066004999999999825e+01
2.318338099999999977e+05 -1.617737999999999943e+01 9.361840999999999724e+01
2.318340099999999802e+05 -1.524433999999999934e+01 9.427683000000000391e+01
2.318342099999999919e+05 -1.578049999999999997e+01 9.012639000000000067e+01
2.318344100000000035e+05 -1.481386999999999965e+01 9.300530000000000541e+01
2.318346099999999860e+05 -1.584423999999999921e+01 9.522307999999999595e+01
2.318348099999999977e+05 -1.463540000000000063e+01 9.017785000000000650e+01
2.318350099999999802e+05 -1.528594000000000008e+01 8.840872000000000241e+01
2.318352099999999919e+05 -1.513536999999999999e+01 9.517857999999999663e+01
2.318354100000000035e+05 -1.563122000000000078e+01 9.016728999999999417e+01
2.318356099999999860e+05 -1.694474999999999909e+01 8.967309000000000196e+01
2.318358099999999977e+05 -1.686893999999999849e+01 9.082911000000000001e+01
2.318360099999999802e+05 -1.494799000000000078e+01 9.231995000000000573e+01
2.318362099999999919e+05 -1.427425000000000033e+01 9.437821999999999889e+01
2.318364100000000035e+05 -1.621977000000000046e+01 9.858480000000000132e+01
2.318366099999999860e+05 -1.553950000000000031e+01 8.717834000000000572e+01
2.318368099999999977e+05 -1.550380000000000003e+01 8.527177000000000362e+01
2.318370099999999802e+05 -1.629834999999999923e+01 8.781656999999999869e+01
2.318372099999999919e+05 -1.588413000000000075e+01 9.146428000000000225e+01
