# Time finished:
# 2015-06-04 09.24.24
# Temp volt start:
# 0.95026406
# Temp volt stop:
# 0.95026406
# Approx start T:
# 119.3216881
# Approx stop T:
# 119.343419279
# DC bias measured, messed up:
# 0.9777873
# DC bias we asked for:
# 0
2.318821300000000047e+05 -1.522950999999999944e+01 8.997476000000000340e+01
2.318823300000000163e+05 -1.545674999999999955e+01 9.673050000000000637e+01
2.318825299999999988e+05 -1.532108000000000025e+01 9.293395999999999901e+01
2.318827300000000105e+05 -1.604820000000000135e+01 9.196716000000000690e+01
2.318829299999999930e+05 -1.528926000000000052e+01 8.984247000000000583e+01
2.318831300000000047e+05 -1.575111000000000061e+01 8.965322000000000457e+01
2.318833300000000163e+05 -1.668991000000000113e+01 9.422146999999999650e+01
2.318835299999999988e+05 -1.545655999999999963e+01 9.331954000000000349e+01
2.318837300000000105e+05 -1.563686000000000043e+01 8.997280999999999551e+01
2.318839299999999930e+05 -1.555854000000000070e+01 9.640196000000000254e+01
2.318841300000000047e+05 -1.557522999999999946e+01 8.960706999999999312e+01
2.318843300000000163e+05 -1.580949999999999989e+01 9.253994000000000142e+01
2.318845299999999988e+05 -1.582837999999999923e+01 9.240533000000000641e+01
2.318847300000000105e+05 -1.649408000000000030e+01 9.376720000000000255e+01
2.318849299999999930e+05 -1.632200999999999880e+01 9.180062999999999818e+01
2.318851300000000047e+05 -1.653712000000000160e+01 9.736257000000000517e+01
2.318853300000000163e+05 -1.623718999999999824e+01 9.458086000000000126e+01
2.318855299999999988e+05 -1.531451999999999991e+01 8.608693999999999846e+01
2.318857300000000105e+05 -1.592206000000000010e+01 9.573103000000000407e+01
2.318859299999999930e+05 -1.537360999999999933e+01 9.583254999999999768e+01
2.318861300000000047e+05 -1.451750999999999969e+01 9.638057000000000585e+01
2.318863300000000163e+05 -1.597964999999999947e+01 9.615310999999999808e+01
2.318865299999999988e+05 -1.517364000000000068e+01 8.780574000000000012e+01
2.318867300000000105e+05 -1.523089000000000048e+01 9.381522999999999968e+01
2.318869299999999930e+05 -1.620580999999999960e+01 9.002544000000000324e+01
2.318871300000000047e+05 -1.599954999999999927e+01 1.033499000000000052e+02
2.318873300000000163e+05 -1.515915999999999997e+01 8.683580000000000609e+01
2.318875299999999988e+05 -1.589002999999999943e+01 9.412333999999999889e+01
2.318877300000000105e+05 -1.554738000000000042e+01 9.090072999999999581e+01
2.318879299999999930e+05 -1.548518999999999934e+01 9.028109000000000606e+01
2.318881300000000047e+05 -1.511806999999999945e+01 8.930396000000000356e+01
2.318883300000000163e+05 -1.516635999999999918e+01 9.075217000000000667e+01
2.318885299999999988e+05 -1.606975999999999871e+01 9.537793999999999528e+01
2.318887300000000105e+05 -1.522218999999999944e+01 9.788432000000000244e+01
2.318889299999999930e+05 -1.640952000000000055e+01 9.319473000000000695e+01
2.318891300000000047e+05 -1.580544000000000082e+01 9.122271000000000640e+01
2.318893300000000163e+05 -1.488896000000000086e+01 9.924787999999999499e+01
2.318895299999999988e+05 -1.479274000000000022e+01 9.402316000000000429e+01
2.318897300000000105e+05 -1.643742999999999910e+01 9.659967000000000326e+01
2.318899299999999930e+05 -1.560187999999999953e+01 9.615402000000000271e+01
2.318901300000000047e+05 -1.609484000000000137e+01 9.305952000000000623e+01
2.318903300000000163e+05 -1.617614000000000019e+01 9.223776999999999759e+01
2.318905299999999988e+05 -1.584755000000000003e+01 9.465594000000000108e+01
2.318907300000000105e+05 -1.543543000000000021e+01 8.903503000000000611e+01
2.318909299999999930e+05 -1.582914000000000065e+01 9.241432000000000357e+01
2.318911300000000047e+05 -1.663191000000000130e+01 9.681986000000000558e+01
2.318913300000000163e+05 -1.537349999999999994e+01 8.616516000000000020e+01
2.318915299999999988e+05 -1.508745000000000047e+01 9.817699000000000353e+01
2.318917300000000105e+05 -1.528572999999999915e+01 9.196415000000000362e+01
2.318919299999999930e+05 -1.594247000000000014e+01 9.937241000000000213e+01
2.318921300000000047e+05 -1.593205999999999989e+01 8.651363000000000625e+01
2.318923300000000163e+05 -1.557114999999999938e+01 9.486536999999999864e+01
2.318925299999999988e+05 -1.688045999999999935e+01 9.647620000000000573e+01
2.318927300000000105e+05 -1.436009999999999920e+01 9.230876000000000658e+01
2.318929299999999930e+05 -1.691653000000000162e+01 9.365286000000000399e+01
2.318931300000000047e+05 -1.513907999999999987e+01 9.320901000000000636e+01
2.318933300000000163e+05 -1.574792000000000058e+01 9.477209000000000572e+01
2.318935299999999988e+05 -1.583897999999999939e+01 8.816940999999999917e+01
2.318937300000000105e+05 -1.530047000000000068e+01 9.531394000000000233e+01
2.318939299999999930e+05 -1.566723999999999961e+01 8.356574999999999420e+01
2.318941300000000047e+05 -1.580409000000000042e+01 9.913777000000000328e+01
2.318943300000000163e+05 -1.536886999999999937e+01 9.007377999999999929e+01
2.318945299999999988e+05 -1.510110000000000063e+01 9.295823000000000036e+01
2.318947300000000105e+05 -1.498503000000000007e+01 9.763297000000000025e+01
2.318949299999999930e+05 -1.669584000000000046e+01 8.940615999999999985e+01
2.318951300000000047e+05 -1.658090999999999937e+01 9.406212999999999624e+01
2.318953300000000163e+05 -1.527616000000000085e+01 9.023386999999999603e+01
2.318955299999999988e+05 -1.681862999999999886e+01 9.572127999999999304e+01
2.318957300000000105e+05 -1.543772000000000055e+01 9.446227000000000373e+01
2.318959299999999930e+05 -1.564756000000000036e+01 9.126282000000000494e+01
2.318961300000000047e+05 -1.574637000000000064e+01 8.887968999999999653e+01
2.318963300000000163e+05 -1.677115999999999829e+01 9.599505999999999517e+01
2.318965299999999988e+05 -1.673063000000000144e+01 9.789200999999999908e+01
2.318967300000000105e+05 -1.624784000000000006e+01 8.668286999999999409e+01
2.318969299999999930e+05 -1.550362999999999936e+01 9.626073999999999842e+01
2.318971300000000047e+05 -1.459004000000000012e+01 9.594464000000000681e+01
2.318973300000000163e+05 -1.507980000000000054e+01 9.163461999999999819e+01
2.318975299999999988e+05 -1.504111999999999938e+01 9.115166999999999575e+01
2.318977300000000105e+05 -1.603173999999999921e+01 8.751708999999999605e+01
2.318979299999999930e+05 -1.631593000000000160e+01 9.599998999999999683e+01
2.318981300000000047e+05 -1.475769000000000020e+01 9.846577000000000623e+01
2.318983300000000163e+05 -1.575314000000000014e+01 8.558978000000000463e+01
2.318985299999999988e+05 -1.563205999999999918e+01 9.320566999999999780e+01
2.318987300000000105e+05 -1.570262999999999920e+01 9.580047000000000423e+01
2.318989299999999930e+05 -1.549732999999999983e+01 9.333844000000000563e+01
2.318991300000000047e+05 -1.577008000000000010e+01 9.713898000000000366e+01
2.318993300000000163e+05 -1.530536000000000030e+01 9.382616000000000156e+01
2.318995299999999988e+05 -1.469106999999999985e+01 9.818586000000000524e+01
2.318997300000000105e+05 -1.554983999999999966e+01 9.116191999999999496e+01
2.318999299999999930e+05 -1.535905999999999949e+01 9.494244000000000483e+01
2.319001300000000047e+05 -1.526167000000000051e+01 9.765505000000000280e+01
2.319003300000000163e+05 -1.615478999999999843e+01 9.210065000000000168e+01
2.319005299999999988e+05 -1.581068999999999924e+01 9.333305000000000007e+01
2.319007300000000105e+05 -1.576605999999999952e+01 8.518161000000000627e+01
2.319009299999999930e+05 -1.519426999999999950e+01 9.380952999999999520e+01
2.319011300000000047e+05 -1.553294999999999959e+01 9.728228000000000009e+01
2.319013300000000163e+05 -1.580272000000000077e+01 9.570664999999999623e+01
2.319015299999999988e+05 -1.649221999999999966e+01 9.149563000000000557e+01
2.319017300000000105e+05 -1.437664000000000009e+01 9.398202999999999463e+01
2.319019299999999930e+05 -1.625676999999999950e+01 8.499335000000000662e+01
2.319021300000000047e+05 -1.557028000000000034e+01 9.487080000000000268e+01
