# Time finished:
# 2015-06-02 02.46.36
# Temp volt start:
# 0.99107048
# Temp volt stop:
# 0.99107048
# Approx start T:
# 97.462877311
# Approx stop T:
# 97.4401850284
# DC bias measured, messed up:
# 5.181191
# DC bias we asked for:
# 0
2.318293800000000047e+05 -1.248567000000000071e+01 1.165896999999999935e+02
2.318295800000000163e+05 -1.631219000000000108e+01 8.218265999999999849e+01
2.318297799999999988e+05 -1.867364999999999853e+01 1.068768000000000029e+02
2.318299800000000105e+05 -1.326736000000000004e+01 9.281936000000000320e+01
2.318301799999999930e+05 -1.245152000000000037e+01 9.004698999999999387e+01
2.318303800000000047e+05 -1.377047999999999917e+01 1.275504999999999995e+02
2.318305800000000163e+05 -1.807676999999999978e+01 9.425551000000000101e+01
2.318307799999999988e+05 -1.944191999999999965e+01 8.268975000000000364e+01
2.318309800000000105e+05 -1.760163999999999973e+01 8.489960000000000662e+01
2.318311799999999930e+05 -1.268662999999999919e+01 7.950668000000000291e+01
2.318313800000000047e+05 -1.694958000000000098e+01 7.338590999999999553e+01
2.318315800000000163e+05 -1.217984000000000044e+01 8.512252999999999759e+01
2.318317799999999988e+05 -1.288054999999999950e+01 8.652535000000000309e+01
2.318319800000000105e+05 -1.635876000000000019e+01 9.477187000000000694e+01
2.318321799999999930e+05 -1.813588000000000022e+01 8.987681000000000608e+01
2.318323800000000047e+05 -1.527238000000000007e+01 1.236901000000000010e+02
2.318325800000000163e+05 -1.268346000000000018e+01 7.471307000000000187e+01
2.318327799999999988e+05 -1.329866999999999955e+01 9.494991000000000270e+01
2.318329800000000105e+05 -1.298018000000000072e+01 1.120682999999999936e+02
2.318331799999999930e+05 -1.480832000000000015e+01 1.305442999999999927e+02
2.318333800000000047e+05 -1.543351999999999968e+01 1.380396000000000072e+02
2.318335800000000163e+05 -1.703682999999999836e+01 7.591334999999999411e+01
2.318337799999999988e+05 -1.340076000000000001e+01 1.110418999999999983e+02
2.318339800000000105e+05 -1.461974000000000018e+01 8.547410000000000707e+01
2.318341799999999930e+05 -1.642897999999999925e+01 1.015537000000000063e+02
2.318343800000000047e+05 -1.493622000000000050e+01 7.980974000000000501e+01
2.318345800000000163e+05 -1.384969000000000072e+01 1.028519000000000005e+02
2.318347799999999988e+05 -1.299996999999999936e+01 8.491316000000000486e+01
2.318349800000000105e+05 -2.230461999999999989e+01 6.250759999999999650e+01
2.318351799999999930e+05 -1.240568999999999988e+01 9.648887999999999465e+01
2.318353800000000047e+05 -1.534046999999999983e+01 1.128048000000000002e+02
2.318355800000000163e+05 -1.406912999999999947e+01 1.027681000000000040e+02
2.318357799999999988e+05 -1.347559000000000040e+01 1.264928000000000026e+02
2.318359800000000105e+05 -1.642565000000000097e+01 8.996918999999999755e+01
2.318361799999999930e+05 -1.930819999999999936e+01 7.598915999999999826e+01
2.318363800000000047e+05 -1.100914999999999999e+01 1.023169000000000040e+02
2.318365800000000163e+05 -1.477805999999999997e+01 8.647259999999999991e+01
2.318367799999999988e+05 -1.199445000000000050e+01 1.019561000000000064e+02
2.318369800000000105e+05 -1.165902999999999956e+01 9.502078000000000202e+01
2.318371799999999930e+05 -1.595162999999999975e+01 1.222229999999999990e+02
2.318373800000000047e+05 -1.272730999999999923e+01 1.078803999999999945e+02
2.318375800000000163e+05 -1.425230999999999959e+01 9.493404999999999916e+01
2.318377799999999988e+05 -1.403204000000000029e+01 8.283252000000000237e+01
2.318379800000000105e+05 -1.832595999999999847e+01 9.299321999999999377e+01
2.318381799999999930e+05 -1.470401000000000025e+01 7.198534999999999684e+01
2.318383800000000047e+05 -1.823576999999999870e+01 1.035206000000000017e+02
2.318385800000000163e+05 -1.584537000000000084e+01 1.107646000000000015e+02
2.318387799999999988e+05 -1.362092999999999954e+01 1.239245999999999981e+02
2.318389800000000105e+05 -1.466994000000000042e+01 1.060152999999999963e+02
2.318391799999999930e+05 -1.494732999999999912e+01 1.121700000000000017e+02
2.318393800000000047e+05 -1.430932999999999922e+01 7.845298999999999978e+01
2.318395800000000163e+05 -1.258140000000000036e+01 1.071213999999999942e+02
2.318397799999999988e+05 -1.284235999999999933e+01 1.031255000000000024e+02
2.318399800000000105e+05 -1.507194999999999929e+01 7.870802000000000476e+01
2.318401799999999930e+05 -1.597683999999999926e+01 1.014171000000000049e+02
2.318403800000000047e+05 -1.704652000000000100e+01 1.123729000000000013e+02
2.318405800000000163e+05 -1.422310000000000052e+01 9.258811000000000035e+01
2.318407799999999988e+05 -1.718436000000000163e+01 8.368036999999999637e+01
2.318409800000000105e+05 -1.398784999999999989e+01 1.059739000000000004e+02
2.318411799999999930e+05 -1.473137000000000008e+01 1.103990000000000009e+02
2.318413800000000047e+05 -1.565333000000000041e+01 1.169707999999999970e+02
2.318415800000000163e+05 -1.571777999999999942e+01 6.713312999999999420e+01
2.318417799999999988e+05 -1.556480999999999959e+01 8.750396999999999537e+01
2.318419800000000105e+05 -1.670204999999999984e+01 6.260871999999999815e+01
2.318421799999999930e+05 -1.390541999999999945e+01 1.062433000000000050e+02
2.318423800000000047e+05 -1.797277000000000058e+01 1.122379999999999995e+02
2.318425800000000163e+05 -1.690552999999999884e+01 1.017777999999999992e+02
2.318427799999999988e+05 -1.978010000000000090e+01 1.087533999999999992e+02
2.318429800000000105e+05 -1.744256999999999991e+01 6.253081999999999852e+01
2.318431799999999930e+05 -1.760476999999999848e+01 8.906623999999999342e+01
2.318433800000000047e+05 -1.449117000000000033e+01 9.713764999999999361e+01
2.318435800000000163e+05 -1.315912999999999933e+01 9.190523000000000309e+01
2.318437799999999988e+05 -1.113873000000000069e+01 9.515841000000000349e+01
2.318439800000000105e+05 -1.152778999999999954e+01 8.457568999999999448e+01
2.318441799999999930e+05 -1.577167000000000030e+01 1.167617000000000047e+02
2.318443800000000047e+05 -2.519232999999999834e+01 1.437290000000000134e+02
2.318445800000000163e+05 -1.626343999999999923e+01 6.512932999999999595e+01
2.318447799999999988e+05 -1.403420999999999985e+01 9.520201000000000136e+01
2.318449800000000105e+05 -1.574144000000000077e+01 1.192680000000000007e+02
2.318451799999999930e+05 -1.851202999999999932e+01 5.733413000000000181e+01
2.318453800000000047e+05 -1.526789999999999914e+01 9.330707999999999913e+01
2.318455800000000163e+05 -2.320692999999999984e+01 9.620162999999999442e+01
2.318457799999999988e+05 -1.485532000000000075e+01 8.696793999999999869e+01
2.318459800000000105e+05 -1.682581000000000060e+01 7.937122999999999706e+01
2.318461799999999930e+05 -1.716870000000000118e+01 1.028996000000000066e+02
2.318463800000000047e+05 -1.850592999999999932e+01 1.097683999999999997e+02
2.318465800000000163e+05 -1.561843000000000004e+01 6.677701999999999316e+01
2.318467799999999988e+05 -1.081861999999999924e+01 7.778929999999999723e+01
2.318469800000000105e+05 -2.048915999999999826e+01 1.278780000000000001e+02
2.318471799999999930e+05 -1.743517999999999901e+01 1.174712999999999994e+02
2.318473800000000047e+05 -1.398936999999999919e+01 9.382947000000000060e+01
2.318475800000000163e+05 -1.623536999999999964e+01 8.281744999999999379e+01
2.318477799999999988e+05 -1.393937000000000026e+01 1.117359000000000009e+02
2.318479800000000105e+05 -1.567266000000000048e+01 6.785916000000000281e+01
2.318481799999999930e+05 -1.370334000000000074e+01 1.307103999999999928e+02
2.318483800000000047e+05 -1.402514000000000038e+01 9.109225000000000705e+01
2.318485800000000163e+05 -1.837816000000000116e+01 7.091170999999999935e+01
2.318487799999999988e+05 -1.545794000000000068e+01 1.084823999999999984e+02
2.318489800000000105e+05 -1.265851999999999933e+01 9.995642999999999745e+01
2.318491799999999930e+05 -1.495919999999999916e+01 7.724553000000000225e+01
2.318493800000000047e+05 -1.671139000000000152e+01 8.571300999999999704e+01
