# Time finished:
# 2015-06-03 11.25.28
# Temp volt start:
# 1.0091593
# Temp volt stop:
# 1.0091593
# Approx start T:
# 87.4350806173
# Approx stop T:
# 87.4509414923
# DC bias measured, messed up:
# 1.259682
# DC bias we asked for:
# 0
2.318220700000000070e+05 -1.601236000000000104e+01 1.001580000000000013e+02
2.318222700000000186e+05 -1.597011000000000003e+01 9.126883999999999730e+01
2.318224700000000012e+05 -1.593872000000000000e+01 9.357292999999999950e+01
2.318226700000000128e+05 -1.684298000000000073e+01 9.033777999999999508e+01
2.318228699999999953e+05 -1.489912999999999954e+01 9.277848000000000184e+01
2.318230700000000070e+05 -1.582019000000000020e+01 9.182107999999999493e+01
2.318232700000000186e+05 -1.541254999999999953e+01 8.587350999999999601e+01
2.318234700000000012e+05 -1.625392000000000081e+01 9.253274999999999295e+01
2.318236700000000128e+05 -1.544333999999999918e+01 9.598421000000000447e+01
2.318238699999999953e+05 -1.630755999999999872e+01 9.811771000000000242e+01
2.318240700000000070e+05 -1.490231999999999957e+01 9.346254000000000417e+01
2.318242700000000186e+05 -1.506378999999999913e+01 9.947269000000000005e+01
2.318244700000000012e+05 -1.583450000000000024e+01 8.740492000000000417e+01
2.318246700000000128e+05 -1.606053999999999959e+01 8.814601999999999293e+01
2.318248699999999953e+05 -1.471986000000000061e+01 9.035568000000000666e+01
2.318250700000000070e+05 -1.594022000000000006e+01 9.257197999999999638e+01
2.318252700000000186e+05 -1.518046999999999969e+01 9.206016999999999939e+01
2.318254700000000012e+05 -1.498178000000000054e+01 9.106210000000000093e+01
2.318256700000000128e+05 -1.521743000000000023e+01 9.393412999999999613e+01
2.318258699999999953e+05 -1.660099999999999909e+01 8.918899000000000399e+01
2.318260700000000070e+05 -1.518249999999999922e+01 9.369137999999999522e+01
2.318262700000000186e+05 -1.560111999999999988e+01 9.715045999999999538e+01
2.318264700000000012e+05 -1.534397000000000055e+01 9.334610000000000696e+01
2.318266700000000128e+05 -1.571063000000000009e+01 9.483141999999999427e+01
2.318268699999999953e+05 -1.511084999999999923e+01 9.485837999999999681e+01
2.318270700000000070e+05 -1.569218000000000046e+01 9.222230000000000416e+01
2.318272700000000186e+05 -1.596632999999999925e+01 9.025977000000000317e+01
2.318274700000000012e+05 -1.564836000000000027e+01 9.099496000000000606e+01
2.318276700000000128e+05 -1.647437000000000040e+01 9.563263999999999498e+01
2.318278699999999953e+05 -1.546564000000000050e+01 8.570929999999999893e+01
2.318280700000000070e+05 -1.509432999999999936e+01 9.265188999999999453e+01
2.318282700000000186e+05 -1.536153999999999975e+01 9.346305999999999869e+01
2.318284700000000012e+05 -1.536813000000000073e+01 8.868205000000000382e+01
2.318286700000000128e+05 -1.608012000000000086e+01 8.970183000000000106e+01
2.318288699999999953e+05 -1.591066000000000003e+01 9.041407999999999845e+01
2.318290700000000070e+05 -1.623317000000000121e+01 8.231310000000000571e+01
2.318292700000000186e+05 -1.648032999999999859e+01 9.292427000000000703e+01
2.318294700000000012e+05 -1.576195000000000057e+01 9.596151999999999305e+01
2.318296700000000128e+05 -1.616366000000000014e+01 9.673323999999999501e+01
2.318298699999999953e+05 -1.591658999999999935e+01 8.645495999999999981e+01
2.318300700000000070e+05 -1.565588999999999942e+01 9.272482999999999720e+01
2.318302700000000186e+05 -1.555790000000000006e+01 9.553637999999999408e+01
2.318304700000000012e+05 -1.574493000000000009e+01 9.558239000000000374e+01
2.318306700000000128e+05 -1.683823999999999899e+01 9.742886000000000024e+01
2.318308699999999953e+05 -1.493220999999999954e+01 8.925726000000000226e+01
2.318310700000000070e+05 -1.634912999999999883e+01 9.105259999999999820e+01
2.318312700000000186e+05 -1.664656000000000091e+01 9.262896999999999537e+01
2.318314700000000012e+05 -1.552425999999999995e+01 9.212772999999999968e+01
2.318316700000000128e+05 -1.495176000000000016e+01 8.523859000000000208e+01
2.318318699999999953e+05 -1.459754000000000040e+01 8.963000999999999863e+01
2.318320700000000070e+05 -1.641985000000000028e+01 9.360518000000000427e+01
2.318322700000000186e+05 -1.537604999999999933e+01 9.167132999999999754e+01
2.318324700000000012e+05 -1.541272000000000020e+01 8.937875999999999976e+01
2.318326700000000128e+05 -1.601572000000000173e+01 9.514611999999999625e+01
2.318328699999999953e+05 -1.623295999999999850e+01 9.504755000000000109e+01
2.318330700000000070e+05 -1.480800999999999945e+01 1.020138000000000034e+02
2.318332700000000186e+05 -1.576927000000000056e+01 9.321616000000000213e+01
2.318334700000000012e+05 -1.586815999999999960e+01 8.508504000000000644e+01
2.318336700000000128e+05 -1.720918999999999954e+01 9.938768000000000313e+01
2.318338699999999953e+05 -1.573882000000000048e+01 8.621703999999999724e+01
2.318340700000000070e+05 -1.577748000000000062e+01 8.870071000000000083e+01
2.318342700000000186e+05 -1.709611999999999910e+01 8.747611000000000558e+01
2.318344700000000012e+05 -1.588069999999999915e+01 9.169272999999999740e+01
2.318346700000000128e+05 -1.613644000000000034e+01 9.412127999999999872e+01
2.318348699999999953e+05 -1.554696999999999996e+01 9.700639999999999930e+01
2.318350700000000070e+05 -1.657282999999999973e+01 9.058921999999999741e+01
2.318352700000000186e+05 -1.613083999999999918e+01 9.594328000000000145e+01
2.318354700000000012e+05 -1.513847999999999949e+01 9.068074000000000012e+01
2.318356700000000128e+05 -1.542370999999999981e+01 9.057847999999999900e+01
2.318358699999999953e+05 -1.509421000000000035e+01 9.358006000000000313e+01
2.318360700000000070e+05 -1.650106999999999857e+01 9.755764999999999532e+01
2.318362700000000186e+05 -1.616619000000000028e+01 8.611490999999999474e+01
2.318364700000000012e+05 -1.552643999999999913e+01 9.407783000000000584e+01
2.318366700000000128e+05 -1.525319999999999965e+01 9.252813000000000443e+01
2.318368699999999953e+05 -1.522175999999999974e+01 9.111656000000000688e+01
2.318370700000000070e+05 -1.594900999999999947e+01 8.566397000000000617e+01
2.318372700000000186e+05 -1.536234999999999928e+01 8.881237000000000137e+01
2.318374700000000012e+05 -1.521177999999999919e+01 8.713501999999999725e+01
2.318376700000000128e+05 -1.548095999999999961e+01 9.250060000000000571e+01
2.318378699999999953e+05 -1.577820000000000000e+01 8.794741000000000497e+01
2.318380700000000070e+05 -1.581589999999999918e+01 8.679621000000000208e+01
2.318382700000000186e+05 -1.579410999999999987e+01 9.534412000000000376e+01
2.318384700000000012e+05 -1.506919000000000075e+01 9.335542999999999836e+01
2.318386700000000128e+05 -1.551545999999999914e+01 9.748346999999999696e+01
2.318388699999999953e+05 -1.624555000000000149e+01 8.937221999999999866e+01
2.318390700000000070e+05 -1.586255000000000059e+01 9.662895000000000323e+01
2.318392700000000186e+05 -1.533309999999999995e+01 9.204823000000000377e+01
2.318394700000000012e+05 -1.572283999999999970e+01 8.973677999999999599e+01
2.318396700000000128e+05 -1.640051000000000059e+01 7.657065000000000055e+01
2.318398699999999953e+05 -1.506925999999999988e+01 9.334678999999999860e+01
2.318400700000000070e+05 -1.490817000000000014e+01 9.120208999999999833e+01
2.318402700000000186e+05 -1.665553999999999846e+01 9.235962999999999568e+01
2.318404700000000012e+05 -1.582577000000000034e+01 9.057914999999999850e+01
2.318406700000000128e+05 -1.591211999999999982e+01 9.893300000000000693e+01
2.318408699999999953e+05 -1.455258000000000074e+01 9.096084999999999354e+01
2.318410700000000070e+05 -1.498210000000000086e+01 9.231959999999999411e+01
2.318412700000000186e+05 -1.519203000000000081e+01 9.253564000000000078e+01
2.318414700000000012e+05 -1.564686999999999983e+01 9.457256999999999891e+01
2.318416700000000128e+05 -1.574155000000000015e+01 9.421474999999999511e+01
2.318418699999999953e+05 -1.569974999999999987e+01 9.545114999999999839e+01
2.318420700000000070e+05 -1.551370999999999967e+01 9.153396999999999650e+01
