# Time finished:
# 2015-06-04 03.23.48
# Temp volt start:
# 0.99530392
# Temp volt stop:
# 0.99530392
# Approx start T:
# 95.1355166681
# Approx stop T:
# 95.1739188219
# DC bias measured, messed up:
# 1.369069
# DC bias we asked for:
# 0
2.318387200000000012e+05 -1.667426000000000030e+01 9.444097999999999615e+01
2.318389200000000128e+05 -1.527167999999999992e+01 9.073239999999999839e+01
2.318391199999999953e+05 -1.601998999999999995e+01 8.793171999999999855e+01
2.318393200000000070e+05 -1.648652999999999835e+01 9.672995000000000232e+01
2.318395199999999895e+05 -1.535828000000000060e+01 9.249876999999999327e+01
2.318397200000000012e+05 -1.485051999999999950e+01 8.462752000000000407e+01
2.318399200000000128e+05 -1.539692999999999934e+01 9.350874000000000308e+01
2.318401199999999953e+05 -1.530071000000000048e+01 1.024719999999999942e+02
2.318403200000000070e+05 -1.564207999999999998e+01 9.574509999999999366e+01
2.318405199999999895e+05 -1.628729999999999833e+01 9.215164000000000044e+01
2.318407200000000012e+05 -1.529242999999999952e+01 1.020781999999999954e+02
2.318409200000000128e+05 -1.665876000000000090e+01 9.195391999999999655e+01
2.318411199999999953e+05 -1.496354999999999968e+01 9.192177999999999827e+01
2.318413200000000070e+05 -1.570041999999999938e+01 8.482654999999999745e+01
2.318415199999999895e+05 -1.492739000000000082e+01 9.710872999999999422e+01
2.318417200000000012e+05 -1.624525999999999826e+01 9.734207999999999572e+01
2.318419200000000128e+05 -1.485368000000000066e+01 1.007877000000000010e+02
2.318421199999999953e+05 -1.674946999999999875e+01 9.254148999999999603e+01
2.318423200000000070e+05 -1.468778999999999968e+01 8.632828999999999553e+01
2.318425199999999895e+05 -1.569303000000000026e+01 9.366518000000000654e+01
2.318427200000000012e+05 -1.646610000000000085e+01 9.687752000000000407e+01
2.318429200000000128e+05 -1.620343000000000089e+01 9.438709000000000060e+01
2.318431199999999953e+05 -1.523834000000000088e+01 9.050979999999999848e+01
2.318433200000000070e+05 -1.550932000000000066e+01 9.094459999999999411e+01
2.318435199999999895e+05 -1.556972999999999985e+01 8.885621999999999332e+01
2.318437200000000012e+05 -1.602457000000000065e+01 9.628128999999999849e+01
2.318439200000000128e+05 -1.585436999999999941e+01 9.340072000000000685e+01
2.318441199999999953e+05 -1.533569999999999922e+01 8.871526000000000067e+01
2.318443200000000070e+05 -1.607449000000000083e+01 9.107702000000000453e+01
2.318445199999999895e+05 -1.508758000000000088e+01 9.570960999999999785e+01
2.318447200000000012e+05 -1.597554000000000052e+01 9.286364000000000374e+01
2.318449200000000128e+05 -1.574239000000000033e+01 8.317529999999999291e+01
2.318451199999999953e+05 -1.551232000000000077e+01 8.525668000000000291e+01
2.318453200000000070e+05 -1.541984000000000066e+01 8.944214999999999804e+01
2.318455199999999895e+05 -1.578362000000000087e+01 9.034542000000000428e+01
2.318457200000000012e+05 -1.632125999999999877e+01 8.804806000000000665e+01
2.318459200000000128e+05 -1.549457999999999913e+01 8.915263000000000204e+01
2.318461199999999953e+05 -1.719153999999999982e+01 8.907419000000000153e+01
2.318463200000000070e+05 -1.501078000000000046e+01 9.010456000000000643e+01
2.318465199999999895e+05 -1.610841999999999885e+01 8.664639999999999986e+01
2.318467200000000012e+05 -1.588884999999999970e+01 8.869974999999999454e+01
2.318469200000000128e+05 -1.546771999999999991e+01 9.916862000000000421e+01
2.318471199999999953e+05 -1.571158999999999928e+01 9.221495000000000175e+01
2.318473200000000070e+05 -1.580585999999999913e+01 9.074931999999999732e+01
2.318475199999999895e+05 -1.507516999999999996e+01 9.166330000000000666e+01
2.318477200000000012e+05 -1.621899000000000157e+01 9.061915999999999372e+01
2.318479200000000128e+05 -1.487724000000000046e+01 9.673376000000000374e+01
2.318481199999999953e+05 -1.600638999999999967e+01 9.014234999999999332e+01
2.318483200000000070e+05 -1.565268999999999977e+01 9.209393000000000029e+01
2.318485199999999895e+05 -1.587340000000000018e+01 9.716607999999999379e+01
2.318487200000000012e+05 -1.494834999999999958e+01 9.374947000000000230e+01
2.318489200000000128e+05 -1.702254999999999896e+01 8.868792999999999438e+01
2.318491199999999953e+05 -1.575215999999999994e+01 9.406298999999999921e+01
2.318493200000000070e+05 -1.686280999999999963e+01 9.418493999999999744e+01
2.318495199999999895e+05 -1.604217999999999833e+01 8.958183999999999969e+01
2.318497200000000012e+05 -1.566249000000000002e+01 9.013187000000000637e+01
2.318499200000000128e+05 -1.563002000000000002e+01 9.457161999999999580e+01
2.318501199999999953e+05 -1.672472000000000136e+01 8.705682000000000187e+01
2.318503200000000070e+05 -1.586786999999999992e+01 9.769740000000000180e+01
2.318505199999999895e+05 -1.590691999999999950e+01 8.706381000000000370e+01
2.318507200000000012e+05 -1.529414000000000051e+01 9.589565000000000339e+01
2.318509200000000128e+05 -1.619988999999999990e+01 9.077340999999999838e+01
2.318511199999999953e+05 -1.511236000000000068e+01 9.436426000000000158e+01
2.318513200000000070e+05 -1.567345000000000077e+01 9.274344999999999573e+01
2.318515199999999895e+05 -1.558876000000000062e+01 8.728467999999999449e+01
2.318517200000000012e+05 -1.559529999999999994e+01 9.847437999999999647e+01
2.318519200000000128e+05 -1.612556999999999974e+01 8.954762999999999806e+01
2.318521199999999953e+05 -1.625723999999999947e+01 9.005100000000000193e+01
2.318523200000000070e+05 -1.659437000000000140e+01 9.357229999999999848e+01
2.318525199999999895e+05 -1.516017000000000081e+01 9.029112000000000648e+01
2.318527200000000012e+05 -1.524657000000000018e+01 9.301314000000000703e+01
2.318529200000000128e+05 -1.639313999999999893e+01 1.024307000000000016e+02
2.318531199999999953e+05 -1.633233999999999853e+01 9.895307999999999993e+01
2.318533200000000070e+05 -1.606523999999999930e+01 8.791761999999999944e+01
2.318535199999999895e+05 -1.548596000000000039e+01 9.030965000000000487e+01
2.318537200000000012e+05 -1.469927999999999990e+01 8.597334999999999638e+01
2.318539200000000128e+05 -1.555230000000000068e+01 9.870257999999999754e+01
2.318541199999999953e+05 -1.568262000000000000e+01 9.799742000000000530e+01
2.318543200000000070e+05 -1.565315000000000012e+01 9.287789999999999679e+01
2.318545199999999895e+05 -1.649636999999999887e+01 9.587657000000000096e+01
2.318547200000000012e+05 -1.543623999999999974e+01 8.904622000000000526e+01
2.318549200000000128e+05 -1.598776999999999937e+01 8.577239000000000146e+01
2.318551199999999953e+05 -1.688805999999999941e+01 8.905604999999999905e+01
2.318553200000000070e+05 -1.567273999999999923e+01 9.195204999999999984e+01
2.318555199999999895e+05 -1.638231000000000037e+01 8.529345999999999606e+01
2.318557200000000012e+05 -1.596700000000000053e+01 9.584492000000000189e+01
2.318559200000000128e+05 -1.631862999999999886e+01 9.666737999999999431e+01
2.318561199999999953e+05 -1.654438000000000031e+01 9.531215000000000259e+01
2.318563200000000070e+05 -1.632516999999999996e+01 9.044186000000000547e+01
2.318565199999999895e+05 -1.535446999999999917e+01 9.528077000000000396e+01
2.318567200000000012e+05 -1.535200999999999993e+01 8.604180999999999813e+01
2.318569200000000128e+05 -1.525977999999999923e+01 8.623632999999999527e+01
2.318571199999999953e+05 -1.608042999999999978e+01 9.326870999999999867e+01
2.318573200000000070e+05 -1.565750000000000064e+01 9.666875000000000284e+01
2.318575199999999895e+05 -1.638794000000000040e+01 9.028343999999999880e+01
2.318577200000000012e+05 -1.668751999999999924e+01 8.930089999999999861e+01
2.318579200000000128e+05 -1.593183999999999934e+01 9.151588999999999885e+01
2.318581199999999953e+05 -1.515729999999999933e+01 9.646559000000000594e+01
2.318583200000000070e+05 -1.556697999999999915e+01 9.572968000000000188e+01
2.318585199999999895e+05 -1.637389999999999901e+01 9.185435999999999979e+01
2.318587200000000012e+05 -1.552589000000000041e+01 9.055664000000000158e+01
