# Time finished:
# 2015-06-02 19.57.10
# Temp volt start:
# 1.2652306
# Temp volt stop:
# 1.2652306
# Approx start T:
# -84.2541061968
# Approx stop T:
# -83.7899381936
# DC bias measured, messed up:
# 0.9611546
# DC bias we asked for:
# 0
2.317085400000000081e+05 -1.568862999999999985e+01 9.576239999999999952e+01
2.317087400000000198e+05 -1.487085000000000079e+01 8.737697000000000003e+01
2.317089400000000023e+05 -1.559880000000000067e+01 9.200173999999999808e+01
2.317091400000000140e+05 -1.537130999999999936e+01 9.185406000000000404e+01
2.317093399999999965e+05 -1.571920000000000073e+01 9.561739000000000033e+01
2.317095400000000081e+05 -1.521479000000000070e+01 8.603273000000000081e+01
2.317097400000000198e+05 -1.365110999999999919e+01 9.417567999999999984e+01
2.317099400000000023e+05 -1.666339999999999932e+01 9.767858999999999980e+01
2.317101400000000140e+05 -1.573108000000000040e+01 9.716938000000000386e+01
2.317103399999999965e+05 -1.531639999999999979e+01 1.005912000000000006e+02
2.317105400000000081e+05 -1.534338999999999942e+01 9.071931999999999618e+01
2.317107400000000198e+05 -1.568951999999999991e+01 9.835268000000000654e+01
2.317109400000000023e+05 -1.614198000000000022e+01 1.001098000000000070e+02
2.317111400000000140e+05 -1.563827000000000034e+01 8.706440999999999519e+01
2.317113399999999965e+05 -1.474042000000000030e+01 9.499679999999999325e+01
2.317115400000000081e+05 -1.563170000000000037e+01 1.001955999999999989e+02
2.317117400000000198e+05 -1.528805000000000014e+01 9.563691000000000031e+01
2.317119400000000023e+05 -1.582255999999999929e+01 8.711449000000000353e+01
2.317121400000000140e+05 -1.745895000000000152e+01 8.172379999999999711e+01
2.317123399999999965e+05 -1.597570999999999941e+01 9.677294999999999447e+01
2.317125400000000081e+05 -1.561209999999999987e+01 9.626425000000000409e+01
2.317127400000000198e+05 -1.544843999999999973e+01 9.202861000000000047e+01
2.317129400000000023e+05 -1.467614999999999981e+01 9.209157999999999333e+01
2.317131400000000140e+05 -1.648153999999999897e+01 1.000293999999999954e+02
2.317133399999999965e+05 -1.593474999999999930e+01 9.957800000000000296e+01
2.317135400000000081e+05 -1.404293000000000013e+01 1.002151999999999958e+02
2.317137400000000198e+05 -1.659490999999999872e+01 9.630521000000000242e+01
2.317139400000000023e+05 -1.643879000000000090e+01 9.326134000000000412e+01
2.317141400000000140e+05 -1.602573999999999899e+01 8.824026999999999532e+01
2.317143399999999965e+05 -1.522033000000000058e+01 9.480679999999999552e+01
2.317145400000000081e+05 -1.621321999999999974e+01 1.020117999999999938e+02
2.317147400000000198e+05 -1.553175000000000061e+01 8.680244999999999322e+01
2.317149400000000023e+05 -1.534777000000000058e+01 9.434385000000000332e+01
2.317151400000000140e+05 -1.591465999999999958e+01 1.006326999999999998e+02
2.317153399999999965e+05 -1.540278999999999954e+01 9.684196000000000026e+01
2.317155400000000081e+05 -1.643686999999999898e+01 9.400900000000000034e+01
2.317157400000000198e+05 -1.627758000000000038e+01 9.875253999999999621e+01
2.317159400000000023e+05 -1.496477999999999930e+01 9.837201000000000306e+01
2.317161400000000140e+05 -1.519430999999999976e+01 9.917812999999999590e+01
2.317163399999999965e+05 -1.501186000000000043e+01 9.841597000000000151e+01
2.317165400000000081e+05 -1.431943000000000055e+01 9.826582000000000505e+01
2.317167400000000198e+05 -1.773463999999999885e+01 8.923122999999999649e+01
2.317169400000000023e+05 -1.590916999999999959e+01 9.023193000000000552e+01
2.317171400000000140e+05 -1.560014999999999930e+01 9.133523999999999887e+01
2.317173399999999965e+05 -1.481184000000000012e+01 1.002976000000000028e+02
2.317175400000000081e+05 -1.696228999999999942e+01 8.192665999999999826e+01
2.317177400000000198e+05 -1.471735999999999933e+01 9.515040999999999372e+01
2.317179400000000023e+05 -1.663882999999999868e+01 9.270337999999999568e+01
2.317181400000000140e+05 -1.498559000000000019e+01 9.997717000000000098e+01
2.317183399999999965e+05 -1.577602000000000082e+01 9.529288999999999987e+01
2.317185400000000081e+05 -1.637792999999999921e+01 9.102563000000000670e+01
2.317187400000000198e+05 -1.482282000000000011e+01 8.711287000000000091e+01
2.317189400000000023e+05 -1.517862000000000045e+01 9.867404999999999404e+01
2.317191400000000140e+05 -1.440657999999999994e+01 9.668958999999999548e+01
2.317193399999999965e+05 -1.587475000000000058e+01 9.830979999999999563e+01
2.317195400000000081e+05 -1.499944999999999951e+01 1.015935999999999950e+02
2.317197400000000198e+05 -1.602249000000000123e+01 9.411659000000000219e+01
2.317199400000000023e+05 -1.560950000000000060e+01 9.660402999999999452e+01
2.317201400000000140e+05 -1.580324000000000062e+01 9.026881000000000199e+01
2.317203399999999965e+05 -1.508487000000000045e+01 9.652761999999999887e+01
2.317205400000000081e+05 -1.545884999999999998e+01 1.010588000000000051e+02
2.317207400000000198e+05 -1.390501000000000076e+01 9.339986000000000388e+01
2.317209400000000023e+05 -1.414502000000000059e+01 9.627997999999999479e+01
2.317211400000000140e+05 -1.586589999999999989e+01 9.708064000000000249e+01
2.317213399999999965e+05 -1.586359999999999992e+01 9.165431999999999846e+01
2.317215400000000081e+05 -1.388400999999999996e+01 9.325144000000000233e+01
2.317217400000000198e+05 -1.654243999999999915e+01 9.553943999999999903e+01
2.317219400000000023e+05 -1.373747999999999969e+01 9.174486000000000274e+01
2.317221400000000140e+05 -1.573058999999999941e+01 1.081915000000000049e+02
2.317223399999999965e+05 -1.615752000000000166e+01 8.345216000000000633e+01
2.317225400000000081e+05 -1.610314999999999941e+01 1.018953000000000060e+02
2.317227400000000198e+05 -1.652439000000000036e+01 9.231583000000000538e+01
2.317229400000000023e+05 -1.585168999999999961e+01 9.811126000000000147e+01
2.317231400000000140e+05 -1.570306000000000068e+01 9.923600000000000421e+01
2.317233399999999965e+05 -1.546405999999999992e+01 8.985557000000000016e+01
2.317235400000000081e+05 -1.568107000000000006e+01 9.219341000000000008e+01
2.317237400000000198e+05 -1.568030000000000079e+01 9.714607999999999777e+01
2.317239400000000023e+05 -1.392473000000000027e+01 9.381405999999999779e+01
2.317241400000000140e+05 -1.491046000000000049e+01 1.022926999999999964e+02
2.317243399999999965e+05 -1.545151000000000074e+01 8.518999999999999773e+01
2.317245400000000081e+05 -1.511509999999999998e+01 8.933111999999999853e+01
2.317247400000000198e+05 -1.657800999999999902e+01 1.082489000000000061e+02
2.317249400000000023e+05 -1.442989000000000033e+01 1.056903999999999968e+02
2.317251400000000140e+05 -1.615040000000000120e+01 1.010330000000000013e+02
2.317253399999999965e+05 -1.560877999999999943e+01 9.659949000000000296e+01
2.317255400000000081e+05 -1.637877999999999901e+01 9.103436000000000661e+01
2.317257400000000198e+05 -1.637146999999999863e+01 8.992345000000000255e+01
2.317259400000000023e+05 -1.462894000000000005e+01 8.662573999999999330e+01
2.317261400000000140e+05 -1.595856000000000030e+01 9.818260999999999683e+01
2.317263399999999965e+05 -1.530471999999999966e+01 8.893062999999999363e+01
2.317265400000000081e+05 -1.456301999999999985e+01 9.993026999999999305e+01
2.317267400000000198e+05 -1.593715000000000082e+01 9.040645999999999560e+01
2.317269400000000023e+05 -1.550908000000000087e+01 9.992510000000000048e+01
2.317271400000000140e+05 -1.657110000000000127e+01 1.012565000000000026e+02
2.317273399999999965e+05 -1.689313999999999893e+01 1.013854999999999933e+02
2.317275400000000081e+05 -1.605359999999999943e+01 1.027408999999999963e+02
2.317277400000000198e+05 -1.521899999999999942e+01 9.513913999999999760e+01
2.317279400000000023e+05 -1.470951999999999948e+01 9.606546000000000163e+01
2.317281400000000140e+05 -1.630652999999999864e+01 9.656332000000000448e+01
2.317283399999999965e+05 -1.509609000000000023e+01 9.013800999999999419e+01
2.317285400000000081e+05 -1.470590999999999937e+01 9.637188999999999339e+01
