# Time finished:
# 2015-06-03 14.22.46
# Temp volt start:
# 1.0111233
# Temp volt stop:
# 1.0111233
# Approx start T:
# 86.3330011089
# Approx stop T:
# 86.3200229475
# DC bias measured, messed up:
# 0.982675
# DC bias we asked for:
# 0
2.318212399999999907e+05 -1.751212999999999909e+01 9.737900999999999385e+01
2.318214400000000023e+05 -1.563385000000000069e+01 9.103001000000000431e+01
2.318216399999999849e+05 -1.475605000000000011e+01 9.222863999999999862e+01
2.318218399999999965e+05 -1.574995000000000012e+01 9.100164999999999793e+01
2.318220399999999790e+05 -1.519626000000000055e+01 9.327327999999999975e+01
2.318222399999999907e+05 -1.461500999999999983e+01 8.879877999999999361e+01
2.318224400000000023e+05 -1.517822999999999922e+01 9.410435999999999979e+01
2.318226399999999849e+05 -1.547250999999999976e+01 9.363612999999999431e+01
2.318228399999999965e+05 -1.584653999999999918e+01 9.085765999999999565e+01
2.318230399999999790e+05 -1.554656999999999911e+01 9.389905000000000257e+01
2.318232399999999907e+05 -1.559778999999999982e+01 8.867638999999999783e+01
2.318234400000000023e+05 -1.562161000000000044e+01 9.191405000000000314e+01
2.318236399999999849e+05 -1.510914999999999964e+01 9.268703999999999610e+01
2.318238399999999965e+05 -1.562269000000000041e+01 9.215792999999999324e+01
2.318240399999999790e+05 -1.612941000000000003e+01 9.237256999999999607e+01
2.318242399999999907e+05 -1.598060000000000080e+01 9.785887999999999920e+01
2.318244400000000023e+05 -1.496948000000000079e+01 9.651184000000000651e+01
2.318246399999999849e+05 -1.543661999999999956e+01 9.266960000000000264e+01
2.318248399999999965e+05 -1.563391999999999982e+01 9.553812000000000637e+01
2.318250399999999790e+05 -1.485050999999999988e+01 8.432648000000000366e+01
2.318252399999999907e+05 -1.512982000000000049e+01 8.960697999999999297e+01
2.318254400000000023e+05 -1.495032999999999923e+01 9.419446999999999548e+01
2.318256399999999849e+05 -1.593148000000000053e+01 9.238845000000000596e+01
2.318258399999999965e+05 -1.559669000000000061e+01 9.577348999999999535e+01
2.318260399999999790e+05 -1.660651000000000010e+01 8.925914000000000215e+01
2.318262399999999907e+05 -1.575131000000000014e+01 9.076545000000000130e+01
2.318264400000000023e+05 -1.512476000000000020e+01 8.654041999999999746e+01
2.318266399999999849e+05 -1.581527999999999956e+01 9.687232000000000198e+01
2.318268399999999965e+05 -1.519791999999999987e+01 9.374981999999999971e+01
2.318270399999999790e+05 -1.532921999999999940e+01 8.480370000000000630e+01
2.318272399999999907e+05 -1.547231999999999985e+01 9.389275000000000659e+01
2.318274400000000023e+05 -1.591065000000000040e+01 1.008018000000000001e+02
2.318276399999999849e+05 -1.527386000000000088e+01 9.651636000000000593e+01
2.318278399999999965e+05 -1.620940999999999832e+01 9.704946999999999946e+01
2.318280399999999790e+05 -1.697027999999999892e+01 9.201547999999999661e+01
2.318282399999999907e+05 -1.580622999999999934e+01 8.588360000000000127e+01
2.318284400000000023e+05 -1.500750999999999991e+01 9.629775999999999669e+01
2.318286399999999849e+05 -1.495068999999999981e+01 9.373734000000000322e+01
2.318288399999999965e+05 -1.535322999999999993e+01 8.843564999999999543e+01
2.318290399999999790e+05 -1.707255999999999929e+01 8.653461000000000070e+01
2.318292399999999907e+05 -1.614974000000000132e+01 9.356795999999999935e+01
2.318294400000000023e+05 -1.535260000000000069e+01 9.582995999999999981e+01
2.318296399999999849e+05 -1.449272999999999989e+01 8.711141999999999541e+01
2.318298399999999965e+05 -1.657077999999999918e+01 8.802057000000000642e+01
2.318300399999999790e+05 -1.520607000000000042e+01 8.503782999999999959e+01
2.318302399999999907e+05 -1.635945999999999856e+01 8.444992999999999483e+01
2.318304400000000023e+05 -1.576238999999999990e+01 9.812309999999999377e+01
2.318306399999999849e+05 -1.601092999999999833e+01 9.369531999999999528e+01
2.318308399999999965e+05 -1.547976000000000063e+01 8.984807999999999595e+01
2.318310399999999790e+05 -1.482180999999999926e+01 9.543137000000000114e+01
2.318312399999999907e+05 -1.604958999999999847e+01 9.185909999999999798e+01
2.318314400000000023e+05 -1.646545000000000059e+01 8.448224000000000444e+01
2.318316399999999849e+05 -1.581002999999999936e+01 8.343220999999999776e+01
2.318318399999999965e+05 -1.480361000000000082e+01 8.632850999999999431e+01
2.318320399999999790e+05 -1.553847000000000023e+01 8.834005999999999403e+01
2.318322399999999907e+05 -1.581581000000000081e+01 9.291245000000000687e+01
2.318324400000000023e+05 -1.562432000000000087e+01 9.241723000000000354e+01
2.318326399999999849e+05 -1.485342999999999947e+01 8.847411999999999921e+01
2.318328399999999965e+05 -1.556611000000000011e+01 8.758205999999999847e+01
2.318330399999999790e+05 -1.534473999999999982e+01 9.255333000000000254e+01
2.318332399999999907e+05 -1.593781000000000070e+01 9.640698000000000434e+01
2.318334400000000023e+05 -1.475432999999999950e+01 9.089615000000000578e+01
2.318336399999999849e+05 -1.613679000000000130e+01 8.786942999999999415e+01
2.318338399999999965e+05 -1.572212999999999994e+01 9.644906000000000290e+01
2.318340399999999790e+05 -1.649831999999999965e+01 9.207603000000000293e+01
2.318342399999999907e+05 -1.469494000000000078e+01 8.821423000000000059e+01
2.318344400000000023e+05 -1.562086000000000041e+01 9.466461999999999932e+01
2.318346399999999849e+05 -1.498760000000000048e+01 9.815279999999999916e+01
2.318348399999999965e+05 -1.591271000000000058e+01 9.304117999999999711e+01
2.318350399999999790e+05 -1.611560000000000059e+01 8.974123000000000161e+01
2.318352399999999907e+05 -1.598760000000000048e+01 9.459905999999999437e+01
2.318354400000000023e+05 -1.466813999999999929e+01 8.889733999999999980e+01
2.318356399999999849e+05 -1.598281000000000063e+01 9.043693000000000382e+01
2.318358399999999965e+05 -1.497762999999999955e+01 8.723700999999999794e+01
2.318360399999999790e+05 -1.497910000000000075e+01 9.095698000000000150e+01
2.318362399999999907e+05 -1.590806000000000076e+01 9.123256000000000654e+01
2.318364400000000023e+05 -1.602609999999999957e+01 9.881161000000000172e+01
2.318366399999999849e+05 -1.615380000000000038e+01 8.772696999999999434e+01
2.318368399999999965e+05 -1.443788999999999945e+01 8.922691000000000372e+01
2.318370399999999790e+05 -1.580560999999999972e+01 9.036525000000000318e+01
2.318372399999999907e+05 -1.635718999999999923e+01 8.348906999999999812e+01
2.318374400000000023e+05 -1.554654000000000025e+01 8.907877999999999474e+01
2.318376399999999849e+05 -1.601089999999999947e+01 9.343156999999999357e+01
2.318378399999999965e+05 -1.534390999999999927e+01 9.256171000000000504e+01
2.318380399999999790e+05 -1.491896000000000022e+01 9.637790999999999997e+01
2.318382399999999907e+05 -1.633358000000000132e+01 9.263645999999999958e+01
2.318384400000000023e+05 -1.533746999999999971e+01 9.993805999999999301e+01
2.318386399999999849e+05 -1.586755999999999922e+01 9.099235000000000184e+01
2.318388399999999965e+05 -1.649950000000000117e+01 9.317838000000000420e+01
2.318390399999999790e+05 -1.449206000000000039e+01 9.654520999999999731e+01
2.318392399999999907e+05 -1.571831000000000067e+01 9.202549000000000490e+01
2.318394400000000023e+05 -1.661194000000000059e+01 9.625522999999999740e+01
2.318396399999999849e+05 -1.667907999999999902e+01 9.022271999999999537e+01
2.318398399999999965e+05 -1.577617000000000047e+01 9.239745000000000630e+01
2.318400399999999790e+05 -1.706106000000000122e+01 9.377657999999999561e+01
2.318402399999999907e+05 -1.553656999999999933e+01 8.994749000000000194e+01
2.318404400000000023e+05 -1.475961000000000034e+01 9.247198000000000206e+01
2.318406399999999849e+05 -1.483079999999999998e+01 9.794159999999999400e+01
2.318408399999999965e+05 -1.553491000000000000e+01 8.808947000000000571e+01
2.318410399999999790e+05 -1.534454999999999991e+01 9.327952999999999406e+01
2.318412399999999907e+05 -1.539841000000000015e+01 9.413361000000000445e+01
