# Time finished:
# 2015-06-03 05.18.24
# Temp volt start:
# 1.0175914
# Temp volt stop:
# 1.0175914
# Approx start T:
# 82.6845731654
# Approx stop T:
# 82.7034880823
# DC bias measured, messed up:
# 1.168442
# DC bias we asked for:
# 0
2.318137699999999895e+05 -1.608710999999999913e+01 8.332471999999999923e+01
2.318139700000000012e+05 -1.651333999999999946e+01 9.783066999999999780e+01
2.318141699999999837e+05 -1.561768999999999963e+01 8.689462000000000330e+01
2.318143699999999953e+05 -1.643935000000000102e+01 1.020610000000000070e+02
2.318145699999999779e+05 -1.472528999999999932e+01 9.579989000000000487e+01
2.318147699999999895e+05 -1.556578999999999979e+01 8.970711000000000013e+01
2.318149700000000012e+05 -1.579176000000000002e+01 9.035384999999999422e+01
2.318151699999999837e+05 -1.543157000000000068e+01 9.895789000000000613e+01
2.318153699999999953e+05 -1.634749000000000052e+01 8.249827999999999406e+01
2.318155699999999779e+05 -1.536383000000000010e+01 9.143223999999999307e+01
2.318157699999999895e+05 -1.620149999999999935e+01 8.917709999999999582e+01
2.318159700000000012e+05 -1.553763000000000005e+01 1.011902000000000044e+02
2.318161699999999837e+05 -1.628537999999999997e+01 8.796858000000000288e+01
2.318163699999999953e+05 -1.551050000000000040e+01 9.401359999999999673e+01
2.318165699999999779e+05 -1.572952000000000083e+01 9.232635000000000502e+01
2.318167699999999895e+05 -1.501249999999999929e+01 9.599187000000000580e+01
2.318169700000000012e+05 -1.505241000000000007e+01 9.172346000000000288e+01
2.318171699999999837e+05 -1.496645000000000003e+01 9.732569999999999766e+01
2.318173699999999953e+05 -1.502632999999999974e+01 9.633808999999999401e+01
2.318175699999999779e+05 -1.488894999999999946e+01 8.542122999999999422e+01
2.318177699999999895e+05 -1.573756999999999984e+01 9.635509000000000412e+01
2.318179700000000012e+05 -1.546842000000000006e+01 9.093449999999999989e+01
2.318181699999999837e+05 -1.595434999999999981e+01 8.942291000000000167e+01
2.318183699999999953e+05 -1.545664999999999978e+01 9.224093999999999482e+01
2.318185699999999779e+05 -1.552494000000000085e+01 9.127353999999999701e+01
2.318187699999999895e+05 -1.630343999999999838e+01 9.356211000000000411e+01
2.318189700000000012e+05 -1.578945000000000043e+01 8.986601000000000283e+01
2.318191699999999837e+05 -1.569359999999999999e+01 8.954018000000000654e+01
2.318193699999999953e+05 -1.550539999999999985e+01 9.093459000000000003e+01
2.318195699999999779e+05 -1.622325000000000017e+01 9.459617000000000075e+01
2.318197699999999895e+05 -1.522719000000000023e+01 9.215475999999999601e+01
2.318199700000000012e+05 -1.614154999999999873e+01 9.125808999999999571e+01
2.318201699999999837e+05 -1.526384999999999970e+01 8.972423000000000570e+01
2.318203699999999953e+05 -1.522325000000000017e+01 9.884071000000000140e+01
2.318205699999999779e+05 -1.630320999999999998e+01 9.330071999999999832e+01
2.318207699999999895e+05 -1.597375000000000078e+01 9.319114000000000431e+01
2.318209700000000012e+05 -1.469162000000000035e+01 8.560948999999999387e+01
2.318211699999999837e+05 -1.551018999999999970e+01 9.425834999999999297e+01
2.318213699999999953e+05 -1.536877999999999922e+01 9.307493999999999801e+01
2.318215699999999779e+05 -1.564059999999999917e+01 8.593201999999999430e+01
2.318217699999999895e+05 -1.578006000000000064e+01 9.098096999999999923e+01
2.318219700000000012e+05 -1.662396999999999991e+01 8.762470999999999322e+01
2.318221699999999837e+05 -1.636270000000000024e+01 9.422196999999999889e+01
2.318223699999999953e+05 -1.460308999999999990e+01 9.716514999999999702e+01
2.318225699999999779e+05 -1.608599999999999852e+01 8.463396000000000186e+01
2.318227699999999895e+05 -1.485172000000000025e+01 8.945028999999999542e+01
2.318229700000000012e+05 -1.632223000000000113e+01 9.448381000000000540e+01
2.318231699999999837e+05 -1.610799000000000092e+01 9.254091999999999985e+01
2.318233699999999953e+05 -1.455549000000000071e+01 9.842449000000000581e+01
2.318235699999999779e+05 -1.559486000000000061e+01 8.875033999999999423e+01
2.318237699999999895e+05 -1.494469999999999921e+01 9.598618000000000450e+01
2.318239700000000012e+05 -1.669351999999999947e+01 8.386209999999999809e+01
2.318241699999999837e+05 -1.541480999999999923e+01 9.553839000000000681e+01
2.318243699999999953e+05 -1.481935999999999964e+01 9.221023999999999887e+01
2.318245699999999779e+05 -1.618502000000000152e+01 9.202374000000000365e+01
2.318247699999999895e+05 -1.612850999999999857e+01 9.318631000000000597e+01
2.318249700000000012e+05 -1.640128999999999948e+01 9.212436999999999898e+01
2.318251699999999837e+05 -1.580621999999999971e+01 9.355483999999999867e+01
2.318253699999999953e+05 -1.490296000000000021e+01 9.275845999999999947e+01
2.318255699999999779e+05 -1.588010000000000055e+01 9.381141999999999825e+01
2.318257699999999895e+05 -1.548254999999999981e+01 8.855989999999999895e+01
2.318259700000000012e+05 -1.535023999999999944e+01 9.856360999999999706e+01
2.318261699999999837e+05 -1.582113999999999976e+01 8.664471000000000345e+01
2.318263699999999953e+05 -1.605617000000000161e+01 9.660402999999999452e+01
2.318265699999999779e+05 -1.611893999999999849e+01 1.022612000000000023e+02
2.318267699999999895e+05 -1.543896999999999942e+01 9.448878999999999451e+01
2.318269700000000012e+05 -1.450994000000000028e+01 9.319678000000000395e+01
2.318271699999999837e+05 -1.543769999999999953e+01 9.166177000000000419e+01
2.318273699999999953e+05 -1.475883999999999929e+01 9.035903000000000418e+01
2.318275699999999779e+05 -1.616432000000000002e+01 9.472230000000000416e+01
2.318277699999999895e+05 -1.626414000000000115e+01 9.279229999999999734e+01
2.318279700000000012e+05 -1.626116000000000028e+01 9.149769000000000574e+01
2.318281699999999837e+05 -1.563992999999999967e+01 8.968246999999999503e+01
2.318283699999999953e+05 -1.444135999999999953e+01 9.509283999999999537e+01
2.318285699999999779e+05 -1.487401999999999980e+01 9.022052999999999656e+01
2.318287699999999895e+05 -1.561511999999999922e+01 9.114870000000000516e+01
2.318289700000000012e+05 -1.621735999999999933e+01 9.588522000000000389e+01
2.318291699999999837e+05 -1.595570999999999984e+01 9.305697000000000685e+01
2.318293699999999953e+05 -1.472748999999999953e+01 9.058890999999999849e+01
2.318295699999999779e+05 -1.631672999999999973e+01 9.082604000000000610e+01
2.318297699999999895e+05 -1.473701999999999934e+01 9.679080999999999335e+01
2.318299700000000012e+05 -1.573508999999999958e+01 8.707526000000000010e+01
2.318301699999999837e+05 -1.583309000000000033e+01 8.625925999999999760e+01
2.318303699999999953e+05 -1.529085000000000072e+01 9.075629000000000701e+01
2.318305699999999779e+05 -1.499836999999999954e+01 8.577823999999999671e+01
2.318307699999999895e+05 -1.573030999999999935e+01 9.233089999999999975e+01
2.318309700000000012e+05 -1.612802999999999898e+01 8.947966999999999871e+01
2.318311699999999837e+05 -1.617398999999999987e+01 9.638648999999999489e+01
2.318313699999999953e+05 -1.558624000000000009e+01 9.678382999999999470e+01
2.318315699999999779e+05 -1.543854999999999933e+01 8.941255999999999915e+01
2.318317699999999895e+05 -1.524939000000000000e+01 9.007059999999999889e+01
2.318319700000000012e+05 -1.582220000000000049e+01 9.724947000000000230e+01
2.318321699999999837e+05 -1.516909000000000063e+01 8.666553999999999292e+01
2.318323699999999953e+05 -1.489230000000000054e+01 9.031847000000000492e+01
2.318325699999999779e+05 -1.563629000000000069e+01 9.149850000000000705e+01
2.318327699999999895e+05 -1.544744999999999990e+01 9.035862000000000194e+01
2.318329700000000012e+05 -1.565437999999999974e+01 9.499497999999999820e+01
2.318331699999999837e+05 -1.659805000000000064e+01 9.559439000000000419e+01
2.318333699999999953e+05 -1.515875999999999912e+01 9.262238999999999578e+01
2.318335699999999779e+05 -1.526181000000000054e+01 9.238306000000000040e+01
2.318337699999999895e+05 -1.555753999999999948e+01 8.876600000000000534e+01
