# Time finished:
# 2015-06-03 15.37.42
# Temp volt start:
# 1.011716
# Temp volt stop:
# 1.011716
# Approx start T:
# 85.9998906797
# Approx stop T:
# 85.9941559294
# DC bias measured, messed up:
# 1.460727
# DC bias we asked for:
# 0
2.318205599999999977e+05 -1.605268999999999835e+01 9.589785999999999433e+01
2.318207600000000093e+05 -1.549305999999999983e+01 9.608397999999999683e+01
2.318209599999999919e+05 -1.563476999999999961e+01 9.125665999999999656e+01
2.318211600000000035e+05 -1.578172999999999959e+01 1.011800000000000068e+02
2.318213599999999860e+05 -1.623576999999999870e+01 8.993625000000000114e+01
2.318215599999999977e+05 -1.558290000000000042e+01 9.213952999999999349e+01
2.318217600000000093e+05 -1.697392999999999930e+01 8.922370999999999697e+01
2.318219599999999919e+05 -1.543436999999999948e+01 9.265632999999999697e+01
2.318221600000000035e+05 -1.515456000000000003e+01 9.977581999999999596e+01
2.318223599999999860e+05 -1.490427000000000035e+01 9.981797000000000253e+01
2.318225599999999977e+05 -1.527923000000000009e+01 8.845653000000000077e+01
2.318227600000000093e+05 -1.561213000000000051e+01 8.827586999999999762e+01
2.318229599999999919e+05 -1.551627000000000045e+01 8.684302999999999884e+01
2.318231600000000035e+05 -1.575799999999999912e+01 8.934202999999999406e+01
2.318233599999999860e+05 -1.558441000000000010e+01 9.265536000000000172e+01
2.318235599999999977e+05 -1.538432000000000066e+01 8.974318999999999846e+01
2.318237600000000093e+05 -1.649457999999999913e+01 9.481398000000000081e+01
2.318239599999999919e+05 -1.550760000000000005e+01 9.167194000000000642e+01
2.318241600000000035e+05 -1.622190000000000154e+01 9.035017000000000564e+01
2.318243599999999860e+05 -1.489658000000000015e+01 8.784569999999999368e+01
2.318245599999999977e+05 -1.503975999999999935e+01 9.651971000000000345e+01
2.318247600000000093e+05 -1.521377999999999986e+01 9.433680999999999983e+01
2.318249599999999919e+05 -1.590175999999999945e+01 9.018961000000000183e+01
2.318251600000000035e+05 -1.500577999999999967e+01 8.590878999999999621e+01
2.318253599999999860e+05 -1.587867999999999924e+01 8.980689999999999884e+01
2.318255599999999977e+05 -1.550420000000000087e+01 9.512187000000000126e+01
2.318257600000000093e+05 -1.610996000000000095e+01 9.222950000000000159e+01
2.318259599999999919e+05 -1.493950000000000067e+01 9.025419999999999732e+01
2.318261600000000035e+05 -1.598977999999999966e+01 9.223668999999999585e+01
2.318263599999999860e+05 -1.651887999999999934e+01 9.385779999999999745e+01
2.318265599999999977e+05 -1.482795999999999914e+01 9.268581000000000358e+01
2.318267600000000093e+05 -1.649149999999999849e+01 8.833238000000000056e+01
2.318269599999999919e+05 -1.665299999999999869e+01 8.640404999999999802e+01
2.318271600000000035e+05 -1.585216999999999921e+01 9.213109000000000037e+01
2.318273599999999860e+05 -1.567299000000000042e+01 9.528588000000000591e+01
2.318275599999999977e+05 -1.575070000000000014e+01 9.746211999999999875e+01
2.318277600000000093e+05 -1.540063999999999922e+01 8.558096000000000458e+01
2.318279599999999919e+05 -1.554681000000000068e+01 9.190873999999999455e+01
2.318281600000000035e+05 -1.502003000000000021e+01 9.255697000000000685e+01
2.318283599999999860e+05 -1.587288000000000032e+01 9.250713000000000363e+01
2.318285599999999977e+05 -1.573755000000000059e+01 9.340474000000000387e+01
2.318287600000000093e+05 -1.565232999999999919e+01 9.565355999999999881e+01
2.318289599999999919e+05 -1.571349000000000018e+01 9.101452999999999349e+01
2.318291600000000035e+05 -1.465537999999999919e+01 9.682493999999999801e+01
2.318293599999999860e+05 -1.635699999999999932e+01 8.935577999999999577e+01
2.318295599999999977e+05 -1.571870999999999974e+01 8.542647999999999797e+01
2.318297600000000093e+05 -1.462365999999999921e+01 8.946699999999999875e+01
2.318299599999999919e+05 -1.766026000000000096e+01 9.223847000000000662e+01
2.318301600000000035e+05 -1.540005000000000024e+01 9.241472000000000264e+01
2.318303599999999860e+05 -1.484991999999999912e+01 8.993967000000000667e+01
2.318305599999999977e+05 -1.522185999999999950e+01 8.813509000000000526e+01
2.318307600000000093e+05 -1.506478000000000073e+01 9.572129999999999939e+01
2.318309599999999919e+05 -1.656456999999999979e+01 8.927221000000000117e+01
2.318311600000000035e+05 -1.597498000000000040e+01 8.794482000000000710e+01
2.318313599999999860e+05 -1.447024000000000044e+01 9.685876000000000374e+01
2.318315599999999977e+05 -1.560438000000000081e+01 9.228400000000000603e+01
2.318317600000000093e+05 -1.632845000000000013e+01 9.099827000000000510e+01
2.318319599999999919e+05 -1.546941999999999950e+01 8.885697000000000401e+01
2.318321600000000035e+05 -1.513189000000000028e+01 9.621228999999999587e+01
2.318323599999999860e+05 -1.470729000000000042e+01 9.190757999999999583e+01
2.318325599999999977e+05 -1.547959999999999958e+01 8.823551999999999396e+01
2.318327600000000093e+05 -1.551117999999999952e+01 9.290464000000000055e+01
2.318329599999999919e+05 -1.580076999999999998e+01 8.561673999999999296e+01
2.318331600000000035e+05 -1.627057999999999893e+01 9.356358000000000175e+01
2.318333599999999860e+05 -1.628209000000000017e+01 9.788057000000000585e+01
2.318335599999999977e+05 -1.514958000000000027e+01 8.971496000000000492e+01
2.318337600000000093e+05 -1.575445000000000029e+01 9.429649999999999466e+01
2.318339599999999919e+05 -1.564390000000000036e+01 9.666160999999999603e+01
2.318341600000000035e+05 -1.550005999999999950e+01 8.698556000000000665e+01
2.318343599999999860e+05 -1.622550999999999988e+01 8.403077999999999292e+01
2.318345599999999977e+05 -1.662586999999999904e+01 8.909734000000000265e+01
2.318347600000000093e+05 -1.495730999999999966e+01 9.013294999999999391e+01
2.318349599999999919e+05 -1.532085999999999970e+01 8.734999999999999432e+01
2.318351600000000035e+05 -1.590808999999999962e+01 9.122106999999999744e+01
2.318353599999999860e+05 -1.603074000000000154e+01 9.355289999999999395e+01
2.318355599999999977e+05 -1.472043000000000035e+01 9.088702000000000680e+01
2.318357600000000093e+05 -1.535918000000000028e+01 9.120910000000000650e+01
2.318359599999999919e+05 -1.501071999999999917e+01 9.023288999999999760e+01
2.318361600000000035e+05 -1.507010999999999967e+01 8.903767000000000564e+01
2.318363599999999860e+05 -1.575000999999999962e+01 8.604091999999999985e+01
2.318365599999999977e+05 -1.594951000000000008e+01 9.199730999999999881e+01
2.318367600000000093e+05 -1.604879000000000033e+01 9.185097000000000378e+01
2.318369599999999919e+05 -1.527097999999999978e+01 9.303159999999999741e+01
2.318371600000000035e+05 -1.608401999999999887e+01 9.526640999999999337e+01
2.318373599999999860e+05 -1.645301999999999865e+01 8.862869999999999493e+01
2.318375599999999977e+05 -1.652133999999999858e+01 8.748530999999999835e+01
2.318377600000000093e+05 -1.527148000000000039e+01 9.254802999999999713e+01
2.318379599999999919e+05 -1.630420000000000158e+01 9.059314999999999429e+01
2.318381600000000035e+05 -1.494035000000000046e+01 8.851376999999999384e+01
2.318383599999999860e+05 -1.610908999999999835e+01 8.892565999999999349e+01
2.318385599999999977e+05 -1.614123000000000019e+01 8.691357999999999606e+01
2.318387600000000093e+05 -1.482263000000000019e+01 8.641016999999999371e+01
2.318389599999999919e+05 -1.435309999999999953e+01 9.507551999999999737e+01
2.318391600000000035e+05 -1.611067999999999856e+01 9.276080000000000325e+01
2.318393599999999860e+05 -1.688427000000000078e+01 9.316911000000000342e+01
2.318395599999999977e+05 -1.604832000000000036e+01 9.158413000000000181e+01
2.318397600000000093e+05 -1.535576999999999970e+01 9.072258999999999673e+01
2.318399599999999919e+05 -1.598952000000000062e+01 9.198520999999999503e+01
2.318401600000000035e+05 -1.655994000000000099e+01 9.441740000000000066e+01
2.318403599999999860e+05 -1.594417999999999935e+01 9.535889000000000237e+01
2.318405599999999977e+05 -1.557845999999999975e+01 9.538423000000000229e+01
