# Time finished:
# 2015-06-03 08.20.39
# Temp volt start:
# 1.0126255
# Temp volt stop:
# 1.0126255
# Approx start T:
# 85.4882589256
# Approx stop T:
# 85.5265315951
# DC bias measured, messed up:
# 1.201904
# DC bias we asked for:
# 0
2.318184500000000116e+05 -1.593881000000000014e+01 9.649505999999999517e+01
2.318186500000000233e+05 -1.491206000000000031e+01 8.470569000000000415e+01
2.318188500000000058e+05 -1.581001000000000012e+01 1.020872999999999990e+02
2.318190500000000175e+05 -1.605910000000000082e+01 8.972279000000000337e+01
2.318192500000000000e+05 -1.578978999999999999e+01 8.587489999999999668e+01
2.318194500000000116e+05 -1.595686000000000071e+01 8.768886999999999432e+01
2.318196500000000233e+05 -1.472059999999999924e+01 9.032956000000000074e+01
2.318198500000000058e+05 -1.586951000000000001e+01 9.596586000000000638e+01
2.318200500000000175e+05 -1.516278999999999932e+01 8.875706999999999880e+01
2.318202500000000000e+05 -1.434892999999999930e+01 8.817725000000000080e+01
2.318204500000000116e+05 -1.527464999999999939e+01 9.482273999999999603e+01
2.318206500000000233e+05 -1.559318999999999988e+01 9.326402000000000214e+01
2.318208500000000058e+05 -1.599858000000000047e+01 9.340603000000000122e+01
2.318210500000000175e+05 -1.520650999999999975e+01 9.314315000000000566e+01
2.318212500000000000e+05 -1.602687999999999846e+01 9.798268000000000200e+01
2.318214500000000116e+05 -1.487251000000000012e+01 8.971477000000000146e+01
2.318216500000000233e+05 -1.468131999999999948e+01 9.381592999999999449e+01
2.318218500000000058e+05 -1.650160999999999945e+01 9.107443000000000666e+01
2.318220500000000175e+05 -1.564771000000000001e+01 9.164096000000000686e+01
2.318222500000000000e+05 -1.536875000000000036e+01 9.447760999999999854e+01
2.318224500000000116e+05 -1.542112999999999978e+01 9.509044000000000096e+01
2.318226500000000233e+05 -1.418374999999999986e+01 9.123838999999999544e+01
2.318228500000000058e+05 -1.585772000000000048e+01 9.148641999999999541e+01
2.318230500000000175e+05 -1.583582999999999963e+01 8.519586999999999932e+01
2.318232500000000000e+05 -1.536838999999999977e+01 9.423963999999999430e+01
2.318234500000000116e+05 -1.609460999999999942e+01 9.485586999999999591e+01
2.318236500000000233e+05 -1.551864999999999917e+01 9.252598000000000411e+01
2.318238500000000058e+05 -1.438143999999999956e+01 8.956719999999999970e+01
2.318240500000000175e+05 -1.513926999999999978e+01 8.818470000000000653e+01
2.318242500000000000e+05 -1.518947999999999965e+01 9.278858999999999924e+01
2.318244500000000116e+05 -1.682704999999999984e+01 9.228226999999999691e+01
2.318246500000000233e+05 -1.503580999999999968e+01 8.613445000000000107e+01
2.318248500000000058e+05 -1.571629000000000076e+01 9.036970999999999776e+01
2.318250500000000175e+05 -1.555583999999999989e+01 9.253060999999999581e+01
2.318252500000000000e+05 -1.515568000000000026e+01 8.591884000000000299e+01
2.318254500000000116e+05 -1.637771000000000043e+01 9.110280000000000200e+01
2.318256500000000233e+05 -1.513321000000000005e+01 9.196952000000000282e+01
2.318258500000000058e+05 -1.635326999999999842e+01 8.839386000000000365e+01
2.318260500000000175e+05 -1.547451000000000043e+01 8.872817000000000576e+01
2.318262500000000000e+05 -1.414254999999999995e+01 8.840685000000000571e+01
2.318264500000000116e+05 -1.745150999999999897e+01 9.530065999999999349e+01
2.318266500000000233e+05 -1.641328999999999994e+01 9.027835000000000321e+01
2.318268500000000058e+05 -1.635722000000000165e+01 9.125189000000000306e+01
2.318270500000000175e+05 -1.614181999999999917e+01 8.969401999999999475e+01
2.318272500000000000e+05 -1.548469000000000051e+01 9.658120999999999867e+01
2.318274500000000116e+05 -1.568294999999999995e+01 8.875061999999999784e+01
2.318276500000000233e+05 -1.566760999999999981e+01 9.452106999999999459e+01
2.318278500000000058e+05 -1.645011999999999830e+01 8.971218000000000359e+01
2.318280500000000175e+05 -1.577561000000000035e+01 8.716800999999999533e+01
2.318282500000000000e+05 -1.499177000000000071e+01 9.407600999999999658e+01
2.318284500000000116e+05 -1.630045000000000144e+01 9.301069999999999993e+01
2.318286500000000233e+05 -1.539528999999999925e+01 8.828226999999999691e+01
2.318288500000000058e+05 -1.488716999999999935e+01 8.787196000000000140e+01
2.318290500000000175e+05 -1.600928000000000040e+01 8.332003000000000270e+01
2.318292500000000000e+05 -1.625636000000000081e+01 9.140362000000000364e+01
2.318294500000000116e+05 -1.560247000000000028e+01 8.603752000000000066e+01
2.318296500000000233e+05 -1.573277000000000037e+01 9.630122000000000071e+01
2.318298500000000058e+05 -1.533118999999999943e+01 9.423234999999999673e+01
2.318300500000000175e+05 -1.653089999999999904e+01 9.688836999999999477e+01
2.318302500000000000e+05 -1.614331999999999923e+01 8.797704000000000235e+01
2.318304500000000116e+05 -1.642914000000000030e+01 8.987221999999999866e+01
2.318306500000000233e+05 -1.588185999999999964e+01 8.774119000000000312e+01
2.318308500000000058e+05 -1.530977999999999994e+01 9.531264000000000181e+01
2.318310500000000175e+05 -1.583084999999999987e+01 9.621348999999999307e+01
2.318312500000000000e+05 -1.547913999999999923e+01 9.474276999999999305e+01
2.318314500000000116e+05 -1.599018000000000050e+01 9.054255999999999460e+01
2.318316500000000233e+05 -1.629889999999999972e+01 9.409425000000000239e+01
2.318318500000000058e+05 -1.583770999999999951e+01 9.110007000000000232e+01
2.318320500000000175e+05 -1.609714999999999918e+01 9.406950000000000500e+01
2.318322500000000000e+05 -1.564761999999999986e+01 8.902521000000000129e+01
2.318324500000000116e+05 -1.543499000000000088e+01 9.571169000000000437e+01
2.318326500000000233e+05 -1.510970999999999975e+01 8.630679999999999552e+01
2.318328500000000058e+05 -1.556610000000000049e+01 9.067126000000000374e+01
2.318330500000000175e+05 -1.480020999999999987e+01 8.496017999999999404e+01
2.318332500000000000e+05 -1.553237999999999985e+01 8.882452000000000680e+01
2.318334500000000116e+05 -1.619881000000000171e+01 8.350942000000000576e+01
2.318336500000000233e+05 -1.597818999999999967e+01 9.704873000000000616e+01
2.318338500000000058e+05 -1.450553000000000026e+01 9.051385000000000502e+01
2.318340500000000175e+05 -1.516873000000000005e+01 8.662527000000000044e+01
2.318342500000000000e+05 -1.485477999999999987e+01 8.812386999999999659e+01
2.318344500000000116e+05 -1.509768000000000043e+01 9.432762999999999920e+01
2.318346500000000233e+05 -1.611721000000000004e+01 9.368250999999999351e+01
2.318348500000000058e+05 -1.504615000000000080e+01 9.373112000000000421e+01
2.318350500000000175e+05 -1.463296000000000063e+01 8.813119000000000369e+01
2.318352500000000000e+05 -1.520505999999999958e+01 8.922100000000000364e+01
2.318354500000000116e+05 -1.544139999999999979e+01 9.132000999999999635e+01
2.318356500000000233e+05 -1.613425000000000153e+01 9.513175999999999988e+01
2.318358500000000058e+05 -1.483458000000000077e+01 9.166195000000000448e+01
2.318360500000000175e+05 -1.553196999999999939e+01 9.512031000000000347e+01
2.318362500000000000e+05 -1.638304000000000116e+01 9.301031999999999300e+01
2.318364500000000116e+05 -1.507027000000000072e+01 1.001821000000000055e+02
2.318366500000000233e+05 -1.547480999999999973e+01 9.546984000000000492e+01
2.318368500000000058e+05 -1.649964999999999904e+01 9.079682999999999993e+01
2.318370500000000175e+05 -1.528223000000000020e+01 8.966702999999999690e+01
2.318372500000000000e+05 -1.511604999999999954e+01 1.005708000000000055e+02
2.318374500000000116e+05 -1.491122000000000014e+01 9.613034000000000390e+01
2.318376500000000233e+05 -1.609198999999999913e+01 9.565170000000000528e+01
2.318378500000000058e+05 -1.664448000000000150e+01 9.806134000000000128e+01
2.318380500000000175e+05 -1.548071999999999981e+01 9.228997999999999990e+01
2.318382500000000000e+05 -1.538664999999999949e+01 9.460909999999999798e+01
2.318384500000000116e+05 -1.650167000000000073e+01 9.521500000000000341e+01
