# Temperature: None K
2.317964500000000116e+05 -2.085306999999999888e+01
2.317965250000000233e+05 -2.292413000000000167e+01
2.317966000000000058e+05 -1.923132000000000019e+01
2.317966750000000175e+05 -1.748622999999999905e+01
2.317967500000000000e+05 -1.869585000000000008e+01
2.317968250000000116e+05 -2.063513000000000019e+01
2.317969000000000233e+05 -2.229357999999999862e+01
2.317969750000000058e+05 -1.802477000000000018e+01
2.317970500000000175e+05 -1.914139000000000124e+01
2.317971250000000000e+05 -1.869338000000000122e+01
2.317972000000000116e+05 -1.899033000000000015e+01
2.317972750000000233e+05 -2.277956999999999965e+01
2.317973500000000058e+05 -1.818736000000000175e+01
2.317974250000000175e+05 -1.857961999999999847e+01
2.317975000000000000e+05 -1.633267999999999986e+01
2.317975750000000116e+05 -2.244275000000000020e+01
2.317976500000000233e+05 -2.151742000000000132e+01
2.317977250000000058e+05 -2.029717000000000127e+01
2.317978000000000175e+05 -1.785310000000000130e+01
2.317978750000000000e+05 -2.215882999999999825e+01
2.317979500000000116e+05 -2.134668999999999883e+01
2.317980250000000233e+05 -1.797353999999999985e+01
2.317981000000000058e+05 -1.857877999999999830e+01
2.317981750000000175e+05 -1.939614999999999867e+01
2.317982500000000000e+05 -2.268882999999999939e+01
2.317983250000000116e+05 -1.943753999999999849e+01
2.317984000000000233e+05 -1.871940999999999988e+01
2.317984750000000058e+05 -2.154291999999999874e+01
2.317985500000000175e+05 -1.835141000000000133e+01
2.317986250000000000e+05 -2.007888000000000162e+01
2.317987000000000116e+05 -1.964876999999999896e+01
2.317987750000000233e+05 -2.082338999999999984e+01
2.317988500000000058e+05 -2.045867000000000147e+01
2.317989250000000175e+05 -2.225786000000000087e+01
2.317990000000000000e+05 -2.079877000000000109e+01
2.317990750000000116e+05 -2.172278999999999982e+01
2.317991500000000233e+05 -1.853340000000000032e+01
2.317992250000000058e+05 -2.271283000000000030e+01
2.317993000000000175e+05 -1.868469999999999942e+01
2.317993750000000000e+05 -1.887113000000000085e+01
2.317994500000000116e+05 -2.112246999999999986e+01
2.317995250000000233e+05 -1.909446000000000154e+01
2.317996000000000058e+05 -1.951296999999999926e+01
2.317996750000000175e+05 -2.040364999999999895e+01
2.317997500000000000e+05 -1.847942000000000107e+01
2.317998250000000116e+05 -2.063019999999999854e+01
2.317999000000000233e+05 -2.034562000000000026e+01
2.317999750000000058e+05 -1.845707000000000164e+01
2.318000500000000175e+05 -1.788351000000000113e+01
2.318001250000000000e+05 -1.744707000000000008e+01
2.318002000000000116e+05 -1.836439000000000021e+01
2.318002750000000233e+05 -1.991047000000000011e+01
2.318003500000000058e+05 -1.813742999999999839e+01
2.318004250000000175e+05 -2.030374000000000123e+01
2.318005000000000000e+05 -1.839688999999999908e+01
2.318005750000000116e+05 -1.990655999999999892e+01
2.318006500000000233e+05 -1.913160999999999845e+01
2.318007250000000058e+05 -1.824871999999999872e+01
2.318008000000000175e+05 -1.873250000000000171e+01
2.318008750000000000e+05 -1.915653999999999968e+01
2.318009500000000116e+05 -1.935192999999999941e+01
2.318010250000000233e+05 -1.828208000000000055e+01
2.318011000000000058e+05 -1.665277999999999992e+01
2.318011750000000175e+05 -1.951836000000000126e+01
2.318012500000000000e+05 -1.777832000000000079e+01
2.318013250000000116e+05 -1.753119999999999834e+01
2.318014000000000233e+05 -1.684270000000000067e+01
2.318014750000000058e+05 -2.059998999999999825e+01
2.318015500000000175e+05 -1.997737000000000052e+01
2.318016250000000000e+05 -1.841862000000000066e+01
2.318017000000000116e+05 -2.246328000000000102e+01
2.318017750000000233e+05 -1.836959999999999837e+01
2.318018500000000058e+05 -2.201949000000000112e+01
2.318019250000000175e+05 -1.791385999999999967e+01
2.318020000000000000e+05 -1.707386999999999944e+01
2.318020750000000116e+05 -1.885634999999999906e+01
2.318021500000000233e+05 -1.982330999999999932e+01
2.318022250000000058e+05 -1.770227999999999824e+01
2.318023000000000175e+05 -1.725991000000000142e+01
2.318023750000000000e+05 -1.920420999999999978e+01
2.318024500000000116e+05 -1.847212999999999994e+01
2.318025250000000233e+05 -1.886920999999999893e+01
2.318026000000000058e+05 -1.662224000000000146e+01
2.318026750000000175e+05 -1.766958999999999946e+01
2.318027500000000000e+05 -1.754410000000000025e+01
2.318028250000000116e+05 -2.007982000000000156e+01
2.318029000000000233e+05 -2.076672999999999902e+01
2.318029750000000058e+05 -1.858282000000000167e+01
2.318030500000000175e+05 -1.976732000000000156e+01
2.318031250000000000e+05 -1.718578000000000117e+01
2.318032000000000116e+05 -1.957049999999999912e+01
2.318032750000000233e+05 -1.805092000000000141e+01
2.318033500000000058e+05 -1.971031999999999940e+01
2.318034250000000175e+05 -1.763085999999999842e+01
2.318035000000000000e+05 -1.805981999999999843e+01
2.318035750000000116e+05 -1.888484000000000052e+01
2.318036500000000233e+05 -2.038376999999999839e+01
2.318037250000000058e+05 -1.776923999999999992e+01
2.318038000000000175e+05 -1.742295000000000016e+01
2.318038750000000000e+05 -1.921747999999999834e+01
2.318039500000000116e+05 -1.728971999999999909e+01
2.318040250000000233e+05 -1.715697000000000116e+01
2.318041000000000058e+05 -1.685138999999999854e+01
2.318041750000000175e+05 -1.928171000000000035e+01
2.318042500000000000e+05 -1.689163999999999888e+01
2.318043250000000116e+05 -1.912406999999999968e+01
2.318044000000000233e+05 -1.699635999999999925e+01
2.318044750000000058e+05 -1.790490000000000137e+01
2.318045500000000175e+05 -1.919519999999999982e+01
2.318046250000000000e+05 -1.691344000000000136e+01
2.318047000000000116e+05 -1.826228000000000051e+01
2.318047750000000233e+05 -2.135544000000000153e+01
2.318048500000000058e+05 -1.760257999999999967e+01
2.318049250000000175e+05 -1.670655000000000001e+01
2.318050000000000000e+05 -1.817184999999999917e+01
2.318050750000000116e+05 -1.917764999999999986e+01
2.318051500000000233e+05 -1.699783000000000044e+01
2.318052250000000058e+05 -1.783399999999999963e+01
2.318053000000000175e+05 -1.732329999999999970e+01
2.318053750000000000e+05 -1.772792000000000101e+01
2.318054500000000116e+05 -1.533881000000000050e+01
2.318055250000000233e+05 -1.797609999999999886e+01
2.318056000000000058e+05 -1.570941999999999972e+01
2.318056750000000175e+05 -1.817874000000000123e+01
2.318057500000000000e+05 -1.649470000000000169e+01
2.318058250000000116e+05 -1.663106000000000151e+01
2.318059000000000233e+05 -1.611484000000000094e+01
2.318059750000000058e+05 -1.803916999999999859e+01
2.318060500000000175e+05 -1.797146000000000043e+01
2.318061250000000000e+05 -1.710863000000000156e+01
2.318062000000000116e+05 -1.785358000000000089e+01
2.318062750000000233e+05 -1.553039000000000058e+01
2.318063500000000058e+05 -1.626615999999999929e+01
2.318064250000000175e+05 -1.641639999999999944e+01
2.318065000000000000e+05 -1.689176000000000144e+01
2.318065750000000116e+05 -1.645362000000000080e+01
2.318066500000000233e+05 -1.547303999999999924e+01
2.318067250000000058e+05 -1.571100999999999992e+01
2.318068000000000175e+05 -1.810368000000000066e+01
2.318068750000000000e+05 -1.797850000000000037e+01
2.318069500000000116e+05 -1.631860999999999962e+01
2.318070250000000233e+05 -1.587289999999999957e+01
2.318071000000000058e+05 -1.769415000000000049e+01
2.318071750000000175e+05 -1.633931000000000111e+01
2.318072500000000000e+05 -1.500744000000000078e+01
2.318073250000000116e+05 -1.698400000000000176e+01
2.318074000000000233e+05 -1.803892000000000095e+01
2.318074750000000058e+05 -1.594739000000000040e+01
2.318075500000000175e+05 -1.536444000000000010e+01
2.318076250000000000e+05 -1.523736000000000068e+01
2.318077000000000116e+05 -1.466127999999999965e+01
2.318077750000000233e+05 -1.408093000000000039e+01
2.318078500000000058e+05 -1.489846000000000004e+01
2.318079250000000175e+05 -1.536905999999999928e+01
2.318080000000000000e+05 -1.584568999999999939e+01
2.318080750000000116e+05 -1.359712000000000032e+01
2.318081500000000233e+05 -1.400536999999999921e+01
2.318082250000000058e+05 -1.425622000000000078e+01
2.318083000000000175e+05 -1.433142999999999923e+01
2.318083750000000000e+05 -1.497146000000000043e+01
2.318084500000000116e+05 -1.430386999999999986e+01
2.318085250000000233e+05 -1.387785000000000046e+01
2.318086000000000058e+05 -1.267891000000000012e+01
2.318086750000000175e+05 -1.414353999999999978e+01
2.318087500000000000e+05 -1.354412999999999911e+01
2.318088250000000116e+05 -1.331307999999999936e+01
2.318089000000000233e+05 -1.349419999999999931e+01
2.318089750000000058e+05 -1.158885000000000076e+01
2.318090500000000175e+05 -1.269486999999999988e+01
2.318091250000000000e+05 -1.271637999999999913e+01
2.318092000000000116e+05 -1.171232000000000006e+01
2.318092750000000233e+05 -1.134051000000000009e+01
2.318093500000000058e+05 -1.130442000000000036e+01
2.318094250000000175e+05 -1.114267000000000074e+01
2.318095000000000000e+05 -1.072874999999999979e+01
2.318095750000000116e+05 -1.059393000000000029e+01
2.318096500000000233e+05 -9.573605000000000587e+00
2.318097250000000058e+05 -9.539844000000000435e+00
2.318098000000000175e+05 -9.078186000000000533e+00
2.318098750000000000e+05 -9.042937999999999477e+00
2.318099500000000116e+05 -8.348031000000000645e+00
2.318100250000000233e+05 -8.012641999999999598e+00
2.318101000000000058e+05 -7.914137000000000199e+00
2.318101750000000175e+05 -6.630107999999999890e+00
2.318102500000000000e+05 -6.434156999999999904e+00
2.318103250000000116e+05 -6.221060999999999730e+00
2.318104000000000233e+05 -5.372964999999999769e+00
2.318104750000000058e+05 -4.237395000000000245e+00
2.318105500000000175e+05 -3.891046999999999922e+00
2.318106250000000000e+05 -3.794629000000000030e+00
2.318107000000000116e+05 -3.025361000000000189e+00
2.318107750000000233e+05 -2.297149999999999803e+00
2.318108500000000058e+05 -1.600737999999999994e+00
2.318109250000000175e+05 -1.109363000000000099e+00
2.318110000000000000e+05 -4.831657999999999786e-01
2.318110750000000116e+05 -1.631046999999999914e-01
2.318111500000000233e+05 1.573110000000000064e-01
2.318112250000000058e+05 9.566466999999999610e-01
2.318113000000000175e+05 1.293114000000000097e+00
2.318113750000000000e+05 1.517532000000000103e+00
2.318114500000000116e+05 1.887861999999999929e+00
2.318115250000000233e+05 1.826465000000000005e+00
2.318116000000000058e+05 1.666965000000000030e+00
2.318116750000000175e+05 1.316348999999999991e+00
2.318117500000000000e+05 1.355819000000000107e+00
2.318118250000000116e+05 1.063582000000000027e+00
2.318119000000000233e+05 7.741423999999999528e-02
2.318119750000000058e+05 -7.422279999999999989e-01
2.318120500000000175e+05 -1.249492999999999965e+00
2.318121250000000000e+05 -2.249169999999999892e+00
2.318122000000000116e+05 -2.952139999999999986e+00
2.318122750000000233e+05 -3.236549000000000120e+00
2.318123500000000058e+05 -2.552411999999999903e+00
2.318124250000000175e+05 -2.643612000000000073e+00
2.318125000000000000e+05 -2.061614000000000058e+00
2.318125750000000116e+05 -2.283030999999999811e+00
2.318126500000000233e+05 -2.481247999999999898e+00
2.318127250000000058e+05 -3.348196000000000172e+00
2.318128000000000175e+05 -4.148550000000000182e+00
2.318128750000000000e+05 -4.986826999999999899e+00
2.318129500000000116e+05 -5.077560000000000073e+00
2.318130250000000233e+05 -5.128083000000000169e+00
2.318131000000000058e+05 -4.567813000000000123e+00
2.318131750000000175e+05 -4.606256000000000128e+00
2.318132500000000000e+05 -4.638218000000000174e+00
2.318133250000000116e+05 -5.471416999999999753e+00
2.318134000000000233e+05 -6.579434000000000005e+00
2.318134750000000058e+05 -6.832141000000000020e+00
2.318135500000000175e+05 -7.086643999999999721e+00
2.318136250000000000e+05 -6.535676999999999737e+00
2.318137000000000116e+05 -6.359988999999999670e+00
2.318137750000000233e+05 -7.372775999999999996e+00
2.318138500000000058e+05 -7.612514000000000003e+00
2.318139250000000175e+05 -8.216530999999999807e+00
2.318140000000000000e+05 -8.308609000000000577e+00
2.318140750000000116e+05 -8.305089000000000610e+00
2.318141500000000233e+05 -8.926306999999999547e+00
2.318142250000000058e+05 -8.622056999999999860e+00
2.318143000000000175e+05 -9.038256000000000512e+00
2.318143750000000000e+05 -8.937568000000000623e+00
2.318144500000000116e+05 -9.508126999999999995e+00
2.318145250000000233e+05 -8.856526999999999816e+00
2.318146000000000058e+05 -9.475612999999999175e+00
2.318146750000000175e+05 -1.053213000000000044e+01
2.318147500000000000e+05 -1.004883000000000060e+01
2.318148250000000116e+05 -1.095500000000000007e+01
2.318149000000000233e+05 -1.033688000000000073e+01
2.318149750000000058e+05 -1.129371000000000080e+01
2.318150500000000175e+05 -1.231259999999999977e+01
2.318151250000000000e+05 -1.130087999999999937e+01
2.318152000000000116e+05 -1.111829999999999963e+01
2.318152750000000233e+05 -1.299735000000000085e+01
2.318153500000000058e+05 -1.292871000000000059e+01
2.318154250000000175e+05 -1.432774000000000036e+01
2.318155000000000000e+05 -1.186275999999999975e+01
2.318155750000000116e+05 -1.482305999999999990e+01
2.318156500000000233e+05 -1.431225000000000058e+01
2.318157250000000058e+05 -1.428370999999999924e+01
2.318158000000000175e+05 -1.415708000000000055e+01
2.318158750000000000e+05 -1.599351000000000056e+01
2.318159500000000116e+05 -1.549671000000000021e+01
2.318160250000000233e+05 -1.418807999999999936e+01
2.318161000000000058e+05 -1.702630999999999872e+01
2.318161750000000175e+05 -1.632479000000000013e+01
2.318162500000000000e+05 -1.386707000000000001e+01
2.318163250000000116e+05 -1.548165000000000013e+01
2.318164000000000233e+05 -1.826311000000000107e+01
2.318164750000000058e+05 -1.361341000000000001e+01
2.318165500000000175e+05 -1.698345000000000127e+01
2.318166250000000000e+05 -1.717838000000000065e+01
2.318167000000000116e+05 -1.552050999999999981e+01
2.318167750000000233e+05 -1.743086999999999875e+01
2.318168500000000058e+05 -2.293633000000000166e+01
2.318169250000000175e+05 -1.621404000000000067e+01
2.318170000000000000e+05 -1.971021000000000001e+01
2.318170750000000116e+05 -1.688862999999999914e+01
2.318171500000000233e+05 -1.676821999999999946e+01
2.318172250000000058e+05 -2.528355000000000175e+01
2.318173000000000175e+05 -1.745690000000000097e+01
2.318173750000000000e+05 -1.758095000000000141e+01
2.318174500000000116e+05 -2.345907000000000053e+01
2.318175250000000233e+05 -1.877018999999999949e+01
2.318176000000000058e+05 -2.176855000000000118e+01
2.318176750000000175e+05 -1.857472999999999885e+01
2.318177500000000000e+05 -1.877311999999999870e+01
2.318178250000000116e+05 -2.330191999999999908e+01
2.318179000000000233e+05 -1.834741999999999962e+01
2.318179750000000058e+05 -2.849859999999999971e+01
2.318180500000000175e+05 -1.966348999999999947e+01
2.318181250000000000e+05 -2.411592999999999876e+01
2.318182000000000116e+05 -2.301022999999999996e+01
2.318182750000000233e+05 -2.336946000000000012e+01
2.318183500000000058e+05 -3.599822999999999951e+01
2.318184250000000175e+05 -2.102881999999999962e+01
2.318185000000000000e+05 -2.446498000000000062e+01
2.318185750000000116e+05 -1.801208000000000098e+01
2.318186500000000233e+05 -3.093586000000000169e+01
2.318187250000000058e+05 -1.905819999999999936e+01
2.318188000000000175e+05 -2.986970000000000169e+01
2.318188750000000000e+05 -2.576993999999999829e+01
2.318189500000000116e+05 -2.551079999999999970e+01
2.318190250000000233e+05 -2.128109999999999857e+01
2.318191000000000058e+05 -2.330442000000000036e+01
2.318191750000000175e+05 -2.311525999999999925e+01
2.318192500000000000e+05 -2.288954000000000022e+01
2.318193250000000116e+05 -2.472015000000000029e+01
2.318194000000000233e+05 -2.291093000000000046e+01
2.318194750000000058e+05 -2.258027999999999835e+01
2.318195500000000175e+05 -2.155526000000000053e+01
2.318196250000000000e+05 -2.375613999999999848e+01
2.318197000000000116e+05 -2.523658000000000001e+01
2.318197750000000233e+05 -1.942049000000000092e+01
2.318198500000000058e+05 -2.498956000000000088e+01
2.318199250000000175e+05 -1.893954000000000093e+01
2.318200000000000000e+05 -2.877335000000000065e+01
2.318200750000000116e+05 -2.067749999999999844e+01
2.318201500000000233e+05 -3.124924999999999997e+01
2.318202250000000058e+05 -2.125964000000000098e+01
2.318203000000000175e+05 -3.348434999999999917e+01
2.318203750000000000e+05 -2.299589999999999890e+01
2.318204500000000116e+05 -2.626969000000000065e+01
2.318205250000000233e+05 -2.415594000000000108e+01
2.318206000000000058e+05 -2.774102999999999852e+01
2.318206750000000175e+05 -2.789750000000000085e+01
2.318207500000000000e+05 -2.028866999999999976e+01
2.318208250000000116e+05 -2.602376999999999896e+01
2.318209000000000233e+05 -2.297006999999999977e+01
2.318209750000000058e+05 -2.118524999999999991e+01
2.318210500000000175e+05 -2.501435000000000031e+01
2.318211250000000000e+05 -2.460873000000000133e+01
2.318212000000000116e+05 -2.593225999999999942e+01
2.318212750000000233e+05 -2.005354000000000170e+01
2.318213500000000058e+05 -2.337517000000000067e+01
2.318214250000000175e+05 -2.464425999999999917e+01
2.318215000000000000e+05 -2.132163999999999859e+01
2.318215750000000116e+05 -2.422295000000000087e+01
2.318216500000000233e+05 -2.491000000000000014e+01
2.318217250000000058e+05 -2.009280000000000044e+01
2.318218000000000175e+05 -2.517312000000000083e+01
2.318218750000000000e+05 -2.204078000000000159e+01
2.318219500000000116e+05 -2.243185000000000073e+01
2.318220250000000233e+05 -2.549583000000000155e+01
2.318221000000000058e+05 -2.574318999999999846e+01
2.318221750000000175e+05 -2.723451000000000022e+01
2.318222500000000000e+05 -2.506044999999999945e+01
2.318223250000000116e+05 -2.151241999999999877e+01
2.318224000000000233e+05 -2.272871999999999915e+01
2.318224750000000058e+05 -2.711578000000000088e+01
2.318225500000000175e+05 -2.139507000000000048e+01
2.318226250000000000e+05 -2.350611999999999924e+01
2.318227000000000116e+05 -2.869212999999999880e+01
2.318227750000000233e+05 -2.312788000000000110e+01
2.318228500000000058e+05 -2.479540000000000077e+01
2.318229250000000175e+05 -2.195637999999999934e+01
2.318230000000000000e+05 -2.115090999999999966e+01
2.318230750000000116e+05 -2.216796000000000078e+01
2.318231500000000233e+05 -2.198854000000000042e+01
2.318232250000000058e+05 -2.539593999999999951e+01
2.318233000000000175e+05 -2.400651999999999830e+01
2.318233750000000000e+05 -2.141442999999999941e+01
2.318234500000000116e+05 -2.426019000000000148e+01
2.318235250000000233e+05 -2.778247000000000000e+01
2.318236000000000058e+05 -2.687899000000000171e+01
2.318236750000000175e+05 -2.563701000000000008e+01
2.318237500000000000e+05 -2.597400999999999982e+01
2.318238250000000116e+05 -2.392787999999999826e+01
2.318239000000000233e+05 -2.420629999999999882e+01
2.318239750000000058e+05 -2.399200000000000088e+01
2.318240500000000175e+05 -2.782428000000000168e+01
2.318241250000000000e+05 -2.359690000000000154e+01
2.318242000000000116e+05 -2.559372000000000114e+01
2.318242750000000233e+05 -2.336816999999999922e+01
2.318243500000000058e+05 -2.216548999999999836e+01
2.318244250000000175e+05 -2.834759000000000029e+01
2.318245000000000000e+05 -2.401377000000000095e+01
2.318245750000000116e+05 -2.311896000000000129e+01
2.318246500000000233e+05 -2.266676000000000002e+01
2.318247250000000058e+05 -2.943233000000000033e+01
2.318248000000000175e+05 -2.157861000000000118e+01
2.318248750000000000e+05 -2.737505000000000166e+01
2.318249500000000116e+05 -3.005919000000000096e+01
2.318250250000000233e+05 -2.157198999999999955e+01
2.318251000000000058e+05 -2.256736000000000075e+01
2.318251750000000175e+05 -2.195625000000000071e+01
2.318252500000000000e+05 -2.191334000000000160e+01
2.318253250000000116e+05 -2.272066999999999837e+01
2.318254000000000233e+05 -2.422365999999999886e+01
2.318254750000000058e+05 -2.710846000000000089e+01
2.318255500000000175e+05 -2.589258999999999844e+01
2.318256250000000000e+05 -2.611983000000000033e+01
2.318257000000000116e+05 -2.115344999999999942e+01
2.318257750000000233e+05 -2.468431999999999960e+01
2.318258500000000058e+05 -2.207996999999999943e+01
2.318259250000000175e+05 -2.286771999999999849e+01
2.318260000000000000e+05 -2.109168000000000021e+01
2.318260750000000116e+05 -2.577052000000000120e+01
2.318261500000000233e+05 -2.843809999999999860e+01
2.318262250000000058e+05 -2.719320000000000093e+01
2.318263000000000175e+05 -2.745660000000000167e+01
2.318263750000000000e+05 -2.649295000000000044e+01
2.318264500000000116e+05 -2.785558999999999941e+01
