# Temperature: None K
2.318064249999999884e+05 -2.124266000000000076e+01
2.318065000000000000e+05 -2.006181000000000125e+01
2.318065749999999825e+05 -1.823637000000000086e+01
2.318066499999999942e+05 -1.868913999999999831e+01
2.318067249999999767e+05 -1.707454999999999856e+01
2.318067999999999884e+05 -1.953325999999999851e+01
2.318068750000000000e+05 -2.248178000000000054e+01
2.318069499999999825e+05 -2.063271999999999906e+01
2.318070249999999942e+05 -2.044386000000000081e+01
2.318070999999999767e+05 -1.782899000000000100e+01
2.318071749999999884e+05 -2.227668999999999855e+01
2.318072500000000000e+05 -2.194648000000000110e+01
2.318073249999999825e+05 -1.858930000000000149e+01
2.318073999999999942e+05 -1.930432000000000059e+01
2.318074749999999767e+05 -2.166504000000000119e+01
2.318075499999999884e+05 -1.926561999999999841e+01
2.318076250000000000e+05 -1.844099999999999895e+01
2.318076999999999825e+05 -1.817840999999999951e+01
2.318077749999999942e+05 -1.853729999999999833e+01
2.318078499999999767e+05 -2.037848999999999933e+01
2.318079249999999884e+05 -2.163616999999999990e+01
2.318080000000000000e+05 -1.770662000000000091e+01
2.318080749999999825e+05 -2.087544000000000111e+01
2.318081499999999942e+05 -1.849758999999999887e+01
2.318082249999999767e+05 -1.655941999999999936e+01
2.318082999999999884e+05 -1.718166000000000082e+01
2.318083750000000000e+05 -1.997084999999999866e+01
2.318084499999999825e+05 -1.982043000000000177e+01
2.318085249999999942e+05 -1.831396000000000157e+01
2.318085999999999767e+05 -2.042141000000000162e+01
2.318086749999999884e+05 -1.978259999999999863e+01
2.318087500000000000e+05 -1.771274999999999977e+01
2.318088249999999825e+05 -2.054223999999999961e+01
2.318088999999999942e+05 -2.248564000000000007e+01
2.318089749999999767e+05 -1.700607000000000113e+01
2.318090499999999884e+05 -2.093669999999999831e+01
2.318091250000000000e+05 -1.881898999999999944e+01
2.318091999999999825e+05 -1.726010000000000133e+01
2.318092749999999942e+05 -2.098208999999999946e+01
2.318093499999999767e+05 -1.997435000000000116e+01
2.318094249999999884e+05 -1.797697000000000145e+01
2.318095000000000000e+05 -1.948633999999999844e+01
2.318095749999999825e+05 -2.101322000000000045e+01
2.318096499999999942e+05 -1.887665000000000148e+01
2.318097249999999767e+05 -1.904119000000000028e+01
2.318097999999999884e+05 -1.969902000000000086e+01
2.318098750000000000e+05 -2.059237999999999857e+01
2.318099499999999825e+05 -1.871718999999999866e+01
2.318100249999999942e+05 -1.992113000000000156e+01
2.318100999999999767e+05 -1.764019000000000048e+01
2.318101749999999884e+05 -1.794030000000000058e+01
2.318102500000000000e+05 -1.708467999999999876e+01
2.318103249999999825e+05 -1.636011999999999844e+01
2.318103999999999942e+05 -2.048614999999999853e+01
2.318104749999999767e+05 -1.861138000000000048e+01
2.318105499999999884e+05 -1.989215000000000089e+01
2.318106250000000000e+05 -1.942896999999999963e+01
2.318106999999999825e+05 -1.785120999999999825e+01
2.318107749999999942e+05 -1.699607999999999919e+01
2.318108499999999767e+05 -2.059149999999999991e+01
2.318109249999999884e+05 -1.904609999999999914e+01
2.318110000000000000e+05 -1.781240000000000023e+01
2.318110749999999825e+05 -1.838290999999999897e+01
2.318111499999999942e+05 -1.806345999999999918e+01
2.318112249999999767e+05 -1.899493000000000009e+01
2.318112999999999884e+05 -1.815205999999999875e+01
2.318113750000000000e+05 -1.874758999999999887e+01
2.318114499999999825e+05 -1.806672000000000011e+01
2.318115249999999942e+05 -2.259094999999999942e+01
2.318115999999999767e+05 -1.813763000000000147e+01
2.318116749999999884e+05 -1.906196999999999875e+01
2.318117500000000000e+05 -1.815713999999999828e+01
2.318118249999999825e+05 -1.754929999999999879e+01
2.318118999999999942e+05 -2.014152999999999949e+01
2.318119749999999767e+05 -1.818712999999999980e+01
2.318120499999999884e+05 -1.888939999999999841e+01
2.318121250000000000e+05 -2.027221000000000117e+01
2.318121999999999825e+05 -1.747146000000000043e+01
2.318122749999999942e+05 -2.133519000000000077e+01
2.318123499999999767e+05 -1.777793000000000134e+01
2.318124249999999884e+05 -2.014186000000000121e+01
2.318125000000000000e+05 -1.974358000000000146e+01
2.318125749999999825e+05 -1.767251999999999867e+01
2.318126499999999942e+05 -1.726285999999999987e+01
2.318127249999999767e+05 -1.783571999999999846e+01
2.318127999999999884e+05 -1.811836999999999875e+01
2.318128750000000000e+05 -1.806490000000000151e+01
2.318129499999999825e+05 -2.056544999999999845e+01
2.318130249999999942e+05 -2.026001000000000118e+01
2.318130999999999767e+05 -1.896217000000000041e+01
2.318131749999999884e+05 -1.826536000000000115e+01
2.318132500000000000e+05 -1.781598999999999933e+01
2.318133249999999825e+05 -2.003531999999999869e+01
2.318133999999999942e+05 -1.966587000000000174e+01
2.318134749999999767e+05 -1.688185999999999964e+01
2.318135499999999884e+05 -1.912537999999999982e+01
2.318136250000000000e+05 -1.980649000000000015e+01
2.318136999999999825e+05 -1.802367999999999881e+01
2.318137749999999942e+05 -2.040900999999999854e+01
2.318138499999999767e+05 -1.891394999999999982e+01
2.318139249999999884e+05 -1.867154999999999987e+01
2.318140000000000000e+05 -1.851529999999999987e+01
2.318140749999999825e+05 -1.691856999999999900e+01
2.318141499999999942e+05 -2.079827999999999832e+01
2.318142249999999767e+05 -1.707797000000000054e+01
2.318142999999999884e+05 -1.762584000000000017e+01
2.318143750000000000e+05 -1.700329999999999941e+01
2.318144499999999825e+05 -1.675129000000000090e+01
2.318145249999999942e+05 -1.994935999999999865e+01
2.318145999999999767e+05 -1.631399000000000044e+01
2.318146749999999884e+05 -1.654008999999999929e+01
2.318147500000000000e+05 -1.793986999999999910e+01
2.318148249999999825e+05 -1.819601000000000113e+01
2.318148999999999942e+05 -1.687046000000000134e+01
2.318149749999999767e+05 -1.756925000000000026e+01
2.318150499999999884e+05 -1.682416999999999874e+01
2.318151250000000000e+05 -1.741929999999999978e+01
2.318151999999999825e+05 -2.027215999999999951e+01
2.318152749999999942e+05 -1.773877999999999844e+01
2.318153499999999767e+05 -1.748836999999999975e+01
2.318154249999999884e+05 -1.658010000000000161e+01
2.318155000000000000e+05 -1.863903000000000176e+01
2.318155749999999825e+05 -1.715933000000000064e+01
2.318156499999999942e+05 -1.657892000000000010e+01
2.318157249999999767e+05 -1.657304999999999851e+01
2.318157999999999884e+05 -1.530991000000000035e+01
2.318158750000000000e+05 -1.555898000000000003e+01
2.318159499999999825e+05 -1.719530999999999921e+01
2.318160249999999942e+05 -1.552069000000000010e+01
2.318160999999999767e+05 -1.592054000000000080e+01
2.318161749999999884e+05 -2.051796999999999827e+01
2.318162500000000000e+05 -1.707701000000000136e+01
2.318163249999999825e+05 -1.640065999999999846e+01
2.318163999999999942e+05 -1.724344999999999928e+01
2.318164749999999767e+05 -1.601369000000000042e+01
2.318165499999999884e+05 -1.823548999999999864e+01
2.318166250000000000e+05 -1.591069000000000067e+01
2.318166999999999825e+05 -1.679112999999999900e+01
2.318167749999999942e+05 -1.537387000000000015e+01
2.318168499999999767e+05 -1.583216000000000001e+01
2.318169249999999884e+05 -1.647488999999999848e+01
2.318170000000000000e+05 -1.718030999999999864e+01
2.318170749999999825e+05 -1.697802000000000078e+01
2.318171499999999942e+05 -1.688215999999999894e+01
2.318172249999999767e+05 -1.453949000000000069e+01
2.318172999999999884e+05 -1.634487000000000023e+01
2.318173750000000000e+05 -1.524353999999999942e+01
2.318174499999999825e+05 -1.796839999999999904e+01
2.318175249999999942e+05 -1.624468999999999852e+01
2.318175999999999767e+05 -1.639348999999999990e+01
2.318176749999999884e+05 -1.584483999999999959e+01
2.318177500000000000e+05 -1.555907000000000018e+01
2.318178249999999825e+05 -1.577787000000000006e+01
2.318178999999999942e+05 -1.525492999999999988e+01
2.318179749999999767e+05 -1.448861999999999917e+01
2.318180499999999884e+05 -1.626824999999999832e+01
2.318181250000000000e+05 -1.457402000000000086e+01
2.318181999999999825e+05 -1.413857999999999926e+01
2.318182749999999942e+05 -1.505654000000000003e+01
2.318183499999999767e+05 -1.536213000000000051e+01
2.318184249999999884e+05 -1.444095000000000084e+01
2.318185000000000000e+05 -1.362334000000000067e+01
2.318185749999999825e+05 -1.371232000000000006e+01
2.318186499999999942e+05 -1.287504999999999988e+01
2.318187249999999767e+05 -1.305184000000000033e+01
2.318187999999999884e+05 -1.279270999999999958e+01
2.318188750000000000e+05 -1.034657999999999944e+01
2.318189499999999825e+05 -1.206094000000000044e+01
2.318190249999999942e+05 -1.242320999999999920e+01
2.318190999999999767e+05 -1.264850000000000030e+01
2.318191749999999884e+05 -1.162533999999999956e+01
2.318192500000000000e+05 -1.119964000000000048e+01
2.318193249999999825e+05 -1.061275999999999975e+01
2.318193999999999942e+05 -1.073572000000000060e+01
2.318194749999999767e+05 -9.426921000000000106e+00
2.318195499999999884e+05 -1.000459000000000032e+01
2.318196250000000000e+05 -8.804152000000000200e+00
2.318196999999999825e+05 -8.778226999999999336e+00
2.318197749999999942e+05 -8.048261999999999361e+00
2.318198499999999767e+05 -7.660912999999999862e+00
2.318199249999999884e+05 -7.258827000000000140e+00
2.318200000000000000e+05 -7.480412000000000283e+00
2.318200749999999825e+05 -6.751670999999999978e+00
2.318201499999999942e+05 -5.660981999999999736e+00
2.318202249999999767e+05 -5.538640000000000008e+00
2.318202999999999884e+05 -5.000890000000000057e+00
2.318203750000000000e+05 -4.184567999999999621e+00
2.318204499999999825e+05 -3.616890000000000160e+00
2.318205249999999942e+05 -3.276816999999999869e+00
2.318205999999999767e+05 -2.439064999999999817e+00
2.318206749999999884e+05 -1.674911999999999956e+00
2.318207500000000000e+05 -1.138819999999999943e+00
2.318208249999999825e+05 -7.753988000000000547e-01
2.318208999999999942e+05 -4.700838999999999990e-01
2.318209749999999767e+05 2.041284999999999905e-01
2.318210499999999884e+05 9.931225000000000191e-01
2.318211250000000000e+05 1.011665999999999954e+00
2.318211999999999825e+05 1.365741000000000094e+00
2.318212749999999942e+05 1.639127000000000001e+00
2.318213499999999767e+05 1.672287000000000079e+00
2.318214249999999884e+05 1.613116999999999912e+00
2.318215000000000000e+05 1.314383000000000079e+00
2.318215749999999825e+05 9.903334999999999777e-01
2.318216499999999942e+05 6.202602000000000393e-01
2.318217249999999767e+05 1.389152999999999916e-01
2.318217999999999884e+05 -8.857808999999999822e-01
2.318218750000000000e+05 -1.705470999999999959e+00
2.318219499999999825e+05 -2.026634000000000047e+00
2.318220249999999942e+05 -2.784425000000000150e+00
2.318220999999999767e+05 -3.095790000000000042e+00
2.318221749999999884e+05 -2.943311000000000011e+00
2.318222500000000000e+05 -2.255584999999999951e+00
2.318223249999999825e+05 -2.153598000000000123e+00
2.318223999999999942e+05 -2.363313000000000219e+00
2.318224749999999767e+05 -2.537309000000000037e+00
2.318225499999999884e+05 -3.380195000000000061e+00
2.318226250000000000e+05 -4.127494000000000440e+00
2.318226999999999825e+05 -4.879273000000000415e+00
2.318227749999999942e+05 -4.815165999999999613e+00
2.318228499999999767e+05 -4.900660000000000238e+00
2.318229249999999884e+05 -4.183695000000000164e+00
2.318230000000000000e+05 -4.402706000000000230e+00
2.318230749999999825e+05 -4.705534000000000106e+00
2.318231499999999942e+05 -5.185723000000000305e+00
2.318232249999999767e+05 -6.162746000000000279e+00
2.318232999999999884e+05 -6.646660999999999930e+00
2.318233750000000000e+05 -6.387426999999999744e+00
2.318234499999999825e+05 -6.749830000000000219e+00
2.318235249999999942e+05 -6.506217000000000361e+00
2.318235999999999767e+05 -6.384242999999999668e+00
2.318236749999999884e+05 -7.387137000000000064e+00
2.318237500000000000e+05 -7.529143000000000363e+00
2.318238249999999825e+05 -7.435794999999999710e+00
2.318238999999999942e+05 -7.599493999999999971e+00
2.318239749999999767e+05 -7.686091000000000228e+00
2.318240499999999884e+05 -8.196844000000000463e+00
2.318241250000000000e+05 -9.564980000000000260e+00
2.318241999999999825e+05 -9.641788999999999277e+00
2.318242749999999942e+05 -9.455341000000000662e+00
2.318243499999999767e+05 -9.202534999999999243e+00
2.318244249999999884e+05 -9.442799000000000831e+00
2.318245000000000000e+05 -1.125061999999999962e+01
2.318245749999999825e+05 -1.062650999999999968e+01
2.318246499999999942e+05 -1.087536000000000058e+01
2.318247249999999767e+05 -1.032241999999999926e+01
2.318247999999999884e+05 -1.158511000000000024e+01
2.318248750000000000e+05 -1.149863000000000035e+01
2.318249499999999825e+05 -1.188608999999999938e+01
2.318250249999999942e+05 -1.143173999999999957e+01
2.318250999999999767e+05 -1.181385000000000041e+01
2.318251749999999884e+05 -1.237137000000000064e+01
2.318252500000000000e+05 -1.250079000000000029e+01
2.318253249999999825e+05 -1.112531000000000070e+01
2.318253999999999942e+05 -1.308914000000000044e+01
2.318254749999999767e+05 -1.486236000000000068e+01
2.318255499999999884e+05 -1.299407000000000068e+01
2.318256250000000000e+05 -1.388324000000000069e+01
2.318256999999999825e+05 -1.696339000000000041e+01
2.318257749999999942e+05 -1.395339000000000063e+01
2.318258499999999767e+05 -1.327627999999999986e+01
2.318259249999999884e+05 -1.630930000000000035e+01
2.318260000000000000e+05 -1.573349999999999937e+01
2.318260749999999825e+05 -1.423211000000000048e+01
2.318261499999999942e+05 -1.539352000000000054e+01
2.318262249999999767e+05 -1.593030000000000079e+01
2.318262999999999884e+05 -1.415873999999999988e+01
2.318263750000000000e+05 -1.673133999999999943e+01
2.318264499999999825e+05 -1.618743999999999872e+01
2.318265249999999942e+05 -1.574863999999999997e+01
2.318265999999999767e+05 -1.695618999999999943e+01
2.318266749999999884e+05 -1.711815999999999960e+01
2.318267500000000000e+05 -1.528167000000000009e+01
2.318268249999999825e+05 -1.795581999999999923e+01
2.318268999999999942e+05 -1.597132000000000041e+01
2.318269749999999767e+05 -1.531452999999999953e+01
2.318270499999999884e+05 -1.942804999999999893e+01
2.318271250000000000e+05 -1.694734000000000052e+01
2.318271999999999825e+05 -1.920869000000000071e+01
2.318272749999999942e+05 -1.881401999999999930e+01
2.318273499999999767e+05 -1.717429999999999879e+01
2.318274249999999884e+05 -2.119832999999999856e+01
2.318275000000000000e+05 -1.532094000000000023e+01
2.318275749999999825e+05 -2.134707999999999828e+01
2.318276499999999942e+05 -2.051201000000000008e+01
2.318277249999999767e+05 -1.712471000000000032e+01
2.318277999999999884e+05 -2.257086999999999932e+01
2.318278750000000000e+05 -1.910623999999999967e+01
2.318279499999999825e+05 -2.471743999999999986e+01
2.318280249999999942e+05 -1.881519000000000119e+01
2.318280999999999767e+05 -1.929394999999999882e+01
2.318281749999999884e+05 -2.377878000000000114e+01
2.318282500000000000e+05 -1.822939999999999827e+01
2.318283249999999825e+05 -3.052772999999999826e+01
2.318283999999999942e+05 -1.776360000000000028e+01
2.318284749999999767e+05 -3.212039000000000044e+01
2.318285499999999884e+05 -2.002019999999999911e+01
2.318286250000000000e+05 -2.464884999999999948e+01
2.318286999999999825e+05 -1.880889000000000166e+01
2.318287749999999942e+05 -2.919810000000000016e+01
2.318288499999999767e+05 -2.238184000000000040e+01
2.318289249999999884e+05 -2.299406000000000105e+01
2.318290000000000000e+05 -2.383308999999999855e+01
2.318290749999999825e+05 -2.190380000000000038e+01
2.318291499999999942e+05 -2.339812999999999832e+01
2.318292249999999767e+05 -2.573295999999999850e+01
2.318292999999999884e+05 -2.004279999999999973e+01
2.318293750000000000e+05 -2.659916000000000125e+01
2.318294499999999825e+05 -2.053593000000000046e+01
2.318295249999999942e+05 -2.698198999999999970e+01
2.318295999999999767e+05 -2.828449000000000169e+01
2.318296749999999884e+05 -2.924949000000000154e+01
2.318297500000000000e+05 -2.116922999999999888e+01
2.318298249999999825e+05 -3.406600000000000250e+01
2.318298999999999942e+05 -2.379014000000000095e+01
2.318299749999999767e+05 -3.150469999999999970e+01
2.318300499999999884e+05 -2.259430000000000049e+01
2.318301250000000000e+05 -2.580674000000000134e+01
2.318301999999999825e+05 -2.239744999999999919e+01
2.318302749999999942e+05 -2.106469999999999843e+01
2.318303499999999767e+05 -2.366163999999999845e+01
2.318304249999999884e+05 -1.879803000000000068e+01
2.318305000000000000e+05 -3.346482000000000312e+01
2.318305749999999825e+05 -2.032629000000000019e+01
2.318306499999999942e+05 -2.587381999999999849e+01
2.318307249999999767e+05 -2.652336000000000027e+01
2.318307999999999884e+05 -2.156081999999999965e+01
2.318308750000000000e+05 -2.794090999999999880e+01
2.318309499999999825e+05 -2.255929000000000073e+01
2.318310249999999942e+05 -3.781425999999999732e+01
2.318310999999999767e+05 -2.044510000000000005e+01
2.318311749999999884e+05 -2.137916999999999845e+01
2.318312500000000000e+05 -2.804491000000000156e+01
2.318313249999999825e+05 -1.977167999999999992e+01
2.318313999999999942e+05 -2.670300999999999902e+01
2.318314749999999767e+05 -2.880524000000000129e+01
2.318315499999999884e+05 -2.371558999999999884e+01
2.318316250000000000e+05 -2.564383000000000123e+01
2.318316999999999825e+05 -2.224313000000000073e+01
2.318317749999999942e+05 -2.506075999999999837e+01
2.318318499999999767e+05 -2.817207000000000150e+01
2.318319249999999884e+05 -2.190247000000000099e+01
2.318320000000000000e+05 -2.359316000000000102e+01
2.318320749999999825e+05 -2.752251000000000047e+01
2.318321499999999942e+05 -2.856446000000000041e+01
2.318322249999999767e+05 -2.142287999999999926e+01
2.318322999999999884e+05 -2.934772999999999854e+01
2.318323750000000000e+05 -2.501886000000000010e+01
2.318324499999999825e+05 -1.972688000000000130e+01
2.318325249999999942e+05 -2.450261000000000067e+01
2.318325999999999767e+05 -2.756468999999999880e+01
2.318326749999999884e+05 -2.011344000000000065e+01
2.318327500000000000e+05 -2.333899999999999864e+01
2.318328249999999825e+05 -3.032281000000000049e+01
2.318328999999999942e+05 -3.026126999999999967e+01
2.318329749999999767e+05 -2.392004999999999981e+01
2.318330499999999884e+05 -2.188134000000000157e+01
2.318331250000000000e+05 -2.839021999999999935e+01
2.318331999999999825e+05 -2.593724999999999881e+01
2.318332749999999942e+05 -2.269760000000000133e+01
2.318333499999999767e+05 -2.202230000000000132e+01
2.318334249999999884e+05 -2.400478000000000023e+01
2.318335000000000000e+05 -2.813804999999999978e+01
2.318335749999999825e+05 -2.104193000000000069e+01
2.318336499999999942e+05 -2.492464999999999975e+01
2.318337249999999767e+05 -2.292773000000000039e+01
2.318337999999999884e+05 -2.565418999999999983e+01
2.318338750000000000e+05 -2.254740999999999929e+01
2.318339499999999825e+05 -2.946409999999999840e+01
2.318340249999999942e+05 -2.830187000000000097e+01
2.318340999999999767e+05 -2.216466000000000136e+01
2.318341749999999884e+05 -2.372972999999999999e+01
2.318342500000000000e+05 -2.233825999999999823e+01
2.318343249999999825e+05 -2.395614000000000132e+01
2.318343999999999942e+05 -2.300066999999999950e+01
2.318344749999999767e+05 -2.277326000000000050e+01
2.318345499999999884e+05 -2.523647000000000062e+01
2.318346250000000000e+05 -2.491449000000000069e+01
2.318346999999999825e+05 -2.162086000000000041e+01
2.318347749999999942e+05 -2.069839999999999947e+01
2.318348499999999767e+05 -2.786977999999999867e+01
2.318349249999999884e+05 -2.190974999999999895e+01
2.318350000000000000e+05 -2.092170000000000130e+01
2.318350749999999825e+05 -2.350366000000000000e+01
2.318351499999999942e+05 -2.213325000000000031e+01
2.318352249999999767e+05 -2.305238999999999905e+01
2.318352999999999884e+05 -2.597975999999999885e+01
2.318353750000000000e+05 -2.486525999999999925e+01
2.318354499999999825e+05 -2.257217999999999947e+01
2.318355249999999942e+05 -2.501913000000000054e+01
2.318355999999999767e+05 -2.571161000000000030e+01
2.318356749999999884e+05 -2.434537999999999869e+01
2.318357500000000000e+05 -2.857957999999999998e+01
2.318358249999999825e+05 -2.167029000000000138e+01
2.318358999999999942e+05 -2.226702999999999832e+01
2.318359749999999767e+05 -2.257475000000000165e+01
2.318360499999999884e+05 -2.459572999999999965e+01
2.318361250000000000e+05 -2.119797000000000153e+01
2.318361999999999825e+05 -2.375760000000000005e+01
2.318362749999999942e+05 -2.115684999999999860e+01
2.318363499999999767e+05 -2.524014999999999986e+01
2.318364249999999884e+05 -2.070291999999999888e+01
