# Temperature: None K
2.318003250000000116e+05 -1.963296000000000063e+01
2.318004000000000233e+05 -2.041517999999999944e+01
2.318004750000000058e+05 -2.148034000000000177e+01
2.318005500000000175e+05 -2.011788999999999916e+01
2.318006250000000000e+05 -1.985075000000000145e+01
2.318007000000000116e+05 -2.034346000000000032e+01
2.318007750000000233e+05 -2.092357000000000156e+01
2.318008500000000058e+05 -2.078947000000000145e+01
2.318009250000000175e+05 -2.001824999999999832e+01
2.318010000000000000e+05 -1.975317000000000078e+01
2.318010750000000116e+05 -2.014467000000000141e+01
2.318011500000000233e+05 -2.057387999999999906e+01
2.318012250000000058e+05 -2.057402000000000086e+01
2.318013000000000175e+05 -2.017545000000000144e+01
2.318013750000000000e+05 -1.971304999999999907e+01
2.318014500000000116e+05 -2.084468000000000032e+01
2.318015250000000233e+05 -2.027807999999999922e+01
2.318016000000000058e+05 -2.035925999999999902e+01
2.318016750000000175e+05 -1.981416000000000111e+01
2.318017500000000000e+05 -2.004476999999999975e+01
2.318018250000000116e+05 -1.978178000000000125e+01
2.318019000000000233e+05 -2.027122999999999919e+01
2.318019750000000058e+05 -2.029521000000000086e+01
2.318020500000000175e+05 -2.066573999999999955e+01
2.318021250000000000e+05 -2.009583999999999904e+01
2.318022000000000116e+05 -1.979128000000000043e+01
2.318022750000000233e+05 -1.994614999999999938e+01
2.318023500000000058e+05 -2.037027000000000143e+01
2.318024250000000175e+05 -2.017888999999999911e+01
2.318025000000000000e+05 -1.948267999999999844e+01
2.318025750000000116e+05 -2.065075999999999823e+01
2.318026500000000233e+05 -2.128349000000000046e+01
2.318027250000000058e+05 -1.991707999999999856e+01
2.318028000000000175e+05 -2.027623000000000175e+01
2.318028750000000000e+05 -2.036293999999999826e+01
2.318029500000000116e+05 -2.113072999999999979e+01
2.318030250000000233e+05 -1.944316999999999851e+01
2.318031000000000058e+05 -1.924876000000000076e+01
2.318031750000000175e+05 -2.088016000000000005e+01
2.318032500000000000e+05 -2.037988999999999962e+01
2.318033250000000116e+05 -1.976998999999999995e+01
2.318034000000000233e+05 -2.028622000000000014e+01
2.318034750000000058e+05 -1.912927000000000177e+01
2.318035500000000175e+05 -1.907916000000000167e+01
2.318036250000000000e+05 -1.965305999999999997e+01
2.318037000000000116e+05 -2.039489999999999981e+01
2.318037750000000233e+05 -1.994581000000000159e+01
2.318038500000000058e+05 -1.878462999999999994e+01
2.318039250000000175e+05 -2.077422999999999931e+01
2.318040000000000000e+05 -1.995901999999999887e+01
2.318040750000000116e+05 -1.975640999999999892e+01
2.318041500000000233e+05 -1.975254999999999939e+01
2.318042250000000058e+05 -2.005915999999999855e+01
2.318043000000000175e+05 -1.920750999999999920e+01
2.318043750000000000e+05 -1.936599000000000004e+01
2.318044500000000116e+05 -2.028950000000000031e+01
2.318045250000000233e+05 -2.046320000000000050e+01
2.318046000000000058e+05 -1.956044999999999945e+01
2.318046750000000175e+05 -1.946405000000000030e+01
2.318047500000000000e+05 -1.977148000000000039e+01
2.318048250000000116e+05 -2.059532000000000096e+01
2.318049000000000233e+05 -2.000303999999999860e+01
2.318049750000000058e+05 -2.036179999999999879e+01
2.318050500000000175e+05 -2.051097999999999999e+01
2.318051250000000000e+05 -2.048338999999999999e+01
2.318052000000000116e+05 -1.979214999999999947e+01
2.318052750000000233e+05 -2.078387000000000029e+01
2.318053500000000058e+05 -1.941816000000000031e+01
2.318054250000000175e+05 -1.933031000000000077e+01
2.318055000000000000e+05 -2.017426000000000030e+01
2.318055750000000116e+05 -1.901529000000000025e+01
2.318056500000000233e+05 -2.001361999999999952e+01
2.318057250000000058e+05 -2.018988999999999834e+01
2.318058000000000175e+05 -1.988247000000000142e+01
2.318058750000000000e+05 -1.970502000000000109e+01
2.318059500000000116e+05 -2.047394999999999854e+01
2.318060250000000233e+05 -2.045164000000000115e+01
2.318061000000000058e+05 -1.974821000000000026e+01
2.318061750000000175e+05 -1.961030999999999835e+01
2.318062500000000000e+05 -1.964254999999999995e+01
2.318063250000000116e+05 -1.915734000000000137e+01
2.318064000000000233e+05 -2.003772000000000020e+01
2.318064750000000058e+05 -1.920154000000000138e+01
2.318065500000000175e+05 -1.945924000000000120e+01
2.318066250000000000e+05 -1.918378999999999834e+01
2.318067000000000116e+05 -1.977439999999999998e+01
2.318067750000000233e+05 -1.985101999999999833e+01
2.318068500000000058e+05 -1.970224999999999937e+01
2.318069250000000175e+05 -1.989442999999999984e+01
2.318070000000000000e+05 -1.917013999999999996e+01
2.318070750000000116e+05 -1.977540000000000120e+01
2.318071500000000233e+05 -1.926746999999999943e+01
2.318072250000000058e+05 -1.960142000000000095e+01
2.318073000000000175e+05 -1.943918999999999997e+01
2.318073750000000000e+05 -1.976869999999999905e+01
2.318074500000000116e+05 -1.943657999999999930e+01
2.318075250000000233e+05 -1.930960999999999927e+01
2.318076000000000058e+05 -1.897539000000000087e+01
2.318076750000000175e+05 -1.923767000000000138e+01
2.318077500000000000e+05 -1.985123000000000104e+01
2.318078250000000116e+05 -1.912418999999999869e+01
2.318079000000000233e+05 -1.919850999999999885e+01
2.318079750000000058e+05 -1.953784999999999883e+01
2.318080500000000175e+05 -1.959780999999999906e+01
2.318081250000000000e+05 -1.954513000000000034e+01
2.318082000000000116e+05 -1.950688999999999851e+01
2.318082750000000233e+05 -1.918374000000000024e+01
2.318083500000000058e+05 -2.061372000000000071e+01
2.318084250000000175e+05 -1.964168000000000092e+01
2.318085000000000000e+05 -1.961550000000000082e+01
2.318085750000000116e+05 -1.877972000000000108e+01
2.318086500000000233e+05 -1.983571999999999846e+01
2.318087250000000058e+05 -1.924152000000000129e+01
2.318088000000000175e+05 -2.025989999999999824e+01
2.318088750000000000e+05 -1.951151000000000124e+01
2.318089500000000116e+05 -1.862995000000000090e+01
2.318090250000000233e+05 -1.887098999999999904e+01
2.318091000000000058e+05 -1.919751000000000118e+01
2.318091750000000175e+05 -1.922894000000000148e+01
2.318092500000000000e+05 -1.879511000000000109e+01
2.318093250000000116e+05 -1.808002000000000109e+01
2.318094000000000233e+05 -1.866966000000000037e+01
2.318094750000000058e+05 -1.868626000000000076e+01
2.318095500000000175e+05 -1.911080000000000112e+01
2.318096250000000000e+05 -1.950606000000000151e+01
2.318097000000000116e+05 -1.925518999999999892e+01
2.318097750000000233e+05 -1.850139000000000067e+01
2.318098500000000058e+05 -1.919050000000000011e+01
2.318099250000000175e+05 -1.915492000000000061e+01
2.318100000000000000e+05 -1.937113000000000085e+01
2.318100750000000116e+05 -1.915943000000000040e+01
2.318101500000000233e+05 -1.926710999999999885e+01
2.318102250000000058e+05 -1.861668999999999841e+01
2.318103000000000175e+05 -1.927169999999999916e+01
2.318103750000000000e+05 -1.808128999999999920e+01
2.318104500000000116e+05 -1.930937000000000126e+01
2.318105250000000233e+05 -1.896338000000000079e+01
2.318106000000000058e+05 -1.983674999999999855e+01
2.318106750000000175e+05 -1.826668000000000092e+01
2.318107500000000000e+05 -1.896953999999999851e+01
2.318108250000000116e+05 -1.850662000000000162e+01
2.318109000000000233e+05 -1.896728999999999843e+01
2.318109750000000058e+05 -1.824436999999999998e+01
2.318110500000000175e+05 -1.930831999999999837e+01
2.318111250000000000e+05 -1.870703999999999922e+01
2.318112000000000116e+05 -1.830078999999999922e+01
2.318112750000000233e+05 -1.937262000000000128e+01
2.318113500000000058e+05 -1.883280999999999850e+01
2.318114250000000175e+05 -1.860174999999999912e+01
2.318115000000000000e+05 -1.834975000000000023e+01
2.318115750000000116e+05 -1.900421000000000049e+01
2.318116500000000233e+05 -1.869950000000000045e+01
2.318117250000000058e+05 -1.883782000000000068e+01
2.318118000000000175e+05 -1.867563000000000173e+01
2.318118750000000000e+05 -1.896238999999999919e+01
2.318119500000000116e+05 -1.799622000000000099e+01
2.318120250000000233e+05 -1.841726999999999848e+01
2.318121000000000058e+05 -1.846690999999999860e+01
2.318121750000000175e+05 -1.811533999999999978e+01
2.318122500000000000e+05 -1.771883000000000052e+01
2.318123250000000116e+05 -1.781562999999999874e+01
2.318124000000000233e+05 -1.841359999999999886e+01
2.318124750000000058e+05 -1.811402000000000001e+01
2.318125500000000175e+05 -1.820176999999999978e+01
2.318126250000000000e+05 -1.805020999999999987e+01
2.318127000000000116e+05 -1.815017999999999887e+01
2.318127750000000233e+05 -1.821435999999999922e+01
2.318128500000000058e+05 -1.700587000000000160e+01
2.318129250000000175e+05 -1.755896999999999863e+01
2.318130000000000000e+05 -1.822447999999999979e+01
2.318130750000000116e+05 -1.785217000000000098e+01
2.318131500000000233e+05 -1.787481999999999971e+01
2.318132250000000058e+05 -1.762790999999999997e+01
2.318133000000000175e+05 -1.712347000000000108e+01
2.318133750000000000e+05 -1.728207000000000093e+01
2.318134500000000116e+05 -1.786317000000000021e+01
2.318135250000000233e+05 -1.784009000000000000e+01
2.318136000000000058e+05 -1.817220000000000013e+01
2.318136750000000175e+05 -1.762854000000000099e+01
2.318137500000000000e+05 -1.711083999999999961e+01
2.318138250000000116e+05 -1.778099999999999881e+01
2.318139000000000233e+05 -1.712474999999999881e+01
2.318139750000000058e+05 -1.838802000000000092e+01
2.318140500000000175e+05 -1.752423999999999893e+01
2.318141250000000000e+05 -1.751209000000000060e+01
2.318142000000000116e+05 -1.768130000000000024e+01
2.318142750000000233e+05 -1.721837000000000018e+01
2.318143500000000058e+05 -1.646221999999999852e+01
2.318144250000000175e+05 -1.730618000000000123e+01
2.318145000000000000e+05 -1.676953999999999922e+01
2.318145750000000116e+05 -1.721997000000000000e+01
2.318146500000000233e+05 -1.699277000000000015e+01
2.318147250000000058e+05 -1.670298999999999978e+01
2.318148000000000175e+05 -1.707592999999999961e+01
2.318148750000000000e+05 -1.699086000000000141e+01
2.318149500000000116e+05 -1.685247999999999990e+01
2.318150250000000233e+05 -1.614215000000000089e+01
2.318151000000000058e+05 -1.650458000000000069e+01
2.318151750000000175e+05 -1.685222999999999871e+01
2.318152500000000000e+05 -1.666432000000000002e+01
2.318153250000000116e+05 -1.626450000000000173e+01
2.318154000000000233e+05 -1.609994000000000014e+01
2.318154750000000058e+05 -1.596510999999999925e+01
2.318155500000000175e+05 -1.549116000000000071e+01
2.318156250000000000e+05 -1.596537999999999968e+01
2.318157000000000116e+05 -1.583128999999999920e+01
2.318157750000000233e+05 -1.580255000000000010e+01
2.318158500000000058e+05 -1.583337000000000039e+01
2.318159250000000175e+05 -1.563162999999999947e+01
2.318160000000000000e+05 -1.530432000000000059e+01
2.318160750000000116e+05 -1.575778000000000034e+01
2.318161500000000233e+05 -1.561504000000000048e+01
2.318162250000000058e+05 -1.522822999999999993e+01
2.318163000000000175e+05 -1.521072999999999986e+01
2.318163750000000000e+05 -1.552988999999999997e+01
2.318164500000000116e+05 -1.488838999999999935e+01
2.318165250000000233e+05 -1.514278999999999975e+01
2.318166000000000058e+05 -1.439112000000000080e+01
2.318166750000000175e+05 -1.478754999999999953e+01
2.318167500000000000e+05 -1.467722999999999978e+01
2.318168250000000116e+05 -1.448434999999999917e+01
2.318169000000000233e+05 -1.488209999999999944e+01
2.318169750000000058e+05 -1.429785000000000039e+01
2.318170500000000175e+05 -1.392545999999999928e+01
2.318171250000000000e+05 -1.407158000000000087e+01
2.318172000000000116e+05 -1.371233999999999931e+01
2.318172750000000233e+05 -1.358014000000000010e+01
2.318173500000000058e+05 -1.303852000000000011e+01
2.318174250000000175e+05 -1.361889000000000038e+01
2.318175000000000000e+05 -1.321960999999999942e+01
2.318175750000000116e+05 -1.299493999999999971e+01
2.318176500000000233e+05 -1.302134999999999998e+01
2.318177250000000058e+05 -1.274984000000000073e+01
2.318178000000000175e+05 -1.229790000000000028e+01
2.318178750000000000e+05 -1.202670999999999957e+01
2.318179500000000116e+05 -1.193111999999999995e+01
2.318180250000000233e+05 -1.194519999999999982e+01
2.318181000000000058e+05 -1.158469000000000015e+01
2.318181750000000175e+05 -1.108543000000000056e+01
2.318182500000000000e+05 -1.120653000000000077e+01
2.318183250000000116e+05 -1.084381999999999913e+01
2.318184000000000233e+05 -1.073021999999999920e+01
2.318184750000000058e+05 -1.075319999999999965e+01
2.318185500000000175e+05 -1.008295000000000030e+01
2.318186250000000000e+05 -1.027707000000000015e+01
2.318187000000000116e+05 -9.885704999999999742e+00
2.318187750000000233e+05 -9.617518999999999707e+00
2.318188500000000058e+05 -9.422169000000000239e+00
2.318189250000000175e+05 -9.134389000000000536e+00
2.318190000000000000e+05 -9.017039000000000470e+00
2.318190750000000116e+05 -8.522581000000000628e+00
2.318191500000000233e+05 -8.612467000000000539e+00
2.318192250000000058e+05 -8.305586999999999165e+00
2.318193000000000175e+05 -8.440011999999999404e+00
2.318193750000000000e+05 -8.226698000000000732e+00
2.318194500000000116e+05 -8.324462000000000472e+00
2.318195250000000233e+05 -8.400610000000000355e+00
2.318196000000000058e+05 -8.125486999999999682e+00
2.318196750000000175e+05 -8.238262999999999892e+00
2.318197500000000000e+05 -8.381244000000000582e+00
2.318198250000000116e+05 -8.673137999999999792e+00
2.318199000000000233e+05 -8.867711999999999151e+00
2.318199750000000058e+05 -9.145388999999999768e+00
2.318200500000000175e+05 -9.563917999999999253e+00
2.318201250000000000e+05 -1.007881000000000071e+01
2.318202000000000116e+05 -1.092993000000000059e+01
2.318202750000000233e+05 -1.150708000000000020e+01
2.318203500000000058e+05 -1.243248999999999960e+01
2.318204250000000175e+05 -1.303270999999999979e+01
2.318205000000000000e+05 -1.419309999999999938e+01
2.318205750000000116e+05 -1.520722999999999914e+01
2.318206500000000233e+05 -1.713250999999999991e+01
2.318207250000000058e+05 -1.759740000000000038e+01
2.318208000000000175e+05 -1.807253000000000043e+01
2.318208750000000000e+05 -1.868890999999999991e+01
2.318209500000000116e+05 -1.994671999999999912e+01
2.318210250000000233e+05 -2.117696000000000112e+01
2.318211000000000058e+05 -2.029646999999999935e+01
2.318211750000000175e+05 -2.157227999999999923e+01
2.318212500000000000e+05 -2.225521000000000171e+01
2.318213250000000116e+05 -2.258578999999999937e+01
2.318214000000000233e+05 -2.323180999999999941e+01
2.318214750000000058e+05 -2.354360000000000142e+01
2.318215500000000175e+05 -2.553263000000000105e+01
2.318216250000000000e+05 -2.546114000000000033e+01
2.318217000000000116e+05 -2.697042000000000073e+01
2.318217750000000233e+05 -2.959791999999999845e+01
2.318218500000000058e+05 -2.623017000000000110e+01
2.318219250000000175e+05 -2.867286000000000001e+01
2.318220000000000000e+05 -2.894463999999999970e+01
2.318220750000000116e+05 -2.954174000000000078e+01
2.318221500000000233e+05 -2.956413999999999831e+01
2.318222250000000058e+05 -3.246477000000000146e+01
2.318223000000000175e+05 -3.049063999999999908e+01
2.318223750000000000e+05 -3.711202999999999719e+01
2.318224500000000116e+05 -3.700751999999999953e+01
2.318225250000000233e+05 -3.722668000000000177e+01
2.318226000000000058e+05 -3.486538000000000181e+01
2.318226750000000175e+05 -3.791774000000000200e+01
2.318227500000000000e+05 -3.962536999999999665e+01
2.318228250000000116e+05 -4.416593000000000302e+01
2.318229000000000233e+05 -3.883670000000000044e+01
2.318229750000000058e+05 -3.933988000000000085e+01
2.318230500000000175e+05 -3.754717999999999734e+01
2.318231250000000000e+05 -3.910757999999999868e+01
2.318232000000000116e+05 -3.744937000000000182e+01
2.318232750000000233e+05 -4.046220999999999890e+01
2.318233500000000058e+05 -3.865129999999999910e+01
2.318234250000000175e+05 -3.782985000000000042e+01
2.318235000000000000e+05 -4.176606000000000307e+01
2.318235750000000116e+05 -4.224033000000000015e+01
2.318236500000000233e+05 -3.717390000000000327e+01
2.318237250000000058e+05 -3.414432000000000045e+01
2.318238000000000175e+05 -4.581622000000000128e+01
2.318238750000000000e+05 -3.584138999999999697e+01
2.318239500000000116e+05 -3.559826000000000334e+01
2.318240250000000233e+05 -3.513009000000000270e+01
2.318241000000000058e+05 -3.362162000000000006e+01
2.318241750000000175e+05 -3.192907999999999902e+01
2.318242500000000000e+05 -3.191503000000000156e+01
2.318243250000000116e+05 -3.457379999999999853e+01
2.318244000000000233e+05 -3.508355000000000246e+01
2.318244750000000058e+05 -3.013230000000000075e+01
2.318245500000000175e+05 -3.233492999999999995e+01
2.318246250000000000e+05 -3.940894000000000119e+01
2.318247000000000116e+05 -2.840039000000000158e+01
2.318247750000000233e+05 -3.128830999999999918e+01
2.318248500000000058e+05 -3.095568000000000097e+01
2.318249250000000175e+05 -2.986695999999999884e+01
2.318250000000000000e+05 -3.072368000000000166e+01
2.318250750000000116e+05 -3.180683000000000149e+01
2.318251500000000233e+05 -2.968196000000000012e+01
2.318252250000000058e+05 -3.063858000000000104e+01
2.318253000000000175e+05 -3.134634000000000142e+01
2.318253750000000000e+05 -3.365095000000000169e+01
2.318254500000000116e+05 -3.233261999999999858e+01
2.318255250000000233e+05 -2.743835999999999942e+01
2.318256000000000058e+05 -3.013363999999999976e+01
2.318256750000000175e+05 -2.878537000000000035e+01
2.318257500000000000e+05 -3.029636999999999958e+01
2.318258250000000116e+05 -2.872327999999999903e+01
2.318259000000000233e+05 -3.039017000000000124e+01
2.318259750000000058e+05 -2.819849999999999923e+01
2.318260500000000175e+05 -3.133661000000000030e+01
2.318261250000000000e+05 -2.896362999999999843e+01
2.318262000000000116e+05 -2.815697000000000116e+01
2.318262750000000233e+05 -2.681369000000000113e+01
2.318263500000000058e+05 -2.830617000000000161e+01
2.318264250000000175e+05 -2.773664000000000129e+01
2.318265000000000000e+05 -2.921456999999999837e+01
2.318265750000000116e+05 -2.643606000000000122e+01
2.318266500000000233e+05 -2.705375000000000085e+01
2.318267250000000058e+05 -2.956186999999999898e+01
2.318268000000000175e+05 -2.799541999999999931e+01
2.318268750000000000e+05 -2.894799000000000078e+01
2.318269500000000116e+05 -2.688241000000000014e+01
2.318270250000000233e+05 -2.874324999999999974e+01
2.318271000000000058e+05 -2.797449999999999903e+01
2.318271750000000175e+05 -2.727149000000000001e+01
2.318272500000000000e+05 -2.943059999999999832e+01
2.318273250000000116e+05 -2.631525999999999854e+01
2.318274000000000233e+05 -2.762426999999999921e+01
2.318274750000000058e+05 -2.594234000000000151e+01
2.318275500000000175e+05 -2.739810999999999908e+01
2.318276250000000000e+05 -2.635989000000000004e+01
2.318277000000000116e+05 -2.707457000000000136e+01
2.318277750000000233e+05 -2.542195999999999856e+01
2.318278500000000058e+05 -2.569089999999999918e+01
2.318279250000000175e+05 -2.840616999999999948e+01
2.318280000000000000e+05 -2.520652000000000115e+01
2.318280750000000116e+05 -2.555968999999999980e+01
2.318281500000000233e+05 -2.600637000000000043e+01
2.318282250000000058e+05 -2.678063999999999822e+01
2.318283000000000175e+05 -2.748635000000000161e+01
2.318283750000000000e+05 -2.664173999999999864e+01
2.318284500000000116e+05 -2.670273999999999859e+01
2.318285250000000233e+05 -2.491409000000000162e+01
2.318286000000000058e+05 -2.645270999999999972e+01
2.318286750000000175e+05 -2.580749000000000137e+01
2.318287500000000000e+05 -2.686367999999999867e+01
2.318288250000000116e+05 -2.617457999999999885e+01
2.318289000000000233e+05 -2.527974999999999994e+01
2.318289750000000058e+05 -2.582450000000000045e+01
2.318290500000000175e+05 -2.576335999999999871e+01
2.318291250000000000e+05 -2.585990999999999929e+01
2.318292000000000116e+05 -2.407201999999999842e+01
2.318292750000000233e+05 -2.597090000000000032e+01
2.318293500000000058e+05 -2.484947999999999979e+01
2.318294250000000175e+05 -2.544407999999999959e+01
2.318295000000000000e+05 -2.607450000000000045e+01
2.318295750000000116e+05 -2.411493000000000109e+01
2.318296500000000233e+05 -2.509280000000000044e+01
2.318297250000000058e+05 -2.398194000000000159e+01
2.318298000000000175e+05 -2.451782000000000039e+01
2.318298750000000000e+05 -2.569860999999999862e+01
2.318299500000000116e+05 -2.595721999999999952e+01
2.318300250000000233e+05 -2.514631999999999934e+01
2.318301000000000058e+05 -2.478716000000000008e+01
2.318301750000000175e+05 -2.555609000000000108e+01
2.318302500000000000e+05 -2.614379999999999882e+01
2.318303250000000116e+05 -2.437710999999999828e+01
