# Temperature: None K
2.319175499999999884e+05 -2.177117000000000147e+01
2.319176250000000000e+05 -2.077356999999999942e+01
2.319176999999999825e+05 -2.025196000000000041e+01
2.319177749999999942e+05 -1.861064000000000007e+01
2.319178499999999767e+05 -1.771574000000000026e+01
2.319179249999999884e+05 -2.112756999999999863e+01
2.319180000000000000e+05 -1.914401000000000153e+01
2.319180749999999825e+05 -2.277548000000000172e+01
2.319181499999999942e+05 -2.232206000000000046e+01
2.319182249999999767e+05 -1.829976999999999876e+01
2.319182999999999884e+05 -1.813997000000000170e+01
2.319183750000000000e+05 -1.961597000000000079e+01
2.319184499999999825e+05 -2.439483999999999853e+01
2.319185249999999942e+05 -1.850845999999999947e+01
2.319185999999999767e+05 -2.134418000000000148e+01
2.319186749999999884e+05 -2.028294999999999959e+01
2.319187500000000000e+05 -2.252420000000000044e+01
2.319188249999999825e+05 -2.223961999999999861e+01
2.319188999999999942e+05 -1.936978999999999829e+01
2.319189749999999767e+05 -1.956294000000000111e+01
2.319190499999999884e+05 -2.060983999999999838e+01
2.319191250000000000e+05 -2.211467000000000027e+01
2.319191999999999825e+05 -1.846998999999999924e+01
2.319192749999999942e+05 -2.188943000000000083e+01
2.319193499999999767e+05 -2.068136000000000152e+01
2.319194249999999884e+05 -1.888268000000000058e+01
2.319195000000000000e+05 -2.155217999999999989e+01
2.319195749999999825e+05 -2.115792000000000073e+01
2.319196499999999942e+05 -2.074334999999999951e+01
2.319197249999999767e+05 -2.057037000000000049e+01
2.319197999999999884e+05 -1.810270999999999830e+01
2.319198750000000000e+05 -2.171775999999999840e+01
2.319199499999999825e+05 -2.092057000000000144e+01
2.319200249999999942e+05 -2.075838999999999857e+01
2.319200999999999767e+05 -1.662844000000000122e+01
2.319201749999999884e+05 -2.572074999999999889e+01
2.319202500000000000e+05 -2.111548000000000158e+01
2.319203249999999825e+05 -2.036858000000000146e+01
2.319203999999999942e+05 -2.142708000000000013e+01
2.319204749999999767e+05 -1.988203000000000031e+01
2.319205499999999884e+05 -1.928235000000000099e+01
2.319206250000000000e+05 -2.036367999999999867e+01
2.319206999999999825e+05 -2.037150000000000105e+01
2.319207749999999942e+05 -2.115661000000000058e+01
2.319208499999999767e+05 -1.861794000000000082e+01
2.319209249999999884e+05 -2.074643000000000015e+01
2.319210000000000000e+05 -2.123566999999999894e+01
2.319210749999999825e+05 -1.827995999999999910e+01
2.319211499999999942e+05 -1.997824999999999918e+01
2.319212249999999767e+05 -1.968111000000000033e+01
2.319212999999999884e+05 -1.743481999999999843e+01
2.319213750000000000e+05 -1.774035999999999902e+01
2.319214499999999825e+05 -1.824204999999999899e+01
2.319215249999999942e+05 -2.036986999999999881e+01
2.319215999999999767e+05 -1.983057000000000158e+01
2.319216749999999884e+05 -1.965009999999999835e+01
2.319217500000000000e+05 -1.992359000000000080e+01
2.319218249999999825e+05 -1.786651000000000167e+01
2.319218999999999942e+05 -2.171816000000000102e+01
2.319219749999999767e+05 -2.057535000000000025e+01
2.319220499999999884e+05 -2.133866000000000085e+01
2.319221250000000000e+05 -2.237087999999999965e+01
2.319221999999999825e+05 -1.951446999999999932e+01
2.319222749999999942e+05 -2.201607999999999876e+01
2.319223499999999767e+05 -2.075385999999999953e+01
2.319224249999999884e+05 -1.836611999999999867e+01
2.319225000000000000e+05 -1.977458000000000027e+01
2.319225749999999825e+05 -1.919078000000000017e+01
2.319226499999999942e+05 -2.306438999999999950e+01
2.319227249999999767e+05 -2.070296000000000092e+01
2.319227999999999884e+05 -1.904176999999999964e+01
2.319228750000000000e+05 -1.883033000000000001e+01
2.319229499999999825e+05 -1.792258999999999958e+01
2.319230249999999942e+05 -1.824708000000000041e+01
2.319230999999999767e+05 -1.755104000000000042e+01
2.319231749999999884e+05 -1.926654999999999873e+01
2.319232500000000000e+05 -2.051620000000000132e+01
2.319233249999999825e+05 -1.755509999999999948e+01
2.319233999999999942e+05 -1.926767999999999859e+01
2.319234749999999767e+05 -1.772019999999999840e+01
2.319235499999999884e+05 -1.999144000000000077e+01
2.319236250000000000e+05 -1.902406999999999826e+01
2.319236999999999825e+05 -1.796976000000000084e+01
2.319237749999999942e+05 -1.945661000000000129e+01
2.319238499999999767e+05 -1.783965999999999852e+01
2.319239249999999884e+05 -1.775776000000000110e+01
2.319240000000000000e+05 -1.849643999999999977e+01
2.319240749999999825e+05 -2.171268999999999849e+01
2.319241499999999942e+05 -1.980976000000000070e+01
2.319242249999999767e+05 -1.986927000000000021e+01
2.319242999999999884e+05 -2.157278000000000162e+01
2.319243750000000000e+05 -2.030140000000000100e+01
2.319244499999999825e+05 -2.225969999999999871e+01
2.319245249999999942e+05 -1.948272000000000048e+01
2.319245999999999767e+05 -1.813090000000000046e+01
2.319246749999999884e+05 -1.892255000000000109e+01
2.319247500000000000e+05 -1.909545999999999921e+01
2.319248249999999825e+05 -1.801361999999999952e+01
2.319248999999999942e+05 -1.746903000000000006e+01
2.319249749999999767e+05 -1.966478999999999999e+01
2.319250499999999884e+05 -2.175527999999999906e+01
2.319251250000000000e+05 -1.841452999999999918e+01
2.319251999999999825e+05 -2.105583000000000027e+01
2.319252749999999942e+05 -1.979243999999999915e+01
2.319253499999999767e+05 -1.721506000000000114e+01
2.319254249999999884e+05 -1.724986000000000175e+01
2.319255000000000000e+05 -1.950185000000000102e+01
2.319255749999999825e+05 -1.672141999999999840e+01
2.319256499999999942e+05 -1.714964000000000155e+01
2.319257249999999767e+05 -1.779307000000000016e+01
2.319257999999999884e+05 -1.870967999999999876e+01
2.319258750000000000e+05 -1.890098000000000056e+01
2.319259499999999825e+05 -1.828670999999999935e+01
2.319260249999999942e+05 -1.873108999999999824e+01
2.319260999999999767e+05 -1.986606000000000094e+01
2.319261749999999884e+05 -1.751538000000000039e+01
2.319262500000000000e+05 -1.998034000000000177e+01
2.319263249999999825e+05 -1.803387999999999991e+01
2.319263999999999942e+05 -1.656672000000000011e+01
2.319264749999999767e+05 -1.668755000000000166e+01
2.319265499999999884e+05 -1.923600000000000065e+01
2.319266250000000000e+05 -1.736747000000000085e+01
2.319266999999999825e+05 -1.767139999999999844e+01
2.319267749999999942e+05 -1.874717000000000056e+01
2.319268499999999767e+05 -1.863581999999999894e+01
2.319269249999999884e+05 -1.707644000000000162e+01
2.319270000000000000e+05 -1.735428999999999888e+01
2.319270749999999825e+05 -1.676791000000000054e+01
2.319271499999999942e+05 -1.626323000000000008e+01
2.319272249999999767e+05 -1.687558999999999898e+01
2.319272999999999884e+05 -1.764584999999999937e+01
2.319273750000000000e+05 -1.910939000000000121e+01
2.319274499999999825e+05 -1.629566000000000159e+01
2.319275249999999942e+05 -1.746647000000000105e+01
2.319275999999999767e+05 -1.830420000000000158e+01
2.319276749999999884e+05 -1.621900000000000119e+01
2.319277500000000000e+05 -1.830958000000000041e+01
2.319278249999999825e+05 -1.716165000000000163e+01
2.319278999999999942e+05 -1.772926000000000002e+01
2.319279749999999767e+05 -1.519444000000000017e+01
2.319280499999999884e+05 -1.541761999999999944e+01
2.319281250000000000e+05 -1.850968999999999909e+01
2.319281999999999825e+05 -1.802631999999999834e+01
2.319282749999999942e+05 -1.829535999999999873e+01
2.319283499999999767e+05 -1.579906000000000077e+01
2.319284249999999884e+05 -1.720257000000000147e+01
2.319285000000000000e+05 -1.481188000000000038e+01
2.319285749999999825e+05 -1.538000000000000078e+01
2.319286499999999942e+05 -1.635924999999999940e+01
2.319287249999999767e+05 -1.666589000000000098e+01
2.319287999999999884e+05 -1.762152000000000029e+01
2.319288750000000000e+05 -1.735906999999999911e+01
2.319289499999999825e+05 -1.547627999999999915e+01
2.319290249999999942e+05 -1.537205999999999939e+01
2.319290999999999767e+05 -1.605084000000000088e+01
2.319291749999999884e+05 -1.582155000000000022e+01
2.319292500000000000e+05 -1.534674000000000049e+01
2.319293249999999825e+05 -1.663391999999999982e+01
2.319293999999999942e+05 -1.604282999999999859e+01
2.319294749999999767e+05 -1.671794999999999831e+01
2.319295499999999884e+05 -1.602414999999999878e+01
2.319296250000000000e+05 -1.500941000000000081e+01
2.319296999999999825e+05 -1.425245999999999924e+01
2.319297749999999942e+05 -1.468654000000000082e+01
2.319298499999999767e+05 -1.434781000000000084e+01
2.319299249999999884e+05 -1.728141000000000105e+01
2.319300000000000000e+05 -1.536968000000000067e+01
2.319300749999999825e+05 -1.401736999999999966e+01
2.319301499999999942e+05 -1.328369999999999962e+01
2.319302249999999767e+05 -1.344807999999999915e+01
2.319302999999999884e+05 -1.300417000000000023e+01
2.319303750000000000e+05 -1.404566999999999943e+01
2.319304499999999825e+05 -1.379113000000000078e+01
2.319305249999999942e+05 -1.381209999999999916e+01
2.319305999999999767e+05 -1.336342999999999925e+01
2.319306749999999884e+05 -1.275470999999999933e+01
2.319307500000000000e+05 -1.263901000000000074e+01
2.319308249999999825e+05 -1.200001999999999924e+01
2.319308999999999942e+05 -1.225220000000000020e+01
2.319309749999999767e+05 -1.094064999999999976e+01
2.319310499999999884e+05 -1.170565000000000033e+01
2.319311250000000000e+05 -1.102542000000000044e+01
2.319311999999999825e+05 -1.002757000000000076e+01
2.319312749999999942e+05 -1.012767000000000017e+01
2.319313499999999767e+05 -1.000408000000000008e+01
2.319314249999999884e+05 -9.523996000000000350e+00
2.319315000000000000e+05 -9.086669999999999803e+00
2.319315749999999825e+05 -8.211382999999999655e+00
2.319316499999999942e+05 -7.840874000000000343e+00
2.319317249999999767e+05 -7.805404000000000231e+00
2.319317999999999884e+05 -6.840214999999999712e+00
2.319318750000000000e+05 -6.550093000000000387e+00
2.319319499999999825e+05 -6.251068000000000069e+00
2.319320249999999942e+05 -6.010660999999999810e+00
2.319320999999999767e+05 -5.281495999999999746e+00
2.319321749999999884e+05 -5.315591999999999651e+00
2.319322500000000000e+05 -4.687456000000000067e+00
2.319323249999999825e+05 -4.160662000000000305e+00
2.319323999999999942e+05 -3.722020000000000106e+00
2.319324749999999767e+05 -2.827231999999999967e+00
2.319325499999999884e+05 -2.815336999999999978e+00
2.319326250000000000e+05 -2.643755000000000077e+00
2.319326999999999825e+05 -2.628668999999999922e+00
2.319327749999999942e+05 -2.589646000000000114e+00
2.319328499999999767e+05 -2.549393999999999938e+00
2.319329249999999884e+05 -2.593151999999999902e+00
2.319330000000000000e+05 -2.879472999999999949e+00
2.319330749999999825e+05 -3.513965999999999923e+00
2.319331499999999942e+05 -3.895852000000000093e+00
2.319332249999999767e+05 -4.442404999999999937e+00
2.319332999999999884e+05 -6.080256999999999579e+00
2.319333750000000000e+05 -7.212932000000000343e+00
2.319334499999999825e+05 -9.414842999999999407e+00
2.319335249999999942e+05 -1.117717999999999989e+01
2.319335999999999767e+05 -1.119077000000000055e+01
2.319336749999999884e+05 -1.159148000000000067e+01
2.319337500000000000e+05 -1.107113999999999976e+01
2.319338249999999825e+05 -1.088552999999999926e+01
2.319338999999999942e+05 -1.074135000000000062e+01
2.319339749999999767e+05 -1.125891000000000020e+01
2.319340499999999884e+05 -1.269305999999999912e+01
2.319341250000000000e+05 -1.281710999999999956e+01
2.319341999999999825e+05 -1.463688999999999929e+01
2.319342749999999942e+05 -1.563349000000000011e+01
2.319343499999999767e+05 -1.679708000000000112e+01
2.319344249999999884e+05 -1.592713000000000001e+01
2.319345000000000000e+05 -1.840496999999999872e+01
2.319345749999999825e+05 -1.623305999999999827e+01
2.319346499999999942e+05 -1.841476000000000113e+01
2.319347249999999767e+05 -1.720514999999999972e+01
2.319347999999999884e+05 -1.870006000000000057e+01
2.319348750000000000e+05 -1.853378000000000014e+01
2.319349499999999825e+05 -1.898105999999999938e+01
2.319350249999999942e+05 -2.095361000000000118e+01
2.319350999999999767e+05 -2.254023000000000110e+01
2.319351749999999884e+05 -2.546715999999999980e+01
2.319352500000000000e+05 -2.137810999999999950e+01
2.319353249999999825e+05 -2.370992999999999995e+01
2.319353999999999942e+05 -2.860639000000000109e+01
2.319354749999999767e+05 -2.806662000000000035e+01
2.319355499999999884e+05 -1.999618999999999858e+01
2.319356250000000000e+05 -2.179970000000000141e+01
2.319356999999999825e+05 -2.136141999999999896e+01
2.319357749999999942e+05 -2.838250000000000028e+01
2.319358499999999767e+05 -3.017401999999999873e+01
2.319359249999999884e+05 -2.379324000000000083e+01
2.319360000000000000e+05 -2.519068000000000040e+01
2.319360749999999825e+05 -2.363747000000000043e+01
2.319361499999999942e+05 -3.316882999999999981e+01
2.319362249999999767e+05 -2.873656000000000077e+01
2.319362999999999884e+05 -2.217164000000000001e+01
2.319363750000000000e+05 -2.706362999999999985e+01
2.319364499999999825e+05 -3.426903999999999684e+01
2.319365249999999942e+05 -3.682670000000000243e+01
2.319365999999999767e+05 -2.236552999999999969e+01
2.319366749999999884e+05 -2.921609000000000123e+01
2.319367500000000000e+05 -2.896545000000000059e+01
2.319368249999999825e+05 -2.527521000000000129e+01
2.319368999999999942e+05 -2.512706999999999979e+01
2.319369749999999767e+05 -2.939861000000000146e+01
2.319370499999999884e+05 -3.127104999999999890e+01
2.319371250000000000e+05 -2.273038000000000025e+01
2.319371999999999825e+05 -2.742089999999999961e+01
2.319372749999999942e+05 -2.880881000000000114e+01
2.319373499999999767e+05 -2.207283999999999935e+01
2.319374249999999884e+05 -2.417279999999999873e+01
2.319375000000000000e+05 -2.911937999999999960e+01
2.319375749999999825e+05 -2.562218999999999980e+01
2.319376499999999942e+05 -2.477633000000000152e+01
2.319377249999999767e+05 -2.478447999999999851e+01
2.319377999999999884e+05 -2.739677999999999969e+01
2.319378750000000000e+05 -2.776848000000000027e+01
2.319379499999999825e+05 -2.406799000000000177e+01
2.319380249999999942e+05 -2.784113999999999933e+01
2.319380999999999767e+05 -2.439713000000000065e+01
2.319381749999999884e+05 -2.944463000000000008e+01
2.319382500000000000e+05 -2.579382000000000019e+01
2.319383249999999825e+05 -2.653740000000000165e+01
2.319383999999999942e+05 -2.649350000000000094e+01
2.319384749999999767e+05 -2.883896999999999977e+01
2.319385499999999884e+05 -3.247807999999999851e+01
2.319386250000000000e+05 -2.915895000000000081e+01
2.319386999999999825e+05 -2.694126999999999938e+01
2.319387749999999942e+05 -2.750496000000000052e+01
2.319388499999999767e+05 -2.343100000000000094e+01
2.319389249999999884e+05 -2.382359999999999900e+01
2.319390000000000000e+05 -2.395145000000000124e+01
2.319390749999999825e+05 -3.083355999999999852e+01
2.319391499999999942e+05 -3.132034000000000162e+01
2.319392249999999767e+05 -3.030317000000000149e+01
2.319392999999999884e+05 -2.372211000000000070e+01
2.319393750000000000e+05 -2.735069000000000017e+01
2.319394499999999825e+05 -2.868541000000000096e+01
2.319395249999999942e+05 -3.121789000000000058e+01
2.319395999999999767e+05 -2.632711000000000112e+01
2.319396749999999884e+05 -2.357694000000000045e+01
2.319397500000000000e+05 -2.389836999999999989e+01
2.319398249999999825e+05 -2.266535999999999973e+01
2.319398999999999942e+05 -2.553734000000000037e+01
2.319399749999999767e+05 -2.773278000000000176e+01
2.319400499999999884e+05 -2.746685000000000088e+01
2.319401250000000000e+05 -2.680830999999999875e+01
2.319401999999999825e+05 -2.413202000000000069e+01
2.319402749999999942e+05 -2.198907000000000167e+01
2.319403499999999767e+05 -2.412243000000000137e+01
2.319404249999999884e+05 -2.379420999999999964e+01
2.319405000000000000e+05 -2.539884999999999948e+01
2.319405749999999825e+05 -2.447663999999999973e+01
2.319406499999999942e+05 -2.191676000000000002e+01
2.319407249999999767e+05 -2.467854000000000170e+01
2.319407999999999884e+05 -2.376222999999999885e+01
2.319408750000000000e+05 -2.437139000000000166e+01
2.319409499999999825e+05 -2.473209999999999908e+01
2.319410249999999942e+05 -2.683001000000000147e+01
2.319410999999999767e+05 -2.601670999999999978e+01
2.319411749999999884e+05 -2.187482999999999933e+01
2.319412500000000000e+05 -2.212103000000000108e+01
2.319413249999999825e+05 -2.204413999999999874e+01
2.319413999999999942e+05 -3.268104000000000298e+01
2.319414749999999767e+05 -2.936918999999999969e+01
2.319415499999999884e+05 -2.739517000000000024e+01
2.319416250000000000e+05 -2.503219999999999956e+01
2.319416999999999825e+05 -2.852365999999999957e+01
2.319417749999999942e+05 -2.958613000000000071e+01
2.319418499999999767e+05 -2.443778999999999968e+01
2.319419249999999884e+05 -2.373129000000000133e+01
2.319420000000000000e+05 -2.434188999999999936e+01
2.319420749999999825e+05 -2.673489999999999966e+01
2.319421499999999942e+05 -2.607128000000000156e+01
2.319422249999999767e+05 -2.615014000000000038e+01
2.319422999999999884e+05 -2.354417000000000115e+01
2.319423750000000000e+05 -2.042146999999999935e+01
2.319424499999999825e+05 -2.504610999999999876e+01
2.319425249999999942e+05 -2.447844999999999871e+01
2.319425999999999767e+05 -2.567410999999999888e+01
2.319426749999999884e+05 -2.183051000000000030e+01
2.319427500000000000e+05 -2.446386000000000038e+01
2.319428249999999825e+05 -2.614942999999999884e+01
2.319428999999999942e+05 -2.145391000000000048e+01
2.319429749999999767e+05 -2.002028999999999925e+01
2.319430499999999884e+05 -2.280940000000000012e+01
2.319431250000000000e+05 -2.226527000000000100e+01
2.319431999999999825e+05 -2.935079999999999956e+01
2.319432749999999942e+05 -2.756388000000000105e+01
2.319433499999999767e+05 -2.735819000000000045e+01
2.319434249999999884e+05 -3.157963000000000164e+01
2.319435000000000000e+05 -2.426735000000000042e+01
2.319435749999999825e+05 -2.654739999999999966e+01
2.319436499999999942e+05 -2.619196000000000168e+01
2.319437249999999767e+05 -2.490278999999999954e+01
2.319437999999999884e+05 -2.266732999999999976e+01
2.319438750000000000e+05 -2.452319999999999922e+01
2.319439499999999825e+05 -2.335526000000000124e+01
2.319440249999999942e+05 -2.469879999999999853e+01
2.319440999999999767e+05 -2.362822999999999851e+01
2.319441749999999884e+05 -2.346596999999999866e+01
2.319442500000000000e+05 -2.412556000000000012e+01
2.319443249999999825e+05 -2.833729999999999905e+01
2.319443999999999942e+05 -2.416978999999999900e+01
2.319444749999999767e+05 -2.177146000000000114e+01
2.319445499999999884e+05 -2.094976000000000127e+01
2.319446250000000000e+05 -2.531259000000000015e+01
2.319446999999999825e+05 -2.455261000000000138e+01
2.319447749999999942e+05 -2.111673000000000044e+01
2.319448499999999767e+05 -2.242317999999999856e+01
2.319449249999999884e+05 -2.722723999999999833e+01
2.319450000000000000e+05 -2.152751999999999910e+01
2.319450749999999825e+05 -2.334250000000000114e+01
2.319451499999999942e+05 -2.225460999999999956e+01
2.319452249999999767e+05 -2.375395999999999930e+01
2.319452999999999884e+05 -2.395790999999999826e+01
2.319453750000000000e+05 -2.243130000000000024e+01
2.319454499999999825e+05 -2.264029999999999987e+01
2.319455249999999942e+05 -3.602539999999999765e+01
2.319455999999999767e+05 -2.424096000000000117e+01
2.319456749999999884e+05 -2.325150000000000006e+01
2.319457500000000000e+05 -2.646988999999999947e+01
2.319458249999999825e+05 -2.660310000000000130e+01
2.319458999999999942e+05 -2.297754000000000119e+01
2.319459749999999767e+05 -2.531158999999999892e+01
2.319460499999999884e+05 -2.327930999999999884e+01
2.319461250000000000e+05 -2.612678999999999974e+01
2.319461999999999825e+05 -2.349261999999999873e+01
2.319462749999999942e+05 -2.362727999999999895e+01
2.319463499999999767e+05 -2.711038999999999888e+01
2.319464249999999884e+05 -2.050870000000000104e+01
2.319465000000000000e+05 -2.583790000000000120e+01
2.319465749999999825e+05 -2.188456000000000046e+01
2.319466499999999942e+05 -2.729158999999999935e+01
2.319467249999999767e+05 -3.085849999999999937e+01
2.319467999999999884e+05 -2.383686000000000149e+01
2.319468750000000000e+05 -2.010687000000000069e+01
2.319469499999999825e+05 -2.013065999999999889e+01
2.319470249999999942e+05 -2.215942000000000078e+01
2.319470999999999767e+05 -2.124361000000000033e+01
2.319471749999999884e+05 -2.209519999999999840e+01
2.319472500000000000e+05 -2.658630000000000138e+01
2.319473249999999825e+05 -2.229742999999999853e+01
2.319473999999999942e+05 -2.561993999999999971e+01
2.319474749999999767e+05 -2.203350999999999971e+01
2.319475499999999884e+05 -2.195295000000000130e+01
