# Temperature: None K
2.319018750000000000e+05 -2.442122000000000170e+01
2.319019500000000116e+05 -1.875688999999999851e+01
2.319020249999999942e+05 -1.777980000000000160e+01
2.319021000000000058e+05 -1.805136999999999858e+01
2.319021749999999884e+05 -2.056408000000000058e+01
2.319022500000000000e+05 -2.515821000000000041e+01
2.319023250000000116e+05 -2.101057000000000130e+01
2.319023999999999942e+05 -1.885368000000000066e+01
2.319024750000000058e+05 -2.023241000000000156e+01
2.319025499999999884e+05 -2.437190999999999974e+01
2.319026250000000000e+05 -2.074608999999999881e+01
2.319027000000000116e+05 -1.676729999999999876e+01
2.319027749999999942e+05 -1.775669999999999860e+01
2.319028500000000058e+05 -2.279495000000000005e+01
2.319029249999999884e+05 -2.234207999999999927e+01
2.319030000000000000e+05 -1.840359000000000123e+01
2.319030750000000116e+05 -1.813835999999999871e+01
2.319031499999999942e+05 -2.163596000000000075e+01
2.319032250000000058e+05 -1.746211999999999875e+01
2.319032999999999884e+05 -2.285057000000000116e+01
2.319033750000000000e+05 -2.031760999999999839e+01
2.319034500000000116e+05 -2.346386000000000038e+01
2.319035249999999942e+05 -1.940804999999999936e+01
2.319036000000000058e+05 -1.735334999999999894e+01
2.319036749999999884e+05 -2.148074000000000083e+01
2.319037500000000000e+05 -1.926244000000000156e+01
2.319038250000000116e+05 -2.128340000000000032e+01
2.319038999999999942e+05 -2.071970999999999918e+01
2.319039750000000058e+05 -1.972129999999999939e+01
2.319040499999999884e+05 -1.901204999999999856e+01
2.319041250000000000e+05 -1.947726000000000113e+01
2.319042000000000116e+05 -2.006943000000000055e+01
2.319042749999999942e+05 -1.852042000000000144e+01
2.319043500000000058e+05 -2.086965000000000003e+01
2.319044249999999884e+05 -1.949352999999999980e+01
2.319045000000000000e+05 -1.768374000000000024e+01
2.319045750000000116e+05 -1.843413999999999930e+01
2.319046499999999942e+05 -1.871472999999999942e+01
2.319047250000000058e+05 -1.880997999999999948e+01
2.319047999999999884e+05 -1.968044000000000082e+01
2.319048750000000000e+05 -2.168018000000000001e+01
2.319049500000000116e+05 -1.937264000000000053e+01
2.319050249999999942e+05 -2.215499000000000152e+01
2.319051000000000058e+05 -1.898877999999999844e+01
2.319051749999999884e+05 -1.916453999999999880e+01
2.319052500000000000e+05 -2.071310000000000073e+01
2.319053250000000116e+05 -2.064778000000000091e+01
2.319053999999999942e+05 -2.003695000000000093e+01
2.319054750000000058e+05 -1.712779000000000096e+01
2.319055499999999884e+05 -1.959223000000000070e+01
2.319056250000000000e+05 -1.933017999999999859e+01
2.319057000000000116e+05 -2.075488999999999962e+01
2.319057749999999942e+05 -1.858232999999999890e+01
2.319058500000000058e+05 -1.838220000000000098e+01
2.319059249999999884e+05 -1.913376999999999839e+01
2.319060000000000000e+05 -1.715146999999999977e+01
2.319060750000000116e+05 -1.905083000000000126e+01
2.319061499999999942e+05 -1.855133999999999972e+01
2.319062250000000058e+05 -1.921809000000000012e+01
2.319062999999999884e+05 -1.717077000000000098e+01
2.319063750000000000e+05 -1.852757000000000076e+01
2.319064500000000116e+05 -1.843465000000000131e+01
2.319065249999999942e+05 -2.096368000000000009e+01
2.319066000000000058e+05 -1.808536000000000143e+01
2.319066749999999884e+05 -1.722430999999999912e+01
2.319067500000000000e+05 -1.928141000000000105e+01
2.319068250000000116e+05 -1.864308000000000121e+01
2.319068999999999942e+05 -1.779476000000000013e+01
2.319069750000000058e+05 -1.932611999999999952e+01
2.319070499999999884e+05 -2.092533999999999850e+01
2.319071250000000000e+05 -2.094512999999999892e+01
2.319072000000000116e+05 -1.983734000000000108e+01
2.319072749999999942e+05 -1.731156999999999968e+01
2.319073500000000058e+05 -1.927198999999999884e+01
2.319074249999999884e+05 -1.876266999999999996e+01
2.319075000000000000e+05 -1.560074000000000005e+01
2.319075750000000116e+05 -1.875638000000000005e+01
2.319076499999999942e+05 -1.893536999999999892e+01
2.319077250000000058e+05 -1.975165000000000148e+01
2.319077999999999884e+05 -1.831128999999999962e+01
2.319078750000000000e+05 -1.758108000000000004e+01
2.319079500000000116e+05 -1.850662000000000162e+01
2.319080249999999942e+05 -1.900486000000000075e+01
2.319081000000000058e+05 -1.946424999999999983e+01
2.319081749999999884e+05 -2.148806000000000083e+01
2.319082500000000000e+05 -1.866973000000000127e+01
2.319083250000000116e+05 -1.946631000000000000e+01
2.319083999999999942e+05 -1.789958999999999989e+01
2.319084750000000058e+05 -1.880821999999999861e+01
2.319085499999999884e+05 -2.004881999999999920e+01
2.319086250000000000e+05 -1.946427999999999869e+01
2.319087000000000116e+05 -1.803305999999999898e+01
2.319087749999999942e+05 -2.059535999999999945e+01
2.319088500000000058e+05 -1.647209000000000145e+01
2.319089249999999884e+05 -1.776763000000000048e+01
2.319090000000000000e+05 -1.748206000000000060e+01
2.319090750000000116e+05 -1.740400999999999954e+01
2.319091499999999942e+05 -1.687184999999999846e+01
2.319092250000000058e+05 -2.021552000000000149e+01
2.319092999999999884e+05 -1.976241999999999877e+01
2.319093750000000000e+05 -2.119094000000000122e+01
2.319094500000000116e+05 -1.799651000000000067e+01
2.319095249999999942e+05 -1.999060000000000059e+01
2.319096000000000058e+05 -1.949301000000000172e+01
2.319096749999999884e+05 -2.161796000000000006e+01
2.319097500000000000e+05 -1.887697999999999965e+01
2.319098250000000116e+05 -1.834574999999999889e+01
2.319098999999999942e+05 -1.957966000000000051e+01
2.319099750000000058e+05 -1.817795999999999879e+01
2.319100499999999884e+05 -2.002462999999999838e+01
2.319101250000000000e+05 -1.809396999999999878e+01
2.319102000000000116e+05 -2.051172000000000040e+01
2.319102749999999942e+05 -2.147075999999999851e+01
2.319103500000000058e+05 -1.510140999999999956e+01
2.319104249999999884e+05 -1.921477000000000146e+01
2.319105000000000000e+05 -1.777334000000000103e+01
2.319105750000000116e+05 -1.766982000000000141e+01
2.319106499999999942e+05 -1.898041999999999874e+01
2.319107250000000058e+05 -1.720708000000000126e+01
2.319107999999999884e+05 -1.795308999999999955e+01
2.319108750000000000e+05 -1.839564000000000021e+01
2.319109500000000116e+05 -1.672246000000000166e+01
2.319110249999999942e+05 -1.857588000000000150e+01
2.319111000000000058e+05 -1.637271000000000143e+01
2.319111749999999884e+05 -1.602083999999999975e+01
2.319112500000000000e+05 -1.971712000000000131e+01
2.319113250000000116e+05 -1.606541999999999959e+01
2.319113999999999942e+05 -1.665757999999999939e+01
2.319114750000000058e+05 -1.741775000000000162e+01
2.319115499999999884e+05 -1.676998000000000033e+01
2.319116250000000000e+05 -1.593244999999999933e+01
2.319117000000000116e+05 -1.672453000000000145e+01
2.319117749999999942e+05 -1.628686000000000078e+01
2.319118500000000058e+05 -1.736365999999999943e+01
2.319119249999999884e+05 -1.519754999999999967e+01
2.319120000000000000e+05 -1.576056999999999952e+01
2.319120750000000116e+05 -1.609158000000000044e+01
2.319121499999999942e+05 -1.853632999999999953e+01
2.319122250000000058e+05 -1.821112000000000108e+01
2.319122999999999884e+05 -1.664554000000000045e+01
2.319123750000000000e+05 -1.600800999999999874e+01
2.319124500000000116e+05 -1.722523999999999944e+01
2.319125249999999942e+05 -1.609152999999999878e+01
2.319126000000000058e+05 -1.652824000000000026e+01
2.319126749999999884e+05 -1.456767999999999930e+01
2.319127500000000000e+05 -1.739319000000000059e+01
2.319128250000000116e+05 -1.636642000000000152e+01
2.319128999999999942e+05 -1.605712000000000117e+01
2.319129750000000058e+05 -1.581514999999999915e+01
2.319130499999999884e+05 -1.473091999999999935e+01
2.319131250000000000e+05 -1.348096999999999923e+01
2.319132000000000116e+05 -1.463377000000000017e+01
2.319132749999999942e+05 -1.496369999999999933e+01
2.319133500000000058e+05 -1.351169999999999938e+01
2.319134249999999884e+05 -1.371223999999999954e+01
2.319135000000000000e+05 -1.371388999999999925e+01
2.319135750000000116e+05 -1.418960000000000043e+01
2.319136499999999942e+05 -1.479013999999999918e+01
2.319137250000000058e+05 -1.395991000000000071e+01
2.319137999999999884e+05 -1.325111000000000061e+01
2.319138750000000000e+05 -1.530166999999999966e+01
2.319139500000000116e+05 -1.238152000000000008e+01
2.319140249999999942e+05 -1.401563999999999943e+01
2.319141000000000058e+05 -1.305979999999999919e+01
2.319141749999999884e+05 -1.302419000000000082e+01
2.319142500000000000e+05 -1.228186999999999962e+01
2.319143250000000116e+05 -1.050395999999999930e+01
2.319143999999999942e+05 -1.183057999999999943e+01
2.319144750000000058e+05 -1.170884000000000036e+01
2.319145499999999884e+05 -1.084694999999999965e+01
2.319146250000000000e+05 -1.013781999999999961e+01
2.319147000000000116e+05 -1.002896999999999927e+01
2.319147749999999942e+05 -9.620751999999999526e+00
2.319148500000000058e+05 -8.939868000000000592e+00
2.319149249999999884e+05 -8.664065000000000794e+00
2.319150000000000000e+05 -8.367632999999999655e+00
2.319150750000000116e+05 -8.456960000000000477e+00
2.319151499999999942e+05 -8.456022000000000816e+00
2.319152250000000058e+05 -8.387086000000000041e+00
2.319152999999999884e+05 -7.086528999999999634e+00
2.319153750000000000e+05 -7.192781000000000091e+00
2.319154500000000116e+05 -6.604878000000000249e+00
2.319155249999999942e+05 -5.256694000000000422e+00
2.319156000000000058e+05 -4.875224000000000224e+00
2.319156749999999884e+05 -4.391147000000000133e+00
2.319157500000000000e+05 -4.163357000000000419e+00
2.319158250000000116e+05 -2.891402999999999945e+00
2.319158999999999942e+05 -2.583987000000000034e+00
2.319159750000000058e+05 -1.829890000000000017e+00
2.319160499999999884e+05 -1.585220999999999991e+00
2.319161250000000000e+05 -1.085353000000000012e+00
2.319162000000000116e+05 -5.428811000000000053e-01
2.319162749999999942e+05 7.435817000000000121e-02
2.319163500000000058e+05 8.893236999999999670e-02
2.319164249999999884e+05 3.886826999999999921e-01
2.319165000000000000e+05 5.166382000000000474e-01
2.319165750000000116e+05 3.675491000000000175e-01
2.319166499999999942e+05 3.235225999999999935e-01
2.319167250000000058e+05 3.208398000000000083e-01
2.319167999999999884e+05 -1.073372999999999966e-01
2.319168750000000000e+05 -9.446520999999999946e-01
2.319169500000000116e+05 -9.005246000000000084e-01
2.319170249999999942e+05 -2.061622999999999983e+00
2.319171000000000058e+05 -2.519963000000000175e+00
2.319171749999999884e+05 -3.205696000000000101e+00
2.319172500000000000e+05 -3.055085000000000051e+00
2.319173250000000116e+05 -2.994496999999999964e+00
2.319173999999999942e+05 -2.980993999999999922e+00
2.319174750000000058e+05 -2.765585999999999878e+00
2.319175499999999884e+05 -2.621478999999999893e+00
2.319176250000000000e+05 -2.737016000000000115e+00
2.319177000000000116e+05 -3.490209999999999813e+00
2.319177749999999942e+05 -3.390298000000000034e+00
2.319178500000000058e+05 -3.506689999999999863e+00
2.319179249999999884e+05 -4.475166999999999895e+00
2.319180000000000000e+05 -4.594287999999999705e+00
2.319180750000000116e+05 -4.737207999999999863e+00
2.319181499999999942e+05 -4.260959999999999859e+00
2.319182250000000058e+05 -4.536579999999999835e+00
2.319182999999999884e+05 -5.215531999999999613e+00
2.319183750000000000e+05 -5.388073999999999586e+00
2.319184500000000116e+05 -5.770172999999999774e+00
2.319185249999999942e+05 -5.903789999999999871e+00
2.319186000000000058e+05 -5.829115999999999964e+00
2.319186749999999884e+05 -6.487273000000000067e+00
2.319187500000000000e+05 -5.897293999999999592e+00
2.319188250000000116e+05 -6.347309000000000090e+00
2.319188999999999942e+05 -6.606055999999999706e+00
2.319189750000000058e+05 -6.939847999999999573e+00
2.319190499999999884e+05 -7.209973999999999883e+00
2.319191250000000000e+05 -6.901892000000000138e+00
2.319192000000000116e+05 -7.270178999999999725e+00
2.319192749999999942e+05 -7.121329000000000242e+00
2.319193500000000058e+05 -8.683384999999999465e+00
2.319194249999999884e+05 -8.263090000000000046e+00
2.319195000000000000e+05 -7.579079000000000121e+00
2.319195750000000116e+05 -8.399414000000000158e+00
2.319196499999999942e+05 -8.134095999999999549e+00
2.319197250000000058e+05 -1.062118000000000073e+01
2.319197999999999884e+05 -8.338013000000000119e+00
2.319198750000000000e+05 -8.774022999999999683e+00
2.319199500000000116e+05 -8.755086999999999620e+00
2.319200249999999942e+05 -1.077195000000000036e+01
2.319201000000000058e+05 -9.956972999999999629e+00
2.319201749999999884e+05 -9.871309000000000111e+00
2.319202500000000000e+05 -1.003162999999999982e+01
2.319203250000000116e+05 -1.069394999999999918e+01
2.319203999999999942e+05 -1.071617999999999959e+01
2.319204750000000058e+05 -1.036503000000000085e+01
2.319205499999999884e+05 -1.161473999999999940e+01
2.319206250000000000e+05 -1.232399999999999984e+01
2.319207000000000116e+05 -1.105929000000000073e+01
2.319207749999999942e+05 -1.149831999999999965e+01
2.319208500000000058e+05 -1.390232999999999919e+01
2.319209249999999884e+05 -1.229585999999999935e+01
2.319210000000000000e+05 -1.227813000000000088e+01
2.319210750000000116e+05 -1.309563999999999950e+01
2.319211499999999942e+05 -1.399227999999999916e+01
2.319212250000000058e+05 -1.090171999999999919e+01
2.319212999999999884e+05 -1.381872000000000078e+01
2.319213750000000000e+05 -1.452068000000000048e+01
2.319214500000000116e+05 -1.106831000000000031e+01
2.319215249999999942e+05 -1.430317999999999934e+01
2.319216000000000058e+05 -1.722806999999999888e+01
2.319216749999999884e+05 -1.261096000000000039e+01
2.319217500000000000e+05 -1.625800999999999874e+01
2.319218250000000116e+05 -1.477749999999999986e+01
2.319218999999999942e+05 -1.338124999999999964e+01
2.319219750000000058e+05 -1.469965000000000011e+01
2.319220499999999884e+05 -1.435582999999999920e+01
2.319221250000000000e+05 -1.381043000000000021e+01
2.319222000000000116e+05 -1.810031000000000034e+01
2.319222749999999942e+05 -1.391966999999999999e+01
2.319223500000000058e+05 -1.544885999999999981e+01
2.319224249999999884e+05 -1.740277000000000029e+01
2.319225000000000000e+05 -1.376215999999999973e+01
2.319225750000000116e+05 -2.092670000000000030e+01
2.319226499999999942e+05 -1.471363999999999983e+01
2.319227250000000058e+05 -1.657308000000000092e+01
2.319227999999999884e+05 -2.181016999999999939e+01
2.319228750000000000e+05 -1.666677999999999926e+01
2.319229500000000116e+05 -2.321657000000000082e+01
2.319230249999999942e+05 -1.684299999999999997e+01
2.319231000000000058e+05 -1.685499000000000080e+01
2.319231749999999884e+05 -1.681424000000000163e+01
2.319232500000000000e+05 -1.676492999999999967e+01
2.319233250000000116e+05 -2.095642000000000138e+01
2.319233999999999942e+05 -1.604722999999999900e+01
2.319234750000000058e+05 -2.363524999999999920e+01
2.319235499999999884e+05 -1.703657000000000110e+01
2.319236250000000000e+05 -2.626892000000000138e+01
2.319237000000000116e+05 -1.572673999999999950e+01
2.319237749999999942e+05 -1.848733999999999966e+01
2.319238500000000058e+05 -1.766769000000000034e+01
2.319239249999999884e+05 -2.107209999999999894e+01
2.319240000000000000e+05 -1.575548999999999999e+01
2.319240750000000116e+05 -1.795223000000000013e+01
2.319241499999999942e+05 -1.942398000000000025e+01
2.319242250000000058e+05 -1.884872000000000014e+01
2.319242999999999884e+05 -2.085849999999999937e+01
2.319243750000000000e+05 -2.214242000000000132e+01
2.319244500000000116e+05 -2.176200000000000045e+01
2.319245249999999942e+05 -2.289249999999999829e+01
2.319246000000000058e+05 -1.712793999999999883e+01
2.319246749999999884e+05 -2.451045999999999836e+01
2.319247500000000000e+05 -2.111395999999999873e+01
2.319248250000000116e+05 -2.606415000000000148e+01
2.319248999999999942e+05 -1.884209999999999852e+01
2.319249750000000058e+05 -3.229001999999999839e+01
2.319250499999999884e+05 -1.814299000000000106e+01
2.319251250000000000e+05 -3.479787000000000319e+01
2.319252000000000116e+05 -1.947633000000000081e+01
2.319252749999999942e+05 -3.214350999999999914e+01
2.319253500000000058e+05 -1.910531999999999897e+01
2.319254249999999884e+05 -2.280127999999999844e+01
2.319255000000000000e+05 -2.242201999999999984e+01
2.319255750000000116e+05 -2.167454999999999998e+01
2.319256499999999942e+05 -2.975167000000000073e+01
2.319257250000000058e+05 -1.906828000000000145e+01
2.319257999999999884e+05 -2.705095999999999989e+01
2.319258750000000000e+05 -2.131504999999999939e+01
2.319259500000000116e+05 -2.072879000000000005e+01
2.319260249999999942e+05 -2.381134000000000128e+01
2.319261000000000058e+05 -1.867571999999999832e+01
2.319261749999999884e+05 -2.450162999999999869e+01
2.319262500000000000e+05 -2.337950999999999979e+01
2.319263250000000116e+05 -2.111949999999999861e+01
2.319263999999999942e+05 -2.420676999999999879e+01
2.319264750000000058e+05 -1.774014999999999986e+01
2.319265499999999884e+05 -2.568168999999999969e+01
2.319266250000000000e+05 -2.383811999999999998e+01
2.319267000000000116e+05 -2.004310999999999865e+01
2.319267749999999942e+05 -2.693130000000000024e+01
2.319268500000000058e+05 -2.410625999999999891e+01
2.319269249999999884e+05 -2.079225999999999885e+01
2.319270000000000000e+05 -2.809433999999999898e+01
2.319270750000000116e+05 -2.379344000000000037e+01
2.319271499999999942e+05 -2.012134000000000000e+01
2.319272250000000058e+05 -3.263344000000000023e+01
2.319272999999999884e+05 -2.434809999999999874e+01
2.319273750000000000e+05 -1.960829000000000022e+01
2.319274500000000116e+05 -2.707224000000000075e+01
2.319275249999999942e+05 -2.249174000000000007e+01
2.319276000000000058e+05 -2.480659999999999954e+01
2.319276749999999884e+05 -2.398599000000000103e+01
2.319277500000000000e+05 -2.161024000000000100e+01
2.319278250000000116e+05 -2.478085000000000093e+01
2.319278999999999942e+05 -1.981089000000000055e+01
2.319279750000000058e+05 -2.722494999999999976e+01
2.319280499999999884e+05 -2.300682000000000116e+01
2.319281250000000000e+05 -2.234780999999999906e+01
2.319282000000000116e+05 -2.213737000000000066e+01
2.319282749999999942e+05 -2.090391999999999939e+01
2.319283500000000058e+05 -2.296585999999999927e+01
2.319284249999999884e+05 -2.275148000000000081e+01
2.319285000000000000e+05 -2.364004999999999868e+01
2.319285750000000116e+05 -2.479756000000000071e+01
2.319286499999999942e+05 -1.995476000000000028e+01
2.319287250000000058e+05 -2.113871999999999929e+01
2.319287999999999884e+05 -2.487189000000000050e+01
2.319288750000000000e+05 -2.212104000000000070e+01
2.319289500000000116e+05 -2.149789000000000172e+01
2.319290249999999942e+05 -2.086032000000000153e+01
2.319291000000000058e+05 -2.459594999999999843e+01
2.319291749999999884e+05 -2.302324000000000126e+01
2.319292500000000000e+05 -2.471753000000000000e+01
2.319293250000000116e+05 -2.248535000000000039e+01
2.319293999999999942e+05 -2.378425000000000011e+01
2.319294750000000058e+05 -2.189750000000000085e+01
2.319295499999999884e+05 -2.574580999999999875e+01
2.319296250000000000e+05 -2.664264999999999972e+01
2.319297000000000116e+05 -2.931698000000000093e+01
2.319297749999999942e+05 -2.405434999999999945e+01
2.319298500000000058e+05 -1.907869000000000170e+01
2.319299249999999884e+05 -2.823791999999999902e+01
2.319300000000000000e+05 -2.679118000000000066e+01
2.319300750000000116e+05 -2.063543999999999912e+01
2.319301499999999942e+05 -2.378922000000000025e+01
2.319302250000000058e+05 -2.240281999999999840e+01
2.319302999999999884e+05 -2.185536000000000101e+01
2.319303750000000000e+05 -2.423645000000000138e+01
2.319304500000000116e+05 -3.320430000000000348e+01
2.319305249999999942e+05 -2.520773000000000152e+01
2.319306000000000058e+05 -2.201248999999999967e+01
2.319306749999999884e+05 -1.978732000000000113e+01
2.319307500000000000e+05 -2.097664999999999935e+01
2.319308250000000116e+05 -2.767727000000000004e+01
2.319308999999999942e+05 -2.732025000000000148e+01
2.319309750000000058e+05 -2.551469000000000165e+01
2.319310499999999884e+05 -2.476816000000000173e+01
2.319311250000000000e+05 -2.688411999999999935e+01
2.319312000000000116e+05 -2.276147999999999882e+01
2.319312749999999942e+05 -2.306728999999999985e+01
2.319313500000000058e+05 -2.159897000000000133e+01
2.319314249999999884e+05 -2.142546000000000106e+01
2.319315000000000000e+05 -2.095322000000000173e+01
2.319315750000000116e+05 -2.165580999999999889e+01
2.319316499999999942e+05 -2.395260999999999996e+01
2.319317250000000058e+05 -2.200569000000000131e+01
2.319317999999999884e+05 -2.370039999999999836e+01
2.319318750000000000e+05 -2.242248999999999981e+01
