# Temperature: None K
2.319111000000000058e+05 -2.562620000000000076e+01
2.319111750000000175e+05 -2.444990999999999914e+01
2.319112500000000000e+05 -1.897606999999999999e+01
2.319113250000000116e+05 -1.611593999999999838e+01
2.319113999999999942e+05 -1.913711999999999946e+01
2.319114750000000058e+05 -2.111394999999999911e+01
2.319115500000000175e+05 -2.104674999999999940e+01
2.319116250000000000e+05 -1.791620999999999952e+01
2.319117000000000116e+05 -1.722928999999999888e+01
2.319117749999999942e+05 -2.232779999999999987e+01
2.319118500000000058e+05 -2.541618000000000066e+01
2.319119250000000175e+05 -1.941370999999999825e+01
2.319120000000000000e+05 -1.839923999999999893e+01
2.319120750000000116e+05 -2.327046999999999954e+01
2.319121499999999942e+05 -2.342726000000000042e+01
2.319122250000000058e+05 -1.819357000000000113e+01
2.319123000000000175e+05 -1.803282000000000096e+01
2.319123750000000000e+05 -2.028915999999999897e+01
2.319124500000000116e+05 -2.191453999999999880e+01
2.319125249999999942e+05 -2.212105999999999995e+01
2.319126000000000058e+05 -1.862132000000000076e+01
2.319126750000000175e+05 -1.938828000000000173e+01
2.319127500000000000e+05 -2.014438000000000173e+01
2.319128250000000116e+05 -1.749896999999999991e+01
2.319128999999999942e+05 -1.926160000000000139e+01
2.319129750000000058e+05 -2.315578000000000003e+01
2.319130500000000175e+05 -1.859650999999999854e+01
2.319131250000000000e+05 -1.999120999999999881e+01
2.319132000000000116e+05 -2.186918000000000006e+01
2.319132749999999942e+05 -1.805404000000000053e+01
2.319133500000000058e+05 -2.149156999999999940e+01
2.319134250000000175e+05 -1.967202999999999946e+01
2.319135000000000000e+05 -1.898764999999999858e+01
2.319135750000000116e+05 -1.978629000000000104e+01
2.319136499999999942e+05 -1.842899999999999849e+01
2.319137250000000058e+05 -1.952159999999999940e+01
2.319138000000000175e+05 -1.972231999999999985e+01
2.319138750000000000e+05 -1.966180999999999912e+01
2.319139500000000116e+05 -1.812262000000000128e+01
2.319140249999999942e+05 -1.717652000000000001e+01
2.319141000000000058e+05 -2.279993999999999943e+01
2.319141750000000175e+05 -1.906333000000000055e+01
2.319142500000000000e+05 -1.927689000000000163e+01
2.319143250000000116e+05 -2.308108999999999966e+01
2.319143999999999942e+05 -1.805643999999999849e+01
2.319144750000000058e+05 -1.997116000000000113e+01
2.319145500000000175e+05 -1.705440000000000111e+01
2.319146250000000000e+05 -1.961845999999999890e+01
2.319147000000000116e+05 -1.999036999999999864e+01
2.319147749999999942e+05 -1.770017999999999958e+01
2.319148500000000058e+05 -1.826270999999999844e+01
2.319149250000000175e+05 -1.984092000000000056e+01
2.319150000000000000e+05 -1.942959000000000103e+01
2.319150750000000116e+05 -1.971029000000000053e+01
2.319151499999999942e+05 -2.005874000000000024e+01
2.319152250000000058e+05 -2.123057000000000016e+01
2.319153000000000175e+05 -2.090969000000000122e+01
2.319153750000000000e+05 -1.952808999999999884e+01
2.319154500000000116e+05 -1.975969999999999871e+01
2.319155249999999942e+05 -2.104119000000000028e+01
2.319156000000000058e+05 -2.112049999999999983e+01
2.319156750000000175e+05 -1.957279000000000124e+01
2.319157500000000000e+05 -1.764558999999999855e+01
2.319158250000000116e+05 -1.846739000000000175e+01
2.319158999999999942e+05 -2.048230999999999824e+01
2.319159750000000058e+05 -1.908326999999999884e+01
2.319160500000000175e+05 -1.771918000000000148e+01
2.319161250000000000e+05 -2.020315000000000083e+01
2.319162000000000116e+05 -1.788413999999999859e+01
2.319162749999999942e+05 -1.875482999999999834e+01
2.319163500000000058e+05 -2.074200000000000088e+01
2.319164250000000175e+05 -1.936567000000000149e+01
2.319165000000000000e+05 -2.251550999999999902e+01
2.319165750000000116e+05 -1.969397000000000020e+01
2.319166499999999942e+05 -2.106833999999999918e+01
2.319167250000000058e+05 -2.230358000000000018e+01
2.319168000000000175e+05 -2.082058999999999926e+01
2.319168750000000000e+05 -1.868264999999999887e+01
2.319169500000000116e+05 -2.026022999999999996e+01
2.319170249999999942e+05 -1.946203999999999823e+01
2.319171000000000058e+05 -1.789752999999999972e+01
2.319171750000000175e+05 -1.963829000000000136e+01
2.319172500000000000e+05 -1.742189000000000121e+01
2.319173250000000116e+05 -1.799243999999999843e+01
2.319173999999999942e+05 -1.844010000000000105e+01
2.319174750000000058e+05 -1.846069999999999922e+01
2.319175500000000175e+05 -1.750297000000000125e+01
2.319176250000000000e+05 -2.079683999999999955e+01
2.319177000000000116e+05 -1.910708999999999946e+01
2.319177749999999942e+05 -1.877110000000000056e+01
2.319178500000000058e+05 -1.830271000000000114e+01
2.319179250000000175e+05 -2.036598000000000042e+01
2.319180000000000000e+05 -1.911961000000000155e+01
2.319180750000000116e+05 -1.788278000000000034e+01
2.319181499999999942e+05 -1.952013000000000176e+01
2.319182250000000058e+05 -1.989493999999999829e+01
2.319183000000000175e+05 -1.919848999999999961e+01
2.319183750000000000e+05 -1.878868999999999900e+01
2.319184500000000116e+05 -1.753798000000000101e+01
2.319185249999999942e+05 -1.834592999999999918e+01
2.319186000000000058e+05 -1.716927000000000092e+01
2.319186750000000175e+05 -1.855602999999999980e+01
2.319187500000000000e+05 -2.057346000000000075e+01
2.319188250000000116e+05 -1.921062999999999832e+01
2.319188999999999942e+05 -1.755370999999999881e+01
2.319189750000000058e+05 -1.822090000000000032e+01
2.319190500000000175e+05 -1.621377000000000024e+01
2.319191250000000000e+05 -1.518736999999999959e+01
2.319192000000000116e+05 -1.759356000000000009e+01
2.319192749999999942e+05 -1.896449000000000140e+01
2.319193500000000058e+05 -1.786730000000000018e+01
2.319194250000000175e+05 -1.632760999999999996e+01
2.319195000000000000e+05 -1.792158999999999835e+01
2.319195750000000116e+05 -1.675752999999999915e+01
2.319196499999999942e+05 -1.897503999999999991e+01
2.319197250000000058e+05 -1.831326999999999927e+01
2.319198000000000175e+05 -1.646779000000000082e+01
2.319198750000000000e+05 -1.888774000000000086e+01
2.319199500000000116e+05 -1.778430000000000177e+01
2.319200249999999942e+05 -1.671592000000000056e+01
2.319201000000000058e+05 -1.720645999999999987e+01
2.319201750000000175e+05 -1.810632999999999981e+01
2.319202500000000000e+05 -1.629449999999999932e+01
2.319203250000000116e+05 -1.577059999999999995e+01
2.319203999999999942e+05 -1.885090999999999894e+01
2.319204750000000058e+05 -1.722665999999999897e+01
2.319205500000000175e+05 -1.885435999999999979e+01
2.319206250000000000e+05 -1.634151999999999916e+01
2.319207000000000116e+05 -1.693823000000000079e+01
2.319207749999999942e+05 -1.653828999999999994e+01
2.319208500000000058e+05 -1.747363000000000000e+01
2.319209250000000175e+05 -1.735444000000000031e+01
2.319210000000000000e+05 -1.857197999999999993e+01
2.319210750000000116e+05 -1.814044000000000167e+01
2.319211499999999942e+05 -1.609059999999999846e+01
2.319212250000000058e+05 -1.760761000000000109e+01
2.319213000000000175e+05 -1.841551000000000116e+01
2.319213750000000000e+05 -1.724283000000000143e+01
2.319214500000000116e+05 -1.724597999999999942e+01
2.319215249999999942e+05 -1.597045999999999921e+01
2.319216000000000058e+05 -1.522068999999999939e+01
2.319216750000000175e+05 -1.560865000000000080e+01
2.319217500000000000e+05 -1.569074999999999953e+01
2.319218250000000116e+05 -1.579130999999999929e+01
2.319218999999999942e+05 -1.567529000000000039e+01
2.319219750000000058e+05 -1.554659999999999975e+01
2.319220500000000175e+05 -1.454504000000000019e+01
2.319221250000000000e+05 -1.767366000000000170e+01
2.319222000000000116e+05 -1.676247000000000043e+01
2.319222749999999942e+05 -1.512471000000000032e+01
2.319223500000000058e+05 -1.663141999999999854e+01
2.319224250000000175e+05 -1.685979000000000028e+01
2.319225000000000000e+05 -1.526626000000000083e+01
2.319225750000000116e+05 -1.358459000000000039e+01
2.319226499999999942e+05 -1.454668999999999990e+01
2.319227250000000058e+05 -1.434964000000000084e+01
2.319228000000000175e+05 -1.503946999999999967e+01
2.319228750000000000e+05 -1.471414000000000044e+01
2.319229500000000116e+05 -1.490620999999999974e+01
2.319230249999999942e+05 -1.316770999999999958e+01
2.319231000000000058e+05 -1.515159000000000056e+01
2.319231750000000175e+05 -1.358506000000000036e+01
2.319232500000000000e+05 -1.385978000000000065e+01
2.319233250000000116e+05 -1.229757000000000033e+01
2.319233999999999942e+05 -1.311453000000000024e+01
2.319234750000000058e+05 -1.313799999999999990e+01
2.319235500000000175e+05 -1.451495000000000068e+01
2.319236250000000000e+05 -1.198963999999999963e+01
2.319237000000000116e+05 -1.139204999999999934e+01
2.319237749999999942e+05 -1.166751000000000005e+01
2.319238500000000058e+05 -1.244810000000000016e+01
2.319239250000000175e+05 -1.059338999999999942e+01
2.319240000000000000e+05 -9.697359999999999758e+00
2.319240750000000116e+05 -1.090157999999999916e+01
2.319241499999999942e+05 -9.916833000000000453e+00
2.319242250000000058e+05 -9.869163999999999604e+00
2.319243000000000175e+05 -9.112997000000000014e+00
2.319243750000000000e+05 -8.997626000000000346e+00
2.319244500000000116e+05 -9.556817000000000561e+00
2.319245249999999942e+05 -8.030777999999999750e+00
2.319246000000000058e+05 -7.608645000000000103e+00
2.319246750000000175e+05 -7.117215999999999987e+00
2.319247500000000000e+05 -7.345462000000000380e+00
2.319248250000000116e+05 -6.619209999999999816e+00
2.319248999999999942e+05 -5.867535000000000167e+00
2.319249750000000058e+05 -5.626115000000000421e+00
2.319250500000000175e+05 -4.627951999999999622e+00
2.319251250000000000e+05 -3.970006000000000146e+00
2.319252000000000116e+05 -3.400872000000000117e+00
2.319252749999999942e+05 -2.779803999999999942e+00
2.319253500000000058e+05 -2.587115999999999971e+00
2.319254250000000175e+05 -1.775317999999999952e+00
2.319255000000000000e+05 -1.542813999999999908e+00
2.319255750000000116e+05 -9.026357999999999882e-01
2.319256499999999942e+05 -6.102969999999999784e-01
2.319257250000000058e+05 9.859592000000000356e-02
2.319258000000000175e+05 -3.964107000000000047e-01
2.319258750000000000e+05 1.852730999999999961e-01
2.319259500000000116e+05 -1.831081999999999987e-01
2.319260249999999942e+05 2.329793000000000142e-02
2.319261000000000058e+05 -2.178827999999999876e-01
2.319261750000000175e+05 -6.839785999999999921e-01
2.319262500000000000e+05 -1.298694999999999933e+00
2.319263250000000116e+05 -1.721146000000000065e+00
2.319263999999999942e+05 -3.090279999999999916e+00
2.319264750000000058e+05 -3.675129999999999786e+00
2.319265500000000175e+05 -4.376074000000000019e+00
2.319266250000000000e+05 -4.523608000000000295e+00
2.319267000000000116e+05 -4.052388999999999797e+00
2.319267749999999942e+05 -4.106938999999999673e+00
2.319268500000000058e+05 -3.872581999999999969e+00
2.319269250000000175e+05 -4.047851999999999784e+00
2.319270000000000000e+05 -4.171575999999999951e+00
2.319270750000000116e+05 -5.195116999999999763e+00
2.319271499999999942e+05 -5.222583000000000197e+00
2.319272250000000058e+05 -5.555945999999999607e+00
2.319273000000000175e+05 -6.537673999999999985e+00
2.319273750000000000e+05 -5.821196999999999733e+00
2.319274500000000116e+05 -6.916214000000000084e+00
2.319275249999999942e+05 -6.190502000000000393e+00
2.319276000000000058e+05 -6.782404999999999795e+00
2.319276750000000175e+05 -7.062306000000000417e+00
2.319277500000000000e+05 -7.006070000000000242e+00
2.319278250000000116e+05 -7.824169000000000374e+00
2.319278999999999942e+05 -8.090218999999999383e+00
2.319279750000000058e+05 -8.719547000000000381e+00
2.319280500000000175e+05 -9.445513000000000048e+00
2.319281250000000000e+05 -8.858285000000000409e+00
2.319282000000000116e+05 -9.083900999999999115e+00
2.319282749999999942e+05 -9.126602000000000103e+00
2.319283500000000058e+05 -9.800240999999999758e+00
2.319284250000000175e+05 -9.536825000000000330e+00
2.319285000000000000e+05 -9.598402000000000100e+00
2.319285750000000116e+05 -9.635353000000000279e+00
2.319286499999999942e+05 -9.846702000000000510e+00
2.319287250000000058e+05 -1.050244000000000000e+01
2.319288000000000175e+05 -1.222042000000000073e+01
2.319288750000000000e+05 -1.116773000000000060e+01
2.319289500000000116e+05 -1.066375999999999991e+01
2.319290249999999942e+05 -1.074362999999999957e+01
2.319291000000000058e+05 -1.217239999999999966e+01
2.319291750000000175e+05 -1.280161000000000016e+01
2.319292500000000000e+05 -1.157961000000000062e+01
2.319293250000000116e+05 -1.277515999999999963e+01
2.319293999999999942e+05 -1.407624000000000031e+01
2.319294750000000058e+05 -1.335535999999999923e+01
2.319295500000000175e+05 -1.212581999999999915e+01
2.319296250000000000e+05 -1.340218999999999916e+01
2.319297000000000116e+05 -1.576393000000000022e+01
2.319297749999999942e+05 -1.607191999999999865e+01
2.319298500000000058e+05 -1.439447000000000010e+01
2.319299250000000175e+05 -1.511425999999999981e+01
2.319300000000000000e+05 -1.639292000000000016e+01
2.319300750000000116e+05 -1.503993999999999964e+01
2.319301499999999942e+05 -1.332095999999999947e+01
2.319302250000000058e+05 -1.783464000000000027e+01
2.319303000000000175e+05 -1.807338999999999984e+01
2.319303750000000000e+05 -1.400280000000000058e+01
2.319304500000000116e+05 -1.747167999999999921e+01
2.319305249999999942e+05 -1.946303999999999945e+01
2.319306000000000058e+05 -1.504583000000000048e+01
2.319306750000000175e+05 -1.842327999999999832e+01
2.319307500000000000e+05 -3.457372000000000156e+01
2.319308250000000116e+05 -1.535407000000000011e+01
2.319308999999999942e+05 -1.722939999999999827e+01
2.319309750000000058e+05 -2.056343000000000032e+01
2.319310500000000175e+05 -1.761639999999999873e+01
2.319311250000000000e+05 -1.852284999999999826e+01
2.319312000000000116e+05 -1.872646999999999906e+01
2.319312749999999942e+05 -1.818006000000000100e+01
2.319313500000000058e+05 -2.136124999999999829e+01
2.319314250000000175e+05 -1.957469000000000037e+01
2.319315000000000000e+05 -1.576509000000000071e+01
2.319315750000000116e+05 -2.126057000000000130e+01
2.319316499999999942e+05 -1.905715999999999966e+01
2.319317250000000058e+05 -1.985997000000000057e+01
2.319318000000000175e+05 -2.826333999999999946e+01
2.319318750000000000e+05 -1.788543999999999912e+01
2.319319500000000116e+05 -2.870648999999999873e+01
2.319320249999999942e+05 -2.043978999999999857e+01
2.319321000000000058e+05 -1.848455999999999833e+01
2.319321750000000175e+05 -2.467102999999999824e+01
2.319322500000000000e+05 -1.962721000000000160e+01
2.319323250000000116e+05 -3.462716000000000349e+01
2.319323999999999942e+05 -2.043333000000000155e+01
2.319324750000000058e+05 -2.214939999999999998e+01
2.319325500000000175e+05 -2.314784999999999826e+01
2.319326250000000000e+05 -1.871558999999999884e+01
2.319327000000000116e+05 -2.595011999999999830e+01
2.319327749999999942e+05 -1.991163999999999845e+01
2.319328500000000058e+05 -3.020583999999999847e+01
2.319329250000000175e+05 -1.928056000000000125e+01
2.319330000000000000e+05 -3.148821999999999832e+01
2.319330750000000116e+05 -2.037130000000000152e+01
2.319331499999999942e+05 -2.851765999999999934e+01
2.319332250000000058e+05 -2.073068999999999917e+01
2.319333000000000175e+05 -2.146209999999999951e+01
2.319333750000000000e+05 -1.998914999999999864e+01
2.319334500000000116e+05 -2.357175000000000153e+01
2.319335249999999942e+05 -2.264772999999999925e+01
2.319336000000000058e+05 -2.023582000000000036e+01
2.319336750000000175e+05 -2.240435000000000088e+01
2.319337500000000000e+05 -2.234125999999999834e+01
2.319338250000000116e+05 -2.615621000000000151e+01
2.319338999999999942e+05 -1.934675999999999974e+01
2.319339750000000058e+05 -2.231072999999999951e+01
2.319340500000000175e+05 -2.919949000000000083e+01
2.319341250000000000e+05 -1.811054999999999993e+01
2.319342000000000116e+05 -3.801514000000000237e+01
2.319342749999999942e+05 -2.210507000000000133e+01
2.319343500000000058e+05 -2.801604999999999990e+01
2.319344250000000175e+05 -2.239300000000000068e+01
2.319345000000000000e+05 -2.402780999999999878e+01
2.319345750000000116e+05 -2.086854999999999905e+01
2.319346499999999942e+05 -2.450675999999999988e+01
2.319347250000000058e+05 -2.054776000000000025e+01
2.319348000000000175e+05 -2.444306999999999874e+01
2.319348750000000000e+05 -2.731527000000000172e+01
2.319349500000000116e+05 -2.305660999999999916e+01
2.319350249999999942e+05 -3.219187999999999761e+01
2.319351000000000058e+05 -1.938918999999999926e+01
2.319351750000000175e+05 -3.010146999999999906e+01
2.319352500000000000e+05 -2.630115999999999943e+01
2.319353250000000116e+05 -2.232654000000000138e+01
2.319353999999999942e+05 -2.366020999999999930e+01
2.319354750000000058e+05 -2.245131999999999906e+01
2.319355500000000175e+05 -2.646039999999999992e+01
2.319356250000000000e+05 -2.396631999999999962e+01
2.319357000000000116e+05 -2.228697999999999979e+01
2.319357749999999942e+05 -2.491879000000000133e+01
2.319358500000000058e+05 -1.838608999999999938e+01
2.319359250000000175e+05 -2.598986000000000018e+01
2.319360000000000000e+05 -2.242188000000000159e+01
2.319360750000000116e+05 -2.127548000000000172e+01
2.319361499999999942e+05 -2.593579000000000079e+01
2.319362250000000058e+05 -2.405529999999999902e+01
2.319363000000000175e+05 -2.103685000000000116e+01
2.319363750000000000e+05 -2.380610000000000070e+01
2.319364500000000116e+05 -2.334076999999999913e+01
2.319365249999999942e+05 -2.083298999999999879e+01
2.319366000000000058e+05 -2.342325999999999908e+01
2.319366750000000175e+05 -1.885254000000000119e+01
2.319367500000000000e+05 -1.942148999999999859e+01
2.319368250000000116e+05 -2.913503000000000043e+01
2.319368999999999942e+05 -2.813832000000000022e+01
2.319369750000000058e+05 -2.431520000000000081e+01
2.319370500000000175e+05 -2.401694000000000173e+01
2.319371250000000000e+05 -2.317711999999999861e+01
2.319372000000000116e+05 -2.316844000000000037e+01
2.319372749999999942e+05 -2.201041999999999987e+01
2.319373500000000058e+05 -2.666676000000000002e+01
2.319374250000000175e+05 -2.240758999999999901e+01
2.319375000000000000e+05 -2.187698999999999927e+01
2.319375750000000116e+05 -2.413203000000000031e+01
2.319376499999999942e+05 -2.468871000000000038e+01
2.319377250000000058e+05 -2.323730000000000118e+01
2.319378000000000175e+05 -2.007239999999999824e+01
2.319378750000000000e+05 -2.748996999999999957e+01
2.319379500000000116e+05 -2.370958999999999861e+01
2.319380249999999942e+05 -2.236907000000000068e+01
2.319381000000000058e+05 -2.189108999999999838e+01
2.319381750000000175e+05 -3.266678999999999888e+01
2.319382500000000000e+05 -2.846261000000000152e+01
2.319383250000000116e+05 -2.482306000000000168e+01
2.319383999999999942e+05 -2.223670999999999864e+01
2.319384750000000058e+05 -2.467669000000000068e+01
2.319385500000000175e+05 -2.215876000000000090e+01
2.319386250000000000e+05 -2.487666000000000111e+01
2.319387000000000116e+05 -2.599743000000000137e+01
2.319387749999999942e+05 -2.535005999999999915e+01
2.319388500000000058e+05 -2.114245999999999981e+01
2.319389250000000175e+05 -2.337224000000000146e+01
2.319390000000000000e+05 -2.277101000000000042e+01
2.319390750000000116e+05 -2.898386999999999958e+01
2.319391499999999942e+05 -2.919883000000000095e+01
2.319392250000000058e+05 -2.002723999999999904e+01
2.319393000000000175e+05 -2.659465000000000146e+01
2.319393750000000000e+05 -1.979861999999999966e+01
2.319394500000000116e+05 -2.041217999999999932e+01
2.319395249999999942e+05 -2.178957000000000122e+01
2.319396000000000058e+05 -2.352327999999999975e+01
2.319396750000000175e+05 -2.522062000000000026e+01
2.319397500000000000e+05 -2.550242000000000075e+01
2.319398250000000116e+05 -2.298417999999999850e+01
2.319398999999999942e+05 -2.863449999999999918e+01
2.319399750000000058e+05 -2.869800000000000040e+01
2.319400500000000175e+05 -2.292363999999999891e+01
2.319401250000000000e+05 -2.338379000000000119e+01
2.319402000000000116e+05 -2.148529999999999873e+01
2.319402749999999942e+05 -2.731140999999999863e+01
2.319403500000000058e+05 -2.007200999999999880e+01
2.319404250000000175e+05 -2.558692999999999884e+01
2.319405000000000000e+05 -2.557873000000000019e+01
2.319405750000000116e+05 -2.416825000000000045e+01
2.319406499999999942e+05 -2.160783999999999949e+01
2.319407250000000058e+05 -2.585734000000000066e+01
2.319408000000000175e+05 -2.081732999999999834e+01
2.319408750000000000e+05 -2.635499000000000080e+01
2.319409500000000116e+05 -2.809298000000000073e+01
2.319410249999999942e+05 -2.194274000000000058e+01
2.319411000000000058e+05 -2.667045999999999850e+01
