# Temperature: None K
2.319180750000000116e+05 -2.292063999999999879e+01
2.319181500000000233e+05 -2.423658000000000001e+01
2.319182250000000058e+05 -2.027282999999999902e+01
2.319183000000000175e+05 -1.985090999999999894e+01
2.319183750000000000e+05 -2.024792000000000058e+01
2.319184500000000116e+05 -2.068290999999999968e+01
2.319185250000000233e+05 -2.136537999999999826e+01
2.319186000000000058e+05 -1.883764000000000038e+01
2.319186750000000175e+05 -1.883834999999999837e+01
2.319187500000000000e+05 -1.973955000000000126e+01
2.319188250000000116e+05 -2.245418000000000092e+01
2.319189000000000233e+05 -1.915026999999999902e+01
2.319189750000000058e+05 -2.249496999999999858e+01
2.319190500000000175e+05 -1.852589000000000041e+01
2.319191250000000000e+05 -2.211388000000000176e+01
2.319192000000000116e+05 -2.590302000000000149e+01
2.319192750000000233e+05 -2.216906000000000176e+01
2.319193500000000058e+05 -2.231362000000000023e+01
2.319194250000000175e+05 -1.817606999999999928e+01
2.319195000000000000e+05 -2.149819000000000102e+01
2.319195750000000116e+05 -2.068024000000000129e+01
2.319196500000000233e+05 -1.999134000000000100e+01
2.319197250000000058e+05 -1.994053999999999860e+01
2.319198000000000175e+05 -2.212675000000000125e+01
2.319198750000000000e+05 -2.110837000000000074e+01
2.319199500000000116e+05 -2.021928000000000125e+01
2.319200250000000233e+05 -1.945795000000000030e+01
2.319201000000000058e+05 -2.008658000000000143e+01
2.319201750000000175e+05 -1.783287999999999940e+01
2.319202500000000000e+05 -2.081052000000000035e+01
2.319203250000000116e+05 -1.734035000000000082e+01
2.319204000000000233e+05 -1.655393000000000114e+01
2.319204750000000058e+05 -1.790344999999999942e+01
2.319205500000000175e+05 -1.763267000000000095e+01
2.319206250000000000e+05 -1.971061999999999870e+01
2.319207000000000116e+05 -1.880997999999999948e+01
2.319207750000000233e+05 -2.077831000000000117e+01
2.319208500000000058e+05 -1.824086000000000141e+01
2.319209250000000175e+05 -2.194834000000000174e+01
2.319210000000000000e+05 -1.977623000000000175e+01
2.319210750000000116e+05 -1.729229000000000127e+01
2.319211500000000233e+05 -2.007854999999999990e+01
2.319212250000000058e+05 -1.908708000000000027e+01
2.319213000000000175e+05 -2.083897999999999939e+01
2.319213750000000000e+05 -1.916559000000000168e+01
2.319214500000000116e+05 -1.968492000000000175e+01
2.319215250000000233e+05 -2.127910999999999930e+01
2.319216000000000058e+05 -1.863319999999999865e+01
2.319216750000000175e+05 -1.943539000000000172e+01
2.319217500000000000e+05 -2.163588999999999984e+01
2.319218250000000116e+05 -2.220968999999999838e+01
2.319219000000000233e+05 -1.829337999999999909e+01
2.319219750000000058e+05 -1.820561999999999969e+01
2.319220500000000175e+05 -2.056961000000000084e+01
2.319221250000000000e+05 -1.821304999999999907e+01
2.319222000000000116e+05 -1.904641000000000162e+01
2.319222750000000233e+05 -1.980763999999999925e+01
2.319223500000000058e+05 -2.073396999999999935e+01
2.319224250000000175e+05 -1.748658999999999963e+01
2.319225000000000000e+05 -1.882254000000000005e+01
2.319225750000000116e+05 -1.979528000000000176e+01
2.319226500000000233e+05 -1.896502999999999872e+01
2.319227250000000058e+05 -1.794038000000000110e+01
2.319228000000000175e+05 -1.983498000000000161e+01
2.319228750000000000e+05 -1.999570999999999898e+01
2.319229500000000116e+05 -1.879348999999999847e+01
2.319230250000000233e+05 -1.749915999999999983e+01
2.319231000000000058e+05 -1.865971000000000046e+01
2.319231750000000175e+05 -1.911435000000000173e+01
2.319232500000000000e+05 -2.008157999999999888e+01
2.319233250000000116e+05 -1.893731000000000009e+01
2.319234000000000233e+05 -1.848047000000000040e+01
2.319234750000000058e+05 -1.800308000000000064e+01
2.319235500000000175e+05 -1.757459000000000060e+01
2.319236250000000000e+05 -1.936483000000000132e+01
2.319237000000000116e+05 -2.179473000000000127e+01
2.319237750000000233e+05 -2.121640999999999977e+01
2.319238500000000058e+05 -1.997502000000000066e+01
2.319239250000000175e+05 -1.747901999999999845e+01
2.319240000000000000e+05 -2.002918999999999983e+01
2.319240750000000116e+05 -1.806778999999999868e+01
2.319241500000000233e+05 -1.770812000000000097e+01
2.319242250000000058e+05 -1.727004000000000161e+01
2.319243000000000175e+05 -1.865042000000000044e+01
2.319243750000000000e+05 -1.839945000000000164e+01
2.319244500000000116e+05 -1.880967000000000056e+01
2.319245250000000233e+05 -2.047088000000000108e+01
2.319246000000000058e+05 -1.930000000000000071e+01
2.319246750000000175e+05 -2.067576999999999998e+01
2.319247500000000000e+05 -2.065436000000000050e+01
2.319248250000000116e+05 -1.804888000000000048e+01
2.319249000000000233e+05 -1.952473000000000170e+01
2.319249750000000058e+05 -1.778123000000000076e+01
2.319250500000000175e+05 -1.913680000000000092e+01
2.319251250000000000e+05 -1.874914000000000058e+01
2.319252000000000116e+05 -1.739122000000000057e+01
2.319252750000000233e+05 -1.846950000000000003e+01
2.319253500000000058e+05 -1.820877000000000123e+01
2.319254250000000175e+05 -1.860715000000000074e+01
2.319255000000000000e+05 -2.046348000000000056e+01
2.319255750000000116e+05 -1.909206999999999965e+01
2.319256500000000233e+05 -1.829539000000000115e+01
2.319257250000000058e+05 -1.759223000000000070e+01
2.319258000000000175e+05 -1.775612999999999886e+01
2.319258750000000000e+05 -1.982038000000000011e+01
2.319259500000000116e+05 -1.854162000000000177e+01
2.319260250000000233e+05 -1.914574999999999960e+01
2.319261000000000058e+05 -1.744867999999999952e+01
2.319261750000000175e+05 -2.018282999999999916e+01
2.319262500000000000e+05 -1.765583000000000169e+01
2.319263250000000116e+05 -1.965477999999999881e+01
2.319264000000000233e+05 -1.767509000000000086e+01
2.319264750000000058e+05 -1.663900999999999897e+01
2.319265500000000175e+05 -1.652686999999999884e+01
2.319266250000000000e+05 -1.526642000000000010e+01
2.319267000000000116e+05 -1.932785000000000153e+01
2.319267750000000233e+05 -1.830665000000000120e+01
2.319268500000000058e+05 -1.922022000000000119e+01
2.319269250000000175e+05 -1.845361000000000118e+01
2.319270000000000000e+05 -1.946143999999999963e+01
2.319270750000000116e+05 -2.076980000000000004e+01
2.319271500000000233e+05 -1.630252000000000123e+01
2.319272250000000058e+05 -1.956122999999999834e+01
2.319273000000000175e+05 -1.944228999999999985e+01
2.319273750000000000e+05 -1.640778999999999854e+01
2.319274500000000116e+05 -1.921574999999999989e+01
2.319275250000000233e+05 -1.613204999999999956e+01
2.319276000000000058e+05 -1.913920999999999850e+01
2.319276750000000175e+05 -1.769400999999999868e+01
2.319277500000000000e+05 -1.916152999999999906e+01
2.319278250000000116e+05 -1.801933000000000007e+01
2.319279000000000233e+05 -1.878493999999999886e+01
2.319279750000000058e+05 -1.723483999999999838e+01
2.319280500000000175e+05 -1.613951000000000136e+01
2.319281250000000000e+05 -1.913813000000000031e+01
2.319282000000000116e+05 -1.837505000000000166e+01
2.319282750000000233e+05 -1.954786999999999964e+01
2.319283500000000058e+05 -1.603718999999999895e+01
2.319284250000000175e+05 -1.568572999999999951e+01
2.319285000000000000e+05 -1.751533999999999835e+01
2.319285750000000116e+05 -1.627681000000000111e+01
2.319286500000000233e+05 -1.543280000000000030e+01
2.319287250000000058e+05 -1.472400000000000020e+01
2.319288000000000175e+05 -1.480456000000000039e+01
2.319288750000000000e+05 -1.541507999999999967e+01
2.319289500000000116e+05 -1.655871000000000137e+01
2.319290250000000233e+05 -1.623723999999999990e+01
2.319291000000000058e+05 -1.564453999999999922e+01
2.319291750000000175e+05 -1.626957000000000164e+01
2.319292500000000000e+05 -1.540471999999999930e+01
2.319293250000000116e+05 -1.572930000000000028e+01
2.319294000000000233e+05 -1.636562999999999946e+01
2.319294750000000058e+05 -1.470575000000000010e+01
2.319295500000000175e+05 -1.494538999999999973e+01
2.319296250000000000e+05 -1.559628000000000014e+01
2.319297000000000116e+05 -1.490018000000000065e+01
2.319297750000000233e+05 -1.527599000000000018e+01
2.319298500000000058e+05 -1.443975000000000009e+01
2.319299250000000175e+05 -1.496157000000000004e+01
2.319300000000000000e+05 -1.428076000000000079e+01
2.319300750000000116e+05 -1.371777999999999942e+01
2.319301500000000233e+05 -1.518909000000000020e+01
2.319302250000000058e+05 -1.476402999999999999e+01
2.319303000000000175e+05 -1.350183000000000000e+01
2.319303750000000000e+05 -1.510449000000000019e+01
2.319304500000000116e+05 -1.338732000000000077e+01
2.319305250000000233e+05 -1.337195999999999962e+01
2.319306000000000058e+05 -1.345639000000000074e+01
2.319306750000000175e+05 -1.287780000000000058e+01
2.319307500000000000e+05 -1.222696999999999967e+01
2.319308250000000116e+05 -1.142093999999999987e+01
2.319309000000000233e+05 -1.200530000000000008e+01
2.319309750000000058e+05 -1.181914000000000087e+01
2.319310500000000175e+05 -1.124820000000000064e+01
2.319311250000000000e+05 -1.033582000000000001e+01
2.319312000000000116e+05 -9.368646999999999281e+00
2.319312750000000233e+05 -1.099599000000000082e+01
2.319313500000000058e+05 -9.390377000000000862e+00
2.319314250000000175e+05 -8.424512000000000000e+00
2.319315000000000000e+05 -8.734515999999999281e+00
2.319315750000000116e+05 -8.134605999999999781e+00
2.319316500000000233e+05 -7.783019000000000354e+00
2.319317250000000058e+05 -7.018641999999999825e+00
2.319318000000000175e+05 -7.641064000000000078e+00
2.319318750000000000e+05 -6.502333000000000141e+00
2.319319500000000116e+05 -6.030996000000000024e+00
2.319320250000000233e+05 -5.601281000000000176e+00
2.319321000000000058e+05 -5.066513999999999740e+00
2.319321750000000175e+05 -4.492022000000000403e+00
2.319322500000000000e+05 -4.100865999999999900e+00
2.319323250000000116e+05 -3.158573000000000075e+00
2.319324000000000233e+05 -2.890786999999999995e+00
2.319324750000000058e+05 -2.268829000000000207e+00
2.319325500000000175e+05 -1.616042999999999896e+00
2.319326250000000000e+05 -1.469035000000000091e+00
2.319327000000000116e+05 -1.605804000000000009e+00
2.319327750000000233e+05 -1.004731000000000041e+00
2.319328500000000058e+05 -1.283782999999999896e+00
2.319329250000000175e+05 -1.179005000000000081e+00
2.319330000000000000e+05 -9.216073000000000182e-01
2.319330750000000116e+05 -1.040286999999999962e+00
2.319331500000000233e+05 -1.819965999999999973e+00
2.319332250000000058e+05 -2.231831000000000120e+00
2.319333000000000175e+05 -2.824899999999999967e+00
2.319333750000000000e+05 -3.576030999999999960e+00
2.319334500000000116e+05 -5.121306999999999832e+00
2.319335250000000233e+05 -6.113965999999999568e+00
2.319336000000000058e+05 -7.176571000000000033e+00
2.319336750000000175e+05 -7.032996999999999943e+00
2.319337500000000000e+05 -7.159171999999999869e+00
2.319338250000000116e+05 -6.726174000000000319e+00
2.319339000000000233e+05 -6.838845000000000063e+00
2.319339750000000058e+05 -6.805022000000000126e+00
2.319340500000000175e+05 -6.366615000000000357e+00
2.319341250000000000e+05 -8.058873000000000175e+00
2.319342000000000116e+05 -8.439975999999999701e+00
2.319342750000000233e+05 -9.065312000000000481e+00
2.319343500000000058e+05 -1.121073999999999948e+01
2.319344250000000175e+05 -1.019557999999999964e+01
2.319345000000000000e+05 -9.858852999999999867e+00
2.319345750000000116e+05 -9.946941999999999950e+00
2.319346500000000233e+05 -1.088341999999999921e+01
2.319347250000000058e+05 -1.129357000000000077e+01
2.319348000000000175e+05 -1.222139999999999915e+01
2.319348750000000000e+05 -1.197592999999999996e+01
2.319349500000000116e+05 -1.194749999999999979e+01
2.319350250000000233e+05 -1.225431999999999988e+01
2.319351000000000058e+05 -1.353537000000000035e+01
2.319351750000000175e+05 -1.358441999999999972e+01
2.319352500000000000e+05 -1.434868999999999950e+01
2.319353250000000116e+05 -1.379350999999999949e+01
2.319354000000000233e+05 -1.354308999999999941e+01
2.319354750000000058e+05 -1.575164000000000009e+01
2.319355500000000175e+05 -1.646086999999999989e+01
2.319356250000000000e+05 -1.433267999999999986e+01
2.319357000000000116e+05 -1.490907999999999944e+01
2.319357750000000233e+05 -1.635159000000000162e+01
2.319358500000000058e+05 -1.654902999999999835e+01
2.319359250000000175e+05 -1.693553999999999959e+01
2.319360000000000000e+05 -1.748340999999999923e+01
2.319360750000000116e+05 -1.613379000000000119e+01
2.319361500000000233e+05 -1.888720999999999961e+01
2.319362250000000058e+05 -1.998939999999999984e+01
2.319363000000000175e+05 -1.825396999999999892e+01
2.319363750000000000e+05 -1.639883000000000024e+01
2.319364500000000116e+05 -2.121810999999999936e+01
2.319365250000000233e+05 -2.428985000000000127e+01
2.319366000000000058e+05 -1.905908000000000158e+01
2.319366750000000175e+05 -1.704748000000000019e+01
2.319367500000000000e+05 -2.246872000000000114e+01
2.319368250000000116e+05 -2.287284999999999968e+01
2.319369000000000233e+05 -1.927393000000000001e+01
2.319369750000000058e+05 -1.910203999999999880e+01
2.319370500000000175e+05 -3.034541000000000111e+01
2.319371250000000000e+05 -2.531249000000000038e+01
2.319372000000000116e+05 -2.209634000000000142e+01
2.319372750000000233e+05 -2.622638999999999854e+01
2.319373500000000058e+05 -2.805737999999999843e+01
2.319374250000000175e+05 -2.008038000000000167e+01
2.319375000000000000e+05 -2.068136000000000152e+01
2.319375750000000116e+05 -2.951783999999999963e+01
2.319376500000000233e+05 -2.018743999999999872e+01
2.319377250000000058e+05 -3.725948000000000349e+01
2.319378000000000175e+05 -3.050533000000000072e+01
2.319378750000000000e+05 -2.371014999999999873e+01
2.319379500000000116e+05 -2.434324000000000154e+01
2.319380250000000233e+05 -4.563320000000000221e+01
2.319381000000000058e+05 -2.022824999999999918e+01
2.319381750000000175e+05 -2.335564000000000107e+01
2.319382500000000000e+05 -2.639058999999999955e+01
2.319383250000000116e+05 -1.947548000000000101e+01
2.319384000000000233e+05 -2.351645999999999859e+01
2.319384750000000058e+05 -2.559868000000000166e+01
2.319385500000000175e+05 -2.180667000000000044e+01
2.319386250000000000e+05 -3.166554999999999964e+01
2.319387000000000116e+05 -2.435043999999999897e+01
2.319387750000000233e+05 -2.923204000000000136e+01
2.319388500000000058e+05 -2.555221999999999838e+01
2.319389250000000175e+05 -2.256019999999999825e+01
2.319390000000000000e+05 -3.392907000000000295e+01
2.319390750000000116e+05 -2.515739999999999910e+01
2.319391500000000233e+05 -1.997052000000000049e+01
2.319392250000000058e+05 -4.970295999999999736e+01
2.319393000000000175e+05 -2.279764000000000124e+01
2.319393750000000000e+05 -2.337681999999999860e+01
2.319394500000000116e+05 -2.701873000000000147e+01
2.319395250000000233e+05 -2.800208999999999904e+01
2.319396000000000058e+05 -2.765925000000000011e+01
2.319396750000000175e+05 -2.497844999999999871e+01
2.319397500000000000e+05 -2.596034999999999826e+01
2.319398250000000116e+05 -2.454460999999999871e+01
2.319399000000000233e+05 -2.230930999999999997e+01
2.319399750000000058e+05 -2.262154999999999916e+01
2.319400500000000175e+05 -2.533689999999999998e+01
2.319401250000000000e+05 -2.791103000000000023e+01
2.319402000000000116e+05 -2.534316000000000102e+01
2.319402750000000233e+05 -2.437238999999999933e+01
2.319403500000000058e+05 -3.034590000000000032e+01
2.319404250000000175e+05 -2.617766999999999911e+01
2.319405000000000000e+05 -2.326705000000000112e+01
2.319405750000000116e+05 -2.301238000000000028e+01
2.319406500000000233e+05 -2.727631999999999834e+01
2.319407250000000058e+05 -2.376304000000000016e+01
2.319408000000000175e+05 -2.654310999999999865e+01
2.319408750000000000e+05 -2.446357000000000070e+01
2.319409500000000116e+05 -2.521602999999999994e+01
2.319410250000000233e+05 -2.211391000000000062e+01
2.319411000000000058e+05 -2.474773000000000067e+01
2.319411750000000175e+05 -2.563303000000000154e+01
2.319412500000000000e+05 -3.034369999999999834e+01
2.319413250000000116e+05 -2.264095999999999975e+01
2.319414000000000233e+05 -2.719836000000000098e+01
2.319414750000000058e+05 -2.389478000000000080e+01
2.319415500000000175e+05 -2.870157999999999987e+01
2.319416250000000000e+05 -2.505826000000000064e+01
2.319417000000000116e+05 -2.413917000000000002e+01
2.319417750000000233e+05 -2.648420000000000130e+01
2.319418500000000058e+05 -3.301823000000000263e+01
2.319419250000000175e+05 -2.254065999999999903e+01
2.319420000000000000e+05 -2.525302999999999898e+01
2.319420750000000116e+05 -2.444660999999999973e+01
2.319421500000000233e+05 -2.735293000000000063e+01
2.319422250000000058e+05 -2.749556000000000111e+01
2.319423000000000175e+05 -2.221350999999999942e+01
2.319423750000000000e+05 -2.742398999999999987e+01
2.319424500000000116e+05 -2.266917000000000115e+01
2.319425250000000233e+05 -2.664658999999999978e+01
2.319426000000000058e+05 -2.096909000000000134e+01
2.319426750000000175e+05 -3.308086000000000126e+01
2.319427500000000000e+05 -3.672223999999999933e+01
2.319428250000000116e+05 -2.458257000000000048e+01
2.319429000000000233e+05 -2.679588999999999999e+01
2.319429750000000058e+05 -2.277747000000000099e+01
2.319430500000000175e+05 -2.201462000000000074e+01
2.319431250000000000e+05 -2.465339000000000169e+01
2.319432000000000116e+05 -2.318656999999999968e+01
2.319432750000000233e+05 -2.098300000000000054e+01
2.319433500000000058e+05 -2.209786000000000072e+01
2.319434250000000175e+05 -2.134688999999999837e+01
2.319435000000000000e+05 -2.265963999999999956e+01
2.319435750000000116e+05 -2.276261999999999830e+01
2.319436500000000233e+05 -2.466486000000000089e+01
2.319437250000000058e+05 -2.794591000000000136e+01
2.319438000000000175e+05 -2.553532999999999831e+01
2.319438750000000000e+05 -2.754645999999999972e+01
2.319439500000000116e+05 -2.449418000000000006e+01
2.319440250000000233e+05 -2.041583999999999932e+01
2.319441000000000058e+05 -2.156409999999999982e+01
2.319441750000000175e+05 -2.516357999999999961e+01
2.319442500000000000e+05 -2.203037000000000134e+01
2.319443250000000116e+05 -2.215128999999999948e+01
2.319444000000000233e+05 -2.295990000000000109e+01
2.319444750000000058e+05 -2.222551999999999950e+01
2.319445500000000175e+05 -2.403865000000000052e+01
2.319446250000000000e+05 -2.332037000000000049e+01
2.319447000000000116e+05 -2.358876000000000062e+01
2.319447750000000233e+05 -2.687836000000000070e+01
2.319448500000000058e+05 -2.666131999999999991e+01
2.319449250000000175e+05 -2.548754999999999882e+01
2.319450000000000000e+05 -2.052090000000000103e+01
2.319450750000000116e+05 -2.469350000000000023e+01
2.319451500000000233e+05 -2.686251000000000033e+01
2.319452250000000058e+05 -1.836402000000000001e+01
2.319453000000000175e+05 -2.089189000000000007e+01
2.319453750000000000e+05 -2.796681999999999846e+01
2.319454500000000116e+05 -2.272691000000000017e+01
2.319455250000000233e+05 -2.285133000000000081e+01
2.319456000000000058e+05 -2.733670000000000044e+01
2.319456750000000175e+05 -2.387095000000000056e+01
2.319457500000000000e+05 -2.403020000000000067e+01
2.319458250000000116e+05 -2.097013000000000105e+01
2.319459000000000233e+05 -2.139199999999999946e+01
2.319459750000000058e+05 -2.341505000000000081e+01
2.319460500000000175e+05 -2.615201000000000064e+01
2.319461250000000000e+05 -2.461340999999999823e+01
2.319462000000000116e+05 -2.931754000000000104e+01
2.319462750000000233e+05 -2.569883000000000095e+01
2.319463500000000058e+05 -2.111204000000000036e+01
2.319464250000000175e+05 -2.277465000000000117e+01
2.319465000000000000e+05 -2.323479999999999990e+01
2.319465750000000116e+05 -2.565581999999999852e+01
2.319466500000000233e+05 -2.157357000000000014e+01
2.319467250000000058e+05 -2.587301000000000073e+01
2.319468000000000175e+05 -2.313285000000000124e+01
2.319468750000000000e+05 -2.132303999999999888e+01
2.319469500000000116e+05 -2.657284999999999897e+01
2.319470250000000233e+05 -2.313315000000000055e+01
2.319471000000000058e+05 -2.789762999999999948e+01
2.319471750000000175e+05 -2.415631000000000128e+01
2.319472500000000000e+05 -2.333588999999999913e+01
2.319473250000000116e+05 -2.017492999999999981e+01
2.319474000000000233e+05 -2.132835999999999999e+01
2.319474750000000058e+05 -2.184181999999999846e+01
2.319475500000000175e+05 -2.436069000000000173e+01
2.319476250000000000e+05 -2.497790000000000177e+01
2.319477000000000116e+05 -2.494836000000000098e+01
2.319477750000000233e+05 -2.572817999999999827e+01
2.319478500000000058e+05 -2.792531999999999925e+01
2.319479250000000175e+05 -2.391978999999999900e+01
2.319480000000000000e+05 -2.647284000000000148e+01
2.319480750000000116e+05 -2.234185000000000088e+01
