# Temperature: None K
2.318223999999999942e+05 -2.045010999999999868e+01
2.318224750000000058e+05 -1.991198999999999941e+01
2.318225499999999884e+05 -1.900488000000000000e+01
2.318226250000000000e+05 -1.479728000000000065e+01
2.318226999999999825e+05 -1.972860000000000014e+01
2.318227749999999942e+05 -2.294415000000000049e+01
2.318228500000000058e+05 -1.798689999999999856e+01
2.318229249999999884e+05 -1.953471000000000046e+01
2.318230000000000000e+05 -1.729119999999999990e+01
2.318230749999999825e+05 -1.995426000000000144e+01
2.318231499999999942e+05 -2.154144000000000148e+01
2.318232250000000058e+05 -1.815300999999999831e+01
2.318232999999999884e+05 -1.949783000000000044e+01
2.318233750000000000e+05 -2.165897000000000006e+01
2.318234499999999825e+05 -2.051373999999999853e+01
2.318235249999999942e+05 -1.922312000000000154e+01
2.318236000000000058e+05 -1.751326999999999856e+01
2.318236749999999884e+05 -2.353808000000000078e+01
2.318237500000000000e+05 -2.022778999999999883e+01
2.318238249999999825e+05 -1.800523000000000096e+01
2.318238999999999942e+05 -2.024014000000000024e+01
2.318239750000000058e+05 -2.071229999999999905e+01
2.318240499999999884e+05 -1.922336999999999918e+01
2.318241250000000000e+05 -1.918822000000000116e+01
2.318241999999999825e+05 -1.980144999999999911e+01
2.318242749999999942e+05 -2.105695000000000050e+01
2.318243500000000058e+05 -2.326296999999999926e+01
2.318244249999999884e+05 -1.814536000000000016e+01
2.318245000000000000e+05 -2.320583999999999847e+01
2.318245749999999825e+05 -1.767221999999999937e+01
2.318246499999999942e+05 -1.998746999999999829e+01
2.318247250000000058e+05 -2.003672999999999860e+01
2.318247999999999884e+05 -2.056968000000000174e+01
2.318248750000000000e+05 -1.869249999999999901e+01
2.318249499999999825e+05 -1.705844000000000094e+01
2.318250249999999942e+05 -1.765978000000000137e+01
2.318251000000000058e+05 -1.688231000000000037e+01
2.318251749999999884e+05 -1.781491000000000113e+01
2.318252500000000000e+05 -1.888681000000000054e+01
2.318253249999999825e+05 -1.939044000000000167e+01
2.318253999999999942e+05 -2.094840999999999909e+01
2.318254750000000058e+05 -2.171506000000000114e+01
2.318255499999999884e+05 -2.114609000000000094e+01
2.318256250000000000e+05 -1.880957000000000079e+01
2.318256999999999825e+05 -2.105007000000000161e+01
2.318257749999999942e+05 -1.978696000000000055e+01
2.318258500000000058e+05 -1.994782999999999973e+01
2.318259249999999884e+05 -1.936564999999999870e+01
2.318260000000000000e+05 -2.224116000000000071e+01
2.318260749999999825e+05 -1.845887000000000100e+01
2.318261499999999942e+05 -1.762158000000000158e+01
2.318262250000000058e+05 -1.845279999999999987e+01
2.318262999999999884e+05 -1.843688999999999822e+01
2.318263750000000000e+05 -1.874005999999999972e+01
2.318264499999999825e+05 -1.924767999999999901e+01
2.318265249999999942e+05 -1.964052999999999827e+01
2.318266000000000058e+05 -1.622451999999999828e+01
2.318266749999999884e+05 -2.083716000000000079e+01
2.318267500000000000e+05 -1.718803000000000125e+01
2.318268249999999825e+05 -1.965560999999999936e+01
2.318268999999999942e+05 -1.743527999999999878e+01
2.318269750000000058e+05 -2.073072000000000159e+01
2.318270499999999884e+05 -1.709212000000000131e+01
2.318271250000000000e+05 -2.010559999999999903e+01
2.318271999999999825e+05 -2.067627999999999844e+01
2.318272749999999942e+05 -1.993954000000000093e+01
2.318273500000000058e+05 -1.951437999999999917e+01
2.318274249999999884e+05 -2.166904999999999859e+01
2.318275000000000000e+05 -1.897549000000000063e+01
2.318275749999999825e+05 -2.006659000000000148e+01
2.318276499999999942e+05 -1.666733999999999938e+01
2.318277250000000058e+05 -1.847187999999999874e+01
2.318277999999999884e+05 -1.828640000000000043e+01
2.318278750000000000e+05 -1.869726999999999961e+01
2.318279499999999825e+05 -1.925618000000000052e+01
2.318280249999999942e+05 -1.771844000000000108e+01
2.318281000000000058e+05 -1.788730999999999938e+01
2.318281749999999884e+05 -1.800244999999999962e+01
2.318282500000000000e+05 -1.785865000000000080e+01
2.318283249999999825e+05 -1.747010999999999825e+01
2.318283999999999942e+05 -1.853605999999999909e+01
2.318284750000000058e+05 -2.000550000000000139e+01
2.318285499999999884e+05 -1.845264999999999844e+01
2.318286250000000000e+05 -1.961114999999999853e+01
2.318286999999999825e+05 -1.750749000000000066e+01
2.318287749999999942e+05 -2.066829999999999856e+01
2.318288500000000058e+05 -1.816938000000000031e+01
2.318289249999999884e+05 -1.771130000000000138e+01
2.318290000000000000e+05 -1.806619999999999848e+01
2.318290749999999825e+05 -1.955401000000000167e+01
2.318291499999999942e+05 -1.855686000000000035e+01
2.318292250000000058e+05 -1.771789000000000058e+01
2.318292999999999884e+05 -1.798124999999999929e+01
2.318293750000000000e+05 -2.182796000000000092e+01
2.318294499999999825e+05 -2.051171000000000078e+01
2.318295249999999942e+05 -1.609463999999999828e+01
2.318296000000000058e+05 -1.954139999999999944e+01
2.318296749999999884e+05 -1.960388000000000019e+01
2.318297500000000000e+05 -1.814825000000000088e+01
2.318298249999999825e+05 -1.694770000000000110e+01
2.318298999999999942e+05 -1.763901999999999859e+01
2.318299750000000058e+05 -1.635401999999999845e+01
2.318300499999999884e+05 -1.833573000000000164e+01
2.318301250000000000e+05 -1.723744999999999905e+01
2.318301999999999825e+05 -1.781222999999999956e+01
2.318302749999999942e+05 -1.942708999999999975e+01
2.318303500000000058e+05 -1.735250999999999877e+01
2.318304249999999884e+05 -1.903780000000000072e+01
2.318305000000000000e+05 -1.983323999999999998e+01
2.318305749999999825e+05 -1.780756999999999834e+01
2.318306499999999942e+05 -1.951613000000000042e+01
2.318307250000000058e+05 -1.742531999999999925e+01
2.318307999999999884e+05 -1.667606999999999928e+01
2.318308750000000000e+05 -1.939890000000000114e+01
2.318309499999999825e+05 -1.933489000000000146e+01
2.318310249999999942e+05 -1.694917999999999836e+01
2.318311000000000058e+05 -1.700656000000000034e+01
2.318311749999999884e+05 -1.881991000000000014e+01
2.318312500000000000e+05 -1.812121000000000137e+01
2.318313249999999825e+05 -1.734160999999999930e+01
2.318313999999999942e+05 -1.654844999999999899e+01
2.318314750000000058e+05 -1.766725999999999885e+01
2.318315499999999884e+05 -1.685997000000000057e+01
2.318316250000000000e+05 -1.809822000000000131e+01
2.318316999999999825e+05 -1.813119999999999976e+01
2.318317749999999942e+05 -1.657563999999999993e+01
2.318318500000000058e+05 -1.791496000000000066e+01
2.318319249999999884e+05 -1.749031000000000091e+01
2.318320000000000000e+05 -1.772905000000000086e+01
2.318320749999999825e+05 -1.704995999999999867e+01
2.318321499999999942e+05 -1.675767000000000095e+01
2.318322250000000058e+05 -1.712256000000000000e+01
2.318322999999999884e+05 -1.616075000000000017e+01
2.318323750000000000e+05 -1.708830999999999989e+01
2.318324499999999825e+05 -1.692400999999999911e+01
2.318325249999999942e+05 -1.724250999999999934e+01
2.318326000000000058e+05 -1.565895000000000081e+01
2.318326749999999884e+05 -1.716563999999999979e+01
2.318327500000000000e+05 -1.655919000000000096e+01
2.318328249999999825e+05 -1.642060999999999993e+01
2.318328999999999942e+05 -1.623699999999999832e+01
2.318329750000000058e+05 -1.497902999999999984e+01
2.318330499999999884e+05 -1.695335999999999999e+01
2.318331250000000000e+05 -1.510092000000000034e+01
2.318331999999999825e+05 -1.661225999999999914e+01
2.318332749999999942e+05 -1.595844999999999914e+01
2.318333500000000058e+05 -1.511529999999999951e+01
2.318334249999999884e+05 -1.416090999999999944e+01
2.318335000000000000e+05 -1.458630999999999922e+01
2.318335749999999825e+05 -1.566197000000000017e+01
2.318336499999999942e+05 -1.487750999999999912e+01
2.318337250000000058e+05 -1.361609999999999943e+01
2.318337999999999884e+05 -1.473464000000000063e+01
2.318338750000000000e+05 -1.504693999999999932e+01
2.318339499999999825e+05 -1.361903000000000041e+01
2.318340249999999942e+05 -1.419059999999999988e+01
2.318341000000000058e+05 -1.416515000000000057e+01
2.318341749999999884e+05 -1.363260000000000005e+01
2.318342500000000000e+05 -1.335031000000000034e+01
2.318343249999999825e+05 -1.234314000000000000e+01
2.318343999999999942e+05 -1.201979000000000042e+01
2.318344750000000058e+05 -1.248066999999999993e+01
2.318345499999999884e+05 -1.193149000000000015e+01
2.318346250000000000e+05 -1.244313000000000002e+01
2.318346999999999825e+05 -1.265160000000000018e+01
2.318347749999999942e+05 -1.103448000000000029e+01
2.318348500000000058e+05 -1.091252000000000066e+01
2.318349249999999884e+05 -1.140981999999999985e+01
2.318350000000000000e+05 -1.011410000000000053e+01
2.318350749999999825e+05 -1.067334999999999923e+01
2.318351499999999942e+05 -1.011672000000000082e+01
2.318352250000000058e+05 -9.972405999999999437e+00
2.318352999999999884e+05 -1.004893999999999998e+01
2.318353750000000000e+05 -8.439754000000000644e+00
2.318354499999999825e+05 -8.622989000000000459e+00
2.318355249999999942e+05 -7.690762000000000320e+00
2.318356000000000058e+05 -7.215766000000000346e+00
2.318356749999999884e+05 -6.543021000000000420e+00
2.318357500000000000e+05 -6.169018999999999586e+00
2.318358249999999825e+05 -5.977723000000000120e+00
2.318358999999999942e+05 -5.157185000000000130e+00
2.318359750000000058e+05 -4.161741000000000135e+00
2.318360499999999884e+05 -3.792216999999999949e+00
2.318361250000000000e+05 -3.491515999999999842e+00
2.318361999999999825e+05 -3.149881000000000153e+00
2.318362749999999942e+05 -2.155606000000000133e+00
2.318363500000000058e+05 -1.621302000000000021e+00
2.318364249999999884e+05 -1.488072999999999979e+00
2.318365000000000000e+05 -3.882685000000000164e-01
2.318365749999999825e+05 -3.498877999999999711e-02
2.318366499999999942e+05 7.229075000000000362e-01
2.318367250000000058e+05 9.286758000000000512e-01
2.318367999999999884e+05 1.591825000000000045e+00
2.318368750000000000e+05 1.775293000000000010e+00
2.318369499999999825e+05 1.610268999999999950e+00
2.318370249999999942e+05 1.664803999999999951e+00
2.318371000000000058e+05 1.671891999999999934e+00
2.318371749999999884e+05 1.355922000000000072e+00
2.318372500000000000e+05 1.011786999999999992e+00
2.318373249999999825e+05 3.285951999999999762e-01
2.318373999999999942e+05 -7.440592000000000039e-02
2.318374750000000058e+05 -8.453505999999999521e-01
2.318375499999999884e+05 -1.741832000000000047e+00
2.318376250000000000e+05 -2.565208000000000155e+00
2.318376999999999825e+05 -2.289576999999999973e+00
2.318377749999999942e+05 -2.961352000000000206e+00
2.318378500000000058e+05 -2.269441000000000042e+00
2.318379249999999884e+05 -1.789560000000000040e+00
2.318380000000000000e+05 -2.080709000000000142e+00
2.318380749999999825e+05 -2.026137999999999995e+00
2.318381499999999942e+05 -2.536770000000000191e+00
2.318382250000000058e+05 -3.281411999999999995e+00
2.318382999999999884e+05 -3.636463000000000001e+00
2.318383750000000000e+05 -4.076100000000000279e+00
2.318384499999999825e+05 -4.342024999999999579e+00
2.318385249999999942e+05 -4.634726999999999819e+00
2.318386000000000058e+05 -3.680366999999999944e+00
2.318386749999999884e+05 -4.112072000000000394e+00
2.318387500000000000e+05 -4.538458999999999577e+00
2.318388249999999825e+05 -5.241159999999999819e+00
2.318388999999999942e+05 -5.426554000000000322e+00
2.318389750000000058e+05 -5.622709000000000401e+00
2.318390499999999884e+05 -5.342819999999999681e+00
2.318391250000000000e+05 -5.803524999999999601e+00
2.318391999999999825e+05 -5.776883999999999908e+00
2.318392749999999942e+05 -6.372649000000000008e+00
2.318393500000000058e+05 -6.730951000000000128e+00
2.318394249999999884e+05 -6.615083000000000268e+00
2.318395000000000000e+05 -7.029735999999999763e+00
2.318395749999999825e+05 -6.911182000000000158e+00
2.318396499999999942e+05 -6.774394000000000027e+00
2.318397250000000058e+05 -7.245848999999999762e+00
2.318397999999999884e+05 -8.184241000000000099e+00
2.318398750000000000e+05 -8.530468000000000828e+00
2.318399499999999825e+05 -8.751842999999999151e+00
2.318400249999999942e+05 -9.115327999999999875e+00
2.318401000000000058e+05 -9.426185000000000258e+00
2.318401749999999884e+05 -9.968139000000000749e+00
2.318402500000000000e+05 -9.045023000000000479e+00
2.318403249999999825e+05 -9.484676000000000329e+00
2.318403999999999942e+05 -8.425610000000000710e+00
2.318404750000000058e+05 -1.059089999999999954e+01
2.318405499999999884e+05 -1.071986000000000061e+01
2.318406250000000000e+05 -9.875750999999999280e+00
2.318406999999999825e+05 -1.076530999999999949e+01
2.318407749999999942e+05 -1.078764999999999930e+01
2.318408500000000058e+05 -1.134745000000000026e+01
2.318409249999999884e+05 -1.103289000000000009e+01
2.318410000000000000e+05 -1.242209000000000074e+01
2.318410749999999825e+05 -1.411777999999999977e+01
2.318411499999999942e+05 -1.135261000000000031e+01
2.318412250000000058e+05 -1.095622000000000007e+01
2.318412999999999884e+05 -1.325408000000000008e+01
2.318413750000000000e+05 -1.348321999999999932e+01
2.318414499999999825e+05 -1.258342000000000027e+01
2.318415249999999942e+05 -1.324375999999999998e+01
2.318416000000000058e+05 -1.517047999999999952e+01
2.318416749999999884e+05 -1.280167999999999928e+01
2.318417500000000000e+05 -1.416277999999999970e+01
2.318418249999999825e+05 -1.649857000000000085e+01
2.318418999999999942e+05 -1.234442999999999913e+01
2.318419750000000058e+05 -1.298027000000000086e+01
2.318420499999999884e+05 -1.698507999999999996e+01
2.318421250000000000e+05 -1.356253000000000064e+01
2.318421999999999825e+05 -1.488992999999999967e+01
2.318422749999999942e+05 -1.868318999999999974e+01
2.318423500000000058e+05 -1.554418000000000077e+01
2.318424249999999884e+05 -1.630705999999999989e+01
2.318425000000000000e+05 -1.607561000000000107e+01
2.318425749999999825e+05 -1.482436000000000043e+01
2.318426499999999942e+05 -1.848220999999999847e+01
2.318427250000000058e+05 -1.695423999999999864e+01
2.318427999999999884e+05 -1.694925999999999888e+01
2.318428750000000000e+05 -2.156118999999999986e+01
2.318429499999999825e+05 -1.416483000000000025e+01
2.318430249999999942e+05 -1.786299999999999955e+01
2.318431000000000058e+05 -1.661286000000000129e+01
2.318431749999999884e+05 -1.615144000000000091e+01
2.318432500000000000e+05 -2.284765000000000157e+01
2.318433249999999825e+05 -1.751464999999999961e+01
2.318433999999999942e+05 -2.085048000000000101e+01
2.318434750000000058e+05 -1.901010000000000133e+01
2.318435499999999884e+05 -1.871777000000000157e+01
2.318436250000000000e+05 -2.327747000000000099e+01
2.318436999999999825e+05 -1.603596999999999895e+01
2.318437749999999942e+05 -2.369827000000000083e+01
2.318438500000000058e+05 -1.737793999999999883e+01
2.318439249999999884e+05 -2.431485999999999947e+01
2.318440000000000000e+05 -1.815663999999999945e+01
2.318440749999999825e+05 -2.165915000000000035e+01
2.318441499999999942e+05 -1.977400000000000091e+01
2.318442250000000058e+05 -1.918930999999999898e+01
2.318442999999999884e+05 -2.097685999999999851e+01
2.318443750000000000e+05 -2.007770000000000010e+01
2.318444499999999825e+05 -2.662940000000000040e+01
2.318445249999999942e+05 -1.797872999999999877e+01
2.318446000000000058e+05 -2.247720999999999947e+01
2.318446749999999884e+05 -1.927548000000000172e+01
2.318447500000000000e+05 -2.482825000000000060e+01
2.318448249999999825e+05 -2.032837999999999923e+01
2.318448999999999942e+05 -3.645627999999999957e+01
2.318449750000000058e+05 -1.944675000000000153e+01
2.318450499999999884e+05 -2.252577000000000140e+01
2.318451250000000000e+05 -1.929822000000000060e+01
2.318451999999999825e+05 -2.563009999999999877e+01
2.318452749999999942e+05 -2.141626000000000118e+01
2.318453500000000058e+05 -2.185068000000000055e+01
2.318454249999999884e+05 -2.404129000000000005e+01
2.318455000000000000e+05 -2.347427000000000064e+01
2.318455749999999825e+05 -2.123874999999999957e+01
2.318456499999999942e+05 -2.021349000000000018e+01
2.318457250000000058e+05 -2.593203000000000102e+01
2.318457999999999884e+05 -2.032744999999999891e+01
2.318458750000000000e+05 -2.985119999999999862e+01
2.318459499999999825e+05 -2.726313000000000031e+01
2.318460249999999942e+05 -2.071581000000000117e+01
2.318461000000000058e+05 -1.961199999999999832e+01
2.318461749999999884e+05 -2.232544000000000040e+01
2.318462500000000000e+05 -3.196546000000000021e+01
2.318463249999999825e+05 -1.902910999999999930e+01
2.318463999999999942e+05 -4.043298999999999666e+01
2.318464750000000058e+05 -2.636991000000000085e+01
2.318465499999999884e+05 -2.476339000000000112e+01
2.318466250000000000e+05 -2.918436000000000163e+01
2.318466999999999825e+05 -2.308567000000000036e+01
2.318467749999999942e+05 -2.454286000000000101e+01
2.318468500000000058e+05 -2.172703999999999880e+01
2.318469249999999884e+05 -1.886326000000000036e+01
2.318470000000000000e+05 -3.900965999999999667e+01
2.318470749999999825e+05 -1.972491000000000128e+01
2.318471499999999942e+05 -2.548564999999999969e+01
2.318472250000000058e+05 -2.725691000000000130e+01
2.318472999999999884e+05 -2.092042000000000002e+01
2.318473750000000000e+05 -2.159029999999999916e+01
2.318474499999999825e+05 -2.601914000000000016e+01
2.318475249999999942e+05 -2.172731999999999886e+01
2.318476000000000058e+05 -2.231720999999999933e+01
2.318476749999999884e+05 -2.264902000000000015e+01
2.318477500000000000e+05 -1.983292000000000144e+01
2.318478249999999825e+05 -2.498858999999999853e+01
2.318478999999999942e+05 -2.486952000000000140e+01
2.318479750000000058e+05 -2.489632999999999896e+01
2.318480499999999884e+05 -2.273357000000000028e+01
2.318481250000000000e+05 -2.643280999999999992e+01
2.318481999999999825e+05 -2.044976000000000127e+01
2.318482749999999942e+05 -3.182203000000000159e+01
2.318483500000000058e+05 -2.701241999999999877e+01
2.318484249999999884e+05 -2.549694999999999823e+01
2.318485000000000000e+05 -2.252122999999999919e+01
2.318485749999999825e+05 -3.145409000000000077e+01
2.318486499999999942e+05 -2.543319999999999936e+01
2.318487250000000058e+05 -2.518607000000000085e+01
2.318487999999999884e+05 -2.303965000000000174e+01
2.318488750000000000e+05 -2.280780000000000030e+01
2.318489499999999825e+05 -2.726151000000000124e+01
2.318490249999999942e+05 -2.214139000000000124e+01
2.318491000000000058e+05 -2.140544999999999831e+01
2.318491749999999884e+05 -2.229456000000000060e+01
2.318492500000000000e+05 -3.960981999999999914e+01
2.318493249999999825e+05 -2.364407999999999888e+01
2.318493999999999942e+05 -2.175129000000000090e+01
2.318494750000000058e+05 -2.321952999999999889e+01
2.318495499999999884e+05 -2.494847000000000037e+01
2.318496250000000000e+05 -2.424679000000000073e+01
2.318496999999999825e+05 -2.149011000000000138e+01
2.318497749999999942e+05 -2.274033000000000015e+01
2.318498500000000058e+05 -2.471056000000000097e+01
2.318499249999999884e+05 -2.232768000000000086e+01
2.318500000000000000e+05 -2.516429000000000116e+01
2.318500749999999825e+05 -2.327261999999999986e+01
2.318501499999999942e+05 -2.288826999999999856e+01
2.318502250000000058e+05 -2.437041999999999931e+01
2.318502999999999884e+05 -2.443254999999999910e+01
2.318503750000000000e+05 -2.656603000000000137e+01
2.318504499999999825e+05 -2.177236999999999867e+01
2.318505249999999942e+05 -2.043224999999999980e+01
2.318506000000000058e+05 -2.659444999999999837e+01
2.318506749999999884e+05 -2.744096000000000046e+01
2.318507500000000000e+05 -2.316433999999999926e+01
2.318508249999999825e+05 -2.537862000000000151e+01
2.318508999999999942e+05 -2.502327000000000012e+01
2.318509750000000058e+05 -2.221092000000000155e+01
2.318510499999999884e+05 -2.345254999999999868e+01
2.318511250000000000e+05 -1.972625000000000028e+01
2.318511999999999825e+05 -2.509270000000000067e+01
2.318512749999999942e+05 -2.262147999999999826e+01
2.318513500000000058e+05 -2.172676999999999836e+01
2.318514249999999884e+05 -2.265174999999999983e+01
2.318515000000000000e+05 -2.516756000000000171e+01
2.318515749999999825e+05 -2.645675999999999917e+01
2.318516499999999942e+05 -2.449389000000000038e+01
2.318517250000000058e+05 -2.509085999999999927e+01
2.318517999999999884e+05 -2.398751000000000033e+01
2.318518750000000000e+05 -2.389008000000000109e+01
2.318519499999999825e+05 -2.701227000000000089e+01
2.318520249999999942e+05 -2.585823999999999856e+01
2.318521000000000058e+05 -2.298514000000000124e+01
2.318521749999999884e+05 -2.583917999999999893e+01
2.318522500000000000e+05 -2.413128999999999991e+01
2.318523249999999825e+05 -2.520559000000000083e+01
2.318523999999999942e+05 -2.243756000000000128e+01
