# Temperature: None K
2.319900971183399961e+05 -1.519969329833980112e+02
2.319901221327483072e+05 -1.520407562255859943e+02
2.319901471471565892e+05 -1.528507537841800001e+02
2.319901721615649003e+05 -1.525721130371090055e+02
2.319901971759731823e+05 -1.507586212158199999e+02
2.319902221903814934e+05 -1.485771179199219887e+02
2.319902472047898045e+05 -1.465975189208980112e+02
2.319902722191980865e+05 -1.449767456054690058e+02
2.319902972336063976e+05 -1.439428863525390057e+02
2.319903222480147087e+05 -1.436682128906250000e+02
2.319903472624229908e+05 -1.443171234130859943e+02
2.319903722768313019e+05 -1.459684295654300001e+02
2.319903972912395839e+05 -1.486246948242190058e+02
2.319904223056478950e+05 -1.518128814697269888e+02
2.319904473200562061e+05 -1.545012359619140057e+02
2.319904723344644881e+05 -1.568850708007809942e+02
2.319904973488727992e+05 -1.604572601318359943e+02
2.319905223632810812e+05 -1.616054687500000000e+02
2.319905473776893923e+05 -1.589151458740230112e+02
2.319905723920977034e+05 -1.592137603759769888e+02
2.319905974065059854e+05 -1.621061706542969887e+02
2.319906224209142965e+05 -1.544066925048830115e+02
2.319906474353226076e+05 -1.482972717285159945e+02
2.319906724497308896e+05 -1.448804473876949999e+02
2.319906974641392007e+05 -1.432909393310550001e+02
2.319907224785474828e+05 -1.432574615478519888e+02
2.319907474929557939e+05 -1.449413604736330115e+02
2.319907725073641050e+05 -1.492520294189449999e+02
2.319907975217723870e+05 -1.624760589599609943e+02
2.319908225361806981e+05 -1.540647735595699999e+02
2.319908475505890092e+05 -1.479284973144530113e+02
2.319908725649972912e+05 -1.457296752929690058e+02
2.319908975794056023e+05 -1.451703338623050001e+02
2.319909225938138843e+05 -1.452377014160159945e+02
2.319909476082221954e+05 -1.450746307373050001e+02
2.319909726226305065e+05 -1.444369659423830115e+02
2.319909976370387885e+05 -1.438472137451169885e+02
2.319910226514470996e+05 -1.438086700439449999e+02
2.319910476658553816e+05 -1.445910644531250000e+02
2.319910726802636927e+05 -1.463837585449219887e+02
2.319910976946720039e+05 -1.495059509277340055e+02
2.319911227090802859e+05 -1.545540618896480112e+02
2.319911477234885970e+05 -1.598913421630859943e+02
2.319911727378969081e+05 -1.568298797607419885e+02
2.319911977523051901e+05 -1.539514312744140057e+02
2.319912227667135012e+05 -1.527060394287109943e+02
2.319912477811217832e+05 -1.520660705566409945e+02
2.319912727955300943e+05 -1.514015808105469887e+02
2.319912978099384054e+05 -1.507425537109380116e+02
2.319913228243466874e+05 -1.502115325927730112e+02
2.319913478387549985e+05 -1.493514099121090055e+02
2.319913728531632805e+05 -1.475982360839840055e+02
2.319913978675715916e+05 -1.454427642822269888e+02
2.319914228819799027e+05 -1.437152252197269888e+02
2.319914478963881847e+05 -1.428285522460940058e+02
2.319914729107964959e+05 -1.429539031982419885e+02
2.319914979252048070e+05 -1.442753906250000000e+02
2.319915229396130890e+05 -1.471935119628909945e+02
2.319915479540214001e+05 -1.529767456054690058e+02
2.319915729684296821e+05 -1.687683563232419885e+02
2.319915979828379932e+05 -1.555856781005859943e+02
2.319916229972463043e+05 -1.504785919189449999e+02
2.319916480116545863e+05 -1.475049133300780113e+02
2.319916730260628974e+05 -1.449851531982419885e+02
2.319916980404712085e+05 -1.428580627441409945e+02
2.319917230548794905e+05 -1.414011840820309942e+02
2.319917480692878016e+05 -1.407945251464840055e+02
2.319917730836960836e+05 -1.411416473388669885e+02
2.319917980981043947e+05 -1.425624847412109943e+02
2.319918231125127058e+05 -1.452110748291019888e+02
2.319918481269209879e+05 -1.488651885986330115e+02
2.319918731413292990e+05 -1.506839752197269888e+02
2.319918981557375810e+05 -1.491271362304690058e+02
2.319919231701458921e+05 -1.479294586181640057e+02
2.319919481845542032e+05 -1.479960327148440058e+02
2.319919731989624852e+05 -1.488990478515619884e+02
2.319919982133707963e+05 -1.495733032226559942e+02
2.319920232277791074e+05 -1.489983520507809942e+02
2.319920482421873894e+05 -1.475763702392580115e+02
2.319920732565957005e+05 -1.460215606689449999e+02
2.319920982710039825e+05 -1.445910034179690058e+02
2.319921232854122936e+05 -1.434696655273440058e+02
2.319921482998206047e+05 -1.429074859619140057e+02
2.319921733142288867e+05 -1.431660156250000000e+02
2.319921983286371978e+05 -1.445482330322269888e+02
2.319922233430454799e+05 -1.475638275146480112e+02
2.319922483574537910e+05 -1.531405029296880116e+02
2.319922733718621021e+05 -1.552441406250000000e+02
2.319922983862703841e+05 -1.499477386474609943e+02
2.319923234006786952e+05 -1.472166748046880116e+02
2.319923484150870063e+05 -1.463458862304690058e+02
2.319923734294952883e+05 -1.466576080322269888e+02
2.319923984439035994e+05 -1.476306304931640057e+02
2.319924234583118814e+05 -1.485978546142580115e+02
2.319924484727201925e+05 -1.488363647460940058e+02
2.319924734871285036e+05 -1.481662750244140057e+02
2.319924985015367856e+05 -1.471260070800780113e+02
2.319925235159450967e+05 -1.464344787597659945e+02
2.319925485303534078e+05 -1.467158966064449999e+02
2.319925735447616898e+05 -1.487038726806640057e+02
2.319925985591700010e+05 -1.538753662109380116e+02
2.319926235735782830e+05 -1.549642181396480112e+02
2.319926485879865941e+05 -1.475571594238280113e+02
2.319926736023949052e+05 -1.437569122314449999e+02
2.319926986168031872e+05 -1.421516265869140057e+02
2.319927236312114983e+05 -1.422405548095699999e+02
2.319927486456197803e+05 -1.441157684326169885e+02
2.319927736600280914e+05 -1.486108093261719887e+02
2.319927986744364025e+05 -1.572251739501949999e+02
2.319928236888446845e+05 -1.516846923828130116e+02
2.319928487032529956e+05 -1.477144775390619884e+02
2.319928737176613067e+05 -1.472941589355469887e+02
2.319928987320695887e+05 -1.500106048583980112e+02
2.319929237464778998e+05 -1.588759002685550001e+02
2.319929487608861818e+05 -1.550481414794919885e+02
2.319929737752944930e+05 -1.483129730224609943e+02
2.319929987897028041e+05 -1.459554595947269888e+02
2.319930238041110861e+05 -1.459146728515630116e+02
2.319930488185193972e+05 -1.478628387451169885e+02
2.319930738329276792e+05 -1.518786926269530113e+02
2.319930988473359903e+05 -1.548410644531250000e+02
2.319931238617443014e+05 -1.520795135498050001e+02
2.319931488761525834e+05 -1.501993865966800001e+02
2.319931738905608945e+05 -1.502343902587890057e+02
2.319931989049692056e+05 -1.514212036132809942e+02
2.319932239193774876e+05 -1.519583282470699999e+02
2.319932489337857987e+05 -1.507178344726559942e+02
2.319932739481940807e+05 -1.493103485107419885e+02
2.319932989626023918e+05 -1.487488098144530113e+02
2.319933239770107029e+05 -1.491096038818359943e+02
2.319933489914189850e+05 -1.501531982421880116e+02
2.319933740058272961e+05 -1.512890777587890057e+02
2.319933990202356072e+05 -1.515748901367190058e+02
2.319934240346438892e+05 -1.508022003173830115e+02
2.319934490490522003e+05 -1.498243103027340055e+02
2.319934740634604823e+05 -1.492979583740230112e+02
2.319934990778687934e+05 -1.493695678710940058e+02
2.319935240922771045e+05 -1.497979278564449999e+02
2.319935491066853865e+05 -1.500363006591800001e+02
2.319935741210936976e+05 -1.497771148681640057e+02
2.319935991355019796e+05 -1.494539489746090055e+02
2.319936241499102907e+05 -1.496965484619140057e+02
2.319936491643186018e+05 -1.508924102783199999e+02
2.319936741787268838e+05 -1.531866149902340055e+02
2.319936991931351949e+05 -1.559739074707030113e+02
2.319937242075435061e+05 -1.565693206787109943e+02
2.319937492219517881e+05 -1.547641601562500000e+02
2.319937742363600992e+05 -1.531097259521480112e+02
2.319937992507683812e+05 -1.520825805664059942e+02
2.319938242651766923e+05 -1.514159851074219887e+02
2.319938492795850034e+05 -1.508565063476559942e+02
2.319938742939932854e+05 -1.503451232910159945e+02
2.319938993084015965e+05 -1.500437774658199999e+02
2.319939243228098785e+05 -1.502647705078130116e+02
2.319939493372181896e+05 -1.514257965087890057e+02
2.319939743516265007e+05 -1.542006378173830115e+02
2.319939993660347827e+05 -1.605290374755859943e+02
2.319940243804430938e+05 -1.736119384765630116e+02
2.319940493948514049e+05 -1.589144744873050001e+02
2.319940744092596869e+05 -1.551697387695309942e+02
2.319940994236679981e+05 -1.541205596923830115e+02
2.319941244380762801e+05 -1.541270599365230112e+02
2.319941494524845912e+05 -1.539628601074219887e+02
2.319941744668929023e+05 -1.535087738037109943e+02
2.319941994813011843e+05 -1.538242187500000000e+02
2.319942244957094954e+05 -1.558444824218750000e+02
2.319942495101178065e+05 -1.587017364501949999e+02
2.319942745245260885e+05 -1.559395751953130116e+02
2.319942995389343996e+05 -1.521507568359380116e+02
2.319943245533426816e+05 -1.505149688720699999e+02
2.319943495677509927e+05 -1.510650482177730112e+02
2.319943745821593038e+05 -1.545044250488280113e+02
2.319943995965675858e+05 -1.653304748535159945e+02
2.319944246109758969e+05 -1.575527038574219887e+02
2.319944496253841789e+05 -1.514855499267580115e+02
2.319944746397924901e+05 -1.493683471679690058e+02
2.319944996542008012e+05 -1.495700073242190058e+02
2.319945246686090832e+05 -1.521776733398440058e+02
2.319945496830173943e+05 -1.589036865234380116e+02
2.319945746974257054e+05 -1.591004333496090055e+02
2.319945997118339874e+05 -1.521392669677730112e+02
2.319946247262422985e+05 -1.493405761718750000e+02
2.319946497406505805e+05 -1.489110412597659945e+02
2.319946747550588916e+05 -1.505690155029300001e+02
2.319946997694672027e+05 -1.541603240966800001e+02
2.319947247838754847e+05 -1.536041412353519888e+02
2.319947497982837958e+05 -1.489373779296880116e+02
2.319947748126920778e+05 -1.460694580078130116e+02
2.319947998271003889e+05 -1.449336700439449999e+02
2.319948248415087000e+05 -1.452752685546880116e+02
2.319948498559169821e+05 -1.471560974121090055e+02
2.319948748703252932e+05 -1.510430297851559942e+02
2.319948998847336043e+05 -1.570400848388669885e+02
2.319949248991418863e+05 -1.551325378417969887e+02
2.319949499135501974e+05 -1.509018249511719887e+02
2.319949749279584794e+05 -1.487229461669919885e+02
2.319949999423667905e+05 -1.475380554199219887e+02
2.319950249567751016e+05 -1.465791778564449999e+02
2.319950499711833836e+05 -1.455226287841800001e+02
2.319950749855916947e+05 -1.445256500244140057e+02
2.319950999999999767e+05 -1.439246673583980112e+02
2.319951250144082878e+05 -1.439942474365230112e+02
2.319951500288165989e+05 -1.449406585693359943e+02
2.319951750432248809e+05 -1.469585723876949999e+02
2.319952000576331920e+05 -1.502286224365230112e+02
2.319952250720415032e+05 -1.546348876953130116e+02
2.319952500864497852e+05 -1.593198547363280113e+02
2.319952751008580963e+05 -1.672471466064449999e+02
2.319953001152663783e+05 -1.630418853759769888e+02
2.319953251296746894e+05 -1.531548309326169885e+02
2.319953501440830005e+05 -1.484739685058590055e+02
2.319953751584912825e+05 -1.461444396972659945e+02
2.319954001728995936e+05 -1.455135345458980112e+02
2.319954251873079047e+05 -1.464589996337890057e+02
2.319954502017161867e+05 -1.492363891601559942e+02
2.319954752161244978e+05 -1.548601074218750000e+02
2.319955002305327798e+05 -1.630895843505859943e+02
2.319955252449410909e+05 -1.563926849365230112e+02
2.319955502593494020e+05 -1.524737701416019888e+02
2.319955752737576840e+05 -1.503304595947269888e+02
2.319956002881659952e+05 -1.487069549560550001e+02
2.319956253025742772e+05 -1.472237548828130116e+02
2.319956503169825883e+05 -1.456702270507809942e+02
2.319956753313908994e+05 -1.439430084228519888e+02
2.319957003457991814e+05 -1.422709503173830115e+02
2.319957253602074925e+05 -1.410343475341800001e+02
2.319957503746158036e+05 -1.404965820312500000e+02
2.319957753890240856e+05 -1.407713012695309942e+02
2.319958004034323967e+05 -1.418539886474609943e+02
2.319958254178406787e+05 -1.435857696533199999e+02
2.319958504322489898e+05 -1.456113739013669885e+02
2.319958754466573009e+05 -1.476938629150390057e+02
2.319959004610655829e+05 -1.503886108398440058e+02
2.319959254754738940e+05 -1.553360137939449999e+02
2.319959504898821760e+05 -1.632655792236330115e+02
2.319959755042904872e+05 -1.553684692382809942e+02
2.319960005186987983e+05 -1.504746856689449999e+02
2.319960255331070803e+05 -1.473659210205080115e+02
2.319960505475153914e+05 -1.448210754394530113e+02
2.319960755619237025e+05 -1.428678588867190058e+02
2.319961005763319845e+05 -1.418468170166019888e+02
2.319961255907402956e+05 -1.420563507080080115e+02
2.319961506051485776e+05 -1.438894042968750000e+02
2.319961756195568887e+05 -1.483753051757809942e+02
2.319962006339651998e+05 -1.620826110839840055e+02
2.319962256483734818e+05 -1.541767883300780113e+02
2.319962506627817929e+05 -1.485470886230469887e+02
2.319962756771901040e+05 -1.470757446289059942e+02
2.319963006915983860e+05 -1.469646148681640057e+02
2.319963257060066971e+05 -1.465972747802730112e+02
2.319963507204149792e+05 -1.458833770751949999e+02
2.319963757348232903e+05 -1.460912017822269888e+02
2.319964007492316014e+05 -1.484748687744140057e+02
2.319964257636398834e+05 -1.560499420166019888e+02
2.319964507780481945e+05 -1.588486938476559942e+02
2.319964757924564765e+05 -1.495646209716800001e+02
2.319965008068647876e+05 -1.472806549072269888e+02
2.319965258212730987e+05 -1.485047607421869884e+02
2.319965508356813807e+05 -1.534926757812500000e+02
2.319965758500896918e+05 -1.514362640380859943e+02
2.319966008644980029e+05 -1.455321960449219887e+02
2.319966258789062849e+05 -1.429279937744140057e+02
2.319966508933145960e+05 -1.426745452880859943e+02
2.319966759077228780e+05 -1.448154449462890057e+02
2.319967009221311891e+05 -1.513210601806640057e+02
2.319967259365395003e+05 -1.579855499267580115e+02
2.319967509509477823e+05 -1.464579162597659945e+02
2.319967759653560934e+05 -1.424998474121090055e+02
2.319968009797643754e+05 -1.408509063720699999e+02
2.319968259941726865e+05 -1.404618988037109943e+02
2.319968510085809976e+05 -1.408995666503909945e+02
2.319968760229892796e+05 -1.419319000244140057e+02
2.319969010373975907e+05 -1.433564910888669885e+02
2.319969260518059018e+05 -1.446232147216800001e+02
2.319969510662141838e+05 -1.446457366943359943e+02
2.319969760806224949e+05 -1.433922271728519888e+02
2.319970010950307769e+05 -1.420720520019530113e+02
2.319970261094390880e+05 -1.413560333251949999e+02
2.319970511238473991e+05 -1.413397827148440058e+02
2.319970761382556811e+05 -1.418852691650390057e+02
2.319971011526639923e+05 -1.427456207275390057e+02
2.319971261670723034e+05 -1.436984100341800001e+02
2.319971511814805854e+05 -1.447269439697269888e+02
2.319971761958888965e+05 -1.460069885253909945e+02
2.319972012102971785e+05 -1.476853942871090055e+02
2.319972262247054896e+05 -1.497693023681640057e+02
2.319972512391138007e+05 -1.523477783203130116e+02
2.319972762535220827e+05 -1.556291046142580115e+02
2.319973012679303938e+05 -1.556220245361330115e+02
2.319973262823386758e+05 -1.505244903564449999e+02
2.319973512967469869e+05 -1.465420379638669885e+02
2.319973763111552980e+05 -1.441696014404300001e+02
2.319974013255635800e+05 -1.431233062744140057e+02
2.319974263399718911e+05 -1.432739257812500000e+02
2.319974513543802022e+05 -1.446417694091800001e+02
2.319974763687884843e+05 -1.474095458984369884e+02
2.319975013831967954e+05 -1.520030517578130116e+02
2.319975263976050774e+05 -1.588388061523440058e+02
2.319975514120133885e+05 -1.629134674072269888e+02
2.319975764264216996e+05 -1.636233367919919885e+02
2.319976014408299816e+05 -1.689772949218750000e+02
2.319976264552382927e+05 -1.611243286132809942e+02
2.319976514696465747e+05 -1.545726470947269888e+02
2.319976764840548858e+05 -1.506278533935550001e+02
2.319977014984631969e+05 -1.476686401367190058e+02
2.319977265128714789e+05 -1.451112823486330115e+02
2.319977515272797900e+05 -1.428948974609380116e+02
2.319977765416881011e+05 -1.411367340087890057e+02
2.319978015560963831e+05 -1.399505462646480112e+02
2.319978265705046942e+05 -1.394337768554690058e+02
2.319978515849129763e+05 -1.397155761718750000e+02
2.319978765993212874e+05 -1.410256805419919885e+02
2.319979016137295985e+05 -1.438533020019530113e+02
2.319979266281378805e+05 -1.495234069824219887e+02
2.319979516425461916e+05 -1.574337005615230112e+02
2.319979766569545027e+05 -1.497084808349609943e+02
2.319980016713627847e+05 -1.464776000976559942e+02
2.319980266857710958e+05 -1.460077819824219887e+02
2.319980517001793778e+05 -1.461470794677730112e+02
2.319980767145876889e+05 -1.439333801269530113e+02
2.319981017289960000e+05 -1.406426239013669885e+02
2.319981267434042820e+05 -1.383031768798830115e+02
2.319981517578125931e+05 -1.372166290283199999e+02
2.319981767722208751e+05 -1.373594818115230112e+02
2.319982017866291862e+05 -1.387935638427730112e+02
2.319982268010374974e+05 -1.417751617431640057e+02
2.319982518154457794e+05 -1.468458709716800001e+02
2.319982768298540905e+05 -1.525895843505859943e+02
2.319983018442624016e+05 -1.511550292968750000e+02
2.319983268586706836e+05 -1.501324310302730112e+02
2.319983518730789947e+05 -1.506111297607419885e+02
2.319983768874872767e+05 -1.480306243896480112e+02
2.319984019018955878e+05 -1.440387725830080115e+02
2.319984269163038989e+05 -1.414291381835940058e+02
2.319984519307121809e+05 -1.403565979003909945e+02
2.319984769451204920e+05 -1.407777099609369884e+02
2.319985019595287740e+05 -1.429420166015619884e+02
2.319985269739370851e+05 -1.475812225341800001e+02
2.319985519883453962e+05 -1.509869079589840055e+02
2.319985770027536782e+05 -1.456432189941409945e+02
2.319986020171619894e+05 -1.424224853515630116e+02
2.319986270315703005e+05 -1.413742980957030113e+02
2.319986520459785825e+05 -1.420140838623050001e+02
2.319986770603868936e+05 -1.443691406250000000e+02
2.319987020747951756e+05 -1.491528015136719887e+02
2.319987270892034867e+05 -1.604039306640619884e+02
2.319987521036117978e+05 -1.576575927734369884e+02
2.319987771180200798e+05 -1.511261138916019888e+02
2.319988021324283909e+05 -1.485825958251949999e+02
2.319988271468367020e+05 -1.475702209472659945e+02
2.319988521612449840e+05 -1.479532928466800001e+02
2.319988771756532951e+05 -1.505681304931640057e+02
2.319989021900615771e+05 -1.591829376220699999e+02
2.319989272044698882e+05 -1.557562408447269888e+02
2.319989522188781993e+05 -1.478643188476559942e+02
2.319989772332864814e+05 -1.448130950927730112e+02
2.319990022476947925e+05 -1.441704711914059942e+02
2.319990272621030745e+05 -1.455269470214840055e+02
2.319990522765113856e+05 -1.487035369873050001e+02
2.319990772909196967e+05 -1.503970489501949999e+02
2.319991023053279787e+05 -1.479208221435550001e+02
2.319991273197362898e+05 -1.466097412109380116e+02
2.319991523341446009e+05 -1.479790649414059942e+02
2.319991773485528829e+05 -1.534453887939449999e+02
2.319992023629611940e+05 -1.538689880371090055e+02
2.319992273773694760e+05 -1.465400085449219887e+02
2.319992523917777871e+05 -1.432828826904300001e+02
2.319992774061860982e+05 -1.423356018066409945e+02
2.319993024205943802e+05 -1.431796264648440058e+02
2.319993274350026913e+05 -1.457303619384769888e+02
2.319993524494109733e+05 -1.491482849121090055e+02
2.319993774638192845e+05 -1.487349548339840055e+02
2.319994024782275956e+05 -1.457781677246090055e+02
2.319994274926358776e+05 -1.436074218750000000e+02
2.319994525070441887e+05 -1.421035003662109943e+02
2.319994775214524998e+05 -1.409187011718750000e+02
2.319995025358607818e+05 -1.400630187988280113e+02
2.319995275502690929e+05 -1.396979980468750000e+02
2.319995525646773749e+05 -1.399806518554690058e+02
2.319995775790856860e+05 -1.409824523925780113e+02
2.319996025934939971e+05 -1.427779083251949999e+02
2.319996276079022791e+05 -1.455035552978519888e+02
2.319996526223105902e+05 -1.496573944091800001e+02
2.319996776367189013e+05 -1.561491088867190058e+02
2.319997026511271833e+05 -1.552242279052730112e+02
2.319997276655354945e+05 -1.497114257812500000e+02
2.319997526799437765e+05 -1.468686828613280113e+02
2.319997776943520876e+05 -1.457569580078119884e+02
2.319998027087603987e+05 -1.459015960693359943e+02
2.319998277231686807e+05 -1.467822723388669885e+02
2.319998527375769918e+05 -1.473215179443359943e+02
2.319998777519852738e+05 -1.464731597900390057e+02
2.319999027663935849e+05 -1.449685668945309942e+02
2.319999277808018960e+05 -1.437601470947269888e+02
2.319999527952101780e+05 -1.431567993164059942e+02
2.319999778096184891e+05 -1.431676483154300001e+02
2.320000028240268002e+05 -1.438486175537109943e+02
2.320000278384350822e+05 -1.452239837646480112e+02
2.320000528528433933e+05 -1.471509246826169885e+02
2.320000778672516753e+05 -1.485981903076169885e+02
2.320001028816599865e+05 -1.484552459716800001e+02
