# Temperature: None K
2.317962250000000058e+05 -2.387900000000000134e+01
2.317963000000000175e+05 -2.139743999999999957e+01
2.317963750000000000e+05 -1.957197000000000031e+01
2.317964500000000116e+05 -1.817161000000000115e+01
2.317965249999999942e+05 -1.681688000000000116e+01
2.317966000000000058e+05 -1.916923999999999850e+01
2.317966750000000175e+05 -2.177626000000000062e+01
2.317967500000000000e+05 -2.095423999999999864e+01
2.317968250000000116e+05 -1.796867999999999910e+01
2.317968999999999942e+05 -1.748461999999999961e+01
2.317969750000000058e+05 -1.888245999999999825e+01
2.317970500000000175e+05 -2.338992999999999967e+01
2.317971250000000000e+05 -1.971183999999999870e+01
2.317972000000000116e+05 -1.817070000000000007e+01
2.317972749999999942e+05 -1.833048000000000144e+01
2.317973500000000058e+05 -2.164655000000000129e+01
2.317974250000000175e+05 -1.987353999999999843e+01
2.317975000000000000e+05 -1.965778999999999854e+01
2.317975750000000116e+05 -1.833879999999999910e+01
2.317976499999999942e+05 -1.994990999999999914e+01
2.317977250000000058e+05 -2.042932000000000059e+01
2.317978000000000175e+05 -1.745790999999999826e+01
2.317978750000000000e+05 -1.923842000000000141e+01
2.317979500000000116e+05 -1.798376999999999981e+01
2.317980249999999942e+05 -2.079342000000000112e+01
2.317981000000000058e+05 -1.690891999999999840e+01
2.317981750000000175e+05 -1.961719000000000079e+01
2.317982500000000000e+05 -2.217323000000000022e+01
2.317983250000000116e+05 -1.998218999999999923e+01
2.317983999999999942e+05 -2.091657000000000011e+01
2.317984750000000058e+05 -2.067216000000000165e+01
2.317985500000000175e+05 -1.819290000000000163e+01
2.317986250000000000e+05 -1.895280999999999949e+01
2.317987000000000116e+05 -2.051495999999999853e+01
2.317987749999999942e+05 -2.252224999999999966e+01
2.317988500000000058e+05 -1.808684999999999832e+01
2.317989250000000175e+05 -1.823551000000000144e+01
2.317990000000000000e+05 -1.942219000000000051e+01
2.317990750000000116e+05 -1.923152999999999935e+01
2.317991499999999942e+05 -1.772219000000000122e+01
2.317992250000000058e+05 -2.136843000000000004e+01
2.317993000000000175e+05 -1.843587000000000131e+01
2.317993750000000000e+05 -2.042273000000000138e+01
2.317994500000000116e+05 -1.874343999999999966e+01
2.317995249999999942e+05 -1.806008999999999887e+01
2.317996000000000058e+05 -1.971287999999999840e+01
2.317996750000000175e+05 -1.845948999999999884e+01
2.317997500000000000e+05 -1.854142999999999830e+01
2.317998250000000116e+05 -2.063222999999999985e+01
2.317998999999999942e+05 -1.775127000000000166e+01
2.317999750000000058e+05 -1.853536000000000072e+01
2.318000500000000175e+05 -1.926674999999999827e+01
2.318001250000000000e+05 -1.827057999999999893e+01
2.318002000000000116e+05 -2.244667000000000101e+01
2.318002749999999942e+05 -1.915296999999999983e+01
2.318003500000000058e+05 -1.921972999999999843e+01
2.318004250000000175e+05 -2.035154999999999959e+01
2.318005000000000000e+05 -1.696565000000000012e+01
2.318005750000000116e+05 -1.890504999999999924e+01
2.318006499999999942e+05 -1.898847999999999914e+01
2.318007250000000058e+05 -1.725856999999999886e+01
2.318008000000000175e+05 -2.269501999999999953e+01
2.318008750000000000e+05 -1.755148000000000152e+01
2.318009500000000116e+05 -1.845273999999999859e+01
2.318010249999999942e+05 -1.817677000000000120e+01
2.318011000000000058e+05 -2.077637000000000000e+01
2.318011750000000175e+05 -1.706430999999999898e+01
2.318012500000000000e+05 -1.736837999999999838e+01
2.318013250000000116e+05 -1.777474000000000132e+01
2.318013999999999942e+05 -1.889442999999999984e+01
2.318014750000000058e+05 -2.223357999999999990e+01
2.318015500000000175e+05 -1.905414999999999992e+01
2.318016250000000000e+05 -1.897457999999999956e+01
2.318017000000000116e+05 -1.729916000000000054e+01
2.318017749999999942e+05 -1.823354000000000141e+01
2.318018500000000058e+05 -1.941524000000000072e+01
2.318019250000000175e+05 -1.856483000000000061e+01
2.318020000000000000e+05 -1.996434999999999960e+01
2.318020750000000116e+05 -1.981324000000000041e+01
2.318021499999999942e+05 -1.986579000000000050e+01
2.318022250000000058e+05 -1.832707999999999871e+01
2.318023000000000175e+05 -1.722590999999999894e+01
2.318023750000000000e+05 -1.865409999999999968e+01
2.318024500000000116e+05 -1.711696999999999846e+01
2.318025249999999942e+05 -2.003417999999999921e+01
2.318026000000000058e+05 -1.744301000000000101e+01
2.318026750000000175e+05 -1.791744999999999877e+01
2.318027500000000000e+05 -1.805947000000000102e+01
2.318028250000000116e+05 -1.866386999999999929e+01
2.318028999999999942e+05 -1.902867000000000175e+01
2.318029750000000058e+05 -2.123391000000000162e+01
2.318030500000000175e+05 -1.725898000000000110e+01
2.318031250000000000e+05 -1.664360999999999891e+01
2.318032000000000116e+05 -1.749935999999999936e+01
2.318032749999999942e+05 -1.997371000000000052e+01
2.318033500000000058e+05 -1.937575999999999965e+01
2.318034250000000175e+05 -1.739942999999999884e+01
2.318035000000000000e+05 -1.752606000000000108e+01
2.318035750000000116e+05 -1.663738000000000028e+01
2.318036499999999942e+05 -1.779758999999999958e+01
2.318037250000000058e+05 -1.768299999999999983e+01
2.318038000000000175e+05 -1.847529000000000110e+01
2.318038750000000000e+05 -1.852645000000000053e+01
2.318039500000000116e+05 -1.765383999999999887e+01
2.318040249999999942e+05 -1.840354999999999919e+01
2.318041000000000058e+05 -1.737379999999999924e+01
2.318041750000000175e+05 -1.859391000000000105e+01
2.318042500000000000e+05 -1.970322000000000173e+01
2.318043250000000116e+05 -1.739843000000000117e+01
2.318043999999999942e+05 -1.854502000000000095e+01
2.318044750000000058e+05 -1.726367000000000118e+01
2.318045500000000175e+05 -1.835593000000000075e+01
2.318046250000000000e+05 -1.870973000000000042e+01
2.318047000000000116e+05 -2.063055999999999912e+01
2.318047749999999942e+05 -1.768028999999999940e+01
2.318048500000000058e+05 -1.728004999999999924e+01
2.318049250000000175e+05 -1.779163000000000139e+01
2.318050000000000000e+05 -1.814657000000000053e+01
2.318050750000000116e+05 -1.788841999999999999e+01
2.318051499999999942e+05 -1.738457999999999970e+01
2.318052250000000058e+05 -1.819401999999999830e+01
2.318053000000000175e+05 -1.649128999999999934e+01
2.318053750000000000e+05 -1.881437999999999988e+01
2.318054500000000116e+05 -1.800929999999999964e+01
2.318055249999999942e+05 -1.672040000000000148e+01
2.318056000000000058e+05 -1.651752000000000109e+01
2.318056750000000175e+05 -1.582173000000000052e+01
2.318057500000000000e+05 -1.700190999999999875e+01
2.318058250000000116e+05 -1.687744999999999962e+01
2.318058999999999942e+05 -1.758850999999999942e+01
2.318059750000000058e+05 -1.679870000000000019e+01
2.318060500000000175e+05 -1.581244000000000050e+01
2.318061250000000000e+05 -1.927159999999999940e+01
2.318062000000000116e+05 -1.826295000000000002e+01
2.318062749999999942e+05 -1.596766000000000041e+01
2.318063500000000058e+05 -1.653991999999999862e+01
2.318064250000000175e+05 -1.677182000000000173e+01
2.318065000000000000e+05 -1.648571000000000097e+01
2.318065750000000116e+05 -1.588137000000000043e+01
2.318066499999999942e+05 -1.884870000000000090e+01
2.318067250000000058e+05 -1.702170999999999879e+01
2.318068000000000175e+05 -1.467229999999999990e+01
2.318068750000000000e+05 -1.680011000000000010e+01
2.318069500000000116e+05 -1.540132999999999974e+01
2.318070249999999942e+05 -1.655121000000000109e+01
2.318071000000000058e+05 -1.649455999999999989e+01
2.318071750000000175e+05 -1.649361999999999995e+01
2.318072500000000000e+05 -1.589375000000000071e+01
2.318073250000000116e+05 -1.630623999999999896e+01
2.318073999999999942e+05 -1.621960999999999942e+01
2.318074750000000058e+05 -1.565686000000000000e+01
2.318075500000000175e+05 -1.601029000000000124e+01
2.318076250000000000e+05 -1.447258000000000067e+01
2.318077000000000116e+05 -1.528885000000000005e+01
2.318077749999999942e+05 -1.433591999999999977e+01
2.318078500000000058e+05 -1.556113000000000035e+01
2.318079250000000175e+05 -1.400023999999999980e+01
2.318080000000000000e+05 -1.437608999999999959e+01
2.318080750000000116e+05 -1.438959000000000010e+01
2.318081499999999942e+05 -1.469590999999999958e+01
2.318082250000000058e+05 -1.445196999999999932e+01
2.318083000000000175e+05 -1.364428000000000019e+01
2.318083750000000000e+05 -1.429627999999999943e+01
2.318084500000000116e+05 -1.403392000000000017e+01
2.318085249999999942e+05 -1.210744000000000042e+01
2.318086000000000058e+05 -1.248420999999999914e+01
2.318086750000000175e+05 -1.312570000000000014e+01
2.318087500000000000e+05 -1.308882000000000012e+01
2.318088250000000116e+05 -1.295570000000000022e+01
2.318088999999999942e+05 -1.254866999999999955e+01
2.318089750000000058e+05 -1.189597999999999978e+01
2.318090500000000175e+05 -1.111496999999999957e+01
2.318091250000000000e+05 -1.156278999999999968e+01
2.318092000000000116e+05 -1.087748000000000026e+01
2.318092749999999942e+05 -1.018130999999999986e+01
2.318093500000000058e+05 -9.782344000000000150e+00
2.318094250000000175e+05 -1.030147999999999975e+01
2.318095000000000000e+05 -9.455453999999999581e+00
2.318095750000000116e+05 -1.028642999999999930e+01
2.318096499999999942e+05 -8.656878000000000739e+00
2.318097250000000058e+05 -8.560784999999999201e+00
2.318098000000000175e+05 -7.676791999999999838e+00
2.318098750000000000e+05 -8.021183000000000618e+00
2.318099500000000116e+05 -7.430429000000000173e+00
2.318100249999999942e+05 -6.149275000000000269e+00
2.318101000000000058e+05 -6.009401999999999688e+00
2.318101750000000175e+05 -5.749380999999999631e+00
2.318102500000000000e+05 -4.997767999999999766e+00
2.318103250000000116e+05 -4.550336999999999854e+00
2.318103999999999942e+05 -3.592500999999999944e+00
2.318104750000000058e+05 -2.865142000000000078e+00
2.318105500000000175e+05 -2.861724000000000157e+00
2.318106250000000000e+05 -1.710871999999999948e+00
2.318107000000000116e+05 -1.403818000000000010e+00
2.318107749999999942e+05 -6.232539000000000273e-01
2.318108500000000058e+05 -2.078094000000000052e-01
2.318109250000000175e+05 4.100625999999999993e-01
2.318110000000000000e+05 7.123597999999999875e-01
2.318110750000000116e+05 1.029317000000000037e+00
2.318111499999999942e+05 1.181707999999999981e+00
2.318112250000000058e+05 1.685659999999999936e+00
2.318113000000000175e+05 1.883350000000000080e+00
2.318113750000000000e+05 1.624095999999999984e+00
2.318114500000000116e+05 1.668935999999999975e+00
2.318115249999999942e+05 1.228523000000000032e+00
2.318116000000000058e+05 9.604800000000000004e-01
2.318116750000000175e+05 2.918904999999999972e-01
2.318117500000000000e+05 -3.390153000000000194e-01
2.318118250000000116e+05 -1.340487999999999902e+00
2.318118999999999942e+05 -2.455398999999999887e+00
2.318119750000000058e+05 -2.821032999999999902e+00
2.318120500000000175e+05 -3.119689999999999852e+00
2.318121250000000000e+05 -2.383697999999999873e+00
2.318122000000000116e+05 -2.544728999999999797e+00
2.318122749999999942e+05 -2.170096000000000025e+00
2.318123500000000058e+05 -1.975918000000000063e+00
2.318124250000000175e+05 -2.436481000000000119e+00
2.318125000000000000e+05 -3.107721999999999873e+00
2.318125750000000116e+05 -3.437948000000000004e+00
2.318126499999999942e+05 -4.255967000000000056e+00
2.318127250000000058e+05 -5.257806999999999675e+00
2.318128000000000175e+05 -5.004337999999999731e+00
2.318128750000000000e+05 -4.703191000000000344e+00
2.318129500000000116e+05 -4.592454000000000036e+00
2.318130249999999942e+05 -4.920195999999999792e+00
2.318131000000000058e+05 -5.099344000000000321e+00
2.318131750000000175e+05 -5.822777000000000314e+00
2.318132500000000000e+05 -6.740281000000000411e+00
2.318133250000000116e+05 -6.682608000000000104e+00
2.318133999999999942e+05 -6.694665999999999784e+00
2.318134750000000058e+05 -6.081552000000000291e+00
2.318135500000000175e+05 -6.384585000000000399e+00
2.318136250000000000e+05 -7.564222000000000001e+00
2.318137000000000116e+05 -7.763291999999999859e+00
2.318137749999999942e+05 -8.173515999999999337e+00
2.318138500000000058e+05 -8.452878000000000114e+00
2.318139250000000175e+05 -8.206799999999999429e+00
2.318140000000000000e+05 -8.266617999999999356e+00
2.318140750000000116e+05 -9.264302000000000703e+00
2.318141499999999942e+05 -9.317232000000000625e+00
2.318142250000000058e+05 -9.075029999999999930e+00
2.318143000000000175e+05 -9.660914999999999253e+00
2.318143750000000000e+05 -9.155519999999999214e+00
2.318144500000000116e+05 -9.785040999999999656e+00
2.318145249999999942e+05 -9.865683000000000646e+00
2.318146000000000058e+05 -1.098499999999999943e+01
2.318146750000000175e+05 -1.070146000000000086e+01
2.318147500000000000e+05 -1.123634000000000022e+01
2.318148250000000116e+05 -1.320590999999999937e+01
2.318148999999999942e+05 -1.200758000000000081e+01
2.318149750000000058e+05 -1.221630000000000038e+01
2.318150500000000175e+05 -1.134351000000000020e+01
2.318151250000000000e+05 -1.299202999999999975e+01
2.318152000000000116e+05 -1.326899000000000051e+01
2.318152749999999942e+05 -1.285045000000000037e+01
2.318153500000000058e+05 -1.220139999999999958e+01
2.318154250000000175e+05 -1.469971999999999923e+01
2.318155000000000000e+05 -1.362662000000000084e+01
2.318155750000000116e+05 -1.398485999999999940e+01
2.318156499999999942e+05 -1.409024999999999928e+01
2.318157250000000058e+05 -1.647965999999999909e+01
2.318158000000000175e+05 -1.320861000000000018e+01
2.318158750000000000e+05 -1.336453999999999986e+01
2.318159500000000116e+05 -1.585608000000000040e+01
2.318160249999999942e+05 -1.407330999999999932e+01
2.318161000000000058e+05 -1.541426000000000052e+01
2.318161750000000175e+05 -1.861372000000000071e+01
2.318162500000000000e+05 -1.413391999999999982e+01
2.318163250000000116e+05 -1.656258000000000052e+01
2.318163999999999942e+05 -1.864507000000000048e+01
2.318164750000000058e+05 -1.518060999999999972e+01
2.318165500000000175e+05 -1.567284000000000077e+01
2.318166250000000000e+05 -2.265895000000000081e+01
2.318167000000000116e+05 -1.941482999999999848e+01
2.318167749999999942e+05 -1.750433999999999912e+01
2.318168500000000058e+05 -2.267251999999999867e+01
2.318169250000000175e+05 -1.640673999999999921e+01
2.318170000000000000e+05 -2.130236000000000018e+01
2.318170750000000116e+05 -2.010171000000000063e+01
2.318171499999999942e+05 -1.586440999999999946e+01
2.318172250000000058e+05 -2.359940999999999889e+01
2.318173000000000175e+05 -1.675302999999999898e+01
2.318173750000000000e+05 -1.928813999999999851e+01
2.318174500000000116e+05 -2.086930999999999869e+01
2.318175249999999942e+05 -1.932457000000000136e+01
2.318176000000000058e+05 -2.510895999999999972e+01
2.318176750000000175e+05 -1.736088000000000164e+01
2.318177500000000000e+05 -2.186220000000000141e+01
2.318178250000000116e+05 -2.305041999999999902e+01
2.318178999999999942e+05 -2.014943999999999846e+01
2.318179750000000058e+05 -2.531208000000000169e+01
2.318180500000000175e+05 -1.742896999999999963e+01
2.318181250000000000e+05 -3.135683999999999827e+01
2.318182000000000116e+05 -1.839088999999999885e+01
2.318182749999999942e+05 -2.555345000000000155e+01
2.318183500000000058e+05 -2.031102999999999881e+01
2.318184250000000175e+05 -1.922148999999999930e+01
2.318185000000000000e+05 -2.154430999999999941e+01
2.318185750000000116e+05 -1.999189000000000149e+01
2.318186499999999942e+05 -2.661580999999999975e+01
2.318187250000000058e+05 -1.911420000000000030e+01
2.318188000000000175e+05 -2.709071000000000140e+01
2.318188750000000000e+05 -1.843627000000000038e+01
2.318189500000000116e+05 -2.857129000000000119e+01
2.318190249999999942e+05 -2.182182999999999851e+01
2.318191000000000058e+05 -3.075280000000000058e+01
2.318191750000000175e+05 -2.024803999999999959e+01
2.318192500000000000e+05 -3.472507000000000232e+01
2.318193250000000116e+05 -2.419873000000000118e+01
2.318193999999999942e+05 -2.860742000000000118e+01
2.318194750000000058e+05 -1.992575000000000074e+01
2.318195500000000175e+05 -2.845382999999999996e+01
2.318196250000000000e+05 -2.298029999999999973e+01
2.318197000000000116e+05 -2.464365000000000094e+01
2.318197749999999942e+05 -2.411539000000000144e+01
2.318198500000000058e+05 -2.571058999999999983e+01
2.318199250000000175e+05 -2.391053000000000139e+01
2.318200000000000000e+05 -2.311540000000000106e+01
2.318200750000000116e+05 -2.772406000000000148e+01
2.318201499999999942e+05 -2.469950000000000045e+01
2.318202250000000058e+05 -2.394141000000000119e+01
2.318203000000000175e+05 -1.848022999999999882e+01
2.318203750000000000e+05 -2.859195000000000064e+01
2.318204500000000116e+05 -2.133950000000000102e+01
2.318205249999999942e+05 -2.572565000000000168e+01
2.318206000000000058e+05 -2.748377999999999943e+01
2.318206750000000175e+05 -2.015285000000000082e+01
2.318207500000000000e+05 -2.770519000000000176e+01
2.318208250000000116e+05 -2.437497000000000114e+01
2.318208999999999942e+05 -2.329801000000000144e+01
2.318209750000000058e+05 -2.522595000000000098e+01
2.318210500000000175e+05 -2.301655999999999835e+01
2.318211250000000000e+05 -3.170646999999999949e+01
2.318212000000000116e+05 -1.929939999999999856e+01
2.318212749999999942e+05 -2.556045999999999907e+01
2.318213500000000058e+05 -2.641043000000000163e+01
2.318214250000000175e+05 -2.263454000000000121e+01
2.318215000000000000e+05 -2.361512000000000100e+01
2.318215750000000116e+05 -2.636591999999999913e+01
2.318216499999999942e+05 -2.060891000000000162e+01
2.318217250000000058e+05 -2.683499000000000123e+01
2.318218000000000175e+05 -2.425391000000000119e+01
2.318218750000000000e+05 -2.194361999999999924e+01
2.318219500000000116e+05 -2.451961000000000013e+01
2.318220249999999942e+05 -2.489270000000000138e+01
2.318221000000000058e+05 -2.096838999999999942e+01
2.318221750000000175e+05 -2.871995000000000076e+01
2.318222500000000000e+05 -2.569460000000000122e+01
2.318223250000000116e+05 -2.497237000000000151e+01
2.318223999999999942e+05 -2.510567999999999955e+01
2.318224750000000058e+05 -2.378321000000000041e+01
2.318225500000000175e+05 -2.158814999999999884e+01
2.318226250000000000e+05 -2.121506000000000114e+01
2.318227000000000116e+05 -2.539854000000000056e+01
2.318227749999999942e+05 -2.360174999999999912e+01
2.318228500000000058e+05 -2.169679000000000002e+01
2.318229250000000175e+05 -2.438954000000000022e+01
2.318230000000000000e+05 -2.274268999999999963e+01
2.318230750000000116e+05 -2.390335999999999927e+01
2.318231499999999942e+05 -2.538504000000000005e+01
2.318232250000000058e+05 -1.995402999999999949e+01
2.318233000000000175e+05 -2.682405999999999935e+01
2.318233750000000000e+05 -2.649384999999999835e+01
2.318234500000000116e+05 -2.252096999999999838e+01
2.318235249999999942e+05 -2.694136999999999915e+01
2.318236000000000058e+05 -2.654394999999999882e+01
2.318236750000000175e+05 -2.407147000000000148e+01
2.318237500000000000e+05 -2.618464000000000169e+01
2.318238250000000116e+05 -2.379463000000000150e+01
2.318238999999999942e+05 -2.301767999999999859e+01
2.318239750000000058e+05 -2.485680999999999941e+01
2.318240500000000175e+05 -2.243568000000000140e+01
2.318241250000000000e+05 -2.761456000000000088e+01
2.318242000000000116e+05 -2.354271999999999920e+01
2.318242749999999942e+05 -2.642586999999999975e+01
2.318243500000000058e+05 -2.165597999999999956e+01
2.318244250000000175e+05 -2.267193999999999932e+01
2.318245000000000000e+05 -2.406550000000000011e+01
2.318245750000000116e+05 -2.223191999999999879e+01
2.318246499999999942e+05 -2.182004999999999839e+01
2.318247250000000058e+05 -2.135232999999999848e+01
2.318248000000000175e+05 -2.274810000000000088e+01
2.318248750000000000e+05 -2.610113000000000127e+01
2.318249500000000116e+05 -2.579826999999999870e+01
2.318250249999999942e+05 -2.815980000000000061e+01
2.318251000000000058e+05 -2.522282999999999831e+01
2.318251750000000175e+05 -2.271874000000000038e+01
2.318252500000000000e+05 -2.249555000000000149e+01
2.318253250000000116e+05 -2.881978000000000151e+01
2.318253999999999942e+05 -2.552729000000000070e+01
2.318254750000000058e+05 -2.231606999999999985e+01
2.318255500000000175e+05 -2.640786999999999907e+01
2.318256250000000000e+05 -2.372661000000000087e+01
2.318257000000000116e+05 -2.450731999999999999e+01
2.318257749999999942e+05 -2.464311999999999969e+01
2.318258500000000058e+05 -2.418479999999999919e+01
2.318259250000000175e+05 -2.196263000000000076e+01
2.318260000000000000e+05 -2.335538000000000025e+01
2.318260750000000116e+05 -2.149907999999999930e+01
2.318261499999999942e+05 -2.442145999999999972e+01
2.318262250000000058e+05 -2.514248999999999867e+01
