# Temperature: None K
2.318167749999999942e+05 -1.994872000000000156e+01
2.318168500000000058e+05 -2.354174000000000078e+01
2.318169249999999884e+05 -2.074548000000000059e+01
2.318170000000000000e+05 -1.788585000000000136e+01
2.318170749999999825e+05 -1.900199999999999889e+01
2.318171499999999942e+05 -2.408213999999999899e+01
2.318172250000000058e+05 -1.903454999999999941e+01
2.318172999999999884e+05 -1.744806000000000168e+01
2.318173750000000000e+05 -1.831332000000000093e+01
2.318174499999999825e+05 -1.794050000000000011e+01
2.318175249999999942e+05 -2.589104999999999990e+01
2.318176000000000058e+05 -2.021861000000000175e+01
2.318176749999999884e+05 -1.661415999999999826e+01
2.318177500000000000e+05 -1.979460999999999871e+01
2.318178249999999825e+05 -2.187364000000000175e+01
2.318178999999999942e+05 -1.961304000000000158e+01
2.318179750000000058e+05 -1.923018000000000072e+01
2.318180499999999884e+05 -2.230339999999999989e+01
2.318181250000000000e+05 -2.106969000000000136e+01
2.318181999999999825e+05 -1.940374999999999872e+01
2.318182749999999942e+05 -1.946830999999999889e+01
2.318183500000000058e+05 -2.031950000000000145e+01
2.318184249999999884e+05 -1.906567000000000078e+01
2.318185000000000000e+05 -1.918241000000000085e+01
2.318185749999999825e+05 -2.156625999999999976e+01
2.318186499999999942e+05 -1.815511000000000053e+01
2.318187250000000058e+05 -1.856398000000000081e+01
2.318187999999999884e+05 -1.876678000000000068e+01
2.318188750000000000e+05 -2.205281000000000091e+01
2.318189499999999825e+05 -1.884900000000000020e+01
2.318190249999999942e+05 -1.921940000000000026e+01
2.318191000000000058e+05 -2.047317999999999927e+01
2.318191749999999884e+05 -2.047784000000000049e+01
2.318192500000000000e+05 -1.910823999999999856e+01
2.318193249999999825e+05 -1.972493000000000052e+01
2.318193999999999942e+05 -2.074869999999999948e+01
2.318194750000000058e+05 -1.861643000000000114e+01
2.318195499999999884e+05 -2.021097999999999928e+01
2.318196250000000000e+05 -2.119647000000000148e+01
2.318196999999999825e+05 -1.843541000000000096e+01
2.318197749999999942e+05 -1.889975000000000094e+01
2.318198500000000058e+05 -2.008365999999999829e+01
2.318199249999999884e+05 -1.947867000000000104e+01
2.318200000000000000e+05 -2.229513999999999996e+01
2.318200749999999825e+05 -2.046365000000000123e+01
2.318201499999999942e+05 -2.449634999999999962e+01
2.318202250000000058e+05 -1.971130000000000138e+01
2.318202999999999884e+05 -1.936385999999999896e+01
2.318203750000000000e+05 -1.974919999999999831e+01
2.318204499999999825e+05 -1.870705999999999847e+01
2.318205249999999942e+05 -1.940133000000000152e+01
2.318206000000000058e+05 -1.952696999999999861e+01
2.318206749999999884e+05 -1.972438999999999965e+01
2.318207500000000000e+05 -1.970457999999999998e+01
2.318208249999999825e+05 -1.774631000000000114e+01
2.318208999999999942e+05 -2.004091000000000022e+01
2.318209750000000058e+05 -1.814465999999999823e+01
2.318210499999999884e+05 -1.955753999999999948e+01
2.318211250000000000e+05 -1.755126999999999882e+01
2.318211999999999825e+05 -1.974398000000000053e+01
2.318212749999999942e+05 -1.805095000000000027e+01
2.318213500000000058e+05 -2.014571000000000112e+01
2.318214249999999884e+05 -1.836439999999999984e+01
2.318215000000000000e+05 -2.159938999999999965e+01
2.318215749999999825e+05 -1.908218000000000103e+01
2.318216499999999942e+05 -1.732899000000000100e+01
2.318217250000000058e+05 -1.805577999999999861e+01
2.318217999999999884e+05 -1.760416000000000025e+01
2.318218750000000000e+05 -1.962052999999999869e+01
2.318219499999999825e+05 -1.891728000000000165e+01
2.318220249999999942e+05 -1.993890999999999991e+01
2.318221000000000058e+05 -1.981127000000000038e+01
2.318221749999999884e+05 -1.820056999999999903e+01
2.318222500000000000e+05 -1.837734999999999985e+01
2.318223249999999825e+05 -1.957051999999999836e+01
2.318223999999999942e+05 -1.892601000000000155e+01
2.318224750000000058e+05 -2.137634999999999863e+01
2.318225499999999884e+05 -1.999240999999999957e+01
2.318226250000000000e+05 -1.880959999999999965e+01
2.318226999999999825e+05 -1.843259000000000114e+01
2.318227749999999942e+05 -1.815925000000000011e+01
2.318228500000000058e+05 -1.992316999999999894e+01
2.318229249999999884e+05 -1.895550000000000068e+01
2.318230000000000000e+05 -1.857229999999999848e+01
2.318230749999999825e+05 -1.801009000000000171e+01
2.318231499999999942e+05 -1.955582000000000065e+01
2.318232250000000058e+05 -1.932139000000000095e+01
2.318232999999999884e+05 -1.925052000000000163e+01
2.318233750000000000e+05 -1.924962999999999980e+01
2.318234499999999825e+05 -1.918790999999999869e+01
2.318235249999999942e+05 -1.693817999999999913e+01
2.318236000000000058e+05 -1.871518000000000015e+01
2.318236749999999884e+05 -1.717023000000000010e+01
2.318237500000000000e+05 -1.780896999999999863e+01
2.318238249999999825e+05 -1.772084999999999866e+01
2.318238999999999942e+05 -1.831546000000000163e+01
2.318239750000000058e+05 -1.866843000000000075e+01
2.318240499999999884e+05 -1.768574999999999875e+01
2.318241250000000000e+05 -1.845787999999999940e+01
2.318241999999999825e+05 -1.778381999999999863e+01
2.318242749999999942e+05 -1.690906000000000020e+01
2.318243500000000058e+05 -1.740673999999999921e+01
2.318244249999999884e+05 -1.880711000000000155e+01
2.318245000000000000e+05 -1.833909999999999840e+01
2.318245749999999825e+05 -1.796828000000000003e+01
2.318246499999999942e+05 -1.702468000000000004e+01
2.318247250000000058e+05 -1.947692999999999941e+01
2.318247999999999884e+05 -1.658847000000000094e+01
2.318248750000000000e+05 -1.780727999999999867e+01
2.318249499999999825e+05 -1.981034999999999968e+01
2.318250249999999942e+05 -1.780904999999999916e+01
2.318251000000000058e+05 -1.876858999999999966e+01
2.318251749999999884e+05 -1.883323000000000036e+01
2.318252500000000000e+05 -1.768507999999999925e+01
2.318253249999999825e+05 -1.941870000000000118e+01
2.318253999999999942e+05 -1.720503000000000071e+01
2.318254750000000058e+05 -1.683601000000000170e+01
2.318255499999999884e+05 -1.957329000000000008e+01
2.318256250000000000e+05 -1.754598000000000013e+01
2.318256999999999825e+05 -1.672182000000000102e+01
2.318257749999999942e+05 -1.658372999999999919e+01
2.318258500000000058e+05 -1.805425999999999931e+01
2.318259249999999884e+05 -1.817828000000000088e+01
2.318260000000000000e+05 -1.749841999999999942e+01
2.318260749999999825e+05 -1.672321000000000168e+01
2.318261499999999942e+05 -1.657208999999999932e+01
2.318262250000000058e+05 -1.637564000000000064e+01
2.318262999999999884e+05 -1.715148999999999901e+01
2.318263750000000000e+05 -1.749895000000000067e+01
2.318264499999999825e+05 -1.703303000000000011e+01
2.318265249999999942e+05 -1.642590999999999823e+01
2.318266000000000058e+05 -1.669354999999999833e+01
2.318266749999999884e+05 -1.821303999999999945e+01
2.318267500000000000e+05 -1.571069999999999922e+01
2.318268249999999825e+05 -1.601595000000000013e+01
2.318268999999999942e+05 -1.657886999999999844e+01
2.318269750000000058e+05 -1.566009000000000029e+01
2.318270499999999884e+05 -1.431681000000000026e+01
2.318271250000000000e+05 -1.528283000000000058e+01
2.318271999999999825e+05 -1.517287999999999926e+01
2.318272749999999942e+05 -1.618562000000000012e+01
2.318273500000000058e+05 -1.517665000000000042e+01
2.318274249999999884e+05 -1.478411000000000008e+01
2.318275000000000000e+05 -1.520767000000000024e+01
2.318275749999999825e+05 -1.726493999999999929e+01
2.318276499999999942e+05 -1.566851999999999911e+01
2.318277250000000058e+05 -1.508472000000000079e+01
2.318277999999999884e+05 -1.628256999999999977e+01
2.318278750000000000e+05 -1.653536000000000072e+01
2.318279499999999825e+05 -1.427837000000000067e+01
2.318280249999999942e+05 -1.498807000000000045e+01
2.318281000000000058e+05 -1.505330999999999975e+01
2.318281749999999884e+05 -1.324263000000000012e+01
2.318282500000000000e+05 -1.672869000000000028e+01
2.318283249999999825e+05 -1.339411999999999914e+01
2.318283999999999942e+05 -1.388372000000000028e+01
2.318284750000000058e+05 -1.352828000000000053e+01
2.318285499999999884e+05 -1.331639000000000017e+01
2.318286250000000000e+05 -1.312457999999999991e+01
2.318286999999999825e+05 -1.368401000000000067e+01
2.318287749999999942e+05 -1.433431000000000033e+01
2.318288500000000058e+05 -1.382357999999999976e+01
2.318289249999999884e+05 -1.218787000000000020e+01
2.318290000000000000e+05 -1.340865999999999936e+01
2.318290749999999825e+05 -1.132874999999999943e+01
2.318291499999999942e+05 -1.230569000000000024e+01
2.318292250000000058e+05 -1.115797000000000061e+01
2.318292999999999884e+05 -1.180085000000000051e+01
2.318293750000000000e+05 -1.124164999999999992e+01
2.318294499999999825e+05 -1.137307999999999986e+01
2.318295249999999942e+05 -1.165278999999999954e+01
2.318296000000000058e+05 -9.827016999999999669e+00
2.318296749999999884e+05 -1.012622000000000000e+01
2.318297500000000000e+05 -9.605959999999999610e+00
2.318298249999999825e+05 -8.835247999999999990e+00
2.318298999999999942e+05 -8.640053999999999235e+00
2.318299750000000058e+05 -8.005034999999999457e+00
2.318300499999999884e+05 -6.986354999999999649e+00
2.318301250000000000e+05 -7.221026000000000167e+00
2.318301999999999825e+05 -6.123306999999999611e+00
2.318302749999999942e+05 -5.929111999999999938e+00
2.318303500000000058e+05 -5.356900999999999691e+00
2.318304249999999884e+05 -4.495561000000000362e+00
2.318305000000000000e+05 -4.136851000000000056e+00
2.318305749999999825e+05 -3.225865000000000204e+00
2.318306499999999942e+05 -2.865151000000000003e+00
2.318307250000000058e+05 -2.380017000000000049e+00
2.318307999999999884e+05 -1.606492000000000031e+00
2.318308750000000000e+05 -1.367437999999999931e+00
2.318309499999999825e+05 -2.196984999999999910e-01
2.318310249999999942e+05 -7.197130000000000194e-02
2.318311000000000058e+05 4.850265999999999744e-01
2.318311749999999884e+05 8.789827000000000057e-01
2.318312500000000000e+05 1.238526000000000016e+00
2.318313249999999825e+05 1.452048999999999923e+00
2.318313999999999942e+05 1.732286999999999910e+00
2.318314750000000058e+05 1.672639999999999905e+00
2.318315499999999884e+05 1.528966999999999965e+00
2.318316250000000000e+05 1.177699000000000051e+00
2.318316999999999825e+05 9.227824000000000026e-01
2.318317749999999942e+05 4.572092999999999852e-01
2.318318500000000058e+05 -3.154964000000000102e-01
2.318319249999999884e+05 -8.803461999999999676e-01
2.318320000000000000e+05 -1.887218000000000062e+00
2.318320749999999825e+05 -2.507159999999999833e+00
2.318321499999999942e+05 -2.641693000000000069e+00
2.318322250000000058e+05 -2.578967000000000009e+00
2.318322999999999884e+05 -2.319555999999999951e+00
2.318323750000000000e+05 -2.030893999999999977e+00
2.318324499999999825e+05 -2.033141000000000087e+00
2.318325249999999942e+05 -2.052331000000000127e+00
2.318326000000000058e+05 -2.541030000000000122e+00
2.318326749999999884e+05 -3.138819999999999943e+00
2.318327500000000000e+05 -3.772349999999999870e+00
2.318328249999999825e+05 -4.612248000000000125e+00
2.318328999999999942e+05 -4.388082999999999956e+00
2.318329750000000058e+05 -4.517094000000000165e+00
2.318330499999999884e+05 -4.555246000000000350e+00
2.318331250000000000e+05 -4.050480000000000302e+00
2.318331999999999825e+05 -4.734200999999999659e+00
2.318332749999999942e+05 -5.228066000000000102e+00
2.318333500000000058e+05 -6.285396000000000427e+00
2.318334249999999884e+05 -5.708333999999999797e+00
2.318335000000000000e+05 -5.601162000000000418e+00
2.318335749999999825e+05 -6.002984999999999793e+00
2.318336499999999942e+05 -6.245404999999999873e+00
2.318337250000000058e+05 -6.762146000000000434e+00
2.318337999999999884e+05 -7.030941000000000329e+00
2.318338750000000000e+05 -6.865699000000000218e+00
2.318339499999999825e+05 -7.579737999999999865e+00
2.318340249999999942e+05 -7.186026000000000025e+00
2.318341000000000058e+05 -7.325994999999999813e+00
2.318341749999999884e+05 -8.184143999999999863e+00
2.318342500000000000e+05 -8.606773999999999702e+00
2.318343249999999825e+05 -8.260125999999999635e+00
2.318343999999999942e+05 -9.332738000000000866e+00
2.318344750000000058e+05 -8.529121999999999204e+00
2.318345499999999884e+05 -8.871346000000000842e+00
2.318346250000000000e+05 -1.047289999999999921e+01
2.318346999999999825e+05 -9.875272000000000716e+00
2.318347749999999942e+05 -9.053774999999999906e+00
2.318348500000000058e+05 -1.070616000000000057e+01
2.318349249999999884e+05 -9.816451999999999956e+00
2.318350000000000000e+05 -1.131817999999999991e+01
2.318350749999999825e+05 -1.080137999999999998e+01
2.318351499999999942e+05 -1.142797999999999981e+01
2.318352250000000058e+05 -1.271692000000000000e+01
2.318352999999999884e+05 -1.301890000000000036e+01
2.318353750000000000e+05 -1.133885000000000076e+01
2.318354499999999825e+05 -1.223035999999999923e+01
2.318355249999999942e+05 -1.315864000000000011e+01
2.318356000000000058e+05 -1.484019999999999939e+01
2.318356749999999884e+05 -1.128669999999999973e+01
2.318357500000000000e+05 -1.278613000000000000e+01
2.318358249999999825e+05 -1.535567999999999955e+01
2.318358999999999942e+05 -1.250299000000000049e+01
2.318359750000000058e+05 -1.257820000000000071e+01
2.318360499999999884e+05 -1.589825000000000088e+01
2.318361250000000000e+05 -1.377383000000000024e+01
2.318361999999999825e+05 -1.257302999999999926e+01
2.318362749999999942e+05 -1.559307000000000087e+01
2.318363500000000058e+05 -1.503724000000000061e+01
2.318364249999999884e+05 -1.405405000000000015e+01
2.318365000000000000e+05 -1.797909999999999897e+01
2.318365749999999825e+05 -1.608567999999999998e+01
2.318366499999999942e+05 -1.412297000000000047e+01
2.318367250000000058e+05 -1.771442000000000050e+01
2.318367999999999884e+05 -1.540827999999999953e+01
2.318368750000000000e+05 -1.464472999999999914e+01
2.318369499999999825e+05 -2.308917999999999893e+01
2.318370249999999942e+05 -1.720746000000000109e+01
2.318371000000000058e+05 -1.784127000000000152e+01
2.318371749999999884e+05 -2.049133000000000138e+01
2.318372500000000000e+05 -1.602805000000000035e+01
2.318373249999999825e+05 -2.331465999999999994e+01
2.318373999999999942e+05 -1.501159999999999961e+01
2.318374750000000058e+05 -1.616991000000000156e+01
2.318375499999999884e+05 -1.925456000000000145e+01
2.318376250000000000e+05 -1.498183000000000042e+01
2.318376999999999825e+05 -2.032864000000000004e+01
2.318377749999999942e+05 -1.766649999999999920e+01
2.318378500000000058e+05 -2.138822000000000045e+01
2.318379249999999884e+05 -2.240568000000000026e+01
2.318380000000000000e+05 -1.735751000000000133e+01
2.318380749999999825e+05 -3.048892999999999986e+01
2.318381499999999942e+05 -1.851311000000000107e+01
2.318382250000000058e+05 -2.477856999999999843e+01
2.318382999999999884e+05 -2.004162000000000177e+01
2.318383750000000000e+05 -1.980384000000000100e+01
2.318384499999999825e+05 -1.959404999999999930e+01
2.318385249999999942e+05 -1.946058999999999983e+01
2.318386000000000058e+05 -2.840147999999999939e+01
2.318386749999999884e+05 -1.728078999999999965e+01
2.318387500000000000e+05 -2.547934000000000054e+01
2.318388249999999825e+05 -1.698780999999999963e+01
2.318388999999999942e+05 -2.641231000000000151e+01
2.318389750000000058e+05 -1.905536999999999992e+01
2.318390499999999884e+05 -3.496497000000000099e+01
2.318391250000000000e+05 -1.937450000000000117e+01
2.318391999999999825e+05 -2.987730000000000175e+01
2.318392749999999942e+05 -1.950385999999999953e+01
2.318393500000000058e+05 -3.101974999999999838e+01
2.318394249999999884e+05 -2.008079999999999998e+01
2.318395000000000000e+05 -3.350699999999999790e+01
2.318395749999999825e+05 -2.110833999999999833e+01
2.318396499999999942e+05 -4.319523000000000224e+01
2.318397250000000058e+05 -2.082220999999999833e+01
2.318397999999999884e+05 -3.319299000000000177e+01
2.318398750000000000e+05 -2.252790999999999855e+01
2.318399499999999825e+05 -2.729857000000000156e+01
2.318400249999999942e+05 -2.433873000000000175e+01
2.318401000000000058e+05 -2.049296999999999969e+01
2.318401749999999884e+05 -2.316263000000000005e+01
2.318402500000000000e+05 -2.285501999999999967e+01
2.318403249999999825e+05 -2.894649000000000072e+01
2.318403999999999942e+05 -1.992990999999999957e+01
2.318404750000000058e+05 -2.856277000000000044e+01
2.318405499999999884e+05 -2.967434000000000083e+01
2.318406250000000000e+05 -3.350760999999999967e+01
2.318406999999999825e+05 -2.025683000000000078e+01
2.318407749999999942e+05 -2.569838999999999984e+01
2.318408500000000058e+05 -3.603752999999999673e+01
2.318409249999999884e+05 -2.218120000000000047e+01
2.318410000000000000e+05 -2.538599999999999923e+01
2.318410749999999825e+05 -2.513644000000000034e+01
2.318411499999999942e+05 -2.208184999999999931e+01
2.318412250000000058e+05 -2.951636999999999844e+01
2.318412999999999884e+05 -2.196584999999999965e+01
2.318413750000000000e+05 -2.266465000000000174e+01
2.318414499999999825e+05 -2.558401999999999887e+01
2.318415249999999942e+05 -2.153741000000000128e+01
2.318416000000000058e+05 -3.658386999999999745e+01
2.318416749999999884e+05 -2.218729000000000084e+01
2.318417500000000000e+05 -2.034486000000000061e+01
2.318418249999999825e+05 -2.718881999999999977e+01
2.318418999999999942e+05 -2.336495000000000033e+01
2.318419750000000058e+05 -2.188530000000000086e+01
2.318420499999999884e+05 -3.938067999999999813e+01
2.318421250000000000e+05 -2.401624999999999943e+01
2.318421999999999825e+05 -2.579547000000000168e+01
2.318422749999999942e+05 -2.754449999999999932e+01
2.318423500000000058e+05 -2.201397000000000048e+01
2.318424249999999884e+05 -1.957827999999999946e+01
2.318425000000000000e+05 -2.806775000000000020e+01
2.318425749999999825e+05 -2.350611999999999924e+01
2.318426499999999942e+05 -2.227504000000000062e+01
2.318427250000000058e+05 -2.550978999999999886e+01
2.318427999999999884e+05 -2.594013999999999953e+01
2.318428750000000000e+05 -1.879967999999999861e+01
2.318429499999999825e+05 -2.177126000000000161e+01
2.318430249999999942e+05 -2.273120000000000118e+01
2.318431000000000058e+05 -2.283476999999999890e+01
2.318431749999999884e+05 -2.661191000000000173e+01
2.318432500000000000e+05 -2.671828999999999965e+01
2.318433249999999825e+05 -2.706236000000000175e+01
2.318433999999999942e+05 -2.340251999999999910e+01
2.318434750000000058e+05 -2.540148999999999901e+01
2.318435499999999884e+05 -2.431985999999999848e+01
2.318436250000000000e+05 -2.429835999999999885e+01
2.318436999999999825e+05 -2.523907000000000167e+01
2.318437749999999942e+05 -2.229880999999999958e+01
2.318438500000000058e+05 -2.686460999999999899e+01
2.318439249999999884e+05 -2.584580000000000055e+01
2.318440000000000000e+05 -2.848891000000000062e+01
2.318440749999999825e+05 -2.121837999999999980e+01
2.318441499999999942e+05 -2.685823999999999856e+01
2.318442250000000058e+05 -2.209665000000000035e+01
2.318442999999999884e+05 -2.274686000000000163e+01
2.318443750000000000e+05 -2.150044000000000111e+01
2.318444499999999825e+05 -2.406443000000000154e+01
2.318445249999999942e+05 -2.693471999999999866e+01
2.318446000000000058e+05 -2.584775000000000134e+01
2.318446749999999884e+05 -2.707027000000000072e+01
2.318447500000000000e+05 -2.312442000000000064e+01
2.318448249999999825e+05 -2.203447999999999851e+01
2.318448999999999942e+05 -2.917678000000000083e+01
2.318449750000000058e+05 -2.526490000000000080e+01
2.318450499999999884e+05 -2.244377000000000066e+01
2.318451250000000000e+05 -2.463361000000000089e+01
2.318451999999999825e+05 -2.281942000000000093e+01
2.318452749999999942e+05 -2.459080000000000155e+01
2.318453500000000058e+05 -2.336336000000000013e+01
2.318454249999999884e+05 -2.276718999999999937e+01
2.318455000000000000e+05 -2.143800999999999846e+01
2.318455749999999825e+05 -2.346940000000000026e+01
2.318456499999999942e+05 -2.223881000000000085e+01
2.318457250000000058e+05 -2.196169000000000082e+01
2.318457999999999884e+05 -2.300078999999999851e+01
2.318458750000000000e+05 -2.193528999999999840e+01
2.318459499999999825e+05 -2.084607000000000099e+01
2.318460249999999942e+05 -2.338603000000000165e+01
2.318461000000000058e+05 -2.212194999999999823e+01
2.318461749999999884e+05 -2.143956999999999979e+01
2.318462500000000000e+05 -2.429458999999999946e+01
2.318463249999999825e+05 -2.611315000000000097e+01
2.318463999999999942e+05 -3.372050000000000125e+01
2.318464750000000058e+05 -2.308208000000000126e+01
2.318465499999999884e+05 -2.553189000000000064e+01
2.318466250000000000e+05 -2.529238000000000142e+01
2.318466999999999825e+05 -2.239711000000000141e+01
2.318467749999999942e+05 -2.344816000000000145e+01
