# Temperature: None K
2.319180750000000116e+05 -2.283707000000000065e+01
2.319181500000000233e+05 -2.538247000000000142e+01
2.319182250000000058e+05 -1.846345000000000169e+01
2.319183000000000175e+05 -1.730975000000000108e+01
2.319183750000000000e+05 -1.943197999999999936e+01
2.319184500000000116e+05 -1.838744000000000156e+01
2.319185250000000233e+05 -1.794921000000000078e+01
2.319186000000000058e+05 -2.194691999999999865e+01
2.319186750000000175e+05 -1.901969000000000065e+01
2.319187500000000000e+05 -2.095452999999999832e+01
2.319188250000000116e+05 -1.958715000000000117e+01
2.319189000000000233e+05 -2.601713000000000164e+01
2.319189750000000058e+05 -2.060885000000000034e+01
2.319190500000000175e+05 -1.892062999999999917e+01
2.319191250000000000e+05 -1.975150999999999968e+01
2.319192000000000116e+05 -1.999170000000000158e+01
2.319192750000000233e+05 -2.412012999999999963e+01
2.319193500000000058e+05 -2.161807999999999907e+01
2.319194250000000175e+05 -2.227118000000000109e+01
2.319195000000000000e+05 -2.188194000000000017e+01
2.319195750000000116e+05 -2.066779999999999973e+01
2.319196500000000233e+05 -2.003407999999999944e+01
2.319197250000000058e+05 -1.949425000000000097e+01
2.319198000000000175e+05 -1.990137999999999963e+01
2.319198750000000000e+05 -1.849938999999999822e+01
2.319199500000000116e+05 -1.873868999999999829e+01
2.319200250000000233e+05 -1.941438000000000130e+01
2.319201000000000058e+05 -2.464350999999999914e+01
2.319201750000000175e+05 -1.988663000000000025e+01
2.319202500000000000e+05 -2.239107999999999876e+01
2.319203250000000116e+05 -1.943468000000000018e+01
2.319204000000000233e+05 -2.241313999999999851e+01
2.319204750000000058e+05 -1.985317999999999827e+01
2.319205500000000175e+05 -1.944735000000000014e+01
2.319206250000000000e+05 -2.196397999999999939e+01
2.319207000000000116e+05 -1.989023999999999859e+01
2.319207750000000233e+05 -2.067748999999999882e+01
2.319208500000000058e+05 -1.992100999999999900e+01
2.319209250000000175e+05 -1.848967000000000027e+01
2.319210000000000000e+05 -2.124562999999999846e+01
2.319210750000000116e+05 -2.028579999999999828e+01
2.319211500000000233e+05 -1.876272000000000162e+01
2.319212250000000058e+05 -1.976265000000000072e+01
2.319213000000000175e+05 -2.122739999999999938e+01
2.319213750000000000e+05 -2.022889999999999944e+01
2.319214500000000116e+05 -1.805343999999999838e+01
2.319215250000000233e+05 -2.245708000000000126e+01
2.319216000000000058e+05 -1.936398000000000152e+01
2.319216750000000175e+05 -1.854394999999999882e+01
2.319217500000000000e+05 -1.697960000000000136e+01
2.319218250000000116e+05 -1.974750999999999834e+01
2.319219000000000233e+05 -1.734722000000000008e+01
2.319219750000000058e+05 -2.028318000000000154e+01
2.319220500000000175e+05 -2.094497000000000142e+01
2.319221250000000000e+05 -1.976612000000000080e+01
2.319222000000000116e+05 -1.883766999999999925e+01
2.319222750000000233e+05 -1.981238000000000099e+01
2.319223500000000058e+05 -2.224387000000000114e+01
2.319224250000000175e+05 -1.955566999999999922e+01
2.319225000000000000e+05 -1.935391999999999868e+01
2.319225750000000116e+05 -2.055505000000000138e+01
2.319226500000000233e+05 -2.137567999999999913e+01
2.319227250000000058e+05 -2.050667999999999935e+01
2.319228000000000175e+05 -1.804474000000000089e+01
2.319228750000000000e+05 -2.102504000000000062e+01
2.319229500000000116e+05 -2.097828000000000159e+01
2.319230250000000233e+05 -1.914749000000000123e+01
2.319231000000000058e+05 -1.919917999999999836e+01
2.319231750000000175e+05 -1.984808999999999912e+01
2.319232500000000000e+05 -1.810450000000000159e+01
2.319233250000000116e+05 -2.063495999999999952e+01
2.319234000000000233e+05 -2.262605999999999895e+01
2.319234750000000058e+05 -1.913242999999999938e+01
2.319235500000000175e+05 -2.071769000000000105e+01
2.319236250000000000e+05 -1.876505999999999830e+01
2.319237000000000116e+05 -1.837039000000000044e+01
2.319237750000000233e+05 -1.626079000000000008e+01
2.319238500000000058e+05 -1.798917000000000144e+01
2.319239250000000175e+05 -1.800785000000000124e+01
2.319240000000000000e+05 -1.970091000000000037e+01
2.319240750000000116e+05 -1.985583000000000098e+01
2.319241500000000233e+05 -1.775628999999999991e+01
2.319242250000000058e+05 -2.003239999999999910e+01
2.319243000000000175e+05 -1.939511999999999858e+01
2.319243750000000000e+05 -1.882460000000000022e+01
2.319244500000000116e+05 -1.861323000000000150e+01
2.319245250000000233e+05 -1.800653000000000148e+01
2.319246000000000058e+05 -1.830289000000000144e+01
2.319246750000000175e+05 -1.865161000000000158e+01
2.319247500000000000e+05 -1.860885000000000034e+01
2.319248250000000116e+05 -1.963514999999999944e+01
2.319249000000000233e+05 -1.686415999999999826e+01
2.319249750000000058e+05 -1.914930000000000021e+01
2.319250500000000175e+05 -2.230666000000000082e+01
2.319251250000000000e+05 -1.792399999999999949e+01
2.319252000000000116e+05 -1.947560999999999964e+01
2.319252750000000233e+05 -2.177110000000000056e+01
2.319253500000000058e+05 -1.782986000000000004e+01
2.319254250000000175e+05 -1.585797999999999952e+01
2.319255000000000000e+05 -1.734843000000000046e+01
2.319255750000000116e+05 -1.786813000000000073e+01
2.319256500000000233e+05 -1.800463999999999842e+01
2.319257250000000058e+05 -2.014220999999999862e+01
2.319258000000000175e+05 -1.766706999999999894e+01
2.319258750000000000e+05 -1.862310000000000088e+01
2.319259500000000116e+05 -1.781722999999999857e+01
2.319260250000000233e+05 -1.712813999999999837e+01
2.319261000000000058e+05 -2.152549000000000134e+01
2.319261750000000175e+05 -1.881691999999999965e+01
2.319262500000000000e+05 -2.124458999999999875e+01
2.319263250000000116e+05 -1.797017999999999915e+01
2.319264000000000233e+05 -1.663076999999999828e+01
2.319264750000000058e+05 -1.893603999999999843e+01
2.319265500000000175e+05 -1.738709000000000060e+01
2.319266250000000000e+05 -1.805865999999999971e+01
2.319267000000000116e+05 -1.877816999999999936e+01
2.319267750000000233e+05 -1.878053999999999846e+01
2.319268500000000058e+05 -1.801014999999999944e+01
2.319269250000000175e+05 -1.751792999999999978e+01
2.319270000000000000e+05 -1.969791999999999987e+01
2.319270750000000116e+05 -1.686728000000000094e+01
2.319271500000000233e+05 -1.757251000000000118e+01
2.319272250000000058e+05 -1.756159999999999854e+01
2.319273000000000175e+05 -1.657789000000000001e+01
2.319273750000000000e+05 -1.783718999999999966e+01
2.319274500000000116e+05 -1.774808000000000163e+01
2.319275250000000233e+05 -1.755928000000000111e+01
2.319276000000000058e+05 -1.821261000000000152e+01
2.319276750000000175e+05 -1.652768999999999977e+01
2.319277500000000000e+05 -1.781325999999999965e+01
2.319278250000000116e+05 -1.796057000000000059e+01
2.319279000000000233e+05 -1.746780000000000044e+01
2.319279750000000058e+05 -1.881822000000000017e+01
2.319280500000000175e+05 -1.678313999999999950e+01
2.319281250000000000e+05 -1.729059000000000168e+01
2.319282000000000116e+05 -1.667474999999999952e+01
2.319282750000000233e+05 -1.621381999999999834e+01
2.319283500000000058e+05 -1.614622999999999919e+01
2.319284250000000175e+05 -1.743797999999999959e+01
2.319285000000000000e+05 -1.729591999999999885e+01
2.319285750000000116e+05 -1.733603000000000094e+01
2.319286500000000233e+05 -1.641583999999999932e+01
2.319287250000000058e+05 -1.787529999999999930e+01
2.319288000000000175e+05 -1.767981999999999942e+01
2.319288750000000000e+05 -1.579259000000000057e+01
2.319289500000000116e+05 -1.642471000000000103e+01
2.319290250000000233e+05 -1.548196000000000083e+01
2.319291000000000058e+05 -1.720593999999999824e+01
2.319291750000000175e+05 -1.697166999999999959e+01
2.319292500000000000e+05 -1.742902000000000129e+01
2.319293250000000116e+05 -1.488086000000000020e+01
2.319294000000000233e+05 -1.535234999999999950e+01
2.319294750000000058e+05 -1.643724999999999881e+01
2.319295500000000175e+05 -1.513123000000000040e+01
2.319296250000000000e+05 -1.567434000000000083e+01
2.319297000000000116e+05 -1.681294000000000111e+01
2.319297750000000233e+05 -1.684421000000000035e+01
2.319298500000000058e+05 -1.483558999999999983e+01
2.319299250000000175e+05 -1.641188999999999965e+01
2.319300000000000000e+05 -1.450669000000000075e+01
2.319300750000000116e+05 -1.328567999999999927e+01
2.319301500000000233e+05 -1.474810000000000088e+01
2.319302250000000058e+05 -1.324882999999999988e+01
2.319303000000000175e+05 -1.400910999999999973e+01
2.319303750000000000e+05 -1.527317999999999998e+01
2.319304500000000116e+05 -1.479049000000000014e+01
2.319305250000000233e+05 -1.349211000000000027e+01
2.319306000000000058e+05 -1.376886999999999972e+01
2.319306750000000175e+05 -1.460477000000000025e+01
2.319307500000000000e+05 -1.436046999999999940e+01
2.319308250000000116e+05 -1.396302000000000021e+01
2.319309000000000233e+05 -1.356983999999999924e+01
2.319309750000000058e+05 -1.350168999999999997e+01
2.319310500000000175e+05 -1.422171999999999947e+01
2.319311250000000000e+05 -1.413101999999999947e+01
2.319312000000000116e+05 -1.266391999999999918e+01
2.319312750000000233e+05 -1.286243999999999943e+01
2.319313500000000058e+05 -1.213414999999999999e+01
2.319314250000000175e+05 -1.164004000000000083e+01
2.319315000000000000e+05 -1.027537000000000056e+01
2.319315750000000116e+05 -1.034097000000000044e+01
2.319316500000000233e+05 -9.521015999999999480e+00
2.319317250000000058e+05 -1.046594999999999942e+01
2.319318000000000175e+05 -9.129091000000000733e+00
2.319318750000000000e+05 -8.593970000000000553e+00
2.319319500000000116e+05 -8.735635000000000261e+00
2.319320250000000233e+05 -7.793060999999999794e+00
2.319321000000000058e+05 -7.811625000000000263e+00
2.319321750000000175e+05 -7.015825999999999674e+00
2.319322500000000000e+05 -6.872377000000000180e+00
2.319323250000000116e+05 -6.171343000000000245e+00
2.319324000000000233e+05 -5.762127999999999695e+00
2.319324750000000058e+05 -5.241918000000000077e+00
2.319325500000000175e+05 -4.168768000000000029e+00
2.319326250000000000e+05 -3.528319999999999901e+00
2.319327000000000116e+05 -3.567242999999999942e+00
2.319327750000000233e+05 -3.295633000000000035e+00
2.319328500000000058e+05 -2.562580000000000080e+00
2.319329250000000175e+05 -2.431163999999999881e+00
2.319330000000000000e+05 -2.021987000000000201e+00
2.319330750000000116e+05 -2.258410000000000029e+00
2.319331500000000233e+05 -2.305514000000000063e+00
2.319332250000000058e+05 -2.294421999999999962e+00
2.319333000000000175e+05 -2.596772000000000080e+00
2.319333750000000000e+05 -3.027188999999999908e+00
2.319334500000000116e+05 -3.646058000000000021e+00
2.319335250000000233e+05 -4.845582000000000278e+00
2.319336000000000058e+05 -5.794166999999999845e+00
2.319336750000000175e+05 -6.772489000000000203e+00
2.319337500000000000e+05 -8.915535000000000210e+00
2.319338250000000116e+05 -1.002558999999999934e+01
2.319339000000000233e+05 -1.157694000000000045e+01
2.319339750000000058e+05 -1.236941000000000024e+01
2.319340500000000175e+05 -1.027063000000000059e+01
2.319341250000000000e+05 -1.023324000000000034e+01
2.319342000000000116e+05 -1.064146000000000036e+01
2.319342750000000233e+05 -1.019965000000000011e+01
2.319343500000000058e+05 -1.187345999999999968e+01
2.319344250000000175e+05 -1.342919000000000018e+01
2.319345000000000000e+05 -1.434549999999999947e+01
2.319345750000000116e+05 -1.498760000000000048e+01
2.319346500000000233e+05 -1.507803000000000004e+01
2.319347250000000058e+05 -1.505669999999999931e+01
2.319348000000000175e+05 -1.607768000000000086e+01
2.319348750000000000e+05 -1.525657999999999959e+01
2.319349500000000116e+05 -1.548658999999999963e+01
2.319350250000000233e+05 -1.517575000000000074e+01
2.319351000000000058e+05 -1.703576999999999941e+01
2.319351750000000175e+05 -1.839349999999999952e+01
2.319352500000000000e+05 -2.174290999999999840e+01
2.319353250000000116e+05 -1.736482000000000170e+01
2.319354000000000233e+05 -2.240200000000000102e+01
2.319354750000000058e+05 -2.093430000000000035e+01
2.319355500000000175e+05 -2.093122999999999934e+01
2.319356250000000000e+05 -2.323230999999999824e+01
2.319357000000000116e+05 -1.996472999999999942e+01
2.319357750000000233e+05 -2.611379000000000161e+01
2.319358500000000058e+05 -2.140261999999999887e+01
2.319359250000000175e+05 -2.259897000000000133e+01
2.319360000000000000e+05 -2.138934000000000069e+01
2.319360750000000116e+05 -2.269052999999999898e+01
2.319361500000000233e+05 -2.358318999999999832e+01
2.319362250000000058e+05 -2.365001000000000175e+01
2.319363000000000175e+05 -2.422692999999999941e+01
2.319363750000000000e+05 -2.218095999999999890e+01
2.319364500000000116e+05 -3.696880999999999773e+01
2.319365250000000233e+05 -2.603949000000000069e+01
2.319366000000000058e+05 -2.244970999999999961e+01
2.319366750000000175e+05 -2.434802000000000177e+01
2.319367500000000000e+05 -3.324750000000000227e+01
2.319368250000000116e+05 -2.783586999999999989e+01
2.319369000000000233e+05 -2.455258999999999858e+01
2.319369750000000058e+05 -3.559913000000000238e+01
2.319370500000000175e+05 -3.470747000000000071e+01
2.319371250000000000e+05 -3.721645999999999788e+01
2.319372000000000116e+05 -2.541290000000000049e+01
2.319372750000000233e+05 -3.040108999999999995e+01
2.319373500000000058e+05 -3.247661000000000087e+01
2.319374250000000175e+05 -2.472175000000000011e+01
2.319375000000000000e+05 -2.611683000000000021e+01
2.319375750000000116e+05 -2.790536000000000172e+01
2.319376500000000233e+05 -2.893458000000000041e+01
2.319377250000000058e+05 -2.661892999999999887e+01
2.319378000000000175e+05 -2.512581000000000131e+01
2.319378750000000000e+05 -2.583714000000000155e+01
2.319379500000000116e+05 -2.037919000000000125e+01
2.319380250000000233e+05 -2.345158999999999949e+01
2.319381000000000058e+05 -2.887452000000000041e+01
2.319381750000000175e+05 -2.522894000000000148e+01
2.319382500000000000e+05 -2.349455999999999989e+01
2.319383250000000116e+05 -2.205978999999999957e+01
2.319384000000000233e+05 -2.480947000000000102e+01
2.319384750000000058e+05 -3.708408000000000015e+01
2.319385500000000175e+05 -2.765336999999999890e+01
2.319386250000000000e+05 -2.533540999999999954e+01
2.319387000000000116e+05 -2.744719999999999871e+01
2.319387750000000233e+05 -3.190516999999999825e+01
2.319388500000000058e+05 -3.031854999999999833e+01
2.319389250000000175e+05 -2.619196000000000168e+01
2.319390000000000000e+05 -2.274099999999999966e+01
2.319390750000000116e+05 -2.423783999999999850e+01
2.319391500000000233e+05 -2.634418000000000148e+01
2.319392250000000058e+05 -3.341360000000000241e+01
2.319393000000000175e+05 -3.238007999999999953e+01
2.319393750000000000e+05 -2.206553999999999860e+01
2.319394500000000116e+05 -3.318547000000000224e+01
2.319395250000000233e+05 -2.747458999999999918e+01
2.319396000000000058e+05 -2.389980999999999867e+01
2.319396750000000175e+05 -2.035691999999999879e+01
2.319397500000000000e+05 -2.392659000000000091e+01
2.319398250000000116e+05 -2.553753999999999991e+01
2.319399000000000233e+05 -2.245573999999999870e+01
2.319399750000000058e+05 -2.576051000000000002e+01
2.319400500000000175e+05 -2.544228000000000023e+01
2.319401250000000000e+05 -2.315681000000000012e+01
2.319402000000000116e+05 -2.725288000000000110e+01
2.319402750000000233e+05 -2.485556000000000054e+01
2.319403500000000058e+05 -2.466635000000000133e+01
2.319404250000000175e+05 -2.349545000000000172e+01
2.319405000000000000e+05 -2.303164999999999907e+01
2.319405750000000116e+05 -2.785626999999999853e+01
2.319406500000000233e+05 -2.529251999999999967e+01
2.319407250000000058e+05 -2.275375999999999976e+01
2.319408000000000175e+05 -2.341252000000000066e+01
2.319408750000000000e+05 -2.374718000000000018e+01
2.319409500000000116e+05 -2.642633000000000010e+01
2.319410250000000233e+05 -2.490352000000000032e+01
2.319411000000000058e+05 -2.467055999999999827e+01
2.319411750000000175e+05 -2.441608000000000089e+01
2.319412500000000000e+05 -2.711017999999999972e+01
2.319413250000000116e+05 -2.428816000000000130e+01
2.319414000000000233e+05 -2.602652000000000143e+01
2.319414750000000058e+05 -2.327027000000000001e+01
2.319415500000000175e+05 -2.422352000000000061e+01
2.319416250000000000e+05 -2.774298999999999893e+01
2.319417000000000116e+05 -2.333888999999999925e+01
2.319417750000000233e+05 -2.853133000000000052e+01
2.319418500000000058e+05 -2.273038000000000025e+01
2.319419250000000175e+05 -2.579993999999999943e+01
2.319420000000000000e+05 -1.984763999999999839e+01
2.319420750000000116e+05 -2.877039999999999864e+01
2.319421500000000233e+05 -2.958743000000000123e+01
2.319422250000000058e+05 -2.055949999999999989e+01
2.319423000000000175e+05 -2.584597000000000122e+01
2.319423750000000000e+05 -2.047286000000000072e+01
2.319424500000000116e+05 -2.457589000000000112e+01
2.319425250000000233e+05 -1.899829000000000079e+01
2.319426000000000058e+05 -2.223383000000000109e+01
2.319426750000000175e+05 -2.377496000000000009e+01
2.319427500000000000e+05 -2.656910999999999845e+01
2.319428250000000116e+05 -2.443765000000000143e+01
2.319429000000000233e+05 -2.298572000000000060e+01
2.319429750000000058e+05 -2.479674999999999940e+01
2.319430500000000175e+05 -2.362398999999999916e+01
2.319431250000000000e+05 -2.406644000000000005e+01
2.319432000000000116e+05 -2.427006000000000085e+01
2.319432750000000233e+05 -2.643336000000000041e+01
2.319433500000000058e+05 -2.636037999999999926e+01
2.319434250000000175e+05 -2.254044999999999987e+01
2.319435000000000000e+05 -2.235936999999999841e+01
2.319435750000000116e+05 -2.021097999999999928e+01
2.319436500000000233e+05 -2.374662000000000006e+01
2.319437250000000058e+05 -2.501653999999999911e+01
2.319438000000000175e+05 -2.489236999999999966e+01
2.319438750000000000e+05 -2.293594999999999828e+01
2.319439500000000116e+05 -2.233733000000000146e+01
2.319440250000000233e+05 -2.002817999999999898e+01
2.319441000000000058e+05 -2.095955999999999975e+01
2.319441750000000175e+05 -2.457518999999999920e+01
2.319442500000000000e+05 -2.432386999999999944e+01
2.319443250000000116e+05 -2.318462999999999852e+01
2.319444000000000233e+05 -2.389767000000000152e+01
2.319444750000000058e+05 -3.609037000000000006e+01
2.319445500000000175e+05 -2.508220000000000027e+01
2.319446250000000000e+05 -3.182040999999999897e+01
2.319447000000000116e+05 -2.198911000000000016e+01
2.319447750000000233e+05 -2.319669999999999987e+01
2.319448500000000058e+05 -1.966721000000000075e+01
2.319449250000000175e+05 -2.371997999999999962e+01
2.319450000000000000e+05 -2.054795999999999978e+01
2.319450750000000116e+05 -2.438666999999999874e+01
2.319451500000000233e+05 -2.442950000000000088e+01
2.319452250000000058e+05 -2.391854999999999976e+01
2.319453000000000175e+05 -2.165684999999999860e+01
2.319453750000000000e+05 -2.470759999999999934e+01
2.319454500000000116e+05 -2.566749000000000080e+01
2.319455250000000233e+05 -2.590660000000000096e+01
2.319456000000000058e+05 -2.557717999999999847e+01
2.319456750000000175e+05 -2.326155999999999935e+01
2.319457500000000000e+05 -2.649661000000000044e+01
2.319458250000000116e+05 -2.341759000000000057e+01
2.319459000000000233e+05 -2.768930999999999898e+01
2.319459750000000058e+05 -2.507034000000000162e+01
2.319460500000000175e+05 -2.201930000000000121e+01
2.319461250000000000e+05 -2.230493999999999843e+01
2.319462000000000116e+05 -2.383746000000000009e+01
2.319462750000000233e+05 -2.253234000000000137e+01
2.319463500000000058e+05 -2.456124000000000152e+01
2.319464250000000175e+05 -2.254076999999999842e+01
2.319465000000000000e+05 -2.331963999999999970e+01
2.319465750000000116e+05 -2.314649000000000001e+01
2.319466500000000233e+05 -2.380046000000000106e+01
2.319467250000000058e+05 -2.056587000000000032e+01
2.319468000000000175e+05 -3.086843999999999966e+01
2.319468750000000000e+05 -2.403717999999999932e+01
2.319469500000000116e+05 -2.315147999999999939e+01
2.319470250000000233e+05 -2.514389999999999858e+01
2.319471000000000058e+05 -2.178131000000000128e+01
2.319471750000000175e+05 -2.472991999999999990e+01
2.319472500000000000e+05 -2.300037000000000020e+01
2.319473250000000116e+05 -2.372193000000000040e+01
2.319474000000000233e+05 -2.090063999999999922e+01
2.319474750000000058e+05 -2.139787000000000106e+01
2.319475500000000175e+05 -2.388741999999999877e+01
2.319476250000000000e+05 -2.342981999999999942e+01
2.319477000000000116e+05 -1.967834999999999823e+01
2.319477750000000233e+05 -2.318384999999999962e+01
2.319478500000000058e+05 -2.494935999999999865e+01
2.319479250000000175e+05 -2.475725999999999871e+01
2.319480000000000000e+05 -2.266301999999999950e+01
2.319480750000000116e+05 -2.664868999999999843e+01
