# Temperature: None K
2.318361749999999884e+05 -1.912064000000000163e+01
2.318362500000000000e+05 -1.887189000000000050e+01
2.318363249999999825e+05 -1.903228000000000009e+01
2.318363999999999942e+05 -1.910033999999999921e+01
2.318364749999999767e+05 -1.926743000000000094e+01
2.318365499999999884e+05 -1.904576000000000136e+01
2.318366250000000000e+05 -2.023044000000000153e+01
2.318366999999999825e+05 -1.987581000000000131e+01
2.318367749999999942e+05 -1.880349000000000004e+01
2.318368499999999767e+05 -2.061759999999999948e+01
2.318369249999999884e+05 -1.954693999999999932e+01
2.318370000000000000e+05 -1.984590999999999994e+01
2.318370749999999825e+05 -1.974090999999999951e+01
2.318371499999999942e+05 -1.969547000000000025e+01
2.318372249999999767e+05 -1.876330000000000098e+01
2.318372999999999884e+05 -2.050094999999999956e+01
2.318373750000000000e+05 -2.014200999999999908e+01
2.318374499999999825e+05 -2.086984999999999957e+01
2.318375249999999942e+05 -2.007608000000000104e+01
2.318375999999999767e+05 -1.967386000000000124e+01
2.318376749999999884e+05 -1.974165999999999954e+01
2.318377500000000000e+05 -2.062784999999999869e+01
2.318378249999999825e+05 -2.036708000000000141e+01
2.318378999999999942e+05 -2.008107000000000042e+01
2.318379749999999767e+05 -1.944080999999999904e+01
2.318380499999999884e+05 -2.131315000000000026e+01
2.318381250000000000e+05 -2.013722999999999885e+01
2.318381999999999825e+05 -1.985148999999999830e+01
2.318382749999999942e+05 -1.944857999999999976e+01
2.318383499999999767e+05 -1.961605000000000132e+01
2.318384249999999884e+05 -2.022202000000000055e+01
2.318385000000000000e+05 -2.041438000000000130e+01
2.318385749999999825e+05 -1.974121999999999844e+01
2.318386499999999942e+05 -1.990474000000000032e+01
2.318387249999999767e+05 -2.040473000000000070e+01
2.318387999999999884e+05 -2.002180999999999855e+01
2.318388750000000000e+05 -1.993716999999999828e+01
2.318389499999999825e+05 -1.989292000000000016e+01
2.318390249999999942e+05 -2.056938999999999851e+01
2.318390999999999767e+05 -2.049361000000000033e+01
2.318391749999999884e+05 -2.049936999999999898e+01
2.318392500000000000e+05 -2.031462000000000145e+01
2.318393249999999825e+05 -1.930480000000000018e+01
2.318393999999999942e+05 -1.978015999999999863e+01
2.318394749999999767e+05 -1.964092000000000127e+01
2.318395499999999884e+05 -2.033973999999999904e+01
2.318396250000000000e+05 -1.988347999999999871e+01
2.318396999999999825e+05 -1.958361999999999981e+01
2.318397749999999942e+05 -1.931575000000000131e+01
2.318398499999999767e+05 -1.920926000000000045e+01
2.318399249999999884e+05 -1.989178000000000068e+01
2.318400000000000000e+05 -1.873881000000000085e+01
2.318400749999999825e+05 -2.000140000000000029e+01
2.318401499999999942e+05 -2.068506999999999962e+01
2.318402249999999767e+05 -2.011132999999999882e+01
2.318402999999999884e+05 -1.974099000000000004e+01
2.318403750000000000e+05 -1.994299000000000177e+01
2.318404499999999825e+05 -2.023708999999999847e+01
2.318405249999999942e+05 -1.949242999999999881e+01
2.318405999999999767e+05 -2.019621000000000066e+01
2.318406749999999884e+05 -1.922246000000000166e+01
2.318407500000000000e+05 -1.917950000000000088e+01
2.318408249999999825e+05 -1.850412999999999997e+01
2.318408999999999942e+05 -1.874389000000000038e+01
2.318409749999999767e+05 -1.951804999999999879e+01
2.318410499999999884e+05 -1.857092000000000098e+01
2.318411250000000000e+05 -2.045928999999999931e+01
2.318411999999999825e+05 -1.933174999999999955e+01
2.318412749999999942e+05 -1.937585999999999942e+01
2.318413499999999767e+05 -2.024254000000000175e+01
2.318414249999999884e+05 -1.931627999999999901e+01
2.318415000000000000e+05 -2.009509999999999863e+01
2.318415749999999825e+05 -1.970607000000000042e+01
2.318416499999999942e+05 -1.902595000000000169e+01
2.318417249999999767e+05 -1.934112000000000009e+01
2.318417999999999884e+05 -2.021243000000000123e+01
2.318418750000000000e+05 -1.982755999999999830e+01
2.318419499999999825e+05 -1.935176999999999836e+01
2.318420249999999942e+05 -1.958368000000000109e+01
2.318420999999999767e+05 -1.952072000000000074e+01
2.318421749999999884e+05 -1.928431000000000139e+01
2.318422500000000000e+05 -1.899312000000000111e+01
2.318423249999999825e+05 -1.898809999999999931e+01
2.318423999999999942e+05 -1.955861000000000161e+01
2.318424749999999767e+05 -1.985633999999999943e+01
2.318425499999999884e+05 -1.909929999999999950e+01
2.318426250000000000e+05 -1.946562000000000126e+01
2.318426999999999825e+05 -1.938922000000000168e+01
2.318427749999999942e+05 -1.833175999999999917e+01
2.318428499999999767e+05 -1.890096000000000132e+01
2.318429249999999884e+05 -1.907059999999999889e+01
2.318430000000000000e+05 -1.815478999999999843e+01
2.318430749999999825e+05 -2.035238000000000014e+01
2.318431499999999942e+05 -1.948282999999999987e+01
2.318432249999999767e+05 -1.861553999999999931e+01
2.318432999999999884e+05 -1.906689000000000078e+01
2.318433750000000000e+05 -1.868263999999999925e+01
2.318434499999999825e+05 -1.886790999999999840e+01
2.318435249999999942e+05 -1.887831999999999866e+01
2.318435999999999767e+05 -1.875993000000000066e+01
2.318436749999999884e+05 -1.895047999999999888e+01
2.318437500000000000e+05 -1.870805000000000007e+01
2.318438249999999825e+05 -1.925556999999999874e+01
2.318438999999999942e+05 -1.875919000000000025e+01
2.318439749999999767e+05 -1.911224999999999952e+01
2.318440499999999884e+05 -1.918994999999999962e+01
2.318441250000000000e+05 -1.900935000000000130e+01
2.318441999999999825e+05 -1.920492000000000132e+01
2.318442749999999942e+05 -1.843236999999999881e+01
2.318443499999999767e+05 -1.866700000000000159e+01
2.318444249999999884e+05 -1.884399000000000157e+01
2.318445000000000000e+05 -1.931346999999999881e+01
2.318445749999999825e+05 -1.912471000000000032e+01
2.318446499999999942e+05 -1.855833000000000155e+01
2.318447249999999767e+05 -1.902835999999999927e+01
2.318447999999999884e+05 -1.874157999999999902e+01
2.318448750000000000e+05 -1.872441999999999851e+01
2.318449499999999825e+05 -1.856847000000000136e+01
2.318450249999999942e+05 -1.927762999999999849e+01
2.318450999999999767e+05 -1.922888999999999982e+01
2.318451749999999884e+05 -1.854470999999999847e+01
2.318452500000000000e+05 -1.885409999999999897e+01
2.318453249999999825e+05 -1.796931000000000012e+01
2.318453999999999942e+05 -1.911268000000000100e+01
2.318454749999999767e+05 -1.810051999999999950e+01
2.318455499999999884e+05 -1.800119000000000113e+01
2.318456250000000000e+05 -1.908859999999999957e+01
2.318456999999999825e+05 -1.878021999999999991e+01
2.318457749999999942e+05 -1.883373999999999882e+01
2.318458499999999767e+05 -1.847722999999999871e+01
2.318459249999999884e+05 -1.776613000000000042e+01
2.318460000000000000e+05 -1.766188000000000002e+01
2.318460749999999825e+05 -1.814339000000000013e+01
2.318461499999999942e+05 -1.806979000000000113e+01
2.318462249999999767e+05 -1.762506000000000128e+01
2.318462999999999884e+05 -1.809836999999999918e+01
2.318463750000000000e+05 -1.789291000000000054e+01
2.318464499999999825e+05 -1.778910000000000124e+01
2.318465249999999942e+05 -1.847408000000000072e+01
2.318465999999999767e+05 -1.826342999999999961e+01
2.318466749999999884e+05 -1.844657000000000124e+01
2.318467500000000000e+05 -1.780292999999999992e+01
2.318468249999999825e+05 -1.839457000000000164e+01
2.318468999999999942e+05 -1.810436999999999941e+01
2.318469749999999767e+05 -1.869856000000000051e+01
2.318470499999999884e+05 -1.816240000000000165e+01
2.318471250000000000e+05 -1.835195999999999827e+01
2.318471999999999825e+05 -1.770713999999999899e+01
2.318472749999999942e+05 -1.841985999999999990e+01
2.318473499999999767e+05 -1.757021999999999906e+01
2.318474249999999884e+05 -1.741846999999999923e+01
2.318475000000000000e+05 -1.829344000000000037e+01
2.318475749999999825e+05 -1.781881999999999877e+01
2.318476499999999942e+05 -1.857893999999999934e+01
2.318477249999999767e+05 -1.753922000000000025e+01
2.318477999999999884e+05 -1.801273000000000124e+01
2.318478750000000000e+05 -1.842277999999999949e+01
2.318479499999999825e+05 -1.858974999999999866e+01
2.318480249999999942e+05 -1.718514000000000053e+01
2.318480999999999767e+05 -1.703666000000000125e+01
2.318481749999999884e+05 -1.710550999999999888e+01
2.318482500000000000e+05 -1.700707999999999842e+01
2.318483249999999825e+05 -1.750065000000000026e+01
2.318483999999999942e+05 -1.757162999999999897e+01
2.318484749999999767e+05 -1.687807000000000102e+01
2.318485499999999884e+05 -1.765323000000000064e+01
2.318486250000000000e+05 -1.774678000000000111e+01
2.318486999999999825e+05 -1.734607000000000099e+01
2.318487749999999942e+05 -1.675564999999999927e+01
2.318488499999999767e+05 -1.751195999999999842e+01
2.318489249999999884e+05 -1.747859000000000052e+01
2.318490000000000000e+05 -1.736852000000000018e+01
2.318490749999999825e+05 -1.678808000000000078e+01
2.318491499999999942e+05 -1.702788999999999930e+01
2.318492249999999767e+05 -1.668494000000000099e+01
2.318492999999999884e+05 -1.676698000000000022e+01
2.318493750000000000e+05 -1.740668000000000148e+01
2.318494499999999825e+05 -1.722060000000000102e+01
2.318495249999999942e+05 -1.656751999999999825e+01
2.318495999999999767e+05 -1.678907999999999845e+01
2.318496749999999884e+05 -1.667528000000000077e+01
2.318497500000000000e+05 -1.639567999999999870e+01
2.318498249999999825e+05 -1.591778000000000048e+01
2.318498999999999942e+05 -1.600608000000000075e+01
2.318499749999999767e+05 -1.602966999999999942e+01
2.318500499999999884e+05 -1.668186999999999998e+01
2.318501250000000000e+05 -1.617661000000000016e+01
2.318501999999999825e+05 -1.594285999999999959e+01
2.318502749999999942e+05 -1.564105999999999952e+01
2.318503499999999767e+05 -1.606407000000000096e+01
2.318504249999999884e+05 -1.554512000000000072e+01
2.318505000000000000e+05 -1.543815000000000026e+01
2.318505749999999825e+05 -1.559029999999999916e+01
2.318506499999999942e+05 -1.368945000000000078e+01
2.318507249999999767e+05 -1.417336000000000062e+01
2.318507999999999884e+05 -1.377651000000000003e+01
2.318508750000000000e+05 -1.329518999999999984e+01
2.318509499999999825e+05 -1.349276000000000053e+01
2.318510249999999942e+05 -1.366226999999999947e+01
2.318510999999999767e+05 -1.333688000000000073e+01
2.318511749999999884e+05 -1.278125999999999962e+01
2.318512500000000000e+05 -1.279477999999999938e+01
2.318513249999999825e+05 -1.241473000000000049e+01
2.318513999999999942e+05 -1.205902999999999992e+01
2.318514749999999767e+05 -1.234848000000000035e+01
2.318515499999999884e+05 -1.240436000000000050e+01
2.318516250000000000e+05 -1.164793000000000056e+01
2.318516999999999825e+05 -1.163020999999999994e+01
2.318517749999999942e+05 -1.122396999999999956e+01
2.318518499999999767e+05 -1.073713000000000051e+01
2.318519249999999884e+05 -1.086875000000000036e+01
2.318520000000000000e+05 -1.045295999999999914e+01
2.318520749999999825e+05 -1.018496999999999986e+01
2.318521499999999942e+05 -1.021579999999999977e+01
2.318522249999999767e+05 -9.724992999999999554e+00
2.318522999999999884e+05 -9.741813999999999751e+00
2.318523750000000000e+05 -9.159563999999999595e+00
2.318524499999999825e+05 -9.062388000000000332e+00
2.318525249999999942e+05 -8.563682000000000016e+00
2.318525999999999767e+05 -8.233000000000000540e+00
2.318526749999999884e+05 -8.106275000000000119e+00
2.318527500000000000e+05 -7.797716000000000314e+00
2.318528249999999825e+05 -7.476179000000000130e+00
2.318528999999999942e+05 -7.336538000000000004e+00
2.318529749999999767e+05 -7.092709000000000152e+00
2.318530499999999884e+05 -6.987052000000000263e+00
2.318531250000000000e+05 -6.783958000000000155e+00
2.318531999999999825e+05 -6.892716000000000065e+00
2.318532749999999942e+05 -6.566194999999999560e+00
2.318533499999999767e+05 -6.721383999999999581e+00
2.318534249999999884e+05 -6.730735000000000134e+00
2.318535000000000000e+05 -6.932042000000000037e+00
2.318535749999999825e+05 -7.248332999999999693e+00
2.318536499999999942e+05 -7.631236999999999604e+00
2.318537249999999767e+05 -8.270557000000000158e+00
2.318537999999999884e+05 -8.642737999999999587e+00
2.318538750000000000e+05 -9.495587999999999695e+00
2.318539499999999825e+05 -1.057225999999999999e+01
2.318540249999999942e+05 -1.182205000000000084e+01
2.318540999999999767e+05 -1.272245000000000026e+01
2.318541749999999884e+05 -1.373334999999999972e+01
2.318542500000000000e+05 -1.563141000000000069e+01
2.318543249999999825e+05 -1.740888999999999953e+01
2.318543999999999942e+05 -1.844638000000000133e+01
2.318544749999999767e+05 -1.947294000000000125e+01
2.318545499999999884e+05 -2.054787999999999926e+01
2.318546250000000000e+05 -2.032434999999999903e+01
2.318546999999999825e+05 -2.128178000000000125e+01
2.318547749999999942e+05 -2.079360000000000142e+01
2.318548499999999767e+05 -2.043505000000000038e+01
2.318549249999999884e+05 -2.248927000000000120e+01
2.318550000000000000e+05 -2.212161000000000044e+01
2.318550749999999825e+05 -2.579389000000000109e+01
2.318551499999999942e+05 -2.527068999999999832e+01
2.318552249999999767e+05 -2.489950999999999937e+01
2.318552999999999884e+05 -2.635800000000000054e+01
2.318553750000000000e+05 -2.835972999999999900e+01
2.318554499999999825e+05 -2.798163999999999874e+01
2.318555249999999942e+05 -2.774757999999999925e+01
2.318555999999999767e+05 -2.757169999999999987e+01
2.318556749999999884e+05 -3.268149999999999977e+01
2.318557500000000000e+05 -3.001659000000000077e+01
2.318558249999999825e+05 -3.399302999999999741e+01
2.318558999999999942e+05 -3.393290999999999968e+01
2.318559749999999767e+05 -3.375690999999999775e+01
2.318560499999999884e+05 -3.209197000000000344e+01
2.318561250000000000e+05 -3.666425000000000267e+01
2.318561999999999825e+05 -3.857274000000000314e+01
2.318562749999999942e+05 -4.116248000000000218e+01
2.318563499999999767e+05 -3.386851000000000056e+01
2.318564249999999884e+05 -3.575576999999999828e+01
2.318565000000000000e+05 -4.261923999999999779e+01
2.318565749999999825e+05 -4.757788999999999646e+01
2.318566499999999942e+05 -4.498635000000000161e+01
2.318567249999999767e+05 -3.802964999999999662e+01
2.318567999999999884e+05 -4.735114999999999696e+01
2.318568750000000000e+05 -3.772858999999999696e+01
2.318569499999999825e+05 -4.147908999999999935e+01
2.318570249999999942e+05 -4.448429000000000144e+01
2.318570999999999767e+05 -4.306777999999999906e+01
2.318571749999999884e+05 -4.558805000000000263e+01
2.318572500000000000e+05 -4.115614000000000061e+01
2.318573249999999825e+05 -4.241315999999999775e+01
2.318573999999999942e+05 -3.997937000000000296e+01
2.318574749999999767e+05 -3.940267000000000053e+01
2.318575499999999884e+05 -3.575258999999999787e+01
2.318576250000000000e+05 -3.387724999999999653e+01
2.318576999999999825e+05 -3.338933999999999713e+01
2.318577749999999942e+05 -3.317746999999999957e+01
2.318578499999999767e+05 -3.463078000000000145e+01
2.318579249999999884e+05 -3.577223000000000042e+01
2.318580000000000000e+05 -3.577261000000000024e+01
2.318580749999999825e+05 -3.337389000000000294e+01
2.318581499999999942e+05 -3.136142999999999859e+01
2.318582249999999767e+05 -3.353143000000000029e+01
2.318582999999999884e+05 -3.235481000000000051e+01
2.318583750000000000e+05 -3.512841000000000236e+01
2.318584499999999825e+05 -3.233086999999999733e+01
2.318585249999999942e+05 -2.699060000000000059e+01
2.318585999999999767e+05 -2.965271999999999863e+01
2.318586749999999884e+05 -3.313347999999999871e+01
2.318587500000000000e+05 -3.033465999999999951e+01
2.318588249999999825e+05 -3.084659999999999869e+01
2.318588999999999942e+05 -3.043508999999999887e+01
2.318589749999999767e+05 -2.969442000000000093e+01
2.318590499999999884e+05 -3.424141000000000190e+01
2.318591250000000000e+05 -2.912931000000000026e+01
2.318591999999999825e+05 -2.826368000000000080e+01
2.318592749999999942e+05 -2.926198000000000121e+01
2.318593499999999767e+05 -2.888597999999999999e+01
2.318594249999999884e+05 -2.795289000000000001e+01
2.318595000000000000e+05 -2.884493000000000151e+01
2.318595749999999825e+05 -2.864801999999999893e+01
2.318596499999999942e+05 -2.709609999999999985e+01
2.318597249999999767e+05 -2.870286000000000115e+01
2.318597999999999884e+05 -3.314139999999999731e+01
2.318598750000000000e+05 -2.705039999999999978e+01
2.318599499999999825e+05 -2.803856000000000037e+01
2.318600249999999942e+05 -2.989490999999999943e+01
2.318600999999999767e+05 -2.802978999999999843e+01
2.318601749999999884e+05 -2.653631000000000029e+01
2.318602500000000000e+05 -2.720231000000000066e+01
2.318603249999999825e+05 -2.717336999999999847e+01
2.318603999999999942e+05 -2.795493000000000094e+01
2.318604749999999767e+05 -2.935448999999999842e+01
2.318605499999999884e+05 -2.606823999999999941e+01
2.318606250000000000e+05 -2.739248999999999867e+01
2.318606999999999825e+05 -2.733545000000000158e+01
2.318607749999999942e+05 -2.748041999999999874e+01
2.318608499999999767e+05 -2.589402000000000115e+01
2.318609249999999884e+05 -2.713288999999999973e+01
2.318610000000000000e+05 -2.602304000000000173e+01
2.318610749999999825e+05 -2.775300999999999974e+01
2.318611499999999942e+05 -2.565931000000000139e+01
2.318612249999999767e+05 -2.725025000000000119e+01
2.318612999999999884e+05 -2.704552999999999940e+01
2.318613750000000000e+05 -2.593835999999999942e+01
2.318614499999999825e+05 -2.630369999999999919e+01
2.318615249999999942e+05 -2.655436999999999870e+01
2.318615999999999767e+05 -2.800227999999999895e+01
2.318616749999999884e+05 -2.479918999999999940e+01
2.318617500000000000e+05 -2.570092999999999961e+01
2.318618249999999825e+05 -2.672455000000000069e+01
2.318618999999999942e+05 -2.553651999999999944e+01
2.318619749999999767e+05 -2.474182000000000059e+01
2.318620499999999884e+05 -2.644453000000000031e+01
2.318621250000000000e+05 -2.708456999999999937e+01
2.318621999999999825e+05 -2.630979999999999919e+01
2.318622749999999942e+05 -2.812721000000000160e+01
2.318623499999999767e+05 -2.644967000000000112e+01
2.318624249999999884e+05 -2.677775000000000105e+01
2.318625000000000000e+05 -2.615689000000000064e+01
2.318625749999999825e+05 -2.622294000000000125e+01
2.318626499999999942e+05 -2.689515000000000100e+01
2.318627249999999767e+05 -2.451999999999999957e+01
2.318627999999999884e+05 -2.441891000000000034e+01
2.318628750000000000e+05 -2.455243000000000109e+01
2.318629499999999825e+05 -2.727623000000000175e+01
2.318630249999999942e+05 -2.494347000000000136e+01
2.318630999999999767e+05 -2.567502999999999957e+01
2.318631749999999884e+05 -2.609444999999999837e+01
2.318632500000000000e+05 -2.457922999999999902e+01
2.318633249999999825e+05 -2.482434999999999903e+01
2.318633999999999942e+05 -2.728557999999999950e+01
2.318634749999999767e+05 -2.508746999999999971e+01
2.318635499999999884e+05 -2.524151000000000167e+01
2.318636250000000000e+05 -2.481994999999999862e+01
2.318636999999999825e+05 -2.497169999999999845e+01
2.318637749999999942e+05 -2.509199999999999875e+01
2.318638499999999767e+05 -2.545643000000000100e+01
2.318639249999999884e+05 -2.601076000000000121e+01
2.318640000000000000e+05 -2.666508999999999929e+01
2.318640749999999825e+05 -2.479298000000000002e+01
2.318641499999999942e+05 -2.583745000000000047e+01
2.318642249999999767e+05 -2.571507000000000076e+01
2.318642999999999884e+05 -2.589734999999999943e+01
2.318643750000000000e+05 -2.460062999999999889e+01
2.318644499999999825e+05 -2.576752000000000109e+01
2.318645249999999942e+05 -2.536689000000000149e+01
2.318645999999999767e+05 -2.496546000000000021e+01
2.318646749999999884e+05 -2.555332999999999899e+01
2.318647500000000000e+05 -2.531211000000000055e+01
2.318648249999999825e+05 -2.480304999999999893e+01
2.318648999999999942e+05 -2.463886000000000109e+01
2.318649749999999767e+05 -2.456311000000000178e+01
2.318650499999999884e+05 -2.547305000000000064e+01
2.318651250000000000e+05 -2.490371000000000024e+01
2.318651999999999825e+05 -2.530279000000000167e+01
2.318652749999999942e+05 -2.515579999999999927e+01
2.318653499999999767e+05 -2.458842999999999890e+01
2.318654249999999884e+05 -2.496929000000000087e+01
2.318655000000000000e+05 -2.596685000000000088e+01
2.318655749999999825e+05 -2.541752999999999929e+01
2.318656499999999942e+05 -2.593780999999999892e+01
2.318657249999999767e+05 -2.557513000000000147e+01
2.318657999999999884e+05 -2.556512999999999991e+01
2.318658750000000000e+05 -2.333369000000000071e+01
2.318659499999999825e+05 -2.427759999999999962e+01
2.318660249999999942e+05 -2.445201000000000136e+01
2.318660999999999767e+05 -2.309825999999999979e+01
2.318661749999999884e+05 -2.338785000000000025e+01
