# Temperature: None K
2.317979500000000116e+05 -2.164996999999999971e+01
2.317980250000000233e+05 -2.177770999999999901e+01
2.317981000000000058e+05 -2.187956000000000145e+01
2.317981750000000175e+05 -1.598427000000000042e+01
2.317982500000000000e+05 -1.804569000000000045e+01
2.317983250000000116e+05 -2.099117000000000033e+01
2.317984000000000233e+05 -2.239843000000000117e+01
2.317984750000000058e+05 -2.031276000000000082e+01
2.317985500000000175e+05 -1.940383999999999887e+01
2.317986250000000000e+05 -1.856696000000000168e+01
2.317987000000000116e+05 -2.007157000000000124e+01
2.317987750000000233e+05 -2.104165000000000063e+01
2.317988500000000058e+05 -1.953174999999999883e+01
2.317989250000000175e+05 -1.708353999999999928e+01
2.317990000000000000e+05 -1.863053000000000026e+01
2.317990750000000116e+05 -2.079217999999999833e+01
2.317991500000000233e+05 -1.967000000000000171e+01
2.317992250000000058e+05 -1.760912000000000077e+01
2.317993000000000175e+05 -2.017248000000000019e+01
2.317993750000000000e+05 -1.849655999999999878e+01
2.317994500000000116e+05 -2.058126000000000033e+01
2.317995250000000233e+05 -1.740549000000000035e+01
2.317996000000000058e+05 -1.838338999999999857e+01
2.317996750000000175e+05 -2.391394999999999982e+01
2.317997500000000000e+05 -1.850331999999999866e+01
2.317998250000000116e+05 -1.817137999999999920e+01
2.317999000000000233e+05 -2.176126000000000005e+01
2.317999750000000058e+05 -2.233742000000000161e+01
2.318000500000000175e+05 -1.927712999999999965e+01
2.318001250000000000e+05 -1.810376000000000118e+01
2.318002000000000116e+05 -1.929345999999999961e+01
2.318002750000000233e+05 -1.988212000000000046e+01
2.318003500000000058e+05 -1.984283999999999892e+01
2.318004250000000175e+05 -1.944433000000000078e+01
2.318005000000000000e+05 -2.090538000000000096e+01
2.318005750000000116e+05 -2.054429000000000016e+01
2.318006500000000233e+05 -2.119718999999999909e+01
2.318007250000000058e+05 -1.946113000000000071e+01
2.318008000000000175e+05 -1.883540999999999954e+01
2.318008750000000000e+05 -1.920400000000000063e+01
2.318009500000000116e+05 -1.831181000000000125e+01
2.318010250000000233e+05 -1.943817999999999913e+01
2.318011000000000058e+05 -1.939561000000000135e+01
2.318011750000000175e+05 -1.892507000000000161e+01
2.318012500000000000e+05 -2.001573000000000135e+01
2.318013250000000116e+05 -1.948674000000000106e+01
2.318014000000000233e+05 -1.888326999999999956e+01
2.318014750000000058e+05 -1.840437999999999974e+01
2.318015500000000175e+05 -1.828118999999999872e+01
2.318016250000000000e+05 -2.055768000000000129e+01
2.318017000000000116e+05 -1.874692999999999898e+01
2.318017750000000233e+05 -2.232500999999999891e+01
2.318018500000000058e+05 -1.930956000000000117e+01
2.318019250000000175e+05 -1.957901000000000025e+01
2.318020000000000000e+05 -1.850956000000000046e+01
2.318020750000000116e+05 -1.964867999999999881e+01
2.318021500000000233e+05 -2.071509000000000000e+01
2.318022250000000058e+05 -2.028313999999999950e+01
2.318023000000000175e+05 -2.216543000000000063e+01
2.318023750000000000e+05 -1.899669000000000096e+01
2.318024500000000116e+05 -1.888332000000000122e+01
2.318025250000000233e+05 -1.843153999999999826e+01
2.318026000000000058e+05 -1.900568000000000168e+01
2.318026750000000175e+05 -1.717169000000000167e+01
2.318027500000000000e+05 -1.860476999999999848e+01
2.318028250000000116e+05 -1.954528000000000176e+01
2.318029000000000233e+05 -1.796434999999999960e+01
2.318029750000000058e+05 -1.954956999999999923e+01
2.318030500000000175e+05 -2.002297000000000082e+01
2.318031250000000000e+05 -2.006720999999999933e+01
2.318032000000000116e+05 -2.150580000000000069e+01
2.318032750000000233e+05 -1.820766000000000062e+01
2.318033500000000058e+05 -1.926306999999999903e+01
2.318034250000000175e+05 -1.841078999999999866e+01
2.318035000000000000e+05 -2.173980999999999852e+01
2.318035750000000116e+05 -1.983415000000000106e+01
2.318036500000000233e+05 -1.867254000000000147e+01
2.318037250000000058e+05 -1.884943000000000168e+01
2.318038000000000175e+05 -2.089706999999999937e+01
2.318038750000000000e+05 -1.830360999999999905e+01
2.318039500000000116e+05 -1.803365000000000151e+01
2.318040250000000233e+05 -1.812744999999999962e+01
2.318041000000000058e+05 -1.848387999999999920e+01
2.318041750000000175e+05 -2.168225999999999942e+01
2.318042500000000000e+05 -1.930273000000000039e+01
2.318043250000000116e+05 -1.690155999999999992e+01
2.318044000000000233e+05 -1.732329999999999970e+01
2.318044750000000058e+05 -2.044325999999999866e+01
2.318045500000000175e+05 -1.960109999999999886e+01
2.318046250000000000e+05 -1.883014000000000010e+01
2.318047000000000116e+05 -1.810370999999999952e+01
2.318047750000000233e+05 -1.859348999999999918e+01
2.318048500000000058e+05 -1.791274999999999906e+01
2.318049250000000175e+05 -1.879662000000000077e+01
2.318050000000000000e+05 -1.985994000000000170e+01
2.318050750000000116e+05 -1.770166000000000039e+01
2.318051500000000233e+05 -1.789889000000000152e+01
2.318052250000000058e+05 -1.867266000000000048e+01
2.318053000000000175e+05 -1.560985999999999940e+01
2.318053750000000000e+05 -1.919810999999999979e+01
2.318054500000000116e+05 -1.844339000000000084e+01
2.318055250000000233e+05 -1.724325999999999937e+01
2.318056000000000058e+05 -1.649215999999999838e+01
2.318056750000000175e+05 -1.754651000000000138e+01
2.318057500000000000e+05 -1.751362999999999914e+01
2.318058250000000116e+05 -1.715327999999999875e+01
2.318059000000000233e+05 -1.738206999999999880e+01
2.318059750000000058e+05 -1.707740000000000080e+01
2.318060500000000175e+05 -1.706691999999999965e+01
2.318061250000000000e+05 -1.960692999999999842e+01
2.318062000000000116e+05 -1.811917000000000044e+01
2.318062750000000233e+05 -1.846940999999999988e+01
2.318063500000000058e+05 -1.747317999999999927e+01
2.318064250000000175e+05 -1.600571000000000055e+01
2.318065000000000000e+05 -1.742408000000000001e+01
2.318065750000000116e+05 -1.653793999999999897e+01
2.318066500000000233e+05 -1.687160000000000082e+01
2.318067250000000058e+05 -1.595917999999999992e+01
2.318068000000000175e+05 -1.701916999999999902e+01
2.318068750000000000e+05 -1.658105000000000118e+01
2.318069500000000116e+05 -1.747983999999999938e+01
2.318070250000000233e+05 -1.803559999999999874e+01
2.318071000000000058e+05 -1.762938000000000116e+01
2.318071750000000175e+05 -1.578682000000000052e+01
2.318072500000000000e+05 -1.756657999999999831e+01
2.318073250000000116e+05 -1.856708000000000069e+01
2.318074000000000233e+05 -1.892907999999999902e+01
2.318074750000000058e+05 -1.711730999999999980e+01
2.318075500000000175e+05 -1.710401999999999845e+01
2.318076250000000000e+05 -1.539222000000000001e+01
2.318077000000000116e+05 -1.606764000000000081e+01
2.318077750000000233e+05 -1.610929000000000144e+01
2.318078500000000058e+05 -1.502069999999999972e+01
2.318079250000000175e+05 -1.883277000000000001e+01
2.318080000000000000e+05 -1.887037000000000120e+01
2.318080750000000116e+05 -1.822558000000000078e+01
2.318081500000000233e+05 -1.790190000000000126e+01
2.318082250000000058e+05 -1.593378000000000050e+01
2.318083000000000175e+05 -1.615961000000000070e+01
2.318083750000000000e+05 -1.675471999999999895e+01
2.318084500000000116e+05 -1.817655999999999850e+01
2.318085250000000233e+05 -1.521340000000000003e+01
2.318086000000000058e+05 -1.684843000000000046e+01
2.318086750000000175e+05 -1.657327000000000083e+01
2.318087500000000000e+05 -1.451082000000000072e+01
2.318088250000000116e+05 -1.683111999999999853e+01
2.318089000000000233e+05 -1.568294999999999995e+01
2.318089750000000058e+05 -1.539105999999999952e+01
2.318090500000000175e+05 -1.442733999999999916e+01
2.318091250000000000e+05 -1.728462999999999994e+01
2.318092000000000116e+05 -1.558808999999999934e+01
2.318092750000000233e+05 -1.454311000000000043e+01
2.318093500000000058e+05 -1.501205000000000034e+01
2.318094250000000175e+05 -1.539323000000000086e+01
2.318095000000000000e+05 -1.510162000000000049e+01
2.318095750000000116e+05 -1.487770000000000081e+01
2.318096500000000233e+05 -1.361326999999999998e+01
2.318097250000000058e+05 -1.537490999999999985e+01
2.318098000000000175e+05 -1.398427000000000042e+01
2.318098750000000000e+05 -1.610484999999999900e+01
2.318099500000000116e+05 -1.453466000000000058e+01
2.318100250000000233e+05 -1.301225999999999949e+01
2.318101000000000058e+05 -1.345833000000000013e+01
2.318101750000000175e+05 -1.357455999999999996e+01
2.318102500000000000e+05 -1.365108999999999995e+01
2.318103250000000116e+05 -1.317426999999999992e+01
2.318104000000000233e+05 -1.301801999999999992e+01
2.318104750000000058e+05 -1.160792000000000002e+01
2.318105500000000175e+05 -1.199018000000000050e+01
2.318106250000000000e+05 -1.302509000000000050e+01
2.318107000000000116e+05 -1.285506999999999955e+01
2.318107750000000233e+05 -1.158533000000000079e+01
2.318108500000000058e+05 -1.071732000000000085e+01
2.318109250000000175e+05 -1.108697000000000088e+01
2.318110000000000000e+05 -1.017317000000000071e+01
2.318110750000000116e+05 -1.073428000000000004e+01
2.318111500000000233e+05 -1.022148999999999930e+01
2.318112250000000058e+05 -1.024919000000000047e+01
2.318113000000000175e+05 -8.866756000000000526e+00
2.318113750000000000e+05 -8.748825000000000074e+00
2.318114500000000116e+05 -8.655461000000000737e+00
2.318115250000000233e+05 -8.854010999999999854e+00
2.318116000000000058e+05 -7.677834999999999965e+00
2.318116750000000175e+05 -7.214941999999999744e+00
2.318117500000000000e+05 -6.779878000000000071e+00
2.318118250000000116e+05 -6.187592000000000425e+00
2.318119000000000233e+05 -5.505595999999999712e+00
2.318119750000000058e+05 -5.193476000000000425e+00
2.318120500000000175e+05 -4.400356999999999630e+00
2.318121250000000000e+05 -3.734075999999999951e+00
2.318122000000000116e+05 -3.160260000000000069e+00
2.318122750000000233e+05 -2.687640000000000029e+00
2.318123500000000058e+05 -2.014771000000000090e+00
2.318124250000000175e+05 -1.512059000000000042e+00
2.318125000000000000e+05 -1.035684000000000049e+00
2.318125750000000116e+05 -3.295472999999999875e-01
2.318126500000000233e+05 2.957425000000000193e-01
2.318127250000000058e+05 6.176603999999999983e-01
2.318128000000000175e+05 9.356691999999999787e-01
2.318128750000000000e+05 1.570777000000000090e+00
2.318129500000000116e+05 1.727292999999999967e+00
2.318130250000000233e+05 1.699476999999999904e+00
2.318131000000000058e+05 1.803202999999999889e+00
2.318131750000000175e+05 1.665014999999999912e+00
2.318132500000000000e+05 1.237049000000000065e+00
2.318133250000000116e+05 9.515042999999999696e-01
2.318134000000000233e+05 2.171999000000000013e-01
2.318134750000000058e+05 -6.657604999999999773e-01
2.318135500000000175e+05 -1.078629000000000060e+00
2.318136250000000000e+05 -2.157233999999999874e+00
2.318137000000000116e+05 -2.821511999999999798e+00
2.318137750000000233e+05 -2.870687000000000211e+00
2.318138500000000058e+05 -2.792781000000000180e+00
2.318139250000000175e+05 -2.778213000000000044e+00
2.318140000000000000e+05 -1.842557999999999918e+00
2.318140750000000116e+05 -2.375354999999999883e+00
2.318141500000000233e+05 -1.998683999999999905e+00
2.318142250000000058e+05 -2.757535999999999987e+00
2.318143000000000175e+05 -3.959026999999999852e+00
2.318143750000000000e+05 -4.412919999999999732e+00
2.318144500000000116e+05 -5.006967999999999641e+00
2.318145250000000233e+05 -4.936620999999999704e+00
2.318146000000000058e+05 -4.830693000000000126e+00
2.318146750000000175e+05 -4.709623999999999810e+00
2.318147500000000000e+05 -5.123893999999999949e+00
2.318148250000000116e+05 -4.934706000000000259e+00
2.318149000000000233e+05 -5.853825999999999752e+00
2.318149750000000058e+05 -6.803658000000000428e+00
2.318150500000000175e+05 -6.588986000000000232e+00
2.318151250000000000e+05 -6.564288000000000345e+00
2.318152000000000116e+05 -6.609842000000000439e+00
2.318152750000000233e+05 -7.135138000000000424e+00
2.318153500000000058e+05 -7.760059000000000040e+00
2.318154250000000175e+05 -7.646791999999999589e+00
2.318155000000000000e+05 -8.161896999999999736e+00
2.318155750000000116e+05 -8.520514999999999617e+00
2.318156500000000233e+05 -7.979974000000000345e+00
2.318157250000000058e+05 -8.158984000000000236e+00
2.318158000000000175e+05 -9.490031000000000105e+00
2.318158750000000000e+05 -9.480499000000000009e+00
2.318159500000000116e+05 -1.021897000000000055e+01
2.318160250000000233e+05 -9.916002999999999901e+00
2.318161000000000058e+05 -8.914370999999999157e+00
2.318161750000000175e+05 -9.990576000000000789e+00
2.318162500000000000e+05 -1.032484000000000002e+01
2.318163250000000116e+05 -1.006235999999999997e+01
2.318164000000000233e+05 -1.112509000000000015e+01
2.318164750000000058e+05 -1.134573999999999927e+01
2.318165500000000175e+05 -1.236090000000000089e+01
2.318166250000000000e+05 -1.180699000000000076e+01
2.318167000000000116e+05 -1.233625999999999934e+01
2.318167750000000233e+05 -1.167614000000000019e+01
2.318168500000000058e+05 -1.389076000000000022e+01
2.318169250000000175e+05 -1.444575000000000031e+01
2.318170000000000000e+05 -1.279393999999999920e+01
2.318170750000000116e+05 -1.225636000000000081e+01
2.318171500000000233e+05 -1.409266000000000041e+01
2.318172250000000058e+05 -1.409553999999999974e+01
2.318173000000000175e+05 -1.251843000000000039e+01
2.318173750000000000e+05 -1.465282999999999980e+01
2.318174500000000116e+05 -1.375952000000000019e+01
2.318175250000000233e+05 -1.240611999999999959e+01
2.318176000000000058e+05 -1.439323000000000086e+01
2.318176750000000175e+05 -1.497358999999999973e+01
2.318177500000000000e+05 -1.538011999999999979e+01
2.318178250000000116e+05 -1.577577999999999925e+01
2.318179000000000233e+05 -1.878619000000000128e+01
2.318179750000000058e+05 -1.631497999999999848e+01
2.318180500000000175e+05 -1.498887000000000036e+01
2.318181250000000000e+05 -1.845550000000000068e+01
2.318182000000000116e+05 -1.554414000000000051e+01
2.318182750000000233e+05 -1.734460999999999942e+01
2.318183500000000058e+05 -2.099330000000000140e+01
2.318184250000000175e+05 -1.620437000000000083e+01
2.318185000000000000e+05 -1.854723999999999862e+01
2.318185750000000116e+05 -2.160827000000000098e+01
2.318186500000000233e+05 -1.677873999999999910e+01
2.318187250000000058e+05 -1.929028999999999883e+01
2.318188000000000175e+05 -1.891309000000000040e+01
2.318188750000000000e+05 -1.722146000000000043e+01
2.318189500000000116e+05 -2.628075000000000117e+01
2.318190250000000233e+05 -1.628862000000000165e+01
2.318191000000000058e+05 -2.148888000000000176e+01
2.318191750000000175e+05 -2.055115999999999943e+01
2.318192500000000000e+05 -1.721238999999999919e+01
2.318193250000000116e+05 -2.541683000000000092e+01
2.318194000000000233e+05 -1.926192999999999955e+01
2.318194750000000058e+05 -2.530050999999999917e+01
2.318195500000000175e+05 -1.889633999999999858e+01
2.318196250000000000e+05 -1.899512999999999963e+01
2.318197000000000116e+05 -3.262659000000000020e+01
2.318197750000000233e+05 -2.075986999999999938e+01
2.318198500000000058e+05 -2.469840999999999909e+01
2.318199250000000175e+05 -2.308288999999999902e+01
2.318200000000000000e+05 -2.364224000000000103e+01
2.318200750000000116e+05 -2.024261999999999873e+01
2.318201500000000233e+05 -2.234549000000000163e+01
2.318202250000000058e+05 -2.235294000000000025e+01
2.318203000000000175e+05 -2.116594999999999871e+01
2.318203750000000000e+05 -2.658425000000000082e+01
2.318204500000000116e+05 -2.084499999999999886e+01
2.318205250000000233e+05 -2.892442000000000135e+01
2.318206000000000058e+05 -1.798398999999999859e+01
2.318206750000000175e+05 -2.786646999999999963e+01
2.318207500000000000e+05 -2.050516000000000005e+01
2.318208250000000116e+05 -3.091279000000000110e+01
2.318209000000000233e+05 -2.150704999999999956e+01
2.318209750000000058e+05 -2.616982000000000141e+01
2.318210500000000175e+05 -1.960048000000000101e+01
2.318211250000000000e+05 -3.194947000000000159e+01
2.318212000000000116e+05 -2.675257999999999825e+01
2.318212750000000233e+05 -2.605696999999999974e+01
2.318213500000000058e+05 -2.369500000000000028e+01
2.318214250000000175e+05 -2.990112999999999843e+01
2.318215000000000000e+05 -1.923964000000000141e+01
2.318215750000000116e+05 -2.468599000000000032e+01
2.318216500000000233e+05 -2.398988999999999905e+01
2.318217250000000058e+05 -2.084131999999999962e+01
2.318218000000000175e+05 -3.055690999999999846e+01
2.318218750000000000e+05 -1.963806999999999903e+01
2.318219500000000116e+05 -3.613376999999999839e+01
2.318220250000000233e+05 -2.162697000000000003e+01
2.318221000000000058e+05 -2.339552000000000120e+01
2.318221750000000175e+05 -2.605590000000000117e+01
2.318222500000000000e+05 -2.377449000000000012e+01
2.318223250000000116e+05 -2.319009000000000142e+01
2.318224000000000233e+05 -2.169726999999999961e+01
2.318224750000000058e+05 -2.624806999999999846e+01
2.318225500000000175e+05 -2.256655999999999906e+01
2.318226250000000000e+05 -2.601101999999999848e+01
2.318227000000000116e+05 -2.483428999999999931e+01
2.318227750000000233e+05 -2.858701999999999899e+01
2.318228500000000058e+05 -2.827367999999999881e+01
2.318229250000000175e+05 -3.146399999999999864e+01
2.318230000000000000e+05 -2.239933999999999870e+01
2.318230750000000116e+05 -2.933552999999999855e+01
2.318231500000000233e+05 -2.469886999999999944e+01
2.318232250000000058e+05 -2.418103999999999942e+01
2.318233000000000175e+05 -2.418956000000000017e+01
2.318233750000000000e+05 -2.342557000000000045e+01
2.318234500000000116e+05 -2.162989999999999924e+01
2.318235250000000233e+05 -2.051019000000000148e+01
2.318236000000000058e+05 -2.507310000000000016e+01
2.318236750000000175e+05 -2.351361999999999952e+01
2.318237500000000000e+05 -2.688718000000000075e+01
2.318238250000000116e+05 -2.066827999999999932e+01
2.318239000000000233e+05 -3.360388999999999982e+01
2.318239750000000058e+05 -2.066993000000000080e+01
2.318240500000000175e+05 -2.336164000000000129e+01
2.318241250000000000e+05 -2.911818999999999846e+01
2.318242000000000116e+05 -2.735942999999999969e+01
2.318242750000000233e+05 -2.596535000000000082e+01
2.318243500000000058e+05 -2.350901999999999958e+01
2.318244250000000175e+05 -2.348933999999999855e+01
2.318245000000000000e+05 -2.388747000000000043e+01
2.318245750000000116e+05 -2.540212000000000003e+01
2.318246500000000233e+05 -2.779268000000000072e+01
2.318247250000000058e+05 -2.342576999999999998e+01
2.318248000000000175e+05 -2.228991999999999862e+01
2.318248750000000000e+05 -2.480120000000000147e+01
2.318249500000000116e+05 -3.350413999999999959e+01
2.318250250000000233e+05 -2.007015000000000171e+01
2.318251000000000058e+05 -2.225234999999999985e+01
2.318251750000000175e+05 -2.485855000000000103e+01
2.318252500000000000e+05 -2.444481000000000037e+01
2.318253250000000116e+05 -2.452843999999999980e+01
2.318254000000000233e+05 -2.179067999999999827e+01
2.318254750000000058e+05 -2.369668000000000063e+01
2.318255500000000175e+05 -2.608978000000000108e+01
2.318256250000000000e+05 -2.647204999999999941e+01
2.318257000000000116e+05 -1.866008000000000067e+01
2.318257750000000233e+05 -2.405141000000000062e+01
2.318258500000000058e+05 -2.440775999999999968e+01
2.318259250000000175e+05 -2.436419000000000068e+01
2.318260000000000000e+05 -2.095805999999999969e+01
2.318260750000000116e+05 -2.630005999999999844e+01
2.318261500000000233e+05 -2.663586000000000098e+01
2.318262250000000058e+05 -2.523855999999999966e+01
2.318263000000000175e+05 -2.235755999999999943e+01
2.318263750000000000e+05 -2.132301999999999964e+01
2.318264500000000116e+05 -2.045344000000000051e+01
2.318265250000000233e+05 -2.213195999999999941e+01
2.318266000000000058e+05 -2.385745999999999967e+01
2.318266750000000175e+05 -2.633795999999999893e+01
2.318267500000000000e+05 -2.076989999999999981e+01
2.318268250000000116e+05 -2.630096999999999952e+01
2.318269000000000233e+05 -2.272306000000000026e+01
2.318269750000000058e+05 -2.066158000000000072e+01
2.318270500000000175e+05 -2.414441000000000059e+01
2.318271250000000000e+05 -2.591027000000000058e+01
2.318272000000000116e+05 -2.562725000000000009e+01
2.318272750000000233e+05 -2.280528999999999940e+01
2.318273500000000058e+05 -2.622430999999999912e+01
2.318274250000000175e+05 -2.265530000000000044e+01
2.318275000000000000e+05 -2.221461000000000041e+01
2.318275750000000116e+05 -2.596572000000000102e+01
2.318276500000000233e+05 -2.300626000000000104e+01
2.318277250000000058e+05 -2.596283000000000030e+01
2.318278000000000175e+05 -2.405011000000000010e+01
2.318278750000000000e+05 -2.444432000000000116e+01
2.318279500000000116e+05 -3.348442000000000007e+01
