# Temperature: None K
2.317962999999999884e+05 -2.217667000000000144e+01
2.317963750000000000e+05 -2.109716999999999842e+01
2.317964499999999825e+05 -1.909630999999999901e+01
2.317965249999999942e+05 -1.606970000000000098e+01
2.317965999999999767e+05 -1.941844999999999999e+01
2.317966749999999884e+05 -1.879599999999999937e+01
2.317967500000000000e+05 -2.119771000000000072e+01
2.317968249999999825e+05 -2.180154999999999887e+01
2.317968999999999942e+05 -1.797293000000000163e+01
2.317969749999999767e+05 -2.184718000000000160e+01
2.317970499999999884e+05 -2.220789999999999864e+01
2.317971250000000000e+05 -2.220338999999999885e+01
2.317971999999999825e+05 -1.967563000000000173e+01
2.317972749999999942e+05 -1.974242999999999881e+01
2.317973499999999767e+05 -1.908412999999999826e+01
2.317974249999999884e+05 -1.917556000000000083e+01
2.317975000000000000e+05 -2.225088999999999828e+01
2.317975749999999825e+05 -1.903333999999999904e+01
2.317976499999999942e+05 -1.932066999999999979e+01
2.317977249999999767e+05 -2.015979000000000099e+01
2.317977999999999884e+05 -1.992071999999999932e+01
2.317978750000000000e+05 -1.964577999999999847e+01
2.317979499999999825e+05 -2.099192000000000036e+01
2.317980249999999942e+05 -2.371715999999999980e+01
2.317980999999999767e+05 -1.988607000000000014e+01
2.317981749999999884e+05 -1.722478999999999871e+01
2.317982500000000000e+05 -2.123836000000000013e+01
2.317983249999999825e+05 -2.018763999999999825e+01
2.317983999999999942e+05 -1.861583999999999861e+01
2.317984749999999767e+05 -2.054750999999999905e+01
2.317985499999999884e+05 -2.061511000000000138e+01
2.317986250000000000e+05 -2.057825000000000060e+01
2.317986999999999825e+05 -2.080003999999999920e+01
2.317987749999999942e+05 -2.195674999999999955e+01
2.317988499999999767e+05 -2.229028999999999883e+01
2.317989249999999884e+05 -1.620469999999999899e+01
2.317990000000000000e+05 -2.184216999999999942e+01
2.317990749999999825e+05 -1.616803000000000168e+01
2.317991499999999942e+05 -1.703709999999999880e+01
2.317992249999999767e+05 -2.100427000000000177e+01
2.317992999999999884e+05 -1.747398000000000096e+01
2.317993750000000000e+05 -1.791438000000000130e+01
2.317994499999999825e+05 -1.957397999999999882e+01
2.317995249999999942e+05 -1.996903999999999968e+01
2.317995999999999767e+05 -2.135676000000000130e+01
2.317996749999999884e+05 -1.930024999999999835e+01
2.317997500000000000e+05 -1.688682999999999979e+01
2.317998249999999825e+05 -1.954083999999999932e+01
2.317998999999999942e+05 -1.932531000000000176e+01
2.317999749999999767e+05 -1.857841000000000165e+01
2.318000499999999884e+05 -2.539568999999999832e+01
2.318001250000000000e+05 -2.027226999999999890e+01
2.318001999999999825e+05 -1.765628999999999849e+01
2.318002749999999942e+05 -2.114903999999999940e+01
2.318003499999999767e+05 -1.916018000000000043e+01
2.318004249999999884e+05 -1.808108000000000004e+01
2.318005000000000000e+05 -2.028318000000000154e+01
2.318005749999999825e+05 -1.967810000000000059e+01
2.318006499999999942e+05 -1.844811999999999941e+01
2.318007249999999767e+05 -2.151364999999999839e+01
2.318007999999999884e+05 -1.905387999999999948e+01
2.318008750000000000e+05 -1.761396999999999835e+01
2.318009499999999825e+05 -1.860501000000000005e+01
2.318010249999999942e+05 -2.000159999999999982e+01
2.318010999999999767e+05 -2.030905999999999878e+01
2.318011749999999884e+05 -1.795531000000000077e+01
2.318012500000000000e+05 -1.870724999999999838e+01
2.318013249999999825e+05 -1.835614999999999952e+01
2.318013999999999942e+05 -1.816105999999999909e+01
2.318014749999999767e+05 -2.069313000000000002e+01
2.318015499999999884e+05 -1.891557999999999851e+01
2.318016250000000000e+05 -1.813061000000000078e+01
2.318016999999999825e+05 -2.180223000000000155e+01
2.318017749999999942e+05 -1.858577000000000012e+01
2.318018499999999767e+05 -1.780595999999999890e+01
2.318019249999999884e+05 -1.905912999999999968e+01
2.318020000000000000e+05 -1.873328000000000060e+01
2.318020749999999825e+05 -1.977232000000000056e+01
2.318021499999999942e+05 -1.925469999999999970e+01
2.318022249999999767e+05 -1.856371000000000038e+01
2.318022999999999884e+05 -1.945467999999999975e+01
2.318023750000000000e+05 -2.151320000000000121e+01
2.318024499999999825e+05 -1.852796000000000021e+01
2.318025249999999942e+05 -2.030022999999999911e+01
2.318025999999999767e+05 -1.812819000000000003e+01
2.318026749999999884e+05 -1.849230999999999980e+01
2.318027500000000000e+05 -2.121602000000000032e+01
2.318028249999999825e+05 -2.062231999999999843e+01
2.318028999999999942e+05 -2.031992999999999938e+01
2.318029749999999767e+05 -1.699677000000000149e+01
2.318030499999999884e+05 -1.621299000000000134e+01
2.318031250000000000e+05 -1.716829999999999856e+01
2.318031999999999825e+05 -1.766112000000000037e+01
2.318032749999999942e+05 -1.742575000000000074e+01
2.318033499999999767e+05 -2.100610999999999962e+01
2.318034249999999884e+05 -1.824292000000000158e+01
2.318035000000000000e+05 -1.677152999999999849e+01
2.318035749999999825e+05 -1.803321000000000041e+01
2.318036499999999942e+05 -1.800757000000000119e+01
2.318037249999999767e+05 -1.752384999999999948e+01
2.318037999999999884e+05 -1.761201000000000150e+01
2.318038750000000000e+05 -1.986260000000000048e+01
2.318039499999999825e+05 -1.872857000000000127e+01
2.318040249999999942e+05 -1.798770999999999987e+01
2.318040999999999767e+05 -1.931781000000000148e+01
2.318041749999999884e+05 -1.841865999999999914e+01
2.318042500000000000e+05 -1.732507000000000019e+01
2.318043249999999825e+05 -1.810912000000000077e+01
2.318043999999999942e+05 -1.737953999999999866e+01
2.318044749999999767e+05 -1.673167000000000115e+01
2.318045499999999884e+05 -1.809424999999999883e+01
2.318046250000000000e+05 -1.722497999999999863e+01
2.318046999999999825e+05 -1.816003999999999863e+01
2.318047749999999942e+05 -1.697375999999999863e+01
2.318048499999999767e+05 -1.819025999999999854e+01
2.318049249999999884e+05 -1.731925999999999988e+01
2.318050000000000000e+05 -1.675657999999999959e+01
2.318050749999999825e+05 -1.771724000000000032e+01
2.318051499999999942e+05 -1.648422000000000054e+01
2.318052249999999767e+05 -1.578642999999999930e+01
2.318052999999999884e+05 -1.563355999999999923e+01
2.318053750000000000e+05 -1.839682000000000173e+01
2.318054499999999825e+05 -1.872249000000000052e+01
2.318055249999999942e+05 -1.908529000000000053e+01
2.318055999999999767e+05 -1.699414000000000158e+01
2.318056749999999884e+05 -1.565821000000000041e+01
2.318057500000000000e+05 -1.590222999999999942e+01
2.318058249999999825e+05 -1.929445000000000121e+01
2.318058999999999942e+05 -1.637222999999999828e+01
2.318059749999999767e+05 -1.458529000000000053e+01
2.318060499999999884e+05 -1.701953999999999922e+01
2.318061250000000000e+05 -1.605375000000000085e+01
2.318061999999999825e+05 -1.692167999999999850e+01
2.318062749999999942e+05 -1.830208000000000013e+01
2.318063499999999767e+05 -1.532194999999999929e+01
2.318064249999999884e+05 -1.591929000000000016e+01
2.318065000000000000e+05 -1.540684000000000076e+01
2.318065749999999825e+05 -1.962130000000000152e+01
2.318066499999999942e+05 -1.608661999999999992e+01
2.318067249999999767e+05 -1.666551000000000116e+01
2.318067999999999884e+05 -1.537648000000000081e+01
2.318068750000000000e+05 -1.541860999999999926e+01
2.318069499999999825e+05 -1.626837000000000089e+01
2.318070249999999942e+05 -1.557906999999999975e+01
2.318070999999999767e+05 -1.489866999999999919e+01
2.318071749999999884e+05 -1.553421999999999947e+01
2.318072500000000000e+05 -1.536477999999999966e+01
2.318073249999999825e+05 -1.776903000000000077e+01
2.318073999999999942e+05 -1.652796000000000021e+01
2.318074749999999767e+05 -1.492802999999999969e+01
2.318075499999999884e+05 -1.509613000000000049e+01
2.318076250000000000e+05 -1.369049000000000049e+01
2.318076999999999825e+05 -1.428871999999999964e+01
2.318077749999999942e+05 -1.479941999999999958e+01
2.318078499999999767e+05 -1.453434000000000026e+01
2.318079249999999884e+05 -1.431695999999999991e+01
2.318080000000000000e+05 -1.380197000000000074e+01
2.318080749999999825e+05 -1.445176000000000016e+01
2.318081499999999942e+05 -1.455655999999999928e+01
2.318082249999999767e+05 -1.401097999999999999e+01
2.318082999999999884e+05 -1.394028999999999918e+01
2.318083750000000000e+05 -1.302792999999999957e+01
2.318084499999999825e+05 -1.286337999999999937e+01
2.318085249999999942e+05 -1.413543999999999912e+01
2.318085999999999767e+05 -1.306677000000000000e+01
2.318086749999999884e+05 -1.246118000000000059e+01
2.318087500000000000e+05 -1.314775999999999989e+01
2.318088249999999825e+05 -1.137282000000000082e+01
2.318088999999999942e+05 -1.217713000000000001e+01
2.318089749999999767e+05 -1.317670000000000030e+01
2.318090499999999884e+05 -1.178246000000000038e+01
2.318091250000000000e+05 -1.087834999999999930e+01
2.318091999999999825e+05 -1.045655999999999963e+01
2.318092749999999942e+05 -1.016379000000000055e+01
2.318093499999999767e+05 -1.085028999999999932e+01
2.318094249999999884e+05 -9.706003000000000824e+00
2.318095000000000000e+05 -9.278024000000000271e+00
2.318095749999999825e+05 -8.480259000000000214e+00
2.318096499999999942e+05 -8.267955999999999861e+00
2.318097249999999767e+05 -8.007599000000000800e+00
2.318097999999999884e+05 -8.731825000000000614e+00
2.318098750000000000e+05 -7.686923000000000172e+00
2.318099499999999825e+05 -6.784113999999999756e+00
2.318100249999999942e+05 -6.213735999999999926e+00
2.318100999999999767e+05 -5.536508000000000429e+00
2.318101749999999884e+05 -5.194707000000000185e+00
2.318102500000000000e+05 -5.231627999999999723e+00
2.318103249999999825e+05 -4.134025000000000283e+00
2.318103999999999942e+05 -3.463786999999999949e+00
2.318104749999999767e+05 -3.168146000000000129e+00
2.318105499999999884e+05 -2.380399999999999849e+00
2.318106250000000000e+05 -1.750450999999999979e+00
2.318106999999999825e+05 -1.124462000000000073e+00
2.318107749999999942e+05 -5.195033999999999486e-01
2.318108499999999767e+05 8.162927999999999851e-02
2.318109249999999884e+05 4.459065999999999863e-01
2.318110000000000000e+05 7.873466999999999549e-01
2.318110749999999825e+05 1.396821000000000090e+00
2.318111499999999942e+05 1.628943000000000030e+00
2.318112249999999767e+05 1.726166000000000089e+00
2.318112999999999884e+05 1.790189999999999948e+00
2.318113750000000000e+05 1.793449000000000071e+00
2.318114499999999825e+05 1.452064000000000021e+00
2.318115249999999942e+05 1.227325999999999917e+00
2.318115999999999767e+05 8.626270000000000326e-01
2.318116749999999884e+05 -2.262059999999999904e-01
2.318117500000000000e+05 -8.102928000000000353e-01
2.318118249999999825e+05 -1.726021999999999945e+00
2.318118999999999942e+05 -2.556827999999999879e+00
2.318119749999999767e+05 -3.151930999999999816e+00
2.318120499999999884e+05 -2.779497999999999802e+00
2.318121250000000000e+05 -2.707399999999999807e+00
2.318121999999999825e+05 -2.768069999999999808e+00
2.318122749999999942e+05 -2.242992000000000097e+00
2.318123499999999767e+05 -2.057478000000000140e+00
2.318124249999999884e+05 -2.863265000000000171e+00
2.318125000000000000e+05 -3.185452999999999868e+00
2.318125749999999825e+05 -3.606691999999999787e+00
2.318126499999999942e+05 -5.167078000000000060e+00
2.318127249999999767e+05 -5.049043000000000170e+00
2.318127999999999884e+05 -5.339953999999999645e+00
2.318128750000000000e+05 -4.992663000000000295e+00
2.318129499999999825e+05 -4.596645999999999788e+00
2.318130249999999942e+05 -4.525466999999999906e+00
2.318130999999999767e+05 -5.652198000000000278e+00
2.318131749999999884e+05 -6.336854999999999905e+00
2.318132500000000000e+05 -6.772783000000000442e+00
2.318133249999999825e+05 -6.408242999999999689e+00
2.318133999999999942e+05 -6.269369000000000192e+00
2.318134749999999767e+05 -6.816430000000000433e+00
2.318135499999999884e+05 -7.447761999999999993e+00
2.318136250000000000e+05 -7.628084999999999560e+00
2.318136999999999825e+05 -8.057382000000000488e+00
2.318137749999999942e+05 -8.770908000000000371e+00
2.318138499999999767e+05 -7.603134999999999977e+00
2.318139249999999884e+05 -8.024784000000000361e+00
2.318140000000000000e+05 -8.629094000000000264e+00
2.318140749999999825e+05 -8.628743000000000052e+00
2.318141499999999942e+05 -9.614482000000000639e+00
2.318142249999999767e+05 -9.461380999999999375e+00
2.318142999999999884e+05 -9.688093999999999539e+00
2.318143750000000000e+05 -1.023216000000000037e+01
2.318144499999999825e+05 -1.070870999999999995e+01
2.318145249999999942e+05 -1.034276999999999980e+01
2.318145999999999767e+05 -1.024821000000000026e+01
2.318146749999999884e+05 -1.064129999999999932e+01
2.318147500000000000e+05 -1.100336000000000070e+01
2.318148249999999825e+05 -1.296274000000000015e+01
2.318148999999999942e+05 -1.184205000000000041e+01
2.318149749999999767e+05 -1.122795999999999950e+01
2.318150499999999884e+05 -1.255528999999999940e+01
2.318151250000000000e+05 -1.396120999999999945e+01
2.318151999999999825e+05 -1.258026000000000089e+01
2.318152749999999942e+05 -1.218134000000000050e+01
2.318153499999999767e+05 -1.361326999999999998e+01
2.318154249999999884e+05 -1.478504000000000040e+01
2.318155000000000000e+05 -1.317573999999999934e+01
2.318155749999999825e+05 -1.312429000000000023e+01
2.318156499999999942e+05 -1.601817000000000135e+01
2.318157249999999767e+05 -1.569393999999999956e+01
2.318157999999999884e+05 -1.330443999999999960e+01
2.318158750000000000e+05 -1.594923000000000002e+01
2.318159499999999825e+05 -1.626525000000000176e+01
2.318160249999999942e+05 -1.525802999999999976e+01
2.318160999999999767e+05 -1.658237000000000094e+01
2.318161749999999884e+05 -1.796572000000000102e+01
2.318162500000000000e+05 -1.466902999999999935e+01
2.318163249999999825e+05 -1.773039999999999949e+01
2.318163999999999942e+05 -1.921131000000000100e+01
2.318164749999999767e+05 -1.488319000000000081e+01
2.318165499999999884e+05 -1.776699999999999946e+01
2.318166250000000000e+05 -1.854159999999999897e+01
2.318166999999999825e+05 -1.608329000000000164e+01
2.318167749999999942e+05 -2.045335000000000036e+01
2.318168499999999767e+05 -1.828579999999999828e+01
2.318169249999999884e+05 -1.586341000000000001e+01
2.318170000000000000e+05 -1.939911999999999992e+01
2.318170749999999825e+05 -1.862779000000000096e+01
2.318171499999999942e+05 -1.692495999999999867e+01
2.318172249999999767e+05 -2.112030999999999992e+01
2.318172999999999884e+05 -1.792849999999999966e+01
2.318173750000000000e+05 -2.222647999999999868e+01
2.318174499999999825e+05 -1.870025000000000048e+01
2.318175249999999942e+05 -1.799410999999999916e+01
2.318175999999999767e+05 -2.761305000000000121e+01
2.318176749999999884e+05 -2.134440999999999988e+01
2.318177500000000000e+05 -2.745522000000000062e+01
2.318178249999999825e+05 -1.906727000000000061e+01
2.318178999999999942e+05 -2.492532999999999888e+01
2.318179749999999767e+05 -2.266922999999999888e+01
2.318180499999999884e+05 -1.738838000000000150e+01
2.318181250000000000e+05 -3.149595000000000056e+01
2.318181999999999825e+05 -2.244603000000000037e+01
2.318182749999999942e+05 -3.698774000000000228e+01
2.318183499999999767e+05 -2.039201999999999870e+01
2.318184249999999884e+05 -4.722532000000000352e+01
2.318185000000000000e+05 -2.096366000000000085e+01
2.318185749999999825e+05 -2.499974999999999881e+01
2.318186499999999942e+05 -2.074472000000000094e+01
2.318187249999999767e+05 -2.721583000000000041e+01
2.318187999999999884e+05 -2.263954999999999984e+01
2.318188750000000000e+05 -2.440540000000000020e+01
2.318189499999999825e+05 -2.873517000000000010e+01
2.318190249999999942e+05 -1.803377000000000052e+01
2.318190999999999767e+05 -2.243703999999999965e+01
2.318191749999999884e+05 -2.062403000000000119e+01
2.318192500000000000e+05 -2.338803000000000054e+01
2.318193249999999825e+05 -2.052887000000000128e+01
2.318193999999999942e+05 -2.406465999999999994e+01
2.318194749999999767e+05 -2.564733999999999980e+01
2.318195499999999884e+05 -2.325817999999999941e+01
2.318196250000000000e+05 -2.931121999999999872e+01
2.318196999999999825e+05 -1.989861000000000146e+01
2.318197749999999942e+05 -2.546623999999999910e+01
2.318198499999999767e+05 -2.184572999999999965e+01
2.318199249999999884e+05 -3.098853000000000080e+01
2.318200000000000000e+05 -1.992954999999999899e+01
2.318200749999999825e+05 -3.103199000000000041e+01
2.318201499999999942e+05 -2.212975000000000136e+01
2.318202249999999767e+05 -2.335347000000000151e+01
2.318202999999999884e+05 -2.600571000000000055e+01
2.318203750000000000e+05 -3.151357000000000141e+01
2.318204499999999825e+05 -2.535180000000000078e+01
2.318205249999999942e+05 -2.038573999999999842e+01
2.318205999999999767e+05 -2.928922999999999988e+01
2.318206749999999884e+05 -2.342917999999999878e+01
2.318207500000000000e+05 -2.294243000000000166e+01
2.318208249999999825e+05 -2.439871000000000123e+01
2.318208999999999942e+05 -2.219516000000000133e+01
2.318209749999999767e+05 -2.396799999999999997e+01
2.318210499999999884e+05 -3.006227000000000160e+01
2.318211250000000000e+05 -2.765775000000000006e+01
2.318211999999999825e+05 -2.349803999999999959e+01
2.318212749999999942e+05 -2.520497999999999905e+01
2.318213499999999767e+05 -2.935900000000000176e+01
2.318214249999999884e+05 -2.355439000000000149e+01
2.318215000000000000e+05 -2.595298999999999978e+01
2.318215749999999825e+05 -2.973094999999999999e+01
2.318216499999999942e+05 -2.228613999999999962e+01
2.318217249999999767e+05 -2.583605999999999980e+01
2.318217999999999884e+05 -2.575870000000000104e+01
2.318218750000000000e+05 -2.711096999999999824e+01
2.318219499999999825e+05 -2.237446999999999875e+01
2.318220249999999942e+05 -2.172720999999999947e+01
2.318220999999999767e+05 -2.035109999999999886e+01
2.318221749999999884e+05 -2.209522000000000119e+01
2.318222500000000000e+05 -2.330454999999999899e+01
2.318223249999999825e+05 -2.987319000000000102e+01
2.318223999999999942e+05 -2.664819999999999922e+01
2.318224749999999767e+05 -2.320128000000000057e+01
2.318225499999999884e+05 -2.413260999999999967e+01
2.318226250000000000e+05 -2.243160999999999916e+01
2.318226999999999825e+05 -2.937079999999999913e+01
2.318227749999999942e+05 -2.558370000000000033e+01
2.318228499999999767e+05 -2.315119999999999933e+01
2.318229249999999884e+05 -3.260032999999999959e+01
2.318230000000000000e+05 -2.785210999999999970e+01
2.318230749999999825e+05 -2.240877000000000052e+01
2.318231499999999942e+05 -2.199294000000000082e+01
2.318232249999999767e+05 -2.404037999999999897e+01
2.318232999999999884e+05 -2.356918999999999897e+01
2.318233750000000000e+05 -2.287106999999999957e+01
2.318234499999999825e+05 -2.477659999999999840e+01
2.318235249999999942e+05 -2.461166000000000054e+01
2.318235999999999767e+05 -2.503519999999999968e+01
2.318236749999999884e+05 -2.417145000000000010e+01
2.318237500000000000e+05 -2.377308000000000021e+01
2.318238249999999825e+05 -2.169294000000000011e+01
2.318238999999999942e+05 -2.433421999999999841e+01
2.318239749999999767e+05 -2.261526999999999887e+01
2.318240499999999884e+05 -2.307322999999999880e+01
2.318241250000000000e+05 -2.340014000000000038e+01
2.318241999999999825e+05 -2.584628000000000014e+01
2.318242749999999942e+05 -2.190500000000000114e+01
2.318243499999999767e+05 -2.780917000000000172e+01
2.318244249999999884e+05 -2.510839999999999961e+01
2.318245000000000000e+05 -2.158395000000000152e+01
2.318245749999999825e+05 -2.325819999999999865e+01
2.318246499999999942e+05 -2.926565000000000083e+01
2.318247249999999767e+05 -2.579018999999999906e+01
2.318247999999999884e+05 -2.949175999999999931e+01
2.318248750000000000e+05 -2.173404999999999987e+01
2.318249499999999825e+05 -2.293571999999999989e+01
2.318250249999999942e+05 -2.810677000000000092e+01
2.318250999999999767e+05 -2.690512000000000015e+01
2.318251749999999884e+05 -2.277515999999999963e+01
2.318252500000000000e+05 -2.261534999999999940e+01
2.318253249999999825e+05 -2.244183999999999912e+01
2.318253999999999942e+05 -2.990623000000000076e+01
2.318254749999999767e+05 -2.573298000000000130e+01
2.318255499999999884e+05 -2.612240999999999858e+01
2.318256250000000000e+05 -2.404889000000000010e+01
2.318256999999999825e+05 -2.475224000000000046e+01
2.318257749999999942e+05 -2.226896999999999949e+01
2.318258499999999767e+05 -2.343589000000000055e+01
2.318259249999999884e+05 -1.888690000000000069e+01
2.318260000000000000e+05 -2.690608999999999895e+01
2.318260749999999825e+05 -2.486910999999999916e+01
2.318261499999999942e+05 -2.488237000000000165e+01
2.318262249999999767e+05 -2.468100000000000094e+01
2.318262999999999884e+05 -3.543585999999999814e+01
